1 1 0 91 0 2 0 120
2 2 91 104 0.00 0.05 0.00 4.00
3 2 91 104 0.05 0.10 0.00 4.00
4 2 91 104 0.10 0.15 0.00 4.00
5 2 91 104 0.15 0.20 0.00 4.00
6 2 91 104 0.20 0.25 0.00 4.00
7 2 91 104 0.25 0.30 0.00 4.00
8 2 91 104 0.30 0.35 0.00 4.00
9 2 91 104 0.35 0.40 0.00 4.00
10 2 91 104 0.40 0.45 0.00 4.00
11 2 91 104 0.45 0.50 0.00 4.00
12 2 91 104 0.50 0.55 0.00 4.00
13 2 91 104 0.55 0.60 0.00 4.00
14 2 91 104 0.60 0.65 0.00 4.00
15 2 91 104 0.65 0.70 0.00 4.00
16 2 91 104 0.70 0.75 0.00 4.00
17 2 91 104 0.75 0.80 0.00 4.00
18 2 91 104 0.80 0.85 0.00 4.00
19 2 91 104 0.85 0.90 0.00 4.00
20 2 91 104 0.90 0.95 0.00 4.00
21 2 91 104 0.95 1.00 0.00 4.00
22 2 91 104 1.00 1.05 0.00 4.00
23 2 91 104 1.05 1.10 0.00 4.00
24 2 91 104 1.10 1.15 0.00 4.00
25 2 91 104 1.15 1.20 0.00 4.00
26 2 91 104 1.20 1.25 0.00 4.00
27 2 91 104 1.25 1.30 0.00 4.00
28 2 91 104 1.30 1.35 0.00 4.00
29 2 91 104 1.35 1.40 0.00 4.00
30 2 91 104 1.40 1.45 0.00 4.00
31 2 91 104 1.45 1.50 0.00 4.00
32 2 91 104 1.50 1.55 0.00 4.00
33 2 91 104 1.55 1.60 0.00 4.00
34 2 91 104 1.60 1.65 0.00 4.00
35 2 91 104 1.65 1.70 0.00 4.00
36 2 91 104 1.70 1.75 0.00 4.00
37 2 91 104 1.75 1.80 0.00 4.00
38 2 91 104 1.80 1.85 0.00 4.00
39 2 91 104 1.85 1.90 0.00 4.00
40 2 91 104 1.90 1.95 0.00 4.00
41 2 91 104 1.95 2.00 0.00 4.00
42 2 91 104 0.00 0.05 4.00 8.00
43 2 91 104 0.05 0.10 4.00 8.00
44 2 91 104 0.10 0.15 4.00 8.00
45 2 91 104 0.15 0.20 4.00 8.00
46 2 91 104 0.20 0.25 4.00 8.00
47 2 91 104 0.25 0.30 4.00 8.00
48 2 91 104 0.30 0.35 4.00 8.00
49 2 91 104 0.35 0.40 4.00 8.00
50 2 91 104 0.40 0.45 4.00 8.00
51 2 91 104 0.45 0.50 4.00 8.00
52 2 91 104 0.50 0.55 4.00 8.00
53 2 91 104 0.55 0.60 4.00 8.00
54 2 91 104 0.60 0.65 4.00 8.00
55 2 91 104 0.65 0.70 4.00 8.00
56 2 91 104 0.70 0.75 4.00 8.00
57 2 91 104 0.75 0.80 4.00 8.00
58 2 91 104 0.80 0.85 4.00 8.00
59 2 91 104 0.85 0.90 4.00 8.00
60 2 91 104 0.90 0.95 4.00 8.00
61 2 91 104 0.95 1.00 4.00 8.00
62 2 91 104 1.00 1.05 4.00 8.00
63 2 91 104 1.05 1.10 4.00 8.00
64 2 91 104 1.10 1.15 4.00 8.00
65 2 91 104 1.15 1.20 4.00 8.00
66 2 91 104 1.20 1.25 4.00 8.00
67 2 91 104 1.25 1.30 4.00 8.00
68 2 91 104 1.30 1.35 4.00 8.00
69 2 91 104 1.35 1.40 4.00 8.00
70 2 91 104 1.40 1.45 4.00 8.00
71 2 91 104 1.45 1.50 4.00 8.00
72 2 91 104 1.50 1.55 4.00 8.00
73 2 91 104 1.55 1.60 4.00 8.00
74 2 91 104 1.60 1.65 4.00 8.00
75 2 91 104 1.65 1.70 4.00 8.00
76 2 91 104 1.70 1.75 4.00 8.00
77 2 91 104 1.75 1.80 4.00 8.00
78 2 91 104 1.80 1.85 4.00 8.00
79 2 91 104 1.85 1.90 4.00 8.00
80 2 91 104 1.90 1.95 4.00 8.00
81 2 91 104 1.95 2.00 4.00 8.00
82 2 91 104 0.00 0.05 8.00 12.00
83 2 91 104 0.05 0.10 8.00 12.00
84 2 91 104 0.10 0.15 8.00 12.00
85 2 91 104 0.15 0.20 8.00 12.00
86 2 91 104 0.20 0.25 8.00 12.00
87 2 91 104 0.25 0.30 8.00 12.00
88 2 91 104 0.30 0.35 8.00 12.00
89 2 91 104 0.35 0.40 8.00 12.00
90 2 91 104 0.40 0.45 8.00 12.00
91 2 91 104 0.45 0.50 8.00 12.00
92 2 91 104 0.50 0.55 8.00 12.00
93 2 91 104 0.55 0.60 8.00 12.00
94 2 91 104 0.60 0.65 8.00 12.00
95 2 91 104 0.65 0.70 8.00 12.00
96 2 91 104 0.70 0.75 8.00 12.00
97 2 91 104 0.75 0.80 8.00 12.00
98 2 91 104 0.80 0.85 8.00 12.00
99 2 91 104 0.85 0.90 8.00 12.00
100 2 91 104 0.90 0.95 8.00 12.00
101 2 91 104 0.95 1.00 8.00 12.00
102 2 91 104 1.00 1.05 8.00 12.00
103 2 91 104 1.05 1.10 8.00 12.00
104 2 91 104 1.10 1.15 8.00 12.00
105 2 91 104 1.15 1.20 8.00 12.00
106 2 91 104 1.20 1.25 8.00 12.00
107 2 91 104 1.25 1.30 8.00 12.00
108 2 91 104 1.30 1.35 8.00 12.00
109 2 91 104 1.35 1.40 8.00 12.00
110 2 91 104 1.40 1.45 8.00 12.00
111 2 91 104 1.45 1.50 8.00 12.00
112 2 91 104 1.50 1.55 8.00 12.00
113 2 91 104 1.55 1.60 8.00 12.00
114 2 91 104 1.60 1.65 8.00 12.00
115 2 91 104 1.65 1.70 8.00 12.00
116 2 91 104 1.70 1.75 8.00 12.00
117 2 91 104 1.75 1.80 8.00 12.00
118 2 91 104 1.80 1.85 8.00 12.00
119 2 91 104 1.85 1.90 8.00 12.00
120 2 91 104 1.90 1.95 8.00 12.00
121 2 91 104 1.95 2.00 8.00 12.00
122 2 91 104 0.00 0.05 12.00 16.00
123 2 91 104 0.05 0.10 12.00 16.00
124 2 91 104 0.10 0.15 12.00 16.00
125 2 91 104 0.15 0.20 12.00 16.00
126 2 91 104 0.20 0.25 12.00 16.00
127 2 91 104 0.25 0.30 12.00 16.00
128 2 91 104 0.30 0.35 12.00 16.00
129 2 91 104 0.35 0.40 12.00 16.00
130 2 91 104 0.40 0.45 12.00 16.00
131 2 91 104 0.45 0.50 12.00 16.00
132 2 91 104 0.50 0.55 12.00 16.00
133 2 91 104 0.55 0.60 12.00 16.00
134 2 91 104 0.60 0.65 12.00 16.00
135 2 91 104 0.65 0.70 12.00 16.00
136 2 91 104 0.70 0.75 12.00 16.00
137 2 91 104 0.75 0.80 12.00 16.00
138 2 91 104 0.80 0.85 12.00 16.00
139 2 91 104 0.85 0.90 12.00 16.00
140 2 91 104 0.90 0.95 12.00 16.00
141 2 91 104 0.95 1.00 12.00 16.00
142 2 91 104 1.00 1.05 12.00 16.00
143 2 91 104 1.05 1.10 12.00 16.00
144 2 91 104 1.10 1.15 12.00 16.00
145 2 91 104 1.15 1.20 12.00 16.00
146 2 91 104 1.20 1.25 12.00 16.00
147 2 91 104 1.25 1.30 12.00 16.00
148 2 91 104 1.30 1.35 12.00 16.00
149 2 91 104 1.35 1.40 12.00 16.00
150 2 91 104 1.40 1.45 12.00 16.00
151 2 91 104 1.45 1.50 12.00 16.00
152 2 91 104 1.50 1.55 12.00 16.00
153 2 91 104 1.55 1.60 12.00 16.00
154 2 91 104 1.60 1.65 12.00 16.00
155 2 91 104 1.65 1.70 12.00 16.00
156 2 91 104 1.70 1.75 12.00 16.00
157 2 91 104 1.75 1.80 12.00 16.00
158 2 91 104 1.80 1.85 12.00 16.00
159 2 91 104 1.85 1.90 12.00 16.00
160 2 91 104 1.90 1.95 12.00 16.00
161 2 91 104 1.95 2.00 12.00 16.00
162 2 91 104 0.00 0.05 16.00 20.00
163 2 91 104 0.05 0.10 16.00 20.00
164 2 91 104 0.10 0.15 16.00 20.00
165 2 91 104 0.15 0.20 16.00 20.00
166 2 91 104 0.20 0.25 16.00 20.00
167 2 91 104 0.25 0.30 16.00 20.00
168 2 91 104 0.30 0.35 16.00 20.00
169 2 91 104 0.35 0.40 16.00 20.00
170 2 91 104 0.40 0.45 16.00 20.00
171 2 91 104 0.45 0.50 16.00 20.00
172 2 91 104 0.50 0.55 16.00 20.00
173 2 91 104 0.55 0.60 16.00 20.00
174 2 91 104 0.60 0.65 16.00 20.00
175 2 91 104 0.65 0.70 16.00 20.00
176 2 91 104 0.70 0.75 16.00 20.00
177 2 91 104 0.75 0.80 16.00 20.00
178 2 91 104 0.80 0.85 16.00 20.00
179 2 91 104 0.85 0.90 16.00 20.00
180 2 91 104 0.90 0.95 16.00 20.00
181 2 91 104 0.95 1.00 16.00 20.00
182 2 91 104 1.00 1.05 16.00 20.00
183 2 91 104 1.05 1.10 16.00 20.00
184 2 91 104 1.10 1.15 16.00 20.00
185 2 91 104 1.15 1.20 16.00 20.00
186 2 91 104 1.20 1.25 16.00 20.00
187 2 91 104 1.25 1.30 16.00 20.00
188 2 91 104 1.30 1.35 16.00 20.00
189 2 91 104 1.35 1.40 16.00 20.00
190 2 91 104 1.40 1.45 16.00 20.00
191 2 91 104 1.45 1.50 16.00 20.00
192 2 91 104 1.50 1.55 16.00 20.00
193 2 91 104 1.55 1.60 16.00 20.00
194 2 91 104 1.60 1.65 16.00 20.00
195 2 91 104 1.65 1.70 16.00 20.00
196 2 91 104 1.70 1.75 16.00 20.00
197 2 91 104 1.75 1.80 16.00 20.00
198 2 91 104 1.80 1.85 16.00 20.00
199 2 91 104 1.85 1.90 16.00 20.00
200 2 91 104 1.90 1.95 16.00 20.00
201 2 91 104 1.95 2.00 16.00 20.00
202 2 91 104 0.00 0.05 20.00 24.00
203 2 91 104 0.05 0.10 20.00 24.00
204 2 91 104 0.10 0.15 20.00 24.00
205 2 91 104 0.15 0.20 20.00 24.00
206 2 91 104 0.20 0.25 20.00 24.00
207 2 91 104 0.25 0.30 20.00 24.00
208 2 91 104 0.30 0.35 20.00 24.00
209 2 91 104 0.35 0.40 20.00 24.00
210 2 91 104 0.40 0.45 20.00 24.00
211 2 91 104 0.45 0.50 20.00 24.00
212 2 91 104 0.50 0.55 20.00 24.00
213 2 91 104 0.55 0.60 20.00 24.00
214 2 91 104 0.60 0.65 20.00 24.00
215 2 91 104 0.65 0.70 20.00 24.00
216 2 91 104 0.70 0.75 20.00 24.00
217 2 91 104 0.75 0.80 20.00 24.00
218 2 91 104 0.80 0.85 20.00 24.00
219 2 91 104 0.85 0.90 20.00 24.00
220 2 91 104 0.90 0.95 20.00 24.00
221 2 91 104 0.95 1.00 20.00 24.00
222 2 91 104 1.00 1.05 20.00 24.00
223 2 91 104 1.05 1.10 20.00 24.00
224 2 91 104 1.10 1.15 20.00 24.00
225 2 91 104 1.15 1.20 20.00 24.00
226 2 91 104 1.20 1.25 20.00 24.00
227 2 91 104 1.25 1.30 20.00 24.00
228 2 91 104 1.30 1.35 20.00 24.00
229 2 91 104 1.35 1.40 20.00 24.00
230 2 91 104 1.40 1.45 20.00 24.00
231 2 91 104 1.45 1.50 20.00 24.00
232 2 91 104 1.50 1.55 20.00 24.00
233 2 91 104 1.55 1.60 20.00 24.00
234 2 91 104 1.60 1.65 20.00 24.00
235 2 91 104 1.65 1.70 20.00 24.00
236 2 91 104 1.70 1.75 20.00 24.00
237 2 91 104 1.75 1.80 20.00 24.00
238 2 91 104 1.80 1.85 20.00 24.00
239 2 91 104 1.85 1.90 20.00 24.00
240 2 91 104 1.90 1.95 20.00 24.00
241 2 91 104 1.95 2.00 20.00 24.00
242 2 91 104 0.00 0.05 24.00 28.00
243 2 91 104 0.05 0.10 24.00 28.00
244 2 91 104 0.10 0.15 24.00 28.00
245 2 91 104 0.15 0.20 24.00 28.00
246 2 91 104 0.20 0.25 24.00 28.00
247 2 91 104 0.25 0.30 24.00 28.00
248 2 91 104 0.30 0.35 24.00 28.00
249 2 91 104 0.35 0.40 24.00 28.00
250 2 91 104 0.40 0.45 24.00 28.00
251 2 91 104 0.45 0.50 24.00 28.00
252 2 91 104 0.50 0.55 24.00 28.00
253 2 91 104 0.55 0.60 24.00 28.00
254 2 91 104 0.60 0.65 24.00 28.00
255 2 91 104 0.65 0.70 24.00 28.00
256 2 91 104 0.70 0.75 24.00 28.00
257 2 91 104 0.75 0.80 24.00 28.00
258 2 91 104 0.80 0.85 24.00 28.00
259 2 91 104 0.85 0.90 24.00 28.00
260 2 91 104 0.90 0.95 24.00 28.00
261 2 91 104 0.95 1.00 24.00 28.00
262 2 91 104 1.00 1.05 24.00 28.00
263 2 91 104 1.05 1.10 24.00 28.00
264 2 91 104 1.10 1.15 24.00 28.00
265 2 91 104 1.15 1.20 24.00 28.00
266 2 91 104 1.20 1.25 24.00 28.00
267 2 91 104 1.25 1.30 24.00 28.00
268 2 91 104 1.30 1.35 24.00 28.00
269 2 91 104 1.35 1.40 24.00 28.00
270 2 91 104 1.40 1.45 24.00 28.00
271 2 91 104 1.45 1.50 24.00 28.00
272 2 91 104 1.50 1.55 24.00 28.00
273 2 91 104 1.55 1.60 24.00 28.00
274 2 91 104 1.60 1.65 24.00 28.00
275 2 91 104 1.65 1.70 24.00 28.00
276 2 91 104 1.70 1.75 24.00 28.00
277 2 91 104 1.75 1.80 24.00 28.00
278 2 91 104 1.80 1.85 24.00 28.00
279 2 91 104 1.85 1.90 24.00 28.00
280 2 91 104 1.90 1.95 24.00 28.00
281 2 91 104 1.95 2.00 24.00 28.00
282 2 91 104 0.00 0.05 28.00 32.00
283 2 91 104 0.05 0.10 28.00 32.00
284 2 91 104 0.10 0.15 28.00 32.00
285 2 91 104 0.15 0.20 28.00 32.00
286 2 91 104 0.20 0.25 28.00 32.00
287 2 91 104 0.25 0.30 28.00 32.00
288 2 91 104 0.30 0.35 28.00 32.00
289 2 91 104 0.35 0.40 28.00 32.00
290 2 91 104 0.40 0.45 28.00 32.00
291 2 91 104 0.45 0.50 28.00 32.00
292 2 91 104 0.50 0.55 28.00 32.00
293 2 91 104 0.55 0.60 28.00 32.00
294 2 91 104 0.60 0.65 28.00 32.00
295 2 91 104 0.65 0.70 28.00 32.00
296 2 91 104 0.70 0.75 28.00 32.00
297 2 91 104 0.75 0.80 28.00 32.00
298 2 91 104 0.80 0.85 28.00 32.00
299 2 91 104 0.85 0.90 28.00 32.00
300 2 91 104 0.90 0.95 28.00 32.00
301 2 91 104 0.95 1.00 28.00 32.00
302 2 91 104 1.00 1.05 28.00 32.00
303 2 91 104 1.05 1.10 28.00 32.00
304 2 91 104 1.10 1.15 28.00 32.00
305 2 91 104 1.15 1.20 28.00 32.00
306 2 91 104 1.20 1.25 28.00 32.00
307 2 91 104 1.25 1.30 28.00 32.00
308 2 91 104 1.30 1.35 28.00 32.00
309 2 91 104 1.35 1.40 28.00 32.00
310 2 91 104 1.40 1.45 28.00 32.00
311 2 91 104 1.45 1.50 28.00 32.00
312 2 91 104 1.50 1.55 28.00 32.00
313 2 91 104 1.55 1.60 28.00 32.00
314 2 91 104 1.60 1.65 28.00 32.00
315 2 91 104 1.65 1.70 28.00 32.00
316 2 91 104 1.70 1.75 28.00 32.00
317 2 91 104 1.75 1.80 28.00 32.00
318 2 91 104 1.80 1.85 28.00 32.00
319 2 91 104 1.85 1.90 28.00 32.00
320 2 91 104 1.90 1.95 28.00 32.00
321 2 91 104 1.95 2.00 28.00 32.00
322 2 91 104 0.00 0.05 32.00 36.00
323 2 91 104 0.05 0.10 32.00 36.00
324 2 91 104 0.10 0.15 32.00 36.00
325 2 91 104 0.15 0.20 32.00 36.00
326 2 91 104 0.20 0.25 32.00 36.00
327 2 91 104 0.25 0.30 32.00 36.00
328 2 91 104 0.30 0.35 32.00 36.00
329 2 91 104 0.35 0.40 32.00 36.00
330 2 91 104 0.40 0.45 32.00 36.00
331 2 91 104 0.45 0.50 32.00 36.00
332 2 91 104 0.50 0.55 32.00 36.00
333 2 91 104 0.55 0.60 32.00 36.00
334 2 91 104 0.60 0.65 32.00 36.00
335 2 91 104 0.65 0.70 32.00 36.00
336 2 91 104 0.70 0.75 32.00 36.00
337 2 91 104 0.75 0.80 32.00 36.00
338 2 91 104 0.80 0.85 32.00 36.00
339 2 91 104 0.85 0.90 32.00 36.00
340 2 91 104 0.90 0.95 32.00 36.00
341 2 91 104 0.95 1.00 32.00 36.00
342 2 91 104 1.00 1.05 32.00 36.00
343 2 91 104 1.05 1.10 32.00 36.00
344 2 91 104 1.10 1.15 32.00 36.00
345 2 91 104 1.15 1.20 32.00 36.00
346 2 91 104 1.20 1.25 32.00 36.00
347 2 91 104 1.25 1.30 32.00 36.00
348 2 91 104 1.30 1.35 32.00 36.00
349 2 91 104 1.35 1.40 32.00 36.00
350 2 91 104 1.40 1.45 32.00 36.00
351 2 91 104 1.45 1.50 32.00 36.00
352 2 91 104 1.50 1.55 32.00 36.00
353 2 91 104 1.55 1.60 32.00 36.00
354 2 91 104 1.60 1.65 32.00 36.00
355 2 91 104 1.65 1.70 32.00 36.00
356 2 91 104 1.70 1.75 32.00 36.00
357 2 91 104 1.75 1.80 32.00 36.00
358 2 91 104 1.80 1.85 32.00 36.00
359 2 91 104 1.85 1.90 32.00 36.00
360 2 91 104 1.90 1.95 32.00 36.00
361 2 91 104 1.95 2.00 32.00 36.00
362 2 91 104 0.00 0.05 36.00 40.00
363 2 91 104 0.05 0.10 36.00 40.00
364 2 91 104 0.10 0.15 36.00 40.00
365 2 91 104 0.15 0.20 36.00 40.00
366 2 91 104 0.20 0.25 36.00 40.00
367 2 91 104 0.25 0.30 36.00 40.00
368 2 91 104 0.30 0.35 36.00 40.00
369 2 91 104 0.35 0.40 36.00 40.00
370 2 91 104 0.40 0.45 36.00 40.00
371 2 91 104 0.45 0.50 36.00 40.00
372 2 91 104 0.50 0.55 36.00 40.00
373 2 91 104 0.55 0.60 36.00 40.00
374 2 91 104 0.60 0.65 36.00 40.00
375 2 91 104 0.65 0.70 36.00 40.00
376 2 91 104 0.70 0.75 36.00 40.00
377 2 91 104 0.75 0.80 36.00 40.00
378 2 91 104 0.80 0.85 36.00 40.00
379 2 91 104 0.85 0.90 36.00 40.00
380 2 91 104 0.90 0.95 36.00 40.00
381 2 91 104 0.95 1.00 36.00 40.00
382 2 91 104 1.00 1.05 36.00 40.00
383 2 91 104 1.05 1.10 36.00 40.00
384 2 91 104 1.10 1.15 36.00 40.00
385 2 91 104 1.15 1.20 36.00 40.00
386 2 91 104 1.20 1.25 36.00 40.00
387 2 91 104 1.25 1.30 36.00 40.00
388 2 91 104 1.30 1.35 36.00 40.00
389 2 91 104 1.35 1.40 36.00 40.00
390 2 91 104 1.40 1.45 36.00 40.00
391 2 91 104 1.45 1.50 36.00 40.00
392 2 91 104 1.50 1.55 36.00 40.00
393 2 91 104 1.55 1.60 36.00 40.00
394 2 91 104 1.60 1.65 36.00 40.00
395 2 91 104 1.65 1.70 36.00 40.00
396 2 91 104 1.70 1.75 36.00 40.00
397 2 91 104 1.75 1.80 36.00 40.00
398 2 91 104 1.80 1.85 36.00 40.00
399 2 91 104 1.85 1.90 36.00 40.00
400 2 91 104 1.90 1.95 36.00 40.00
401 2 91 104 1.95 2.00 36.00 40.00
402 2 91 104 0.00 0.05 40.00 44.00
403 2 91 104 0.05 0.10 40.00 44.00
404 2 91 104 0.10 0.15 40.00 44.00
405 2 91 104 0.15 0.20 40.00 44.00
406 2 91 104 0.20 0.25 40.00 44.00
407 2 91 104 0.25 0.30 40.00 44.00
408 2 91 104 0.30 0.35 40.00 44.00
409 2 91 104 0.35 0.40 40.00 44.00
410 2 91 104 0.40 0.45 40.00 44.00
411 2 91 104 0.45 0.50 40.00 44.00
412 2 91 104 0.50 0.55 40.00 44.00
413 2 91 104 0.55 0.60 40.00 44.00
414 2 91 104 0.60 0.65 40.00 44.00
415 2 91 104 0.65 0.70 40.00 44.00
416 2 91 104 0.70 0.75 40.00 44.00
417 2 91 104 0.75 0.80 40.00 44.00
418 2 91 104 0.80 0.85 40.00 44.00
419 2 91 104 0.85 0.90 40.00 44.00
420 2 91 104 0.90 0.95 40.00 44.00
421 2 91 104 0.95 1.00 40.00 44.00
422 2 91 104 1.00 1.05 40.00 44.00
423 2 91 104 1.05 1.10 40.00 44.00
424 2 91 104 1.10 1.15 40.00 44.00
425 2 91 104 1.15 1.20 40.00 44.00
426 2 91 104 1.20 1.25 40.00 44.00
427 2 91 104 1.25 1.30 40.00 44.00
428 2 91 104 1.30 1.35 40.00 44.00
429 2 91 104 1.35 1.40 40.00 44.00
430 2 91 104 1.40 1.45 40.00 44.00
431 2 91 104 1.45 1.50 40.00 44.00
432 2 91 104 1.50 1.55 40.00 44.00
433 2 91 104 1.55 1.60 40.00 44.00
434 2 91 104 1.60 1.65 40.00 44.00
435 2 91 104 1.65 1.70 40.00 44.00
436 2 91 104 1.70 1.75 40.00 44.00
437 2 91 104 1.75 1.80 40.00 44.00
438 2 91 104 1.80 1.85 40.00 44.00
439 2 91 104 1.85 1.90 40.00 44.00
440 2 91 104 1.90 1.95 40.00 44.00
441 2 91 104 1.95 2.00 40.00 44.00
442 2 91 104 0.00 0.05 44.00 48.00
443 2 91 104 0.05 0.10 44.00 48.00
444 2 91 104 0.10 0.15 44.00 48.00
445 2 91 104 0.15 0.20 44.00 48.00
446 2 91 104 0.20 0.25 44.00 48.00
447 2 91 104 0.25 0.30 44.00 48.00
448 2 91 104 0.30 0.35 44.00 48.00
449 2 91 104 0.35 0.40 44.00 48.00
450 2 91 104 0.40 0.45 44.00 48.00
451 2 91 104 0.45 0.50 44.00 48.00
452 2 91 104 0.50 0.55 44.00 48.00
453 2 91 104 0.55 0.60 44.00 48.00
454 2 91 104 0.60 0.65 44.00 48.00
455 2 91 104 0.65 0.70 44.00 48.00
456 2 91 104 0.70 0.75 44.00 48.00
457 2 91 104 0.75 0.80 44.00 48.00
458 2 91 104 0.80 0.85 44.00 48.00
459 2 91 104 0.85 0.90 44.00 48.00
460 2 91 104 0.90 0.95 44.00 48.00
461 2 91 104 0.95 1.00 44.00 48.00
462 2 91 104 1.00 1.05 44.00 48.00
463 2 91 104 1.05 1.10 44.00 48.00
464 2 91 104 1.10 1.15 44.00 48.00
465 2 91 104 1.15 1.20 44.00 48.00
466 2 91 104 1.20 1.25 44.00 48.00
467 2 91 104 1.25 1.30 44.00 48.00
468 2 91 104 1.30 1.35 44.00 48.00
469 2 91 104 1.35 1.40 44.00 48.00
470 2 91 104 1.40 1.45 44.00 48.00
471 2 91 104 1.45 1.50 44.00 48.00
472 2 91 104 1.50 1.55 44.00 48.00
473 2 91 104 1.55 1.60 44.00 48.00
474 2 91 104 1.60 1.65 44.00 48.00
475 2 91 104 1.65 1.70 44.00 48.00
476 2 91 104 1.70 1.75 44.00 48.00
477 2 91 104 1.75 1.80 44.00 48.00
478 2 91 104 1.80 1.85 44.00 48.00
479 2 91 104 1.85 1.90 44.00 48.00
480 2 91 104 1.90 1.95 44.00 48.00
481 2 91 104 1.95 2.00 44.00 48.00
482 2 91 104 0.00 0.05 48.00 52.00
483 2 91 104 0.05 0.10 48.00 52.00
484 2 91 104 0.10 0.15 48.00 52.00
485 2 91 104 0.15 0.20 48.00 52.00
486 2 91 104 0.20 0.25 48.00 52.00
487 2 91 104 0.25 0.30 48.00 52.00
488 2 91 104 0.30 0.35 48.00 52.00
489 2 91 104 0.35 0.40 48.00 52.00
490 2 91 104 0.40 0.45 48.00 52.00
491 2 91 104 0.45 0.50 48.00 52.00
492 2 91 104 0.50 0.55 48.00 52.00
493 2 91 104 0.55 0.60 48.00 52.00
494 2 91 104 0.60 0.65 48.00 52.00
495 2 91 104 0.65 0.70 48.00 52.00
496 2 91 104 0.70 0.75 48.00 52.00
497 2 91 104 0.75 0.80 48.00 52.00
498 2 91 104 0.80 0.85 48.00 52.00
499 2 91 104 0.85 0.90 48.00 52.00
500 2 91 104 0.90 0.95 48.00 52.00
501 2 91 104 0.95 1.00 48.00 52.00
502 2 91 104 1.00 1.05 48.00 52.00
503 2 91 104 1.05 1.10 48.00 52.00
504 2 91 104 1.10 1.15 48.00 52.00
505 2 91 104 1.15 1.20 48.00 52.00
506 2 91 104 1.20 1.25 48.00 52.00
507 2 91 104 1.25 1.30 48.00 52.00
508 2 91 104 1.30 1.35 48.00 52.00
509 2 91 104 1.35 1.40 48.00 52.00
510 2 91 104 1.40 1.45 48.00 52.00
511 2 91 104 1.45 1.50 48.00 52.00
512 2 91 104 1.50 1.55 48.00 52.00
513 2 91 104 1.55 1.60 48.00 52.00
514 2 91 104 1.60 1.65 48.00 52.00
515 2 91 104 1.65 1.70 48.00 52.00
516 2 91 104 1.70 1.75 48.00 52.00
517 2 91 104 1.75 1.80 48.00 52.00
518 2 91 104 1.80 1.85 48.00 52.00
519 2 91 104 1.85 1.90 48.00 52.00
520 2 91 104 1.90 1.95 48.00 52.00
521 2 91 104 1.95 2.00 48.00 52.00
522 2 91 104 0.00 0.05 52.00 56.00
523 2 91 104 0.05 0.10 52.00 56.00
524 2 91 104 0.10 0.15 52.00 56.00
525 2 91 104 0.15 0.20 52.00 56.00
526 2 91 104 0.20 0.25 52.00 56.00
527 2 91 104 0.25 0.30 52.00 56.00
528 2 91 104 0.30 0.35 52.00 56.00
529 2 91 104 0.35 0.40 52.00 56.00
530 2 91 104 0.40 0.45 52.00 56.00
531 2 91 104 0.45 0.50 52.00 56.00
532 2 91 104 0.50 0.55 52.00 56.00
533 2 91 104 0.55 0.60 52.00 56.00
534 2 91 104 0.60 0.65 52.00 56.00
535 2 91 104 0.65 0.70 52.00 56.00
536 2 91 104 0.70 0.75 52.00 56.00
537 2 91 104 0.75 0.80 52.00 56.00
538 2 91 104 0.80 0.85 52.00 56.00
539 2 91 104 0.85 0.90 52.00 56.00
540 2 91 104 0.90 0.95 52.00 56.00
541 2 91 104 0.95 1.00 52.00 56.00
542 2 91 104 1.00 1.05 52.00 56.00
543 2 91 104 1.05 1.10 52.00 56.00
544 2 91 104 1.10 1.15 52.00 56.00
545 2 91 104 1.15 1.20 52.00 56.00
546 2 91 104 1.20 1.25 52.00 56.00
547 2 91 104 1.25 1.30 52.00 56.00
548 2 91 104 1.30 1.35 52.00 56.00
549 2 91 104 1.35 1.40 52.00 56.00
550 2 91 104 1.40 1.45 52.00 56.00
551 2 91 104 1.45 1.50 52.00 56.00
552 2 91 104 1.50 1.55 52.00 56.00
553 2 91 104 1.55 1.60 52.00 56.00
554 2 91 104 1.60 1.65 52.00 56.00
555 2 91 104 1.65 1.70 52.00 56.00
556 2 91 104 1.70 1.75 52.00 56.00
557 2 91 104 1.75 1.80 52.00 56.00
558 2 91 104 1.80 1.85 52.00 56.00
559 2 91 104 1.85 1.90 52.00 56.00
560 2 91 104 1.90 1.95 52.00 56.00
561 2 91 104 1.95 2.00 52.00 56.00
562 2 91 104 0.00 0.05 56.00 60.00
563 2 91 104 0.05 0.10 56.00 60.00
564 2 91 104 0.10 0.15 56.00 60.00
565 2 91 104 0.15 0.20 56.00 60.00
566 2 91 104 0.20 0.25 56.00 60.00
567 2 91 104 0.25 0.30 56.00 60.00
568 2 91 104 0.30 0.35 56.00 60.00
569 2 91 104 0.35 0.40 56.00 60.00
570 2 91 104 0.40 0.45 56.00 60.00
571 2 91 104 0.45 0.50 56.00 60.00
572 2 91 104 0.50 0.55 56.00 60.00
573 2 91 104 0.55 0.60 56.00 60.00
574 2 91 104 0.60 0.65 56.00 60.00
575 2 91 104 0.65 0.70 56.00 60.00
576 2 91 104 0.70 0.75 56.00 60.00
577 2 91 104 0.75 0.80 56.00 60.00
578 2 91 104 0.80 0.85 56.00 60.00
579 2 91 104 0.85 0.90 56.00 60.00
580 2 91 104 0.90 0.95 56.00 60.00
581 2 91 104 0.95 1.00 56.00 60.00
582 2 91 104 1.00 1.05 56.00 60.00
583 2 91 104 1.05 1.10 56.00 60.00
584 2 91 104 1.10 1.15 56.00 60.00
585 2 91 104 1.15 1.20 56.00 60.00
586 2 91 104 1.20 1.25 56.00 60.00
587 2 91 104 1.25 1.30 56.00 60.00
588 2 91 104 1.30 1.35 56.00 60.00
589 2 91 104 1.35 1.40 56.00 60.00
590 2 91 104 1.40 1.45 56.00 60.00
591 2 91 104 1.45 1.50 56.00 60.00
592 2 91 104 1.50 1.55 56.00 60.00
593 2 91 104 1.55 1.60 56.00 60.00
594 2 91 104 1.60 1.65 56.00 60.00
595 2 91 104 1.65 1.70 56.00 60.00
596 2 91 104 1.70 1.75 56.00 60.00
597 2 91 104 1.75 1.80 56.00 60.00
598 2 91 104 1.80 1.85 56.00 60.00
599 2 91 104 1.85 1.90 56.00 60.00
600 2 91 104 1.90 1.95 56.00 60.00
601 2 91 104 1.95 2.00 56.00 60.00
602 2 91 104 0.00 0.05 60.00 64.00
603 2 91 104 0.05 0.10 60.00 64.00
604 2 91 104 0.10 0.15 60.00 64.00
605 2 91 104 0.15 0.20 60.00 64.00
606 2 91 104 0.20 0.25 60.00 64.00
607 2 91 104 0.25 0.30 60.00 64.00
608 2 91 104 0.30 0.35 60.00 64.00
609 2 91 104 0.35 0.40 60.00 64.00
610 2 91 104 0.40 0.45 60.00 64.00
611 2 91 104 0.45 0.50 60.00 64.00
612 2 91 104 0.50 0.55 60.00 64.00
613 2 91 104 0.55 0.60 60.00 64.00
614 2 91 104 0.60 0.65 60.00 64.00
615 2 91 104 0.65 0.70 60.00 64.00
616 2 91 104 0.70 0.75 60.00 64.00
617 2 91 104 0.75 0.80 60.00 64.00
618 2 91 104 0.80 0.85 60.00 64.00
619 2 91 104 0.85 0.90 60.00 64.00
620 2 91 104 0.90 0.95 60.00 64.00
621 2 91 104 0.95 1.00 60.00 64.00
622 2 91 104 1.00 1.05 60.00 64.00
623 2 91 104 1.05 1.10 60.00 64.00
624 2 91 104 1.10 1.15 60.00 64.00
625 2 91 104 1.15 1.20 60.00 64.00
626 2 91 104 1.20 1.25 60.00 64.00
627 2 91 104 1.25 1.30 60.00 64.00
628 2 91 104 1.30 1.35 60.00 64.00
629 2 91 104 1.35 1.40 60.00 64.00
630 2 91 104 1.40 1.45 60.00 64.00
631 2 91 104 1.45 1.50 60.00 64.00
632 2 91 104 1.50 1.55 60.00 64.00
633 2 91 104 1.55 1.60 60.00 64.00
634 2 91 104 1.60 1.65 60.00 64.00
635 2 91 104 1.65 1.70 60.00 64.00
636 2 91 104 1.70 1.75 60.00 64.00
637 2 91 104 1.75 1.80 60.00 64.00
638 2 91 104 1.80 1.85 60.00 64.00
639 2 91 104 1.85 1.90 60.00 64.00
640 2 91 104 1.90 1.95 60.00 64.00
641 2 91 104 1.95 2.00 60.00 64.00
642 2 91 104 0.00 0.05 64.00 68.00
643 2 91 104 0.05 0.10 64.00 68.00
644 2 91 104 0.10 0.15 64.00 68.00
645 2 91 104 0.15 0.20 64.00 68.00
646 2 91 104 0.20 0.25 64.00 68.00
647 2 91 104 0.25 0.30 64.00 68.00
648 2 91 104 0.30 0.35 64.00 68.00
649 2 91 104 0.35 0.40 64.00 68.00
650 2 91 104 0.40 0.45 64.00 68.00
651 2 91 104 0.45 0.50 64.00 68.00
652 2 91 104 0.50 0.55 64.00 68.00
653 2 91 104 0.55 0.60 64.00 68.00
654 2 91 104 0.60 0.65 64.00 68.00
655 2 91 104 0.65 0.70 64.00 68.00
656 2 91 104 0.70 0.75 64.00 68.00
657 2 91 104 0.75 0.80 64.00 68.00
658 2 91 104 0.80 0.85 64.00 68.00
659 2 91 104 0.85 0.90 64.00 68.00
660 2 91 104 0.90 0.95 64.00 68.00
661 2 91 104 0.95 1.00 64.00 68.00
662 2 91 104 1.00 1.05 64.00 68.00
663 2 91 104 1.05 1.10 64.00 68.00
664 2 91 104 1.10 1.15 64.00 68.00
665 2 91 104 1.15 1.20 64.00 68.00
666 2 91 104 1.20 1.25 64.00 68.00
667 2 91 104 1.25 1.30 64.00 68.00
668 2 91 104 1.30 1.35 64.00 68.00
669 2 91 104 1.35 1.40 64.00 68.00
670 2 91 104 1.40 1.45 64.00 68.00
671 2 91 104 1.45 1.50 64.00 68.00
672 2 91 104 1.50 1.55 64.00 68.00
673 2 91 104 1.55 1.60 64.00 68.00
674 2 91 104 1.60 1.65 64.00 68.00
675 2 91 104 1.65 1.70 64.00 68.00
676 2 91 104 1.70 1.75 64.00 68.00
677 2 91 104 1.75 1.80 64.00 68.00
678 2 91 104 1.80 1.85 64.00 68.00
679 2 91 104 1.85 1.90 64.00 68.00
680 2 91 104 1.90 1.95 64.00 68.00
681 2 91 104 1.95 2.00 64.00 68.00
682 2 91 104 0.00 0.05 68.00 72.00
683 2 91 104 0.05 0.10 68.00 72.00
684 2 91 104 0.10 0.15 68.00 72.00
685 2 91 104 0.15 0.20 68.00 72.00
686 2 91 104 0.20 0.25 68.00 72.00
687 2 91 104 0.25 0.30 68.00 72.00
688 2 91 104 0.30 0.35 68.00 72.00
689 2 91 104 0.35 0.40 68.00 72.00
690 2 91 104 0.40 0.45 68.00 72.00
691 2 91 104 0.45 0.50 68.00 72.00
692 2 91 104 0.50 0.55 68.00 72.00
693 2 91 104 0.55 0.60 68.00 72.00
694 2 91 104 0.60 0.65 68.00 72.00
695 2 91 104 0.65 0.70 68.00 72.00
696 2 91 104 0.70 0.75 68.00 72.00
697 2 91 104 0.75 0.80 68.00 72.00
698 2 91 104 0.80 0.85 68.00 72.00
699 2 91 104 0.85 0.90 68.00 72.00
700 2 91 104 0.90 0.95 68.00 72.00
701 2 91 104 0.95 1.00 68.00 72.00
702 2 91 104 1.00 1.05 68.00 72.00
703 2 91 104 1.05 1.10 68.00 72.00
704 2 91 104 1.10 1.15 68.00 72.00
705 2 91 104 1.15 1.20 68.00 72.00
706 2 91 104 1.20 1.25 68.00 72.00
707 2 91 104 1.25 1.30 68.00 72.00
708 2 91 104 1.30 1.35 68.00 72.00
709 2 91 104 1.35 1.40 68.00 72.00
710 2 91 104 1.40 1.45 68.00 72.00
711 2 91 104 1.45 1.50 68.00 72.00
712 2 91 104 1.50 1.55 68.00 72.00
713 2 91 104 1.55 1.60 68.00 72.00
714 2 91 104 1.60 1.65 68.00 72.00
715 2 91 104 1.65 1.70 68.00 72.00
716 2 91 104 1.70 1.75 68.00 72.00
717 2 91 104 1.75 1.80 68.00 72.00
718 2 91 104 1.80 1.85 68.00 72.00
719 2 91 104 1.85 1.90 68.00 72.00
720 2 91 104 1.90 1.95 68.00 72.00
721 2 91 104 1.95 2.00 68.00 72.00
722 2 91 104 0.00 0.05 72.00 76.00
723 2 91 104 0.05 0.10 72.00 76.00
724 2 91 104 0.10 0.15 72.00 76.00
725 2 91 104 0.15 0.20 72.00 76.00
726 2 91 104 0.20 0.25 72.00 76.00
727 2 91 104 0.25 0.30 72.00 76.00
728 2 91 104 0.30 0.35 72.00 76.00
729 2 91 104 0.35 0.40 72.00 76.00
730 2 91 104 0.40 0.45 72.00 76.00
731 2 91 104 0.45 0.50 72.00 76.00
732 2 91 104 0.50 0.55 72.00 76.00
733 2 91 104 0.55 0.60 72.00 76.00
734 2 91 104 0.60 0.65 72.00 76.00
735 2 91 104 0.65 0.70 72.00 76.00
736 2 91 104 0.70 0.75 72.00 76.00
737 2 91 104 0.75 0.80 72.00 76.00
738 2 91 104 0.80 0.85 72.00 76.00
739 2 91 104 0.85 0.90 72.00 76.00
740 2 91 104 0.90 0.95 72.00 76.00
741 2 91 104 0.95 1.00 72.00 76.00
742 2 91 104 1.00 1.05 72.00 76.00
743 2 91 104 1.05 1.10 72.00 76.00
744 2 91 104 1.10 1.15 72.00 76.00
745 2 91 104 1.15 1.20 72.00 76.00
746 2 91 104 1.20 1.25 72.00 76.00
747 2 91 104 1.25 1.30 72.00 76.00
748 2 91 104 1.30 1.35 72.00 76.00
749 2 91 104 1.35 1.40 72.00 76.00
750 2 91 104 1.40 1.45 72.00 76.00
751 2 91 104 1.45 1.50 72.00 76.00
752 2 91 104 1.50 1.55 72.00 76.00
753 2 91 104 1.55 1.60 72.00 76.00
754 2 91 104 1.60 1.65 72.00 76.00
755 2 91 104 1.65 1.70 72.00 76.00
756 2 91 104 1.70 1.75 72.00 76.00
757 2 91 104 1.75 1.80 72.00 76.00
758 2 91 104 1.80 1.85 72.00 76.00
759 2 91 104 1.85 1.90 72.00 76.00
760 2 91 104 1.90 1.95 72.00 76.00
761 2 91 104 1.95 2.00 72.00 76.00
762 2 91 104 0.00 0.05 76.00 80.00
763 2 91 104 0.05 0.10 76.00 80.00
764 2 91 104 0.10 0.15 76.00 80.00
765 2 91 104 0.15 0.20 76.00 80.00
766 2 91 104 0.20 0.25 76.00 80.00
767 2 91 104 0.25 0.30 76.00 80.00
768 2 91 104 0.30 0.35 76.00 80.00
769 2 91 104 0.35 0.40 76.00 80.00
770 2 91 104 0.40 0.45 76.00 80.00
771 2 91 104 0.45 0.50 76.00 80.00
772 2 91 104 0.50 0.55 76.00 80.00
773 2 91 104 0.55 0.60 76.00 80.00
774 2 91 104 0.60 0.65 76.00 80.00
775 2 91 104 0.65 0.70 76.00 80.00
776 2 91 104 0.70 0.75 76.00 80.00
777 2 91 104 0.75 0.80 76.00 80.00
778 2 91 104 0.80 0.85 76.00 80.00
779 2 91 104 0.85 0.90 76.00 80.00
780 2 91 104 0.90 0.95 76.00 80.00
781 2 91 104 0.95 1.00 76.00 80.00
782 2 91 104 1.00 1.05 76.00 80.00
783 2 91 104 1.05 1.10 76.00 80.00
784 2 91 104 1.10 1.15 76.00 80.00
785 2 91 104 1.15 1.20 76.00 80.00
786 2 91 104 1.20 1.25 76.00 80.00
787 2 91 104 1.25 1.30 76.00 80.00
788 2 91 104 1.30 1.35 76.00 80.00
789 2 91 104 1.35 1.40 76.00 80.00
790 2 91 104 1.40 1.45 76.00 80.00
791 2 91 104 1.45 1.50 76.00 80.00
792 2 91 104 1.50 1.55 76.00 80.00
793 2 91 104 1.55 1.60 76.00 80.00
794 2 91 104 1.60 1.65 76.00 80.00
795 2 91 104 1.65 1.70 76.00 80.00
796 2 91 104 1.70 1.75 76.00 80.00
797 2 91 104 1.75 1.80 76.00 80.00
798 2 91 104 1.80 1.85 76.00 80.00
799 2 91 104 1.85 1.90 76.00 80.00
800 2 91 104 1.90 1.95 76.00 80.00
801 2 91 104 1.95 2.00 76.00 80.00
802 2 91 104 0.00 0.05 80.00 84.00
803 2 91 104 0.05 0.10 80.00 84.00
804 2 91 104 0.10 0.15 80.00 84.00
805 2 91 104 0.15 0.20 80.00 84.00
806 2 91 104 0.20 0.25 80.00 84.00
807 2 91 104 0.25 0.30 80.00 84.00
808 2 91 104 0.30 0.35 80.00 84.00
809 2 91 104 0.35 0.40 80.00 84.00
810 2 91 104 0.40 0.45 80.00 84.00
811 2 91 104 0.45 0.50 80.00 84.00
812 2 91 104 0.50 0.55 80.00 84.00
813 2 91 104 0.55 0.60 80.00 84.00
814 2 91 104 0.60 0.65 80.00 84.00
815 2 91 104 0.65 0.70 80.00 84.00
816 2 91 104 0.70 0.75 80.00 84.00
817 2 91 104 0.75 0.80 80.00 84.00
818 2 91 104 0.80 0.85 80.00 84.00
819 2 91 104 0.85 0.90 80.00 84.00
820 2 91 104 0.90 0.95 80.00 84.00
821 2 91 104 0.95 1.00 80.00 84.00
822 2 91 104 1.00 1.05 80.00 84.00
823 2 91 104 1.05 1.10 80.00 84.00
824 2 91 104 1.10 1.15 80.00 84.00
825 2 91 104 1.15 1.20 80.00 84.00
826 2 91 104 1.20 1.25 80.00 84.00
827 2 91 104 1.25 1.30 80.00 84.00
828 2 91 104 1.30 1.35 80.00 84.00
829 2 91 104 1.35 1.40 80.00 84.00
830 2 91 104 1.40 1.45 80.00 84.00
831 2 91 104 1.45 1.50 80.00 84.00
832 2 91 104 1.50 1.55 80.00 84.00
833 2 91 104 1.55 1.60 80.00 84.00
834 2 91 104 1.60 1.65 80.00 84.00
835 2 91 104 1.65 1.70 80.00 84.00
836 2 91 104 1.70 1.75 80.00 84.00
837 2 91 104 1.75 1.80 80.00 84.00
838 2 91 104 1.80 1.85 80.00 84.00
839 2 91 104 1.85 1.90 80.00 84.00
840 2 91 104 1.90 1.95 80.00 84.00
841 2 91 104 1.95 2.00 80.00 84.00
842 2 91 104 0.00 0.05 84.00 88.00
843 2 91 104 0.05 0.10 84.00 88.00
844 2 91 104 0.10 0.15 84.00 88.00
845 2 91 104 0.15 0.20 84.00 88.00
846 2 91 104 0.20 0.25 84.00 88.00
847 2 91 104 0.25 0.30 84.00 88.00
848 2 91 104 0.30 0.35 84.00 88.00
849 2 91 104 0.35 0.40 84.00 88.00
850 2 91 104 0.40 0.45 84.00 88.00
851 2 91 104 0.45 0.50 84.00 88.00
852 2 91 104 0.50 0.55 84.00 88.00
853 2 91 104 0.55 0.60 84.00 88.00
854 2 91 104 0.60 0.65 84.00 88.00
855 2 91 104 0.65 0.70 84.00 88.00
856 2 91 104 0.70 0.75 84.00 88.00
857 2 91 104 0.75 0.80 84.00 88.00
858 2 91 104 0.80 0.85 84.00 88.00
859 2 91 104 0.85 0.90 84.00 88.00
860 2 91 104 0.90 0.95 84.00 88.00
861 2 91 104 0.95 1.00 84.00 88.00
862 2 91 104 1.00 1.05 84.00 88.00
863 2 91 104 1.05 1.10 84.00 88.00
864 2 91 104 1.10 1.15 84.00 88.00
865 2 91 104 1.15 1.20 84.00 88.00
866 2 91 104 1.20 1.25 84.00 88.00
867 2 91 104 1.25 1.30 84.00 88.00
868 2 91 104 1.30 1.35 84.00 88.00
869 2 91 104 1.35 1.40 84.00 88.00
870 2 91 104 1.40 1.45 84.00 88.00
871 2 91 104 1.45 1.50 84.00 88.00
872 2 91 104 1.50 1.55 84.00 88.00
873 2 91 104 1.55 1.60 84.00 88.00
874 2 91 104 1.60 1.65 84.00 88.00
875 2 91 104 1.65 1.70 84.00 88.00
876 2 91 104 1.70 1.75 84.00 88.00
877 2 91 104 1.75 1.80 84.00 88.00
878 2 91 104 1.80 1.85 84.00 88.00
879 2 91 104 1.85 1.90 84.00 88.00
880 2 91 104 1.90 1.95 84.00 88.00
881 2 91 104 1.95 2.00 84.00 88.00
882 2 91 104 0.00 0.05 88.00 92.00
883 2 91 104 0.05 0.10 88.00 92.00
884 2 91 104 0.10 0.15 88.00 92.00
885 2 91 104 0.15 0.20 88.00 92.00
886 2 91 104 0.20 0.25 88.00 92.00
887 2 91 104 0.25 0.30 88.00 92.00
888 2 91 104 0.30 0.35 88.00 92.00
889 2 91 104 0.35 0.40 88.00 92.00
890 2 91 104 0.40 0.45 88.00 92.00
891 2 91 104 0.45 0.50 88.00 92.00
892 2 91 104 0.50 0.55 88.00 92.00
893 2 91 104 0.55 0.60 88.00 92.00
894 2 91 104 0.60 0.65 88.00 92.00
895 2 91 104 0.65 0.70 88.00 92.00
896 2 91 104 0.70 0.75 88.00 92.00
897 2 91 104 0.75 0.80 88.00 92.00
898 2 91 104 0.80 0.85 88.00 92.00
899 2 91 104 0.85 0.90 88.00 92.00
900 2 91 104 0.90 0.95 88.00 92.00
901 2 91 104 0.95 1.00 88.00 92.00
902 2 91 104 1.00 1.05 88.00 92.00
903 2 91 104 1.05 1.10 88.00 92.00
904 2 91 104 1.10 1.15 88.00 92.00
905 2 91 104 1.15 1.20 88.00 92.00
906 2 91 104 1.20 1.25 88.00 92.00
907 2 91 104 1.25 1.30 88.00 92.00
908 2 91 104 1.30 1.35 88.00 92.00
909 2 91 104 1.35 1.40 88.00 92.00
910 2 91 104 1.40 1.45 88.00 92.00
911 2 91 104 1.45 1.50 88.00 92.00
912 2 91 104 1.50 1.55 88.00 92.00
913 2 91 104 1.55 1.60 88.00 92.00
914 2 91 104 1.60 1.65 88.00 92.00
915 2 91 104 1.65 1.70 88.00 92.00
916 2 91 104 1.70 1.75 88.00 92.00
917 2 91 104 1.75 1.80 88.00 92.00
918 2 91 104 1.80 1.85 88.00 92.00
919 2 91 104 1.85 1.90 88.00 92.00
920 2 91 104 1.90 1.95 88.00 92.00
921 2 91 104 1.95 2.00 88.00 92.00
922 2 91 104 0.00 0.05 92.00 96.00
923 2 91 104 0.05 0.10 92.00 96.00
924 2 91 104 0.10 0.15 92.00 96.00
925 2 91 104 0.15 0.20 92.00 96.00
926 2 91 104 0.20 0.25 92.00 96.00
927 2 91 104 0.25 0.30 92.00 96.00
928 2 91 104 0.30 0.35 92.00 96.00
929 2 91 104 0.35 0.40 92.00 96.00
930 2 91 104 0.40 0.45 92.00 96.00
931 2 91 104 0.45 0.50 92.00 96.00
932 2 91 104 0.50 0.55 92.00 96.00
933 2 91 104 0.55 0.60 92.00 96.00
934 2 91 104 0.60 0.65 92.00 96.00
935 2 91 104 0.65 0.70 92.00 96.00
936 2 91 104 0.70 0.75 92.00 96.00
937 2 91 104 0.75 0.80 92.00 96.00
938 2 91 104 0.80 0.85 92.00 96.00
939 2 91 104 0.85 0.90 92.00 96.00
940 2 91 104 0.90 0.95 92.00 96.00
941 2 91 104 0.95 1.00 92.00 96.00
942 2 91 104 1.00 1.05 92.00 96.00
943 2 91 104 1.05 1.10 92.00 96.00
944 2 91 104 1.10 1.15 92.00 96.00
945 2 91 104 1.15 1.20 92.00 96.00
946 2 91 104 1.20 1.25 92.00 96.00
947 2 91 104 1.25 1.30 92.00 96.00
948 2 91 104 1.30 1.35 92.00 96.00
949 2 91 104 1.35 1.40 92.00 96.00
950 2 91 104 1.40 1.45 92.00 96.00
951 2 91 104 1.45 1.50 92.00 96.00
952 2 91 104 1.50 1.55 92.00 96.00
953 2 91 104 1.55 1.60 92.00 96.00
954 2 91 104 1.60 1.65 92.00 96.00
955 2 91 104 1.65 1.70 92.00 96.00
956 2 91 104 1.70 1.75 92.00 96.00
957 2 91 104 1.75 1.80 92.00 96.00
958 2 91 104 1.80 1.85 92.00 96.00
959 2 91 104 1.85 1.90 92.00 96.00
960 2 91 104 1.90 1.95 92.00 96.00
961 2 91 104 1.95 2.00 92.00 96.00
962 2 91 104 0.00 0.05 96.00 100.00
963 2 91 104 0.05 0.10 96.00 100.00
964 2 91 104 0.10 0.15 96.00 100.00
965 2 91 104 0.15 0.20 96.00 100.00
966 2 91 104 0.20 0.25 96.00 100.00
967 2 91 104 0.25 0.30 96.00 100.00
968 2 91 104 0.30 0.35 96.00 100.00
969 2 91 104 0.35 0.40 96.00 100.00
970 2 91 104 0.40 0.45 96.00 100.00
971 2 91 104 0.45 0.50 96.00 100.00
972 2 91 104 0.50 0.55 96.00 100.00
973 2 91 104 0.55 0.60 96.00 100.00
974 2 91 104 0.60 0.65 96.00 100.00
975 2 91 104 0.65 0.70 96.00 100.00
976 2 91 104 0.70 0.75 96.00 100.00
977 2 91 104 0.75 0.80 96.00 100.00
978 2 91 104 0.80 0.85 96.00 100.00
979 2 91 104 0.85 0.90 96.00 100.00
980 2 91 104 0.90 0.95 96.00 100.00
981 2 91 104 0.95 1.00 96.00 100.00
982 2 91 104 1.00 1.05 96.00 100.00
983 2 91 104 1.05 1.10 96.00 100.00
984 2 91 104 1.10 1.15 96.00 100.00
985 2 91 104 1.15 1.20 96.00 100.00
986 2 91 104 1.20 1.25 96.00 100.00
987 2 91 104 1.25 1.30 96.00 100.00
988 2 91 104 1.30 1.35 96.00 100.00
989 2 91 104 1.35 1.40 96.00 100.00
990 2 91 104 1.40 1.45 96.00 100.00
991 2 91 104 1.45 1.50 96.00 100.00
992 2 91 104 1.50 1.55 96.00 100.00
993 2 91 104 1.55 1.60 96.00 100.00
994 2 91 104 1.60 1.65 96.00 100.00
995 2 91 104 1.65 1.70 96.00 100.00
996 2 91 104 1.70 1.75 96.00 100.00
997 2 91 104 1.75 1.80 96.00 100.00
998 2 91 104 1.80 1.85 96.00 100.00
999 2 91 104 1.85 1.90 96.00 100.00
1000 2 91 104 1.90 1.95 96.00 100.00
1001 2 91 104 1.95 2.00 96.00 100.00
1002 2 91 104 0.00 0.05 100.00 104.00
1003 2 91 104 0.05 0.10 100.00 104.00
1004 2 91 104 0.10 0.15 100.00 104.00
1005 2 91 104 0.15 0.20 100.00 104.00
1006 2 91 104 0.20 0.25 100.00 104.00
1007 2 91 104 0.25 0.30 100.00 104.00
1008 2 91 104 0.30 0.35 100.00 104.00
1009 2 91 104 0.35 0.40 100.00 104.00
1010 2 91 104 0.40 0.45 100.00 104.00
1011 2 91 104 0.45 0.50 100.00 104.00
1012 2 91 104 0.50 0.55 100.00 104.00
1013 2 91 104 0.55 0.60 100.00 104.00
1014 2 91 104 0.60 0.65 100.00 104.00
1015 2 91 104 0.65 0.70 100.00 104.00
1016 2 91 104 0.70 0.75 100.00 104.00
1017 2 91 104 0.75 0.80 100.00 104.00
1018 2 91 104 0.80 0.85 100.00 104.00
1019 2 91 104 0.85 0.90 100.00 104.00
1020 2 91 104 0.90 0.95 100.00 104.00
1021 2 91 104 0.95 1.00 100.00 104.00
1022 2 91 104 1.00 1.05 100.00 104.00
1023 2 91 104 1.05 1.10 100.00 104.00
1024 2 91 104 1.10 1.15 100.00 104.00
1025 2 91 104 1.15 1.20 100.00 104.00
1026 2 91 104 1.20 1.25 100.00 104.00
1027 2 91 104 1.25 1.30 100.00 104.00
1028 2 91 104 1.30 1.35 100.00 104.00
1029 2 91 104 1.35 1.40 100.00 104.00
1030 2 91 104 1.40 1.45 100.00 104.00
1031 2 91 104 1.45 1.50 100.00 104.00
1032 2 91 104 1.50 1.55 100.00 104.00
1033 2 91 104 1.55 1.60 100.00 104.00
1034 2 91 104 1.60 1.65 100.00 104.00
1035 2 91 104 1.65 1.70 100.00 104.00
1036 2 91 104 1.70 1.75 100.00 104.00
1037 2 91 104 1.75 1.80 100.00 104.00
1038 2 91 104 1.80 1.85 100.00 104.00
1039 2 91 104 1.85 1.90 100.00 104.00
1040 2 91 104 1.90 1.95 100.00 104.00
1041 2 91 104 1.95 2.00 100.00 104.00
1042 2 91 104 0.00 0.05 104.00 108.00
1043 2 91 104 0.05 0.10 104.00 108.00
1044 2 91 104 0.10 0.15 104.00 108.00
1045 2 91 104 0.15 0.20 104.00 108.00
1046 2 91 104 0.20 0.25 104.00 108.00
1047 2 91 104 0.25 0.30 104.00 108.00
1048 2 91 104 0.30 0.35 104.00 108.00
1049 2 91 104 0.35 0.40 104.00 108.00
1050 2 91 104 0.40 0.45 104.00 108.00
1051 2 91 104 0.45 0.50 104.00 108.00
1052 2 91 104 0.50 0.55 104.00 108.00
1053 2 91 104 0.55 0.60 104.00 108.00
1054 2 91 104 0.60 0.65 104.00 108.00
1055 2 91 104 0.65 0.70 104.00 108.00
1056 2 91 104 0.70 0.75 104.00 108.00
1057 2 91 104 0.75 0.80 104.00 108.00
1058 2 91 104 0.80 0.85 104.00 108.00
1059 2 91 104 0.85 0.90 104.00 108.00
1060 2 91 104 0.90 0.95 104.00 108.00
1061 2 91 104 0.95 1.00 104.00 108.00
1062 2 91 104 1.00 1.05 104.00 108.00
1063 2 91 104 1.05 1.10 104.00 108.00
1064 2 91 104 1.10 1.15 104.00 108.00
1065 2 91 104 1.15 1.20 104.00 108.00
1066 2 91 104 1.20 1.25 104.00 108.00
1067 2 91 104 1.25 1.30 104.00 108.00
1068 2 91 104 1.30 1.35 104.00 108.00
1069 2 91 104 1.35 1.40 104.00 108.00
1070 2 91 104 1.40 1.45 104.00 108.00
1071 2 91 104 1.45 1.50 104.00 108.00
1072 2 91 104 1.50 1.55 104.00 108.00
1073 2 91 104 1.55 1.60 104.00 108.00
1074 2 91 104 1.60 1.65 104.00 108.00
1075 2 91 104 1.65 1.70 104.00 108.00
1076 2 91 104 1.70 1.75 104.00 108.00
1077 2 91 104 1.75 1.80 104.00 108.00
1078 2 91 104 1.80 1.85 104.00 108.00
1079 2 91 104 1.85 1.90 104.00 108.00
1080 2 91 104 1.90 1.95 104.00 108.00
1081 2 91 104 1.95 2.00 104.00 108.00
1082 2 91 104 0.00 0.05 108.00 112.00
1083 2 91 104 0.05 0.10 108.00 112.00
1084 2 91 104 0.10 0.15 108.00 112.00
1085 2 91 104 0.15 0.20 108.00 112.00
1086 2 91 104 0.20 0.25 108.00 112.00
1087 2 91 104 0.25 0.30 108.00 112.00
1088 2 91 104 0.30 0.35 108.00 112.00
1089 2 91 104 0.35 0.40 108.00 112.00
1090 2 91 104 0.40 0.45 108.00 112.00
1091 2 91 104 0.45 0.50 108.00 112.00
1092 2 91 104 0.50 0.55 108.00 112.00
1093 2 91 104 0.55 0.60 108.00 112.00
1094 2 91 104 0.60 0.65 108.00 112.00
1095 2 91 104 0.65 0.70 108.00 112.00
1096 2 91 104 0.70 0.75 108.00 112.00
1097 2 91 104 0.75 0.80 108.00 112.00
1098 2 91 104 0.80 0.85 108.00 112.00
1099 2 91 104 0.85 0.90 108.00 112.00
1100 2 91 104 0.90 0.95 108.00 112.00
1101 2 91 104 0.95 1.00 108.00 112.00
1102 2 91 104 1.00 1.05 108.00 112.00
1103 2 91 104 1.05 1.10 108.00 112.00
1104 2 91 104 1.10 1.15 108.00 112.00
1105 2 91 104 1.15 1.20 108.00 112.00
1106 2 91 104 1.20 1.25 108.00 112.00
1107 2 91 104 1.25 1.30 108.00 112.00
1108 2 91 104 1.30 1.35 108.00 112.00
1109 2 91 104 1.35 1.40 108.00 112.00
1110 2 91 104 1.40 1.45 108.00 112.00
1111 2 91 104 1.45 1.50 108.00 112.00
1112 2 91 104 1.50 1.55 108.00 112.00
1113 2 91 104 1.55 1.60 108.00 112.00
1114 2 91 104 1.60 1.65 108.00 112.00
1115 2 91 104 1.65 1.70 108.00 112.00
1116 2 91 104 1.70 1.75 108.00 112.00
1117 2 91 104 1.75 1.80 108.00 112.00
1118 2 91 104 1.80 1.85 108.00 112.00
1119 2 91 104 1.85 1.90 108.00 112.00
1120 2 91 104 1.90 1.95 108.00 112.00
1121 2 91 104 1.95 2.00 108.00 112.00
1122 2 91 104 0.00 0.05 112.00 116.00
1123 2 91 104 0.05 0.10 112.00 116.00
1124 2 91 104 0.10 0.15 112.00 116.00
1125 2 91 104 0.15 0.20 112.00 116.00
1126 2 91 104 0.20 0.25 112.00 116.00
1127 2 91 104 0.25 0.30 112.00 116.00
1128 2 91 104 0.30 0.35 112.00 116.00
1129 2 91 104 0.35 0.40 112.00 116.00
1130 2 91 104 0.40 0.45 112.00 116.00
1131 2 91 104 0.45 0.50 112.00 116.00
1132 2 91 104 0.50 0.55 112.00 116.00
1133 2 91 104 0.55 0.60 112.00 116.00
1134 2 91 104 0.60 0.65 112.00 116.00
1135 2 91 104 0.65 0.70 112.00 116.00
1136 2 91 104 0.70 0.75 112.00 116.00
1137 2 91 104 0.75 0.80 112.00 116.00
1138 2 91 104 0.80 0.85 112.00 116.00
1139 2 91 104 0.85 0.90 112.00 116.00
1140 2 91 104 0.90 0.95 112.00 116.00
1141 2 91 104 0.95 1.00 112.00 116.00
1142 2 91 104 1.00 1.05 112.00 116.00
1143 2 91 104 1.05 1.10 112.00 116.00
1144 2 91 104 1.10 1.15 112.00 116.00
1145 2 91 104 1.15 1.20 112.00 116.00
1146 2 91 104 1.20 1.25 112.00 116.00
1147 2 91 104 1.25 1.30 112.00 116.00
1148 2 91 104 1.30 1.35 112.00 116.00
1149 2 91 104 1.35 1.40 112.00 116.00
1150 2 91 104 1.40 1.45 112.00 116.00
1151 2 91 104 1.45 1.50 112.00 116.00
1152 2 91 104 1.50 1.55 112.00 116.00
1153 2 91 104 1.55 1.60 112.00 116.00
1154 2 91 104 1.60 1.65 112.00 116.00
1155 2 91 104 1.65 1.70 112.00 116.00
1156 2 91 104 1.70 1.75 112.00 116.00
1157 2 91 104 1.75 1.80 112.00 116.00
1158 2 91 104 1.80 1.85 112.00 116.00
1159 2 91 104 1.85 1.90 112.00 116.00
1160 2 91 104 1.90 1.95 112.00 116.00
1161 2 91 104 1.95 2.00 112.00 116.00
1162 2 91 104 0.00 0.05 116.00 120.00
1163 2 91 104 0.05 0.10 116.00 120.00
1164 2 91 104 0.10 0.15 116.00 120.00
1165 2 91 104 0.15 0.20 116.00 120.00
1166 2 91 104 0.20 0.25 116.00 120.00
1167 2 91 104 0.25 0.30 116.00 120.00
1168 2 91 104 0.30 0.35 116.00 120.00
1169 2 91 104 0.35 0.40 116.00 120.00
1170 2 91 104 0.40 0.45 116.00 120.00
1171 2 91 104 0.45 0.50 116.00 120.00
1172 2 91 104 0.50 0.55 116.00 120.00
1173 2 91 104 0.55 0.60 116.00 120.00
1174 2 91 104 0.60 0.65 116.00 120.00
1175 2 91 104 0.65 0.70 116.00 120.00
1176 2 91 104 0.70 0.75 116.00 120.00
1177 2 91 104 0.75 0.80 116.00 120.00
1178 2 91 104 0.80 0.85 116.00 120.00
1179 2 91 104 0.85 0.90 116.00 120.00
1180 2 91 104 0.90 0.95 116.00 120.00
1181 2 91 104 0.95 1.00 116.00 120.00
1182 2 91 104 1.00 1.05 116.00 120.00
1183 2 91 104 1.05 1.10 116.00 120.00
1184 2 91 104 1.10 1.15 116.00 120.00
1185 2 91 104 1.15 1.20 116.00 120.00
1186 2 91 104 1.20 1.25 116.00 120.00
1187 2 91 104 1.25 1.30 116.00 120.00
1188 2 91 104 1.30 1.35 116.00 120.00
1189 2 91 104 1.35 1.40 116.00 120.00
1190 2 91 104 1.40 1.45 116.00 120.00
1191 2 91 104 1.45 1.50 116.00 120.00
1192 2 91 104 1.50 1.55 116.00 120.00
1193 2 91 104 1.55 1.60 116.00 120.00
1194 2 91 104 1.60 1.65 116.00 120.00
1195 2 91 104 1.65 1.70 116.00 120.00
1196 2 91 104 1.70 1.75 116.00 120.00
1197 2 91 104 1.75 1.80 116.00 120.00
1198 2 91 104 1.80 1.85 116.00 120.00
1199 2 91 104 1.85 1.90 116.00 120.00
1200 2 91 104 1.90 1.95 116.00 120.00
1201 2 91 104 1.95 2.00 116.00 120.00
1202 3 104 109 0.00 0.05 0.00 4.00
1203 3 104 109 0.05 0.10 0.00 4.00
1204 3 104 109 0.10 0.15 0.00 4.00
1205 3 104 109 0.15 0.20 0.00 4.00
1206 3 104 109 0.20 0.25 0.00 4.00
1207 3 104 109 0.25 0.30 0.00 4.00
1208 3 104 109 0.30 0.35 0.00 4.00
1209 3 104 109 0.35 0.40 0.00 4.00
1210 3 104 109 0.40 0.45 0.00 4.00
1211 3 104 109 0.45 0.50 0.00 4.00
1212 3 104 109 0.50 0.55 0.00 4.00
1213 3 104 109 0.55 0.60 0.00 4.00
1214 3 104 109 0.60 0.65 0.00 4.00
1215 3 104 109 0.65 0.70 0.00 4.00
1216 3 104 109 0.70 0.75 0.00 4.00
1217 3 104 109 0.75 0.80 0.00 4.00
1218 3 104 109 0.80 0.85 0.00 4.00
1219 3 104 109 0.85 0.90 0.00 4.00
1220 3 104 109 0.90 0.95 0.00 4.00
1221 3 104 109 0.95 1.00 0.00 4.00
1222 3 104 109 1.00 1.05 0.00 4.00
1223 3 104 109 1.05 1.10 0.00 4.00
1224 3 104 109 1.10 1.15 0.00 4.00
1225 3 104 109 1.15 1.20 0.00 4.00
1226 3 104 109 1.20 1.25 0.00 4.00
1227 3 104 109 1.25 1.30 0.00 4.00
1228 3 104 109 1.30 1.35 0.00 4.00
1229 3 104 109 1.35 1.40 0.00 4.00
1230 3 104 109 1.40 1.45 0.00 4.00
1231 3 104 109 1.45 1.50 0.00 4.00
1232 3 104 109 1.50 1.55 0.00 4.00
1233 3 104 109 1.55 1.60 0.00 4.00
1234 3 104 109 1.60 1.65 0.00 4.00
1235 3 104 109 1.65 1.70 0.00 4.00
1236 3 104 109 1.70 1.75 0.00 4.00
1237 3 104 109 1.75 1.80 0.00 4.00
1238 3 104 109 1.80 1.85 0.00 4.00
1239 3 104 109 1.85 1.90 0.00 4.00
1240 3 104 109 1.90 1.95 0.00 4.00
1241 3 104 109 1.95 2.00 0.00 4.00
1242 3 104 109 0.00 0.05 4.00 8.00
1243 3 104 109 0.05 0.10 4.00 8.00
1244 3 104 109 0.10 0.15 4.00 8.00
1245 3 104 109 0.15 0.20 4.00 8.00
1246 3 104 109 0.20 0.25 4.00 8.00
1247 3 104 109 0.25 0.30 4.00 8.00
1248 3 104 109 0.30 0.35 4.00 8.00
1249 3 104 109 0.35 0.40 4.00 8.00
1250 3 104 109 0.40 0.45 4.00 8.00
1251 3 104 109 0.45 0.50 4.00 8.00
1252 3 104 109 0.50 0.55 4.00 8.00
1253 3 104 109 0.55 0.60 4.00 8.00
1254 3 104 109 0.60 0.65 4.00 8.00
1255 3 104 109 0.65 0.70 4.00 8.00
1256 3 104 109 0.70 0.75 4.00 8.00
1257 3 104 109 0.75 0.80 4.00 8.00
1258 3 104 109 0.80 0.85 4.00 8.00
1259 3 104 109 0.85 0.90 4.00 8.00
1260 3 104 109 0.90 0.95 4.00 8.00
1261 3 104 109 0.95 1.00 4.00 8.00
1262 3 104 109 1.00 1.05 4.00 8.00
1263 3 104 109 1.05 1.10 4.00 8.00
1264 3 104 109 1.10 1.15 4.00 8.00
1265 3 104 109 1.15 1.20 4.00 8.00
1266 3 104 109 1.20 1.25 4.00 8.00
1267 3 104 109 1.25 1.30 4.00 8.00
1268 3 104 109 1.30 1.35 4.00 8.00
1269 3 104 109 1.35 1.40 4.00 8.00
1270 3 104 109 1.40 1.45 4.00 8.00
1271 3 104 109 1.45 1.50 4.00 8.00
1272 3 104 109 1.50 1.55 4.00 8.00
1273 3 104 109 1.55 1.60 4.00 8.00
1274 3 104 109 1.60 1.65 4.00 8.00
1275 3 104 109 1.65 1.70 4.00 8.00
1276 3 104 109 1.70 1.75 4.00 8.00
1277 3 104 109 1.75 1.80 4.00 8.00
1278 3 104 109 1.80 1.85 4.00 8.00
1279 3 104 109 1.85 1.90 4.00 8.00
1280 3 104 109 1.90 1.95 4.00 8.00
1281 3 104 109 1.95 2.00 4.00 8.00
1282 3 104 109 0.00 0.05 8.00 12.00
1283 3 104 109 0.05 0.10 8.00 12.00
1284 3 104 109 0.10 0.15 8.00 12.00
1285 3 104 109 0.15 0.20 8.00 12.00
1286 3 104 109 0.20 0.25 8.00 12.00
1287 3 104 109 0.25 0.30 8.00 12.00
1288 3 104 109 0.30 0.35 8.00 12.00
1289 3 104 109 0.35 0.40 8.00 12.00
1290 3 104 109 0.40 0.45 8.00 12.00
1291 3 104 109 0.45 0.50 8.00 12.00
1292 3 104 109 0.50 0.55 8.00 12.00
1293 3 104 109 0.55 0.60 8.00 12.00
1294 3 104 109 0.60 0.65 8.00 12.00
1295 3 104 109 0.65 0.70 8.00 12.00
1296 3 104 109 0.70 0.75 8.00 12.00
1297 3 104 109 0.75 0.80 8.00 12.00
1298 3 104 109 0.80 0.85 8.00 12.00
1299 3 104 109 0.85 0.90 8.00 12.00
1300 3 104 109 0.90 0.95 8.00 12.00
1301 3 104 109 0.95 1.00 8.00 12.00
1302 3 104 109 1.00 1.05 8.00 12.00
1303 3 104 109 1.05 1.10 8.00 12.00
1304 3 104 109 1.10 1.15 8.00 12.00
1305 3 104 109 1.15 1.20 8.00 12.00
1306 3 104 109 1.20 1.25 8.00 12.00
1307 3 104 109 1.25 1.30 8.00 12.00
1308 3 104 109 1.30 1.35 8.00 12.00
1309 3 104 109 1.35 1.40 8.00 12.00
1310 3 104 109 1.40 1.45 8.00 12.00
1311 3 104 109 1.45 1.50 8.00 12.00
1312 3 104 109 1.50 1.55 8.00 12.00
1313 3 104 109 1.55 1.60 8.00 12.00
1314 3 104 109 1.60 1.65 8.00 12.00
1315 3 104 109 1.65 1.70 8.00 12.00
1316 3 104 109 1.70 1.75 8.00 12.00
1317 3 104 109 1.75 1.80 8.00 12.00
1318 3 104 109 1.80 1.85 8.00 12.00
1319 3 104 109 1.85 1.90 8.00 12.00
1320 3 104 109 1.90 1.95 8.00 12.00
1321 3 104 109 1.95 2.00 8.00 12.00
1322 3 104 109 0.00 0.05 12.00 16.00
1323 3 104 109 0.05 0.10 12.00 16.00
1324 3 104 109 0.10 0.15 12.00 16.00
1325 3 104 109 0.15 0.20 12.00 16.00
1326 3 104 109 0.20 0.25 12.00 16.00
1327 3 104 109 0.25 0.30 12.00 16.00
1328 3 104 109 0.30 0.35 12.00 16.00
1329 3 104 109 0.35 0.40 12.00 16.00
1330 3 104 109 0.40 0.45 12.00 16.00
1331 3 104 109 0.45 0.50 12.00 16.00
1332 3 104 109 0.50 0.55 12.00 16.00
1333 3 104 109 0.55 0.60 12.00 16.00
1334 3 104 109 0.60 0.65 12.00 16.00
1335 3 104 109 0.65 0.70 12.00 16.00
1336 3 104 109 0.70 0.75 12.00 16.00
1337 3 104 109 0.75 0.80 12.00 16.00
1338 3 104 109 0.80 0.85 12.00 16.00
1339 3 104 109 0.85 0.90 12.00 16.00
1340 3 104 109 0.90 0.95 12.00 16.00
1341 3 104 109 0.95 1.00 12.00 16.00
1342 3 104 109 1.00 1.05 12.00 16.00
1343 3 104 109 1.05 1.10 12.00 16.00
1344 3 104 109 1.10 1.15 12.00 16.00
1345 3 104 109 1.15 1.20 12.00 16.00
1346 3 104 109 1.20 1.25 12.00 16.00
1347 3 104 109 1.25 1.30 12.00 16.00
1348 3 104 109 1.30 1.35 12.00 16.00
1349 3 104 109 1.35 1.40 12.00 16.00
1350 3 104 109 1.40 1.45 12.00 16.00
1351 3 104 109 1.45 1.50 12.00 16.00
1352 3 104 109 1.50 1.55 12.00 16.00
1353 3 104 109 1.55 1.60 12.00 16.00
1354 3 104 109 1.60 1.65 12.00 16.00
1355 3 104 109 1.65 1.70 12.00 16.00
1356 3 104 109 1.70 1.75 12.00 16.00
1357 3 104 109 1.75 1.80 12.00 16.00
1358 3 104 109 1.80 1.85 12.00 16.00
1359 3 104 109 1.85 1.90 12.00 16.00
1360 3 104 109 1.90 1.95 12.00 16.00
1361 3 104 109 1.95 2.00 12.00 16.00
1362 3 104 109 0.00 0.05 16.00 20.00
1363 3 104 109 0.05 0.10 16.00 20.00
1364 3 104 109 0.10 0.15 16.00 20.00
1365 3 104 109 0.15 0.20 16.00 20.00
1366 3 104 109 0.20 0.25 16.00 20.00
1367 3 104 109 0.25 0.30 16.00 20.00
1368 3 104 109 0.30 0.35 16.00 20.00
1369 3 104 109 0.35 0.40 16.00 20.00
1370 3 104 109 0.40 0.45 16.00 20.00
1371 3 104 109 0.45 0.50 16.00 20.00
1372 3 104 109 0.50 0.55 16.00 20.00
1373 3 104 109 0.55 0.60 16.00 20.00
1374 3 104 109 0.60 0.65 16.00 20.00
1375 3 104 109 0.65 0.70 16.00 20.00
1376 3 104 109 0.70 0.75 16.00 20.00
1377 3 104 109 0.75 0.80 16.00 20.00
1378 3 104 109 0.80 0.85 16.00 20.00
1379 3 104 109 0.85 0.90 16.00 20.00
1380 3 104 109 0.90 0.95 16.00 20.00
1381 3 104 109 0.95 1.00 16.00 20.00
1382 3 104 109 1.00 1.05 16.00 20.00
1383 3 104 109 1.05 1.10 16.00 20.00
1384 3 104 109 1.10 1.15 16.00 20.00
1385 3 104 109 1.15 1.20 16.00 20.00
1386 3 104 109 1.20 1.25 16.00 20.00
1387 3 104 109 1.25 1.30 16.00 20.00
1388 3 104 109 1.30 1.35 16.00 20.00
1389 3 104 109 1.35 1.40 16.00 20.00
1390 3 104 109 1.40 1.45 16.00 20.00
1391 3 104 109 1.45 1.50 16.00 20.00
1392 3 104 109 1.50 1.55 16.00 20.00
1393 3 104 109 1.55 1.60 16.00 20.00
1394 3 104 109 1.60 1.65 16.00 20.00
1395 3 104 109 1.65 1.70 16.00 20.00
1396 3 104 109 1.70 1.75 16.00 20.00
1397 3 104 109 1.75 1.80 16.00 20.00
1398 3 104 109 1.80 1.85 16.00 20.00
1399 3 104 109 1.85 1.90 16.00 20.00
1400 3 104 109 1.90 1.95 16.00 20.00
1401 3 104 109 1.95 2.00 16.00 20.00
1402 3 104 109 0.00 0.05 20.00 24.00
1403 3 104 109 0.05 0.10 20.00 24.00
1404 3 104 109 0.10 0.15 20.00 24.00
1405 3 104 109 0.15 0.20 20.00 24.00
1406 3 104 109 0.20 0.25 20.00 24.00
1407 3 104 109 0.25 0.30 20.00 24.00
1408 3 104 109 0.30 0.35 20.00 24.00
1409 3 104 109 0.35 0.40 20.00 24.00
1410 3 104 109 0.40 0.45 20.00 24.00
1411 3 104 109 0.45 0.50 20.00 24.00
1412 3 104 109 0.50 0.55 20.00 24.00
1413 3 104 109 0.55 0.60 20.00 24.00
1414 3 104 109 0.60 0.65 20.00 24.00
1415 3 104 109 0.65 0.70 20.00 24.00
1416 3 104 109 0.70 0.75 20.00 24.00
1417 3 104 109 0.75 0.80 20.00 24.00
1418 3 104 109 0.80 0.85 20.00 24.00
1419 3 104 109 0.85 0.90 20.00 24.00
1420 3 104 109 0.90 0.95 20.00 24.00
1421 3 104 109 0.95 1.00 20.00 24.00
1422 3 104 109 1.00 1.05 20.00 24.00
1423 3 104 109 1.05 1.10 20.00 24.00
1424 3 104 109 1.10 1.15 20.00 24.00
1425 3 104 109 1.15 1.20 20.00 24.00
1426 3 104 109 1.20 1.25 20.00 24.00
1427 3 104 109 1.25 1.30 20.00 24.00
1428 3 104 109 1.30 1.35 20.00 24.00
1429 3 104 109 1.35 1.40 20.00 24.00
1430 3 104 109 1.40 1.45 20.00 24.00
1431 3 104 109 1.45 1.50 20.00 24.00
1432 3 104 109 1.50 1.55 20.00 24.00
1433 3 104 109 1.55 1.60 20.00 24.00
1434 3 104 109 1.60 1.65 20.00 24.00
1435 3 104 109 1.65 1.70 20.00 24.00
1436 3 104 109 1.70 1.75 20.00 24.00
1437 3 104 109 1.75 1.80 20.00 24.00
1438 3 104 109 1.80 1.85 20.00 24.00
1439 3 104 109 1.85 1.90 20.00 24.00
1440 3 104 109 1.90 1.95 20.00 24.00
1441 3 104 109 1.95 2.00 20.00 24.00
1442 3 104 109 0.00 0.05 24.00 28.00
1443 3 104 109 0.05 0.10 24.00 28.00
1444 3 104 109 0.10 0.15 24.00 28.00
1445 3 104 109 0.15 0.20 24.00 28.00
1446 3 104 109 0.20 0.25 24.00 28.00
1447 3 104 109 0.25 0.30 24.00 28.00
1448 3 104 109 0.30 0.35 24.00 28.00
1449 3 104 109 0.35 0.40 24.00 28.00
1450 3 104 109 0.40 0.45 24.00 28.00
1451 3 104 109 0.45 0.50 24.00 28.00
1452 3 104 109 0.50 0.55 24.00 28.00
1453 3 104 109 0.55 0.60 24.00 28.00
1454 3 104 109 0.60 0.65 24.00 28.00
1455 3 104 109 0.65 0.70 24.00 28.00
1456 3 104 109 0.70 0.75 24.00 28.00
1457 3 104 109 0.75 0.80 24.00 28.00
1458 3 104 109 0.80 0.85 24.00 28.00
1459 3 104 109 0.85 0.90 24.00 28.00
1460 3 104 109 0.90 0.95 24.00 28.00
1461 3 104 109 0.95 1.00 24.00 28.00
1462 3 104 109 1.00 1.05 24.00 28.00
1463 3 104 109 1.05 1.10 24.00 28.00
1464 3 104 109 1.10 1.15 24.00 28.00
1465 3 104 109 1.15 1.20 24.00 28.00
1466 3 104 109 1.20 1.25 24.00 28.00
1467 3 104 109 1.25 1.30 24.00 28.00
1468 3 104 109 1.30 1.35 24.00 28.00
1469 3 104 109 1.35 1.40 24.00 28.00
1470 3 104 109 1.40 1.45 24.00 28.00
1471 3 104 109 1.45 1.50 24.00 28.00
1472 3 104 109 1.50 1.55 24.00 28.00
1473 3 104 109 1.55 1.60 24.00 28.00
1474 3 104 109 1.60 1.65 24.00 28.00
1475 3 104 109 1.65 1.70 24.00 28.00
1476 3 104 109 1.70 1.75 24.00 28.00
1477 3 104 109 1.75 1.80 24.00 28.00
1478 3 104 109 1.80 1.85 24.00 28.00
1479 3 104 109 1.85 1.90 24.00 28.00
1480 3 104 109 1.90 1.95 24.00 28.00
1481 3 104 109 1.95 2.00 24.00 28.00
1482 3 104 109 0.00 0.05 28.00 32.00
1483 3 104 109 0.05 0.10 28.00 32.00
1484 3 104 109 0.10 0.15 28.00 32.00
1485 3 104 109 0.15 0.20 28.00 32.00
1486 3 104 109 0.20 0.25 28.00 32.00
1487 3 104 109 0.25 0.30 28.00 32.00
1488 3 104 109 0.30 0.35 28.00 32.00
1489 3 104 109 0.35 0.40 28.00 32.00
1490 3 104 109 0.40 0.45 28.00 32.00
1491 3 104 109 0.45 0.50 28.00 32.00
1492 3 104 109 0.50 0.55 28.00 32.00
1493 3 104 109 0.55 0.60 28.00 32.00
1494 3 104 109 0.60 0.65 28.00 32.00
1495 3 104 109 0.65 0.70 28.00 32.00
1496 3 104 109 0.70 0.75 28.00 32.00
1497 3 104 109 0.75 0.80 28.00 32.00
1498 3 104 109 0.80 0.85 28.00 32.00
1499 3 104 109 0.85 0.90 28.00 32.00
1500 3 104 109 0.90 0.95 28.00 32.00
1501 3 104 109 0.95 1.00 28.00 32.00
1502 3 104 109 1.00 1.05 28.00 32.00
1503 3 104 109 1.05 1.10 28.00 32.00
1504 3 104 109 1.10 1.15 28.00 32.00
1505 3 104 109 1.15 1.20 28.00 32.00
1506 3 104 109 1.20 1.25 28.00 32.00
1507 3 104 109 1.25 1.30 28.00 32.00
1508 3 104 109 1.30 1.35 28.00 32.00
1509 3 104 109 1.35 1.40 28.00 32.00
1510 3 104 109 1.40 1.45 28.00 32.00
1511 3 104 109 1.45 1.50 28.00 32.00
1512 3 104 109 1.50 1.55 28.00 32.00
1513 3 104 109 1.55 1.60 28.00 32.00
1514 3 104 109 1.60 1.65 28.00 32.00
1515 3 104 109 1.65 1.70 28.00 32.00
1516 3 104 109 1.70 1.75 28.00 32.00
1517 3 104 109 1.75 1.80 28.00 32.00
1518 3 104 109 1.80 1.85 28.00 32.00
1519 3 104 109 1.85 1.90 28.00 32.00
1520 3 104 109 1.90 1.95 28.00 32.00
1521 3 104 109 1.95 2.00 28.00 32.00
1522 3 104 109 0.00 0.05 32.00 36.00
1523 3 104 109 0.05 0.10 32.00 36.00
1524 3 104 109 0.10 0.15 32.00 36.00
1525 3 104 109 0.15 0.20 32.00 36.00
1526 3 104 109 0.20 0.25 32.00 36.00
1527 3 104 109 0.25 0.30 32.00 36.00
1528 3 104 109 0.30 0.35 32.00 36.00
1529 3 104 109 0.35 0.40 32.00 36.00
1530 3 104 109 0.40 0.45 32.00 36.00
1531 3 104 109 0.45 0.50 32.00 36.00
1532 3 104 109 0.50 0.55 32.00 36.00
1533 3 104 109 0.55 0.60 32.00 36.00
1534 3 104 109 0.60 0.65 32.00 36.00
1535 3 104 109 0.65 0.70 32.00 36.00
1536 3 104 109 0.70 0.75 32.00 36.00
1537 3 104 109 0.75 0.80 32.00 36.00
1538 3 104 109 0.80 0.85 32.00 36.00
1539 3 104 109 0.85 0.90 32.00 36.00
1540 3 104 109 0.90 0.95 32.00 36.00
1541 3 104 109 0.95 1.00 32.00 36.00
1542 3 104 109 1.00 1.05 32.00 36.00
1543 3 104 109 1.05 1.10 32.00 36.00
1544 3 104 109 1.10 1.15 32.00 36.00
1545 3 104 109 1.15 1.20 32.00 36.00
1546 3 104 109 1.20 1.25 32.00 36.00
1547 3 104 109 1.25 1.30 32.00 36.00
1548 3 104 109 1.30 1.35 32.00 36.00
1549 3 104 109 1.35 1.40 32.00 36.00
1550 3 104 109 1.40 1.45 32.00 36.00
1551 3 104 109 1.45 1.50 32.00 36.00
1552 3 104 109 1.50 1.55 32.00 36.00
1553 3 104 109 1.55 1.60 32.00 36.00
1554 3 104 109 1.60 1.65 32.00 36.00
1555 3 104 109 1.65 1.70 32.00 36.00
1556 3 104 109 1.70 1.75 32.00 36.00
1557 3 104 109 1.75 1.80 32.00 36.00
1558 3 104 109 1.80 1.85 32.00 36.00
1559 3 104 109 1.85 1.90 32.00 36.00
1560 3 104 109 1.90 1.95 32.00 36.00
1561 3 104 109 1.95 2.00 32.00 36.00
1562 3 104 109 0.00 0.05 36.00 40.00
1563 3 104 109 0.05 0.10 36.00 40.00
1564 3 104 109 0.10 0.15 36.00 40.00
1565 3 104 109 0.15 0.20 36.00 40.00
1566 3 104 109 0.20 0.25 36.00 40.00
1567 3 104 109 0.25 0.30 36.00 40.00
1568 3 104 109 0.30 0.35 36.00 40.00
1569 3 104 109 0.35 0.40 36.00 40.00
1570 3 104 109 0.40 0.45 36.00 40.00
1571 3 104 109 0.45 0.50 36.00 40.00
1572 3 104 109 0.50 0.55 36.00 40.00
1573 3 104 109 0.55 0.60 36.00 40.00
1574 3 104 109 0.60 0.65 36.00 40.00
1575 3 104 109 0.65 0.70 36.00 40.00
1576 3 104 109 0.70 0.75 36.00 40.00
1577 3 104 109 0.75 0.80 36.00 40.00
1578 3 104 109 0.80 0.85 36.00 40.00
1579 3 104 109 0.85 0.90 36.00 40.00
1580 3 104 109 0.90 0.95 36.00 40.00
1581 3 104 109 0.95 1.00 36.00 40.00
1582 3 104 109 1.00 1.05 36.00 40.00
1583 3 104 109 1.05 1.10 36.00 40.00
1584 3 104 109 1.10 1.15 36.00 40.00
1585 3 104 109 1.15 1.20 36.00 40.00
1586 3 104 109 1.20 1.25 36.00 40.00
1587 3 104 109 1.25 1.30 36.00 40.00
1588 3 104 109 1.30 1.35 36.00 40.00
1589 3 104 109 1.35 1.40 36.00 40.00
1590 3 104 109 1.40 1.45 36.00 40.00
1591 3 104 109 1.45 1.50 36.00 40.00
1592 3 104 109 1.50 1.55 36.00 40.00
1593 3 104 109 1.55 1.60 36.00 40.00
1594 3 104 109 1.60 1.65 36.00 40.00
1595 3 104 109 1.65 1.70 36.00 40.00
1596 3 104 109 1.70 1.75 36.00 40.00
1597 3 104 109 1.75 1.80 36.00 40.00
1598 3 104 109 1.80 1.85 36.00 40.00
1599 3 104 109 1.85 1.90 36.00 40.00
1600 3 104 109 1.90 1.95 36.00 40.00
1601 3 104 109 1.95 2.00 36.00 40.00
1602 3 104 109 0.00 0.05 40.00 44.00
1603 3 104 109 0.05 0.10 40.00 44.00
1604 3 104 109 0.10 0.15 40.00 44.00
1605 3 104 109 0.15 0.20 40.00 44.00
1606 3 104 109 0.20 0.25 40.00 44.00
1607 3 104 109 0.25 0.30 40.00 44.00
1608 3 104 109 0.30 0.35 40.00 44.00
1609 3 104 109 0.35 0.40 40.00 44.00
1610 3 104 109 0.40 0.45 40.00 44.00
1611 3 104 109 0.45 0.50 40.00 44.00
1612 3 104 109 0.50 0.55 40.00 44.00
1613 3 104 109 0.55 0.60 40.00 44.00
1614 3 104 109 0.60 0.65 40.00 44.00
1615 3 104 109 0.65 0.70 40.00 44.00
1616 3 104 109 0.70 0.75 40.00 44.00
1617 3 104 109 0.75 0.80 40.00 44.00
1618 3 104 109 0.80 0.85 40.00 44.00
1619 3 104 109 0.85 0.90 40.00 44.00
1620 3 104 109 0.90 0.95 40.00 44.00
1621 3 104 109 0.95 1.00 40.00 44.00
1622 3 104 109 1.00 1.05 40.00 44.00
1623 3 104 109 1.05 1.10 40.00 44.00
1624 3 104 109 1.10 1.15 40.00 44.00
1625 3 104 109 1.15 1.20 40.00 44.00
1626 3 104 109 1.20 1.25 40.00 44.00
1627 3 104 109 1.25 1.30 40.00 44.00
1628 3 104 109 1.30 1.35 40.00 44.00
1629 3 104 109 1.35 1.40 40.00 44.00
1630 3 104 109 1.40 1.45 40.00 44.00
1631 3 104 109 1.45 1.50 40.00 44.00
1632 3 104 109 1.50 1.55 40.00 44.00
1633 3 104 109 1.55 1.60 40.00 44.00
1634 3 104 109 1.60 1.65 40.00 44.00
1635 3 104 109 1.65 1.70 40.00 44.00
1636 3 104 109 1.70 1.75 40.00 44.00
1637 3 104 109 1.75 1.80 40.00 44.00
1638 3 104 109 1.80 1.85 40.00 44.00
1639 3 104 109 1.85 1.90 40.00 44.00
1640 3 104 109 1.90 1.95 40.00 44.00
1641 3 104 109 1.95 2.00 40.00 44.00
1642 3 104 109 0.00 0.05 44.00 48.00
1643 3 104 109 0.05 0.10 44.00 48.00
1644 3 104 109 0.10 0.15 44.00 48.00
1645 3 104 109 0.15 0.20 44.00 48.00
1646 3 104 109 0.20 0.25 44.00 48.00
1647 3 104 109 0.25 0.30 44.00 48.00
1648 3 104 109 0.30 0.35 44.00 48.00
1649 3 104 109 0.35 0.40 44.00 48.00
1650 3 104 109 0.40 0.45 44.00 48.00
1651 3 104 109 0.45 0.50 44.00 48.00
1652 3 104 109 0.50 0.55 44.00 48.00
1653 3 104 109 0.55 0.60 44.00 48.00
1654 3 104 109 0.60 0.65 44.00 48.00
1655 3 104 109 0.65 0.70 44.00 48.00
1656 3 104 109 0.70 0.75 44.00 48.00
1657 3 104 109 0.75 0.80 44.00 48.00
1658 3 104 109 0.80 0.85 44.00 48.00
1659 3 104 109 0.85 0.90 44.00 48.00
1660 3 104 109 0.90 0.95 44.00 48.00
1661 3 104 109 0.95 1.00 44.00 48.00
1662 3 104 109 1.00 1.05 44.00 48.00
1663 3 104 109 1.05 1.10 44.00 48.00
1664 3 104 109 1.10 1.15 44.00 48.00
1665 3 104 109 1.15 1.20 44.00 48.00
1666 3 104 109 1.20 1.25 44.00 48.00
1667 3 104 109 1.25 1.30 44.00 48.00
1668 3 104 109 1.30 1.35 44.00 48.00
1669 3 104 109 1.35 1.40 44.00 48.00
1670 3 104 109 1.40 1.45 44.00 48.00
1671 3 104 109 1.45 1.50 44.00 48.00
1672 3 104 109 1.50 1.55 44.00 48.00
1673 3 104 109 1.55 1.60 44.00 48.00
1674 3 104 109 1.60 1.65 44.00 48.00
1675 3 104 109 1.65 1.70 44.00 48.00
1676 3 104 109 1.70 1.75 44.00 48.00
1677 3 104 109 1.75 1.80 44.00 48.00
1678 3 104 109 1.80 1.85 44.00 48.00
1679 3 104 109 1.85 1.90 44.00 48.00
1680 3 104 109 1.90 1.95 44.00 48.00
1681 3 104 109 1.95 2.00 44.00 48.00
1682 3 104 109 0.00 0.05 48.00 52.00
1683 3 104 109 0.05 0.10 48.00 52.00
1684 3 104 109 0.10 0.15 48.00 52.00
1685 3 104 109 0.15 0.20 48.00 52.00
1686 3 104 109 0.20 0.25 48.00 52.00
1687 3 104 109 0.25 0.30 48.00 52.00
1688 3 104 109 0.30 0.35 48.00 52.00
1689 3 104 109 0.35 0.40 48.00 52.00
1690 3 104 109 0.40 0.45 48.00 52.00
1691 3 104 109 0.45 0.50 48.00 52.00
1692 3 104 109 0.50 0.55 48.00 52.00
1693 3 104 109 0.55 0.60 48.00 52.00
1694 3 104 109 0.60 0.65 48.00 52.00
1695 3 104 109 0.65 0.70 48.00 52.00
1696 3 104 109 0.70 0.75 48.00 52.00
1697 3 104 109 0.75 0.80 48.00 52.00
1698 3 104 109 0.80 0.85 48.00 52.00
1699 3 104 109 0.85 0.90 48.00 52.00
1700 3 104 109 0.90 0.95 48.00 52.00
1701 3 104 109 0.95 1.00 48.00 52.00
1702 3 104 109 1.00 1.05 48.00 52.00
1703 3 104 109 1.05 1.10 48.00 52.00
1704 3 104 109 1.10 1.15 48.00 52.00
1705 3 104 109 1.15 1.20 48.00 52.00
1706 3 104 109 1.20 1.25 48.00 52.00
1707 3 104 109 1.25 1.30 48.00 52.00
1708 3 104 109 1.30 1.35 48.00 52.00
1709 3 104 109 1.35 1.40 48.00 52.00
1710 3 104 109 1.40 1.45 48.00 52.00
1711 3 104 109 1.45 1.50 48.00 52.00
1712 3 104 109 1.50 1.55 48.00 52.00
1713 3 104 109 1.55 1.60 48.00 52.00
1714 3 104 109 1.60 1.65 48.00 52.00
1715 3 104 109 1.65 1.70 48.00 52.00
1716 3 104 109 1.70 1.75 48.00 52.00
1717 3 104 109 1.75 1.80 48.00 52.00
1718 3 104 109 1.80 1.85 48.00 52.00
1719 3 104 109 1.85 1.90 48.00 52.00
1720 3 104 109 1.90 1.95 48.00 52.00
1721 3 104 109 1.95 2.00 48.00 52.00
1722 3 104 109 0.00 0.05 52.00 56.00
1723 3 104 109 0.05 0.10 52.00 56.00
1724 3 104 109 0.10 0.15 52.00 56.00
1725 3 104 109 0.15 0.20 52.00 56.00
1726 3 104 109 0.20 0.25 52.00 56.00
1727 3 104 109 0.25 0.30 52.00 56.00
1728 3 104 109 0.30 0.35 52.00 56.00
1729 3 104 109 0.35 0.40 52.00 56.00
1730 3 104 109 0.40 0.45 52.00 56.00
1731 3 104 109 0.45 0.50 52.00 56.00
1732 3 104 109 0.50 0.55 52.00 56.00
1733 3 104 109 0.55 0.60 52.00 56.00
1734 3 104 109 0.60 0.65 52.00 56.00
1735 3 104 109 0.65 0.70 52.00 56.00
1736 3 104 109 0.70 0.75 52.00 56.00
1737 3 104 109 0.75 0.80 52.00 56.00
1738 3 104 109 0.80 0.85 52.00 56.00
1739 3 104 109 0.85 0.90 52.00 56.00
1740 3 104 109 0.90 0.95 52.00 56.00
1741 3 104 109 0.95 1.00 52.00 56.00
1742 3 104 109 1.00 1.05 52.00 56.00
1743 3 104 109 1.05 1.10 52.00 56.00
1744 3 104 109 1.10 1.15 52.00 56.00
1745 3 104 109 1.15 1.20 52.00 56.00
1746 3 104 109 1.20 1.25 52.00 56.00
1747 3 104 109 1.25 1.30 52.00 56.00
1748 3 104 109 1.30 1.35 52.00 56.00
1749 3 104 109 1.35 1.40 52.00 56.00
1750 3 104 109 1.40 1.45 52.00 56.00
1751 3 104 109 1.45 1.50 52.00 56.00
1752 3 104 109 1.50 1.55 52.00 56.00
1753 3 104 109 1.55 1.60 52.00 56.00
1754 3 104 109 1.60 1.65 52.00 56.00
1755 3 104 109 1.65 1.70 52.00 56.00
1756 3 104 109 1.70 1.75 52.00 56.00
1757 3 104 109 1.75 1.80 52.00 56.00
1758 3 104 109 1.80 1.85 52.00 56.00
1759 3 104 109 1.85 1.90 52.00 56.00
1760 3 104 109 1.90 1.95 52.00 56.00
1761 3 104 109 1.95 2.00 52.00 56.00
1762 3 104 109 0.00 0.05 56.00 60.00
1763 3 104 109 0.05 0.10 56.00 60.00
1764 3 104 109 0.10 0.15 56.00 60.00
1765 3 104 109 0.15 0.20 56.00 60.00
1766 3 104 109 0.20 0.25 56.00 60.00
1767 3 104 109 0.25 0.30 56.00 60.00
1768 3 104 109 0.30 0.35 56.00 60.00
1769 3 104 109 0.35 0.40 56.00 60.00
1770 3 104 109 0.40 0.45 56.00 60.00
1771 3 104 109 0.45 0.50 56.00 60.00
1772 3 104 109 0.50 0.55 56.00 60.00
1773 3 104 109 0.55 0.60 56.00 60.00
1774 3 104 109 0.60 0.65 56.00 60.00
1775 3 104 109 0.65 0.70 56.00 60.00
1776 3 104 109 0.70 0.75 56.00 60.00
1777 3 104 109 0.75 0.80 56.00 60.00
1778 3 104 109 0.80 0.85 56.00 60.00
1779 3 104 109 0.85 0.90 56.00 60.00
1780 3 104 109 0.90 0.95 56.00 60.00
1781 3 104 109 0.95 1.00 56.00 60.00
1782 3 104 109 1.00 1.05 56.00 60.00
1783 3 104 109 1.05 1.10 56.00 60.00
1784 3 104 109 1.10 1.15 56.00 60.00
1785 3 104 109 1.15 1.20 56.00 60.00
1786 3 104 109 1.20 1.25 56.00 60.00
1787 3 104 109 1.25 1.30 56.00 60.00
1788 3 104 109 1.30 1.35 56.00 60.00
1789 3 104 109 1.35 1.40 56.00 60.00
1790 3 104 109 1.40 1.45 56.00 60.00
1791 3 104 109 1.45 1.50 56.00 60.00
1792 3 104 109 1.50 1.55 56.00 60.00
1793 3 104 109 1.55 1.60 56.00 60.00
1794 3 104 109 1.60 1.65 56.00 60.00
1795 3 104 109 1.65 1.70 56.00 60.00
1796 3 104 109 1.70 1.75 56.00 60.00
1797 3 104 109 1.75 1.80 56.00 60.00
1798 3 104 109 1.80 1.85 56.00 60.00
1799 3 104 109 1.85 1.90 56.00 60.00
1800 3 104 109 1.90 1.95 56.00 60.00
1801 3 104 109 1.95 2.00 56.00 60.00
1802 3 104 109 0.00 0.05 60.00 64.00
1803 3 104 109 0.05 0.10 60.00 64.00
1804 3 104 109 0.10 0.15 60.00 64.00
1805 3 104 109 0.15 0.20 60.00 64.00
1806 3 104 109 0.20 0.25 60.00 64.00
1807 3 104 109 0.25 0.30 60.00 64.00
1808 3 104 109 0.30 0.35 60.00 64.00
1809 3 104 109 0.35 0.40 60.00 64.00
1810 3 104 109 0.40 0.45 60.00 64.00
1811 3 104 109 0.45 0.50 60.00 64.00
1812 3 104 109 0.50 0.55 60.00 64.00
1813 3 104 109 0.55 0.60 60.00 64.00
1814 3 104 109 0.60 0.65 60.00 64.00
1815 3 104 109 0.65 0.70 60.00 64.00
1816 3 104 109 0.70 0.75 60.00 64.00
1817 3 104 109 0.75 0.80 60.00 64.00
1818 3 104 109 0.80 0.85 60.00 64.00
1819 3 104 109 0.85 0.90 60.00 64.00
1820 3 104 109 0.90 0.95 60.00 64.00
1821 3 104 109 0.95 1.00 60.00 64.00
1822 3 104 109 1.00 1.05 60.00 64.00
1823 3 104 109 1.05 1.10 60.00 64.00
1824 3 104 109 1.10 1.15 60.00 64.00
1825 3 104 109 1.15 1.20 60.00 64.00
1826 3 104 109 1.20 1.25 60.00 64.00
1827 3 104 109 1.25 1.30 60.00 64.00
1828 3 104 109 1.30 1.35 60.00 64.00
1829 3 104 109 1.35 1.40 60.00 64.00
1830 3 104 109 1.40 1.45 60.00 64.00
1831 3 104 109 1.45 1.50 60.00 64.00
1832 3 104 109 1.50 1.55 60.00 64.00
1833 3 104 109 1.55 1.60 60.00 64.00
1834 3 104 109 1.60 1.65 60.00 64.00
1835 3 104 109 1.65 1.70 60.00 64.00
1836 3 104 109 1.70 1.75 60.00 64.00
1837 3 104 109 1.75 1.80 60.00 64.00
1838 3 104 109 1.80 1.85 60.00 64.00
1839 3 104 109 1.85 1.90 60.00 64.00
1840 3 104 109 1.90 1.95 60.00 64.00
1841 3 104 109 1.95 2.00 60.00 64.00
1842 3 104 109 0.00 0.05 64.00 68.00
1843 3 104 109 0.05 0.10 64.00 68.00
1844 3 104 109 0.10 0.15 64.00 68.00
1845 3 104 109 0.15 0.20 64.00 68.00
1846 3 104 109 0.20 0.25 64.00 68.00
1847 3 104 109 0.25 0.30 64.00 68.00
1848 3 104 109 0.30 0.35 64.00 68.00
1849 3 104 109 0.35 0.40 64.00 68.00
1850 3 104 109 0.40 0.45 64.00 68.00
1851 3 104 109 0.45 0.50 64.00 68.00
1852 3 104 109 0.50 0.55 64.00 68.00
1853 3 104 109 0.55 0.60 64.00 68.00
1854 3 104 109 0.60 0.65 64.00 68.00
1855 3 104 109 0.65 0.70 64.00 68.00
1856 3 104 109 0.70 0.75 64.00 68.00
1857 3 104 109 0.75 0.80 64.00 68.00
1858 3 104 109 0.80 0.85 64.00 68.00
1859 3 104 109 0.85 0.90 64.00 68.00
1860 3 104 109 0.90 0.95 64.00 68.00
1861 3 104 109 0.95 1.00 64.00 68.00
1862 3 104 109 1.00 1.05 64.00 68.00
1863 3 104 109 1.05 1.10 64.00 68.00
1864 3 104 109 1.10 1.15 64.00 68.00
1865 3 104 109 1.15 1.20 64.00 68.00
1866 3 104 109 1.20 1.25 64.00 68.00
1867 3 104 109 1.25 1.30 64.00 68.00
1868 3 104 109 1.30 1.35 64.00 68.00
1869 3 104 109 1.35 1.40 64.00 68.00
1870 3 104 109 1.40 1.45 64.00 68.00
1871 3 104 109 1.45 1.50 64.00 68.00
1872 3 104 109 1.50 1.55 64.00 68.00
1873 3 104 109 1.55 1.60 64.00 68.00
1874 3 104 109 1.60 1.65 64.00 68.00
1875 3 104 109 1.65 1.70 64.00 68.00
1876 3 104 109 1.70 1.75 64.00 68.00
1877 3 104 109 1.75 1.80 64.00 68.00
1878 3 104 109 1.80 1.85 64.00 68.00
1879 3 104 109 1.85 1.90 64.00 68.00
1880 3 104 109 1.90 1.95 64.00 68.00
1881 3 104 109 1.95 2.00 64.00 68.00
1882 3 104 109 0.00 0.05 68.00 72.00
1883 3 104 109 0.05 0.10 68.00 72.00
1884 3 104 109 0.10 0.15 68.00 72.00
1885 3 104 109 0.15 0.20 68.00 72.00
1886 3 104 109 0.20 0.25 68.00 72.00
1887 3 104 109 0.25 0.30 68.00 72.00
1888 3 104 109 0.30 0.35 68.00 72.00
1889 3 104 109 0.35 0.40 68.00 72.00
1890 3 104 109 0.40 0.45 68.00 72.00
1891 3 104 109 0.45 0.50 68.00 72.00
1892 3 104 109 0.50 0.55 68.00 72.00
1893 3 104 109 0.55 0.60 68.00 72.00
1894 3 104 109 0.60 0.65 68.00 72.00
1895 3 104 109 0.65 0.70 68.00 72.00
1896 3 104 109 0.70 0.75 68.00 72.00
1897 3 104 109 0.75 0.80 68.00 72.00
1898 3 104 109 0.80 0.85 68.00 72.00
1899 3 104 109 0.85 0.90 68.00 72.00
1900 3 104 109 0.90 0.95 68.00 72.00
1901 3 104 109 0.95 1.00 68.00 72.00
1902 3 104 109 1.00 1.05 68.00 72.00
1903 3 104 109 1.05 1.10 68.00 72.00
1904 3 104 109 1.10 1.15 68.00 72.00
1905 3 104 109 1.15 1.20 68.00 72.00
1906 3 104 109 1.20 1.25 68.00 72.00
1907 3 104 109 1.25 1.30 68.00 72.00
1908 3 104 109 1.30 1.35 68.00 72.00
1909 3 104 109 1.35 1.40 68.00 72.00
1910 3 104 109 1.40 1.45 68.00 72.00
1911 3 104 109 1.45 1.50 68.00 72.00
1912 3 104 109 1.50 1.55 68.00 72.00
1913 3 104 109 1.55 1.60 68.00 72.00
1914 3 104 109 1.60 1.65 68.00 72.00
1915 3 104 109 1.65 1.70 68.00 72.00
1916 3 104 109 1.70 1.75 68.00 72.00
1917 3 104 109 1.75 1.80 68.00 72.00
1918 3 104 109 1.80 1.85 68.00 72.00
1919 3 104 109 1.85 1.90 68.00 72.00
1920 3 104 109 1.90 1.95 68.00 72.00
1921 3 104 109 1.95 2.00 68.00 72.00
1922 3 104 109 0.00 0.05 72.00 76.00
1923 3 104 109 0.05 0.10 72.00 76.00
1924 3 104 109 0.10 0.15 72.00 76.00
1925 3 104 109 0.15 0.20 72.00 76.00
1926 3 104 109 0.20 0.25 72.00 76.00
1927 3 104 109 0.25 0.30 72.00 76.00
1928 3 104 109 0.30 0.35 72.00 76.00
1929 3 104 109 0.35 0.40 72.00 76.00
1930 3 104 109 0.40 0.45 72.00 76.00
1931 3 104 109 0.45 0.50 72.00 76.00
1932 3 104 109 0.50 0.55 72.00 76.00
1933 3 104 109 0.55 0.60 72.00 76.00
1934 3 104 109 0.60 0.65 72.00 76.00
1935 3 104 109 0.65 0.70 72.00 76.00
1936 3 104 109 0.70 0.75 72.00 76.00
1937 3 104 109 0.75 0.80 72.00 76.00
1938 3 104 109 0.80 0.85 72.00 76.00
1939 3 104 109 0.85 0.90 72.00 76.00
1940 3 104 109 0.90 0.95 72.00 76.00
1941 3 104 109 0.95 1.00 72.00 76.00
1942 3 104 109 1.00 1.05 72.00 76.00
1943 3 104 109 1.05 1.10 72.00 76.00
1944 3 104 109 1.10 1.15 72.00 76.00
1945 3 104 109 1.15 1.20 72.00 76.00
1946 3 104 109 1.20 1.25 72.00 76.00
1947 3 104 109 1.25 1.30 72.00 76.00
1948 3 104 109 1.30 1.35 72.00 76.00
1949 3 104 109 1.35 1.40 72.00 76.00
1950 3 104 109 1.40 1.45 72.00 76.00
1951 3 104 109 1.45 1.50 72.00 76.00
1952 3 104 109 1.50 1.55 72.00 76.00
1953 3 104 109 1.55 1.60 72.00 76.00
1954 3 104 109 1.60 1.65 72.00 76.00
1955 3 104 109 1.65 1.70 72.00 76.00
1956 3 104 109 1.70 1.75 72.00 76.00
1957 3 104 109 1.75 1.80 72.00 76.00
1958 3 104 109 1.80 1.85 72.00 76.00
1959 3 104 109 1.85 1.90 72.00 76.00
1960 3 104 109 1.90 1.95 72.00 76.00
1961 3 104 109 1.95 2.00 72.00 76.00
1962 3 104 109 0.00 0.05 76.00 80.00
1963 3 104 109 0.05 0.10 76.00 80.00
1964 3 104 109 0.10 0.15 76.00 80.00
1965 3 104 109 0.15 0.20 76.00 80.00
1966 3 104 109 0.20 0.25 76.00 80.00
1967 3 104 109 0.25 0.30 76.00 80.00
1968 3 104 109 0.30 0.35 76.00 80.00
1969 3 104 109 0.35 0.40 76.00 80.00
1970 3 104 109 0.40 0.45 76.00 80.00
1971 3 104 109 0.45 0.50 76.00 80.00
1972 3 104 109 0.50 0.55 76.00 80.00
1973 3 104 109 0.55 0.60 76.00 80.00
1974 3 104 109 0.60 0.65 76.00 80.00
1975 3 104 109 0.65 0.70 76.00 80.00
1976 3 104 109 0.70 0.75 76.00 80.00
1977 3 104 109 0.75 0.80 76.00 80.00
1978 3 104 109 0.80 0.85 76.00 80.00
1979 3 104 109 0.85 0.90 76.00 80.00
1980 3 104 109 0.90 0.95 76.00 80.00
1981 3 104 109 0.95 1.00 76.00 80.00
1982 3 104 109 1.00 1.05 76.00 80.00
1983 3 104 109 1.05 1.10 76.00 80.00
1984 3 104 109 1.10 1.15 76.00 80.00
1985 3 104 109 1.15 1.20 76.00 80.00
1986 3 104 109 1.20 1.25 76.00 80.00
1987 3 104 109 1.25 1.30 76.00 80.00
1988 3 104 109 1.30 1.35 76.00 80.00
1989 3 104 109 1.35 1.40 76.00 80.00
1990 3 104 109 1.40 1.45 76.00 80.00
1991 3 104 109 1.45 1.50 76.00 80.00
1992 3 104 109 1.50 1.55 76.00 80.00
1993 3 104 109 1.55 1.60 76.00 80.00
1994 3 104 109 1.60 1.65 76.00 80.00
1995 3 104 109 1.65 1.70 76.00 80.00
1996 3 104 109 1.70 1.75 76.00 80.00
1997 3 104 109 1.75 1.80 76.00 80.00
1998 3 104 109 1.80 1.85 76.00 80.00
1999 3 104 109 1.85 1.90 76.00 80.00
2000 3 104 109 1.90 1.95 76.00 80.00
2001 3 104 109 1.95 2.00 76.00 80.00
2002 3 104 109 0.00 0.05 80.00 84.00
2003 3 104 109 0.05 0.10 80.00 84.00
2004 3 104 109 0.10 0.15 80.00 84.00
2005 3 104 109 0.15 0.20 80.00 84.00
2006 3 104 109 0.20 0.25 80.00 84.00
2007 3 104 109 0.25 0.30 80.00 84.00
2008 3 104 109 0.30 0.35 80.00 84.00
2009 3 104 109 0.35 0.40 80.00 84.00
2010 3 104 109 0.40 0.45 80.00 84.00
2011 3 104 109 0.45 0.50 80.00 84.00
2012 3 104 109 0.50 0.55 80.00 84.00
2013 3 104 109 0.55 0.60 80.00 84.00
2014 3 104 109 0.60 0.65 80.00 84.00
2015 3 104 109 0.65 0.70 80.00 84.00
2016 3 104 109 0.70 0.75 80.00 84.00
2017 3 104 109 0.75 0.80 80.00 84.00
2018 3 104 109 0.80 0.85 80.00 84.00
2019 3 104 109 0.85 0.90 80.00 84.00
2020 3 104 109 0.90 0.95 80.00 84.00
2021 3 104 109 0.95 1.00 80.00 84.00
2022 3 104 109 1.00 1.05 80.00 84.00
2023 3 104 109 1.05 1.10 80.00 84.00
2024 3 104 109 1.10 1.15 80.00 84.00
2025 3 104 109 1.15 1.20 80.00 84.00
2026 3 104 109 1.20 1.25 80.00 84.00
2027 3 104 109 1.25 1.30 80.00 84.00
2028 3 104 109 1.30 1.35 80.00 84.00
2029 3 104 109 1.35 1.40 80.00 84.00
2030 3 104 109 1.40 1.45 80.00 84.00
2031 3 104 109 1.45 1.50 80.00 84.00
2032 3 104 109 1.50 1.55 80.00 84.00
2033 3 104 109 1.55 1.60 80.00 84.00
2034 3 104 109 1.60 1.65 80.00 84.00
2035 3 104 109 1.65 1.70 80.00 84.00
2036 3 104 109 1.70 1.75 80.00 84.00
2037 3 104 109 1.75 1.80 80.00 84.00
2038 3 104 109 1.80 1.85 80.00 84.00
2039 3 104 109 1.85 1.90 80.00 84.00
2040 3 104 109 1.90 1.95 80.00 84.00
2041 3 104 109 1.95 2.00 80.00 84.00
2042 3 104 109 0.00 0.05 84.00 88.00
2043 3 104 109 0.05 0.10 84.00 88.00
2044 3 104 109 0.10 0.15 84.00 88.00
2045 3 104 109 0.15 0.20 84.00 88.00
2046 3 104 109 0.20 0.25 84.00 88.00
2047 3 104 109 0.25 0.30 84.00 88.00
2048 3 104 109 0.30 0.35 84.00 88.00
2049 3 104 109 0.35 0.40 84.00 88.00
2050 3 104 109 0.40 0.45 84.00 88.00
2051 3 104 109 0.45 0.50 84.00 88.00
2052 3 104 109 0.50 0.55 84.00 88.00
2053 3 104 109 0.55 0.60 84.00 88.00
2054 3 104 109 0.60 0.65 84.00 88.00
2055 3 104 109 0.65 0.70 84.00 88.00
2056 3 104 109 0.70 0.75 84.00 88.00
2057 3 104 109 0.75 0.80 84.00 88.00
2058 3 104 109 0.80 0.85 84.00 88.00
2059 3 104 109 0.85 0.90 84.00 88.00
2060 3 104 109 0.90 0.95 84.00 88.00
2061 3 104 109 0.95 1.00 84.00 88.00
2062 3 104 109 1.00 1.05 84.00 88.00
2063 3 104 109 1.05 1.10 84.00 88.00
2064 3 104 109 1.10 1.15 84.00 88.00
2065 3 104 109 1.15 1.20 84.00 88.00
2066 3 104 109 1.20 1.25 84.00 88.00
2067 3 104 109 1.25 1.30 84.00 88.00
2068 3 104 109 1.30 1.35 84.00 88.00
2069 3 104 109 1.35 1.40 84.00 88.00
2070 3 104 109 1.40 1.45 84.00 88.00
2071 3 104 109 1.45 1.50 84.00 88.00
2072 3 104 109 1.50 1.55 84.00 88.00
2073 3 104 109 1.55 1.60 84.00 88.00
2074 3 104 109 1.60 1.65 84.00 88.00
2075 3 104 109 1.65 1.70 84.00 88.00
2076 3 104 109 1.70 1.75 84.00 88.00
2077 3 104 109 1.75 1.80 84.00 88.00
2078 3 104 109 1.80 1.85 84.00 88.00
2079 3 104 109 1.85 1.90 84.00 88.00
2080 3 104 109 1.90 1.95 84.00 88.00
2081 3 104 109 1.95 2.00 84.00 88.00
2082 3 104 109 0.00 0.05 88.00 92.00
2083 3 104 109 0.05 0.10 88.00 92.00
2084 3 104 109 0.10 0.15 88.00 92.00
2085 3 104 109 0.15 0.20 88.00 92.00
2086 3 104 109 0.20 0.25 88.00 92.00
2087 3 104 109 0.25 0.30 88.00 92.00
2088 3 104 109 0.30 0.35 88.00 92.00
2089 3 104 109 0.35 0.40 88.00 92.00
2090 3 104 109 0.40 0.45 88.00 92.00
2091 3 104 109 0.45 0.50 88.00 92.00
2092 3 104 109 0.50 0.55 88.00 92.00
2093 3 104 109 0.55 0.60 88.00 92.00
2094 3 104 109 0.60 0.65 88.00 92.00
2095 3 104 109 0.65 0.70 88.00 92.00
2096 3 104 109 0.70 0.75 88.00 92.00
2097 3 104 109 0.75 0.80 88.00 92.00
2098 3 104 109 0.80 0.85 88.00 92.00
2099 3 104 109 0.85 0.90 88.00 92.00
2100 3 104 109 0.90 0.95 88.00 92.00
2101 3 104 109 0.95 1.00 88.00 92.00
2102 3 104 109 1.00 1.05 88.00 92.00
2103 3 104 109 1.05 1.10 88.00 92.00
2104 3 104 109 1.10 1.15 88.00 92.00
2105 3 104 109 1.15 1.20 88.00 92.00
2106 3 104 109 1.20 1.25 88.00 92.00
2107 3 104 109 1.25 1.30 88.00 92.00
2108 3 104 109 1.30 1.35 88.00 92.00
2109 3 104 109 1.35 1.40 88.00 92.00
2110 3 104 109 1.40 1.45 88.00 92.00
2111 3 104 109 1.45 1.50 88.00 92.00
2112 3 104 109 1.50 1.55 88.00 92.00
2113 3 104 109 1.55 1.60 88.00 92.00
2114 3 104 109 1.60 1.65 88.00 92.00
2115 3 104 109 1.65 1.70 88.00 92.00
2116 3 104 109 1.70 1.75 88.00 92.00
2117 3 104 109 1.75 1.80 88.00 92.00
2118 3 104 109 1.80 1.85 88.00 92.00
2119 3 104 109 1.85 1.90 88.00 92.00
2120 3 104 109 1.90 1.95 88.00 92.00
2121 3 104 109 1.95 2.00 88.00 92.00
2122 3 104 109 0.00 0.05 92.00 96.00
2123 3 104 109 0.05 0.10 92.00 96.00
2124 3 104 109 0.10 0.15 92.00 96.00
2125 3 104 109 0.15 0.20 92.00 96.00
2126 3 104 109 0.20 0.25 92.00 96.00
2127 3 104 109 0.25 0.30 92.00 96.00
2128 3 104 109 0.30 0.35 92.00 96.00
2129 3 104 109 0.35 0.40 92.00 96.00
2130 3 104 109 0.40 0.45 92.00 96.00
2131 3 104 109 0.45 0.50 92.00 96.00
2132 3 104 109 0.50 0.55 92.00 96.00
2133 3 104 109 0.55 0.60 92.00 96.00
2134 3 104 109 0.60 0.65 92.00 96.00
2135 3 104 109 0.65 0.70 92.00 96.00
2136 3 104 109 0.70 0.75 92.00 96.00
2137 3 104 109 0.75 0.80 92.00 96.00
2138 3 104 109 0.80 0.85 92.00 96.00
2139 3 104 109 0.85 0.90 92.00 96.00
2140 3 104 109 0.90 0.95 92.00 96.00
2141 3 104 109 0.95 1.00 92.00 96.00
2142 3 104 109 1.00 1.05 92.00 96.00
2143 3 104 109 1.05 1.10 92.00 96.00
2144 3 104 109 1.10 1.15 92.00 96.00
2145 3 104 109 1.15 1.20 92.00 96.00
2146 3 104 109 1.20 1.25 92.00 96.00
2147 3 104 109 1.25 1.30 92.00 96.00
2148 3 104 109 1.30 1.35 92.00 96.00
2149 3 104 109 1.35 1.40 92.00 96.00
2150 3 104 109 1.40 1.45 92.00 96.00
2151 3 104 109 1.45 1.50 92.00 96.00
2152 3 104 109 1.50 1.55 92.00 96.00
2153 3 104 109 1.55 1.60 92.00 96.00
2154 3 104 109 1.60 1.65 92.00 96.00
2155 3 104 109 1.65 1.70 92.00 96.00
2156 3 104 109 1.70 1.75 92.00 96.00
2157 3 104 109 1.75 1.80 92.00 96.00
2158 3 104 109 1.80 1.85 92.00 96.00
2159 3 104 109 1.85 1.90 92.00 96.00
2160 3 104 109 1.90 1.95 92.00 96.00
2161 3 104 109 1.95 2.00 92.00 96.00
2162 3 104 109 0.00 0.05 96.00 100.00
2163 3 104 109 0.05 0.10 96.00 100.00
2164 3 104 109 0.10 0.15 96.00 100.00
2165 3 104 109 0.15 0.20 96.00 100.00
2166 3 104 109 0.20 0.25 96.00 100.00
2167 3 104 109 0.25 0.30 96.00 100.00
2168 3 104 109 0.30 0.35 96.00 100.00
2169 3 104 109 0.35 0.40 96.00 100.00
2170 3 104 109 0.40 0.45 96.00 100.00
2171 3 104 109 0.45 0.50 96.00 100.00
2172 3 104 109 0.50 0.55 96.00 100.00
2173 3 104 109 0.55 0.60 96.00 100.00
2174 3 104 109 0.60 0.65 96.00 100.00
2175 3 104 109 0.65 0.70 96.00 100.00
2176 3 104 109 0.70 0.75 96.00 100.00
2177 3 104 109 0.75 0.80 96.00 100.00
2178 3 104 109 0.80 0.85 96.00 100.00
2179 3 104 109 0.85 0.90 96.00 100.00
2180 3 104 109 0.90 0.95 96.00 100.00
2181 3 104 109 0.95 1.00 96.00 100.00
2182 3 104 109 1.00 1.05 96.00 100.00
2183 3 104 109 1.05 1.10 96.00 100.00
2184 3 104 109 1.10 1.15 96.00 100.00
2185 3 104 109 1.15 1.20 96.00 100.00
2186 3 104 109 1.20 1.25 96.00 100.00
2187 3 104 109 1.25 1.30 96.00 100.00
2188 3 104 109 1.30 1.35 96.00 100.00
2189 3 104 109 1.35 1.40 96.00 100.00
2190 3 104 109 1.40 1.45 96.00 100.00
2191 3 104 109 1.45 1.50 96.00 100.00
2192 3 104 109 1.50 1.55 96.00 100.00
2193 3 104 109 1.55 1.60 96.00 100.00
2194 3 104 109 1.60 1.65 96.00 100.00
2195 3 104 109 1.65 1.70 96.00 100.00
2196 3 104 109 1.70 1.75 96.00 100.00
2197 3 104 109 1.75 1.80 96.00 100.00
2198 3 104 109 1.80 1.85 96.00 100.00
2199 3 104 109 1.85 1.90 96.00 100.00
2200 3 104 109 1.90 1.95 96.00 100.00
2201 3 104 109 1.95 2.00 96.00 100.00
2202 3 104 109 0.00 0.05 100.00 104.00
2203 3 104 109 0.05 0.10 100.00 104.00
2204 3 104 109 0.10 0.15 100.00 104.00
2205 3 104 109 0.15 0.20 100.00 104.00
2206 3 104 109 0.20 0.25 100.00 104.00
2207 3 104 109 0.25 0.30 100.00 104.00
2208 3 104 109 0.30 0.35 100.00 104.00
2209 3 104 109 0.35 0.40 100.00 104.00
2210 3 104 109 0.40 0.45 100.00 104.00
2211 3 104 109 0.45 0.50 100.00 104.00
2212 3 104 109 0.50 0.55 100.00 104.00
2213 3 104 109 0.55 0.60 100.00 104.00
2214 3 104 109 0.60 0.65 100.00 104.00
2215 3 104 109 0.65 0.70 100.00 104.00
2216 3 104 109 0.70 0.75 100.00 104.00
2217 3 104 109 0.75 0.80 100.00 104.00
2218 3 104 109 0.80 0.85 100.00 104.00
2219 3 104 109 0.85 0.90 100.00 104.00
2220 3 104 109 0.90 0.95 100.00 104.00
2221 3 104 109 0.95 1.00 100.00 104.00
2222 3 104 109 1.00 1.05 100.00 104.00
2223 3 104 109 1.05 1.10 100.00 104.00
2224 3 104 109 1.10 1.15 100.00 104.00
2225 3 104 109 1.15 1.20 100.00 104.00
2226 3 104 109 1.20 1.25 100.00 104.00
2227 3 104 109 1.25 1.30 100.00 104.00
2228 3 104 109 1.30 1.35 100.00 104.00
2229 3 104 109 1.35 1.40 100.00 104.00
2230 3 104 109 1.40 1.45 100.00 104.00
2231 3 104 109 1.45 1.50 100.00 104.00
2232 3 104 109 1.50 1.55 100.00 104.00
2233 3 104 109 1.55 1.60 100.00 104.00
2234 3 104 109 1.60 1.65 100.00 104.00
2235 3 104 109 1.65 1.70 100.00 104.00
2236 3 104 109 1.70 1.75 100.00 104.00
2237 3 104 109 1.75 1.80 100.00 104.00
2238 3 104 109 1.80 1.85 100.00 104.00
2239 3 104 109 1.85 1.90 100.00 104.00
2240 3 104 109 1.90 1.95 100.00 104.00
2241 3 104 109 1.95 2.00 100.00 104.00
2242 3 104 109 0.00 0.05 104.00 108.00
2243 3 104 109 0.05 0.10 104.00 108.00
2244 3 104 109 0.10 0.15 104.00 108.00
2245 3 104 109 0.15 0.20 104.00 108.00
2246 3 104 109 0.20 0.25 104.00 108.00
2247 3 104 109 0.25 0.30 104.00 108.00
2248 3 104 109 0.30 0.35 104.00 108.00
2249 3 104 109 0.35 0.40 104.00 108.00
2250 3 104 109 0.40 0.45 104.00 108.00
2251 3 104 109 0.45 0.50 104.00 108.00
2252 3 104 109 0.50 0.55 104.00 108.00
2253 3 104 109 0.55 0.60 104.00 108.00
2254 3 104 109 0.60 0.65 104.00 108.00
2255 3 104 109 0.65 0.70 104.00 108.00
2256 3 104 109 0.70 0.75 104.00 108.00
2257 3 104 109 0.75 0.80 104.00 108.00
2258 3 104 109 0.80 0.85 104.00 108.00
2259 3 104 109 0.85 0.90 104.00 108.00
2260 3 104 109 0.90 0.95 104.00 108.00
2261 3 104 109 0.95 1.00 104.00 108.00
2262 3 104 109 1.00 1.05 104.00 108.00
2263 3 104 109 1.05 1.10 104.00 108.00
2264 3 104 109 1.10 1.15 104.00 108.00
2265 3 104 109 1.15 1.20 104.00 108.00
2266 3 104 109 1.20 1.25 104.00 108.00
2267 3 104 109 1.25 1.30 104.00 108.00
2268 3 104 109 1.30 1.35 104.00 108.00
2269 3 104 109 1.35 1.40 104.00 108.00
2270 3 104 109 1.40 1.45 104.00 108.00
2271 3 104 109 1.45 1.50 104.00 108.00
2272 3 104 109 1.50 1.55 104.00 108.00
2273 3 104 109 1.55 1.60 104.00 108.00
2274 3 104 109 1.60 1.65 104.00 108.00
2275 3 104 109 1.65 1.70 104.00 108.00
2276 3 104 109 1.70 1.75 104.00 108.00
2277 3 104 109 1.75 1.80 104.00 108.00
2278 3 104 109 1.80 1.85 104.00 108.00
2279 3 104 109 1.85 1.90 104.00 108.00
2280 3 104 109 1.90 1.95 104.00 108.00
2281 3 104 109 1.95 2.00 104.00 108.00
2282 3 104 109 0.00 0.05 108.00 112.00
2283 3 104 109 0.05 0.10 108.00 112.00
2284 3 104 109 0.10 0.15 108.00 112.00
2285 3 104 109 0.15 0.20 108.00 112.00
2286 3 104 109 0.20 0.25 108.00 112.00
2287 3 104 109 0.25 0.30 108.00 112.00
2288 3 104 109 0.30 0.35 108.00 112.00
2289 3 104 109 0.35 0.40 108.00 112.00
2290 3 104 109 0.40 0.45 108.00 112.00
2291 3 104 109 0.45 0.50 108.00 112.00
2292 3 104 109 0.50 0.55 108.00 112.00
2293 3 104 109 0.55 0.60 108.00 112.00
2294 3 104 109 0.60 0.65 108.00 112.00
2295 3 104 109 0.65 0.70 108.00 112.00
2296 3 104 109 0.70 0.75 108.00 112.00
2297 3 104 109 0.75 0.80 108.00 112.00
2298 3 104 109 0.80 0.85 108.00 112.00
2299 3 104 109 0.85 0.90 108.00 112.00
2300 3 104 109 0.90 0.95 108.00 112.00
2301 3 104 109 0.95 1.00 108.00 112.00
2302 3 104 109 1.00 1.05 108.00 112.00
2303 3 104 109 1.05 1.10 108.00 112.00
2304 3 104 109 1.10 1.15 108.00 112.00
2305 3 104 109 1.15 1.20 108.00 112.00
2306 3 104 109 1.20 1.25 108.00 112.00
2307 3 104 109 1.25 1.30 108.00 112.00
2308 3 104 109 1.30 1.35 108.00 112.00
2309 3 104 109 1.35 1.40 108.00 112.00
2310 3 104 109 1.40 1.45 108.00 112.00
2311 3 104 109 1.45 1.50 108.00 112.00
2312 3 104 109 1.50 1.55 108.00 112.00
2313 3 104 109 1.55 1.60 108.00 112.00
2314 3 104 109 1.60 1.65 108.00 112.00
2315 3 104 109 1.65 1.70 108.00 112.00
2316 3 104 109 1.70 1.75 108.00 112.00
2317 3 104 109 1.75 1.80 108.00 112.00
2318 3 104 109 1.80 1.85 108.00 112.00
2319 3 104 109 1.85 1.90 108.00 112.00
2320 3 104 109 1.90 1.95 108.00 112.00
2321 3 104 109 1.95 2.00 108.00 112.00
2322 3 104 109 0.00 0.05 112.00 116.00
2323 3 104 109 0.05 0.10 112.00 116.00
2324 3 104 109 0.10 0.15 112.00 116.00
2325 3 104 109 0.15 0.20 112.00 116.00
2326 3 104 109 0.20 0.25 112.00 116.00
2327 3 104 109 0.25 0.30 112.00 116.00
2328 3 104 109 0.30 0.35 112.00 116.00
2329 3 104 109 0.35 0.40 112.00 116.00
2330 3 104 109 0.40 0.45 112.00 116.00
2331 3 104 109 0.45 0.50 112.00 116.00
2332 3 104 109 0.50 0.55 112.00 116.00
2333 3 104 109 0.55 0.60 112.00 116.00
2334 3 104 109 0.60 0.65 112.00 116.00
2335 3 104 109 0.65 0.70 112.00 116.00
2336 3 104 109 0.70 0.75 112.00 116.00
2337 3 104 109 0.75 0.80 112.00 116.00
2338 3 104 109 0.80 0.85 112.00 116.00
2339 3 104 109 0.85 0.90 112.00 116.00
2340 3 104 109 0.90 0.95 112.00 116.00
2341 3 104 109 0.95 1.00 112.00 116.00
2342 3 104 109 1.00 1.05 112.00 116.00
2343 3 104 109 1.05 1.10 112.00 116.00
2344 3 104 109 1.10 1.15 112.00 116.00
2345 3 104 109 1.15 1.20 112.00 116.00
2346 3 104 109 1.20 1.25 112.00 116.00
2347 3 104 109 1.25 1.30 112.00 116.00
2348 3 104 109 1.30 1.35 112.00 116.00
2349 3 104 109 1.35 1.40 112.00 116.00
2350 3 104 109 1.40 1.45 112.00 116.00
2351 3 104 109 1.45 1.50 112.00 116.00
2352 3 104 109 1.50 1.55 112.00 116.00
2353 3 104 109 1.55 1.60 112.00 116.00
2354 3 104 109 1.60 1.65 112.00 116.00
2355 3 104 109 1.65 1.70 112.00 116.00
2356 3 104 109 1.70 1.75 112.00 116.00
2357 3 104 109 1.75 1.80 112.00 116.00
2358 3 104 109 1.80 1.85 112.00 116.00
2359 3 104 109 1.85 1.90 112.00 116.00
2360 3 104 109 1.90 1.95 112.00 116.00
2361 3 104 109 1.95 2.00 112.00 116.00
2362 3 104 109 0.00 0.05 116.00 120.00
2363 3 104 109 0.05 0.10 116.00 120.00
2364 3 104 109 0.10 0.15 116.00 120.00
2365 3 104 109 0.15 0.20 116.00 120.00
2366 3 104 109 0.20 0.25 116.00 120.00
2367 3 104 109 0.25 0.30 116.00 120.00
2368 3 104 109 0.30 0.35 116.00 120.00
2369 3 104 109 0.35 0.40 116.00 120.00
2370 3 104 109 0.40 0.45 116.00 120.00
2371 3 104 109 0.45 0.50 116.00 120.00
2372 3 104 109 0.50 0.55 116.00 120.00
2373 3 104 109 0.55 0.60 116.00 120.00
2374 3 104 109 0.60 0.65 116.00 120.00
2375 3 104 109 0.65 0.70 116.00 120.00
2376 3 104 109 0.70 0.75 116.00 120.00
2377 3 104 109 0.75 0.80 116.00 120.00
2378 3 104 109 0.80 0.85 116.00 120.00
2379 3 104 109 0.85 0.90 116.00 120.00
2380 3 104 109 0.90 0.95 116.00 120.00
2381 3 104 109 0.95 1.00 116.00 120.00
2382 3 104 109 1.00 1.05 116.00 120.00
2383 3 104 109 1.05 1.10 116.00 120.00
2384 3 104 109 1.10 1.15 116.00 120.00
2385 3 104 109 1.15 1.20 116.00 120.00
2386 3 104 109 1.20 1.25 116.00 120.00
2387 3 104 109 1.25 1.30 116.00 120.00
2388 3 104 109 1.30 1.35 116.00 120.00
2389 3 104 109 1.35 1.40 116.00 120.00
2390 3 104 109 1.40 1.45 116.00 120.00
2391 3 104 109 1.45 1.50 116.00 120.00
2392 3 104 109 1.50 1.55 116.00 120.00
2393 3 104 109 1.55 1.60 116.00 120.00
2394 3 104 109 1.60 1.65 116.00 120.00
2395 3 104 109 1.65 1.70 116.00 120.00
2396 3 104 109 1.70 1.75 116.00 120.00
2397 3 104 109 1.75 1.80 116.00 120.00
2398 3 104 109 1.80 1.85 116.00 120.00
2399 3 104 109 1.85 1.90 116.00 120.00
2400 3 104 109 1.90 1.95 116.00 120.00
2401 3 104 109 1.95 2.00 116.00 120.00
2402 4 109 200 0 2 0 120