1 1 0 140 0 2 0 15
2 2 140 160 0.00 0.05 0 5
3 2 140 160 0.05 0.10 0 5
4 2 140 160 0.10 0.15 0 5
5 2 140 160 0.15 0.20 0 5
6 2 140 160 0.20 0.25 0 5
7 2 140 160 0.25 0.30 0 5
8 2 140 160 0.30 0.35 0 5
9 2 140 160 0.35 0.40 0 5
10 2 140 160 0.40 0.45 0 5
11 2 140 160 0.45 0.50 0 5
12 2 140 160 0.50 0.55 0 5
13 2 140 160 0.55 0.60 0 5
14 2 140 160 0.60 0.65 0 5
15 2 140 160 0.65 0.70 0 5
16 2 140 160 0.70 0.75 0 5
17 2 140 160 0.75 0.80 0 5
18 2 140 160 0.80 0.85 0 5
19 2 140 160 0.85 0.90 0 5
20 2 140 160 0.90 0.95 0 5
21 2 140 160 0.95 1.00 0 5
22 2 140 160 1.00 1.05 0 5
23 2 140 160 1.05 1.10 0 5
24 2 140 160 1.10 1.15 0 5
25 2 140 160 1.15 1.20 0 5
26 2 140 160 1.20 1.25 0 5
27 2 140 160 1.25 1.30 0 5
28 2 140 160 1.30 1.35 0 5
29 2 140 160 1.35 1.40 0 5
30 2 140 160 1.40 1.45 0 5
31 2 140 160 1.45 1.50 0 5
32 2 140 160 1.50 1.55 0 5
33 2 140 160 1.55 1.60 0 5
34 2 140 160 1.60 1.65 0 5
35 2 140 160 1.65 1.70 0 5
36 2 140 160 1.70 1.75 0 5
37 2 140 160 1.75 1.80 0 5
38 2 140 160 1.80 1.85 0 5
39 2 140 160 1.85 1.90 0 5
40 2 140 160 1.90 1.95 0 5
41 2 140 160 1.95 2.00 0 5
42 2 140 160 0.00 0.05 5 10
43 2 140 160 0.05 0.10 5 10
44 2 140 160 0.10 0.15 5 10
45 2 140 160 0.15 0.20 5 10
46 2 140 160 0.20 0.25 5 10
47 2 140 160 0.25 0.30 5 10
48 2 140 160 0.30 0.35 5 10
49 2 140 160 0.35 0.40 5 10
50 2 140 160 0.40 0.45 5 10
51 2 140 160 0.45 0.50 5 10
52 2 140 160 0.50 0.55 5 10
53 2 140 160 0.55 0.60 5 10
54 2 140 160 0.60 0.65 5 10
55 2 140 160 0.65 0.70 5 10
56 2 140 160 0.70 0.75 5 10
57 2 140 160 0.75 0.80 5 10
58 2 140 160 0.80 0.85 5 10
59 2 140 160 0.85 0.90 5 10
60 2 140 160 0.90 0.95 5 10
61 2 140 160 0.95 1.00 5 10
62 2 140 160 1.00 1.05 5 10
63 2 140 160 1.05 1.10 5 10
64 2 140 160 1.10 1.15 5 10
65 2 140 160 1.15 1.20 5 10
66 2 140 160 1.20 1.25 5 10
67 2 140 160 1.25 1.30 5 10
68 2 140 160 1.30 1.35 5 10
69 2 140 160 1.35 1.40 5 10
70 2 140 160 1.40 1.45 5 10
71 2 140 160 1.45 1.50 5 10
72 2 140 160 1.50 1.55 5 10
73 2 140 160 1.55 1.60 5 10
74 2 140 160 1.60 1.65 5 10
75 2 140 160 1.65 1.70 5 10
76 2 140 160 1.70 1.75 5 10
77 2 140 160 1.75 1.80 5 10
78 2 140 160 1.80 1.85 5 10
79 2 140 160 1.85 1.90 5 10
80 2 140 160 1.90 1.95 5 10
81 2 140 160 1.95 2.00 5 10
82 2 140 160 0.00 0.05 10 15
83 2 140 160 0.05 0.10 10 15
84 2 140 160 0.10 0.15 10 15
85 2 140 160 0.15 0.20 10 15
86 2 140 160 0.20 0.25 10 15
87 2 140 160 0.25 0.30 10 15
88 2 140 160 0.30 0.35 10 15
89 2 140 160 0.35 0.40 10 15
90 2 140 160 0.40 0.45 10 15
91 2 140 160 0.45 0.50 10 15
92 2 140 160 0.50 0.55 10 15
93 2 140 160 0.55 0.60 10 15
94 2 140 160 0.60 0.65 10 15
95 2 140 160 0.65 0.70 10 15
96 2 140 160 0.70 0.75 10 15
97 2 140 160 0.75 0.80 10 15
98 2 140 160 0.80 0.85 10 15
99 2 140 160 0.85 0.90 10 15
100 2 140 160 0.90 0.95 10 15
101 2 140 160 0.95 1.00 10 15
102 2 140 160 1.00 1.05 10 15
103 2 140 160 1.05 1.10 10 15
104 2 140 160 1.10 1.15 10 15
105 2 140 160 1.15 1.20 10 15
106 2 140 160 1.20 1.25 10 15
107 2 140 160 1.25 1.30 10 15
108 2 140 160 1.30 1.35 10 15
109 2 140 160 1.35 1.40 10 15
110 2 140 160 1.40 1.45 10 15
111 2 140 160 1.45 1.50 10 15
112 2 140 160 1.50 1.55 10 15
113 2 140 160 1.55 1.60 10 15
114 2 140 160 1.60 1.65 10 15
115 2 140 160 1.65 1.70 10 15
116 2 140 160 1.70 1.75 10 15
117 2 140 160 1.75 1.80 10 15
118 2 140 160 1.80 1.85 10 15
119 2 140 160 1.85 1.90 10 15
120 2 140 160 1.90 1.95 10 15
121 2 140 160 1.95 2.00 10 15
122 3 160 168 0.00 0.05 0 5
123 3 160 168 0.05 0.10 0 5
124 3 160 168 0.10 0.15 0 5
125 3 160 168 0.15 0.20 0 5
126 3 160 168 0.20 0.25 0 5
127 3 160 168 0.25 0.30 0 5
128 3 160 168 0.30 0.35 0 5
129 3 160 168 0.35 0.40 0 5
130 3 160 168 0.40 0.45 0 5
131 3 160 168 0.45 0.50 0 5
132 3 160 168 0.50 0.55 0 5
133 3 160 168 0.55 0.60 0 5
134 3 160 168 0.60 0.65 0 5
135 3 160 168 0.65 0.70 0 5
136 3 160 168 0.70 0.75 0 5
137 3 160 168 0.75 0.80 0 5
138 3 160 168 0.80 0.85 0 5
139 3 160 168 0.85 0.90 0 5
140 3 160 168 0.90 0.95 0 5
141 3 160 168 0.95 1.00 0 5
142 3 160 168 1.00 1.05 0 5
143 3 160 168 1.05 1.10 0 5
144 3 160 168 1.10 1.15 0 5
145 3 160 168 1.15 1.20 0 5
146 3 160 168 1.20 1.25 0 5
147 3 160 168 1.25 1.30 0 5
148 3 160 168 1.30 1.35 0 5
149 3 160 168 1.35 1.40 0 5
150 3 160 168 1.40 1.45 0 5
151 3 160 168 1.45 1.50 0 5
152 3 160 168 1.50 1.55 0 5
153 3 160 168 1.55 1.60 0 5
154 3 160 168 1.60 1.65 0 5
155 3 160 168 1.65 1.70 0 5
156 3 160 168 1.70 1.75 0 5
157 3 160 168 1.75 1.80 0 5
158 3 160 168 1.80 1.85 0 5
159 3 160 168 1.85 1.90 0 5
160 3 160 168 1.90 1.95 0 5
161 3 160 168 1.95 2.00 0 5
162 3 160 168 0.00 0.05 5 10
163 3 160 168 0.05 0.10 5 10
164 3 160 168 0.10 0.15 5 10
165 3 160 168 0.15 0.20 5 10
166 3 160 168 0.20 0.25 5 10
167 3 160 168 0.25 0.30 5 10
168 3 160 168 0.30 0.35 5 10
169 3 160 168 0.35 0.40 5 10
170 3 160 168 0.40 0.45 5 10
171 3 160 168 0.45 0.50 5 10
172 3 160 168 0.50 0.55 5 10
173 3 160 168 0.55 0.60 5 10
174 3 160 168 0.60 0.65 5 10
175 3 160 168 0.65 0.70 5 10
176 3 160 168 0.70 0.75 5 10
177 3 160 168 0.75 0.80 5 10
178 3 160 168 0.80 0.85 5 10
179 3 160 168 0.85 0.90 5 10
180 3 160 168 0.90 0.95 5 10
181 3 160 168 0.95 1.00 5 10
182 3 160 168 1.00 1.05 5 10
183 3 160 168 1.05 1.10 5 10
184 3 160 168 1.10 1.15 5 10
185 3 160 168 1.15 1.20 5 10
186 3 160 168 1.20 1.25 5 10
187 3 160 168 1.25 1.30 5 10
188 3 160 168 1.30 1.35 5 10
189 3 160 168 1.35 1.40 5 10
190 3 160 168 1.40 1.45 5 10
191 3 160 168 1.45 1.50 5 10
192 3 160 168 1.50 1.55 5 10
193 3 160 168 1.55 1.60 5 10
194 3 160 168 1.60 1.65 5 10
195 3 160 168 1.65 1.70 5 10
196 3 160 168 1.70 1.75 5 10
197 3 160 168 1.75 1.80 5 10
198 3 160 168 1.80 1.85 5 10
199 3 160 168 1.85 1.90 5 10
200 3 160 168 1.90 1.95 5 10
201 3 160 168 1.95 2.00 5 10
202 3 160 168 0.00 0.05 10 15
203 3 160 168 0.05 0.10 10 15
204 3 160 168 0.10 0.15 10 15
205 3 160 168 0.15 0.20 10 15
206 3 160 168 0.20 0.25 10 15
207 3 160 168 0.25 0.30 10 15
208 3 160 168 0.30 0.35 10 15
209 3 160 168 0.35 0.40 10 15
210 3 160 168 0.40 0.45 10 15
211 3 160 168 0.45 0.50 10 15
212 3 160 168 0.50 0.55 10 15
213 3 160 168 0.55 0.60 10 15
214 3 160 168 0.60 0.65 10 15
215 3 160 168 0.65 0.70 10 15
216 3 160 168 0.70 0.75 10 15
217 3 160 168 0.75 0.80 10 15
218 3 160 168 0.80 0.85 10 15
219 3 160 168 0.85 0.90 10 15
220 3 160 168 0.90 0.95 10 15
221 3 160 168 0.95 1.00 10 15
222 3 160 168 1.00 1.05 10 15
223 3 160 168 1.05 1.10 10 15
224 3 160 168 1.10 1.15 10 15
225 3 160 168 1.15 1.20 10 15
226 3 160 168 1.20 1.25 10 15
227 3 160 168 1.25 1.30 10 15
228 3 160 168 1.30 1.35 10 15
229 3 160 168 1.35 1.40 10 15
230 3 160 168 1.40 1.45 10 15
231 3 160 168 1.45 1.50 10 15
232 3 160 168 1.50 1.55 10 15
233 3 160 168 1.55 1.60 10 15
234 3 160 168 1.60 1.65 10 15
235 3 160 168 1.65 1.70 10 15
236 3 160 168 1.70 1.75 10 15
237 3 160 168 1.75 1.80 10 15
238 3 160 168 1.80 1.85 10 15
239 3 160 168 1.85 1.90 10 15
240 3 160 168 1.90 1.95 10 15
241 3 160 168 1.95 2.00 10 15
242 4 168 285 0 2 0 15