0 1 2519 2520 797 500
1 1 2519 2520 819 518
2 1 2519 2520 840 534
3 1 2519 2520 866 547
4 1 2519 2520 895 567
5 1 2519 2520 929 585
6 1 2519 2520 966 605
7 1 2519 2520 998 614
8 1 2519 2520 1028 628
9 1 2519 2520 1057 645
10 1 2519 2520 1085 664
11 1 2519 2520 1108 678
12 1 2519 2520 1138 690
13 1 2519 2520 1162 699
14 1 2519 2520 1179 706
15 1 2519 2520 1197 710
16 1 2519 2520 1218 719
17 1 2519 2520 1230 712
18 1 2519 2520 1251 716
19 1 2519 2520 1275 721
20 1 2519 2520 1282 722
21 1 2519 2520 1301 734
22 2 2519 2520 1310 741
23 2 2519 2520 1348 757
24 2 2519 2520 1430 788
25 2 2519 2520 1538 839
26 2 2519 2520 1612 869
27 2 2519 2520 1688 886
28 2 2519 2520 1763 911
29 2 2519 2520 1873 944
30 2 2519 2520 1936 972
31 2 2519 2520 1998 988
32 2 2519 2520 2064 1007
33 2 2519 2520 2118 1015
34 2 2519 2520 2162 1026
35 2 2519 2520 2216 1041
36 2 2519 2520 2262 1058
37 2 2519 2520 2286 1065
38 2 2519 2520 2329 1076
39 2 2519 2520 2365 1088
40 2 2519 2520 2398 1099
41 2 2519 2520 2425 1115
42 4 2519 2520 2443 1113
43 4 2519 2520 2538 1143
44 4 2519 2520 2690 1201
45 4 2519 2520 2847 1258
46 4 2519 2520 3004 1293
47 4 2519 2520 3170 1357
48 4 2519 2520 3327 1393
49 4 2519 2520 3474 1444
50 4 2519 2520 3581 1467
51 4 2519 2520 3703 1516
52 4 2519 2520 3825 1563
53 4 2519 2520 3944 1601
54 4 2519 2520 4050 1632
55 4 2519 2520 4142 1648
56 4 2519 2520 4214 1678
57 4 2519 2520 4292 1699
58 4 2519 2520 4373 1723
59 4 2519 2520 4454 1744
60 4 2519 2520 4520 1764
61 5 2519 2520 4567 1778
62 5 2519 2520 4652 1811
63 6 2519 2520 4790 1852
64 7 2519 2520 4920 1892
65 7 2519 2520 5144 1943
66 7 2519 2520 5370 2014
67 7 2519 2520 5577 2085
68 7 2519 2520 5798 2150
69 7 2519 2520 5972 2175
70 7 2519 2520 6172 2228
71 7 2519 2520 6355 2273
72 7 2519 2520 6549 2335
73 7 2519 2520 6714 2369
74 7 2519 2520 6886 2393
75 7 2519 2520 7062 2451
76 7 2519 2520 7194 2468
77 7 2519 2520 7319 2513
78 7 2519 2520 7427 2533
79 7 2519 2520 7555 2564
80 7 2519 2520 7641 2581
81 7 2519 2520 7731 2610
82 7 2519 2520 7831 2637
83 7 2519 2520 7935 2652
84 7 2519 2520 8057 2685
85 9 2519 2520 8140 2700
86 9 2519 2520 8248 2742
87 9 2519 2520 8403 2786
88 9 2519 2520 8539 2842
89 10 2519 2520 8703 2893
90 11 2519 2520 8844 2939
91 11 2519 2520 9058 2993
92 12 2519 2520 9269 3048
93 12 2519 2520 9524 3103
94 12 2519 2520 9813 3170
95 12 2519 2520 10061 3224
96 12 2519 2520 10316 3277
97 12 2519 2520 10558 3312
98 12 2519 2520 10765 3365
99 12 2519 2520 10955 3417
100 12 2519 2520 11142 3473
101 12 2519 2520 11355 3528
102 12 2519 2520 11546 3569
103 12 2519 2520 11689 3602
104 12 2519 2520 11843 3656
105 12 2519 2520 11988 3683
106 12 2519 2520 12112 3716
107 12 2519 2520 12246 3755
108 12 2519 2520 12381 3783
109 13 2519 2520 12485 3799
110 13 2519 2520 12614 3842
111 13 2519 2520 12760 3896
112 14 2519 2520 12913 3909
113 14 2519 2520 13091 3948
114 14 2519 2520 13295 4015
115 14 2519 2520 13512 4079
116 14 2519 2520 13686 4128
117 14 2519 2520 13858 4171
118 14 2519 2520 14020 4205
119 15 2519 2520 14185 4262
120 15 2519 2520 14349 4314
121 15 2519 2520 14557 4368
122 15 2519 2520 14747 4433
123 15 2519 2520 14912 4454
124 15 2519 2520 15099 4493
125 15 2519 2520 15240 4524
126 15 2519 2520 15411 4544
127 16 2519 2520 15555 4595
128 16 2519 2520 15716 4626
129 16 2519 2520 15871 4679
130 16 2519 2520 16056 4710
131 16 2519 2520 16222 4731
132 16 2519 2520 16373 4762
133 16 2519 2520 16519 4817
134 17 2519 2520 16642 4829
135 18 2519 2520 16762 4841
136 18 2519 2520 16929 4886
137 18 2519 2520 17115 4931
138 18 2519 2520 17307 4946
139 18 2519 2520 17452 4987
140 18 2519 2520 17627 5012
141 18 2519 2520 17761 5049
142 18 2519 2520 17908 5078
143 18 2519 2520 18055 5112
144 19 2519 2520 18218 5170
145 19 2519 2520 18395 5207
146 20 2519 2520 18611 5238
147 20 2519 2520 18828 5292
148 20 2519 2520 19059 5340
149 20 2519 2520 19291 5406
150 20 2519 2520 19463 5427
151 20 2519 2520 19660 5496
152 20 2519 2520 19866 5532
153 20 2519 2520 20073 5564
154 20 2519 2520 20253 5604
155 20 2519 2520 20405 5626
156 21 2519 2520 20574 5647
157 22 2519 2520 20772 5681
158 22 2519 2520 21016 5732
159 22 2519 2520 21253 5787
160 22 2519 2520 21451 5831
161 22 2519 2520 21650 5857
162 22 2519 2520 21836 5887
163 22 2519 2520 22052 5930
164 22 2519 2520 22219 5961
165 22 2519 2520 22386 5983
166 22 2519 2520 22543 6001
167 22 2519 2520 22698 6026
168 22 2519 2520 22842 6059
169 22 2519 2520 22980 6101
170 22 2519 2520 23154 6124
171 22 2519 2520 23284 6135
172 22 2519 2520 23384 6163
173 23 2519 2520 23472 6179
174 23 2519 2520 23611 6211
175 23 2519 2520 23773 6255
176 24 2519 2520 23900 6295
177 25 2519 2520 24077 6353
178 25 2519 2520 24286 6393
179 25 2519 2520 24476 6422
180 26 2519 2520 24628 6468
181 26 2519 2520 24856 6527
182 26 2519 2520 25099 6577
183 26 2519 2520 25331 6660
184 26 2519 2520 25579 6723
185 26 2519 2520 25820 6769
186 26 2519 2520 26084 6815
187 26 2519 2520 26317 6855
188 26 2519 2520 26538 6931
189 26 2519 2520 26745 6957
190 26 2519 2520 26917 7011
191 26 2519 2520 27093 7051
192 26 2519 2520 27250 7073
193 26 2519 2520 27426 7115
194 27 2519 2520 27596 7163
195 27 2519 2520 27784 7210
196 27 2519 2520 27952 7243
197 27 2519 2520 28141 7295
198 27 2519 2520 28307 7326
199 27 2519 2520 28476 7384
200 27 2519 2520 28654 7412
201 27 2519 2520 28777 7446
202 27 2519 2520 28916 7468
203 27 2519 2520 29087 7508
204 27 2519 2520 29249 7561
205 27 2519 2520 29338 7575
206 27 2519 2520 29471 7595
207 27 2519 2520 29562 7616
208 28 2519 2520 29650 7625
209 28 2519 2520 29786 7665
210 29 2519 2520 29904 7697
211 30 2519 2520 30073 7748
212 30 2519 2520 30247 7790
213 30 2519 2520 30411 7824
214 30 2519 2520 30605 7875
215 31 2519 2520 30804 7925
216 31 2519 2520 30987 7961
217 32 2519 2520 31205 8006
218 32 2519 2520 31430 8050
219 33 2519 2520 31646 8082
220 33 2519 2520 31875 8139
221 33 2519 2520 32145 8216
222 33 2519 2520 32385 8280
223 33 2519 2520 32649 8357
224 33 2519 2520 32909 8391
225 34 2519 2520 33168 8433
226 34 2519 2520 33433 8503
227 34 2519 2520 33680 8556
228 34 2519 2520 33896 8603
229 34 2519 2520 34117 8643
230 34 2519 2520 34359 8685
231 34 2519 2520 34607 8742
232 34 2519 2520 34816 8769
233 34 2519 2520 35016 8820
234 34 2519 2520 35193 8831
235 34 2519 2520 35368 8860
236 34 2519 2520 35506 8873
237 34 2519 2520 35709 8939
238 34 2519 2520 35891 8985
239 35 2519 2520 36034 9029
240 35 2519 2520 36244 9055
241 36 2519 2520 36423 9092
242 36 2519 2520 36580 9113
243 36 2519 2520 36781 9161
244 36 2519 2520 36960 9193
245 36 2519 2520 37160 9262
246 36 2519 2520 37360 9290
247 36 2519 2520 37545 9336
248 36 2519 2520 37720 9362
249 36 2519 2520 37891 9411
250 36 2519 2520 38082 9457
251 36 2519 2520 38225 9493
252 36 2519 2520 38365 9492
253 36 2519 2520 38524 9541
254 36 2519 2520 38688 9561
255 36 2519 2520 38813 9590
256 36 2519 2520 38955 9607
257 36 2519 2520 39062 9615
258 36 2519 2520 39211 9643
259 36 2519 2520 39336 9683
260 37 2519 2520 39428 9712
261 37 2519 2520 39560 9741
262 37 2519 2520 39693 9765
263 37 2519 2520 39797 9794
264 37 2519 2520 39930 9838
265 38 2519 2520 40076 9848
266 38 2519 2520 40203 9885
267 38 2519 2520 40331 9914
268 38 2519 2520 40496 9948
269 38 2519 2520 40651 9982
270 38 2519 2520 40813 10016
271 39 2519 2520 40957 10049
272 39 2519 2520 41119 10111
273 39 2519 2520 41330 10169
274 39 2519 2520 41516 10191
275 40 2519 2520 41680 10220
276 40 2519 2520 41868 10264
277 40 2519 2520 42062 10322
278 40 2519 2520 42285 10343
279 40 2519 2520 42471 10368
280 40 2519 2520 42648 10399
281 41 2519 2520 42844 10450
282 42 2519 2520 43048 10485
283 42 2519 2520 43240 10533
284 44 2519 2520 43425 10572
285 44 2519 2520 43653 10611
286 44 2519 2520 43902 10673
287 44 2519 2520 44139 10717
288 44 2519 2520 44407 10775
289 44 2519 2520 44657 10852
290 44 2519 2520 44901 10899
291 44 2519 2520 45112 10930
292 45 2519 2520 45326 10972
293 45 2519 2520 45481 11012
294 45 2519 2520 45716 11046
295 45 2519 2520 45933 11101
296 46 2519 2520 46149 11112
297 46 2519 2520 46365 11149
298 46 2519 2520 46557 11177
299 46 2519 2520 46779 11203
300 46 2519 2520 47003 11245
301 46 2519 2520 47208 11277
302 46 2519 2520 47407 11299
303 46 2519 2520 47616 11333
304 46 2519 2520 47826 11349
305 46 2519 2520 48023 11389
306 47 2519 2520 48241 11426
307 48 2519 2520 48478 11450
308 48 2519 2520 48709 11485
309 48 2519 2520 48950 11527
310 48 2519 2520 49149 11574
311 49 2519 2520 49402 11617
312 49 2519 2520 49594 11646
313 49 2519 2520 49880 11716
314 49 2519 2520 50104 11756
315 49 2519 2520 50344 11788
316 49 2519 2520 50590 11842
317 49 2519 2520 50839 11894
318 49 2519 2520 51069 11909
319 49 2519 2520 51272 11967
320 49 2519 2520 51480 11990
321 50 2519 2520 51681 12030
322 51 2519 2520 51869 12066
323 51 2519 2520 52108 12121
324 52 2519 2520 52339 12151
325 52 2519 2520 52634 12209
326 52 2519 2520 52941 12262
327 52 2519 2520 53229 12316
328 52 2519 2520 53493 12368
329 52 2519 2520 53791 12415
330 52 2519 2520 54083 12467
331 52 2519 2520 54339 12509
332 53 2519 2520 54591 12576
333 53 2519 2520 54871 12597
334 53 2519 2520 55172 12630
335 53 2519 2520 55445 12674
336 53 2519 2520 55688 12732
337 53 2519 2520 55930 12783
338 54 2519 2520 56173 12832
339 54 2519 2520 56424 12887
340 54 2519 2520 56697 12927
341 54 2519 2520 56966 12977
342 55 2519 2520 57192 13025
343 56 2519 2520 57445 13095
344 56 2519 2520 57739 13156
345 56 2519 2520 58060 13209
346 56 2519 2520 58334 13251
347 56 2519 2520 58593 13289
348 56 2519 2520 58793 13303
349 56 2519 2520 59045 13335
350 57 2519 2520 59299 13384
351 57 2519 2520 59599 13461
352 57 2519 2520 59854 13495
353 57 2519 2520 60077 13529
354 57 2519 2520 60334 13618
355 57 2519 2520 60597 13632
356 57 2519 2520 60799 13664
357 57 2519 2520 61058 13719
358 57 2519 2520 61272 13756
359 57 2519 2520 61515 13783
360 57 2519 2520 61724 13840
361 58 2519 2520 61948 13888
362 58 2519 2520 62129 13931
363 58 2519 2520 62313 13975
364 58 2519 2520 62557 14047
365 58 2519 2520 62729 14065
366 58 2519 2520 62937 14092
367 58 2519 2520 63098 14124
368 58 2519 2520 63259 14165
369 59 2519 2520 63423 14165
370 59 2519 2520 63596 14199
371 59 2519 2520 63786 14246
372 59 2519 2520 63961 14272
373 59 2519 2520 64138 14314
374 59 2519 2520 64329 14353
375 61 2519 2520 64504 14416
376 61 2519 2520 64687 14452
377 62 2519 2520 64823 14457
378 62 2519 2520 65052 14502
379 63 2519 2520 65290 14515
380 63 2519 2520 65545 14542
381 63 2519 2520 65807 14601
382 64 2519 2520 66050 14650
383 64 2519 2520 66376 14722
384 64 2519 2520 66695 14799
385 64 2519 2520 66989 14863
386 64 2519 2520 67226 14884
387 64 2519 2520 67495 14949
388 65 2519 2520 67770 14990
389 65 2519 2520 68010 15031
390 65 2519 2520 68230 15056
391 65 2519 2520 68485 15082
392 65 2519 2520 68728 15110
393 66 2519 2520 68933 15171
394 66 2519 2520 69182 15219
395 66 2519 2520 69463 15249
396 66 2519 2520 69681 15322
397 67 2519 2520 69885 15354
398 67 2519 2520 70119 15380
399 67 2519 2520 70365 15434
400 67 2519 2520 70601 15463
401 67 2519 2520 70826 15502
402 67 2519 2520 71085 15547
403 69 2519 2520 71324 15587
404 69 2519 2520 71599 15648
405 69 2519 2520 71882 15703
406 69 2519 2520 72190 15757
407 69 2519 2520 72427 15818
408 70 2519 2520 72678 15844
409 70 2519 2520 72944 15900
410 70 2519 2520 73282 15938
411 70 2519 2520 73539 15984
412 70 2519 2520 73807 16016
413 70 2519 2520 74078 16047
414 70 2519 2520 74337 16068
415 70 2519 2520 74587 16110
416 70 2519 2520 74884 16121
417 70 2519 2520 75139 16166
418 70 2519 2520 75359 16201
419 70 2519 2520 75578 16232
420 70 2519 2520 75781 16236
421 70 2519 2520 75955 16247
422 71 2519 2520 76132 16285
423 72 2519 2520 76313 16292
424 72 2519 2520 76572 16336
425 72 2519 2520 76832 16385
426 73 2519 2520 77066 16443
427 73 2519 2520 77317 16473
428 73 2519 2520 77539 16497
429 74 2519 2520 77779 16558
430 74 2519 2520 77991 16598
431 74 2519 2520 78256 16643
432 74 2519 2520 78503 16711
433 75 2519 2520 78759 16771
434 75 2519 2520 79002 16806
435 76 2519 2520 79254 16838
436 76 2519 2520 79516 16886
437 76 2519 2520 79817 16915
438 76 2519 2520 80127 16990
439 76 2519 2520 80382 17022
440 77 2519 2520 80651 17065
441 78 2519 2520 80934 17133
442 78 2519 2520 81196 17172
443 78 2519 2520 81492 17242
444 78 2519 2520 81823 17296
445 78 2519 2520 82104 17358
446 78 2519 2520 82371 17409
447 78 2519 2520 82641 17468
448 80 2519 2520 82928 17549
449 80 2519 2520 83179 17561
450 80 2519 2520 83440 17593
451 81 2519 2520 83743 17647
452 81 2519 2520 83994 17704
453 81 2519 2520 84245 17744
454 81 2519 2520 84510 17788
455 81 2519 2520 84783 17795
456 81 2519 2520 85071 17858
457 81 2519 2520 85361 17921
458 81 2519 2520 85629 17957
459 81 2519 2520 85876 17999
460 81 2519 2520 86138 18048
461 81 2519 2520 86435 18094
462 81 2519 2520 86702 18154
463 81 2519 2520 86929 18177
464 82 2519 2520 87161 18220
465 82 2519 2520 87373 18240
466 82 2519 2520 87570 18286
467 82 2519 2520 87805 18362
468 83 2519 2520 88078 18393
469 84 2519 2520 88309 18413
470 84 2519 2520 88594 18462
471 84 2519 2520 88879 18516
472 84 2519 2520 89170 18577
473 84 2519 2520 89423 18659
474 84 2519 2520 89707 18711
475 84 2519 2520 90052 18768
476 86 2519 2520 90328 18802
477 87 2519 2520 90624 18886
478 87 2519 2520 90929 18942
479 87 2519 2520 91245 18982
480 87 2519 2520 91599 19035
481 88 2519 2520 91933 19068
482 88 2519 2520 92277 19125
483 88 2519 2520 92636 19164
484 89 2519 2520 92964 19218
485 89 2519 2520 93246 19240
486 90 2519 2520 93558 19289
487 90 2519 2520 93866 19344
488 90 2519 2520 94179 19401
489 90 2519 2520 94512 19448
490 90 2519 2520 94875 19514
491 90 2519 2520 95180 19586
492 90 2519 2520 95511 19648
493 90 2519 2520 95847 19679
494 90 2519 2520 96094 19709
495 90 2519 2520 96364 19752
496 90 2519 2520 96622 19762
497 90 2519 2520 96913 19838
498 90 2519 2520 97136 19892
499 90 2519 2520 97372 19935
500 91 2519 2520 97594 19966
501 91 2519 2520 97822 19980
502 91 2519 2520 98062 20068
503 92 2519 2520 98285 20100
504 92 2519 2520 98578 20124
505 92 2519 2520 98872 20200
506 92 2519 2520 99135 20186
507 93 2519 2520 99422 20222
508 94 2519 2520 99658 20247
509 94 2519 2520 99988 20291
510 95 2519 2520 100326 20332
511 97 2519 2520 100620 20386
512 97 2519 2520 100952 20427
513 98 2519 2520 101314 20480
514 98 2519 2520 101628 20526
515 98 2519 2520 102003 20619
516 98 2519 2520 102314 20689
517 98 2519 2520 102651 20742
518 98 2519 2520 103007 20815
519 98 2519 2520 103318 20864
520 98 2519 2520 103689 20905
521 98 2519 2520 104076 20962
522 98 2519 2520 104407 21019
523 99 2519 2520 104721 21053
524 99 2519 2520 105024 21103
525 99 2519 2520 105338 21135
526 99 2519 2520 105606 21157
527 99 2519 2520 105959 21193
528 99 2519 2520 106240 21226
529 101 2519 2520 106524 21301
530 101 2519 2520 106845 21331
531 101 2519 2520 107127 21373
532 101 2519 2520 107411 21405
533 101 2519 2520 107777 21496
534 101 2519 2520 108066 21557
535 102 2519 2520 108378 21606
536 102 2519 2520 108677 21676
537 102 2519 2520 108992 21727
538 103 2519 2520 109302 21765
539 104 2519 2520 109660 21828
540 105 2519 2520 109996 21887
541 105 2519 2520 110386 21958
542 105 2519 2520 110753 22024
543 106 2519 2520 111109 22128
544 106 2519 2520 111450 22193
545 107 2519 2520 111803 22222
546 108 2519 2520 112109 22282
547 108 2519 2520 112440 22356
548 109 2519 2520 112826 22431
549 109 2519 2520 113208 22495
550 109 2519 2520 113646 22541
551 109 2519 2520 114096 22582
552 109 2519 2520 114468 22645
553 109 2519 2520 114891 22708
554 111 2519 2520 115269 22720
555 112 2519 2520 115633 22767
556 112 2519 2520 115998 22815
557 112 2519 2520 116384 22877
558 113 2519 2520 116778 22914
559 113 2519 2520 117133 22983
560 113 2519 2520 117505 23051
561 113 2519 2520 117925 23110
562 113 2519 2520 118290 23185
563 113 2519 2520 118713 23242
564 113 2519 2520 119094 23294
565 114 2519 2520 119406 23336
566 114 2519 2520 119760 23399
567 114 2519 2520 120105 23467
568 114 2519 2520 120436 23563
569 114 2519 2520 120766 23588
570 114 2519 2520 121162 23668
571 115 2519 2520 121517 23742
572 115 2519 2520 121815 23790
573 116 2519 2520 122173 23853
574 117 2519 2520 122488 23899
575 118 2519 2520 122837 23975
576 118 2519 2520 123211 24024
577 118 2519 2520 123569 24069
578 118 2519 2520 123894 24098
579 118 2519 2520 124277 24130
580 118 2519 2520 124605 24153
581 119 2519 2520 124908 24207
582 119 2519 2520 125220 24273
583 119 2519 2520 125533 24318
584 119 2519 2520 125913 24327
585 120 2519 2520 126231 24363
586 121 2519 2520 126560 24401
587 121 2519 2520 126923 24466
588 121 2519 2520 127311 24551
589 121 2519 2520 127684 24587
590 121 2519 2520 128032 24617
591 121 2519 2520 128375 24650
592 121 2519 2520 128716 24727
593 121 2519 2520 129057 24788
594 121 2519 2520 129373 24826
595 121 2519 2520 129681 24902
596 121 2519 2520 129925 24950
597 121 2519 2520 130140 24995
598 121 2519 2520 130433 25006
599 121 2519 2520 130680 25072
600 122 2519 2520 130941 25119
601 122 2519 2520 131225 25162
602 122 2519 2520 131518 25222
603 122 2519 2520 131758 25266
604 122 2519 2520 131987 25308
605 123 2519 2520 132211 25344
606 124 2519 2520 132435 25388
607 124 2519 2520 132698 25422
608 124 2519 2520 132997 25483
609 124 2519 2520 133225 25512
610 124 2519 2520 133509 25568
611 124 2519 2520 133758 25619
612 125 2519 2520 134024 25661
613 125 2519 2520 134290 25680
614 125 2519 2520 134574 25712
615 126 2519 2520 134878 25751
616 126 2519 2520 135191 25775
617 127 2519 2520 135526 25822
618 128 2519 2520 135810 25855
619 128 2519 2520 136114 25863
620 130 2519 2520 136486 25933
621 130 2519 2520 136860 25986
622 130 2519 2520 137214 26017
623 130 2519 2520 137599 26086
624 130 2519 2520 137941 26139
625 131 2519 2520 138303 26224
626 132 2519 2520 138641 26267
627 132 2519 2520 138951 26296
628 132 2519 2520 139339 26337
629 132 2519 2520 139709 26394
630 132 2519 2520 140055 26443
631 132 2519 2520 140442 26509
632 132 2519 2520 140780 26548
633 132 2519 2520 141154 26619
634 132 2519 2520 141487 26671
635 134 2519 2520 141817 26738
636 134 2519 2520 142165 26769
637 134 2519 2520 142533 26829
638 134 2519 2520 142894 26914
639 134 2519 2520 143255 26967
640 134 2519 2520 143571 26987
641 134 2519 2520 143915 27053
642 134 2519 2520 144184 27069
643 134 2519 2520 144477 27125
644 134 2519 2520 144800 27183
645 134 2519 2520 145147 27225
646 134 2519 2520 145404 27265
647 134 2519 2520 145695 27309
648 134 2519 2520 145991 27333
649 134 2519 2520 146245 27367
650 136 2519 2520 146516 27420
651 137 2519 2520 146822 27501
652 137 2519 2520 147129 27546
653 138 2519 2520 147431 27598
654 140 2519 2520 147785 27658
655 141 2519 2520 148108 27725
656 141 2519 2520 148451 27782
657 141 2519 2520 148812 27856
658 141 2519 2520 149209 27960
659 141 2519 2520 149593 28017
660 141 2519 2520 149901 28043
661 141 2519 2520 150283 28103
662 141 2519 2520 150648 28166
663 143 2519 2520 151011 28199
664 144 2519 2520 151387 28252
665 144 2519 2520 151781 28322
666 145 2519 2520 152193 28376
667 145 2519 2520 152574 28426
668 145 2519 2520 152973 28520
669 146 2519 2520 153338 28591
670 147 2519 2520 153757 28655
671 147 2519 2520 154164 28728
672 147 2519 2520 154565 28761
673 148 2519 2520 154925 28807
674 148 2519 2520 155331 28843
675 148 2519 2520 155727 28901
676 149 2519 2520 156089 28968
677 149 2519 2520 156483 29029
678 149 2519 2520 156845 29072
679 150 2519 2520 157207 29148
680 150 2519 2520 157571 29199
681 150 2519 2520 157946 29249
682 150 2519 2520 158271 29274
683 150 2519 2520 158548 29322
684 150 2519 2520 158854 29357
685 150 2519 2520 159141 29373
686 150 2519 2520 159426 29417
687 150 2519 2520 159707 29437
688 150 2519 2520 160011 29486
689 150 2519 2520 160304 29497
690 150 2519 2520 160662 29583
691 150 2519 2520 160956 29608
692 150 2519 2520 161237 29644
693 150 2519 2520 161532 29694
694 152 2519 2520 161834 29751
695 153 2519 2520 162117 29782
696 154 2519 2520 162442 29830
697 154 2519 2520 162759 29898
698 154 2519 2520 163097 29986
699 154 2519 2520 163467 30056
700 155 2519 2520 163817 30123
701 155 2519 2520 164092 30142
702 157 2519 2520 164453 30223
703 157 2519 2520 164824 30272
704 157 2519 2520 165211 30334
705 157 2519 2520 165624 30382
706 157 2519 2520 165929 30412
707 157 2519 2520 166330 30507
708 157 2519 2520 166726 30566
709 157 2519 2520 167116 30617
710 158 2519 2520 167462 30644
711 159 2519 2520 167821 30708
712 159 2519 2520 168221 30779
713 161 2519 2520 168626 30834
714 161 2519 2520 169010 30879
715 161 2519 2520 169428 30964
716 161 2519 2520 169900 31046
717 161 2519 2520 170364 31088
718 161 2519 2520 170814 31166
719 162 2519 2520 171179 31229
720 162 2519 2520 171611 31282
721 162 2519 2520 172049 31334
722 163 2519 2520 172433 31373
723 163 2519 2520 172883 31406
724 163 2519 2520 173304 31467
725 163 2519 2520 173722 31501
726 164 2519 2520 174122 31553
727 164 2519 2520 174529 31633
728 164 2519 2520 174917 31707
729 164 2519 2520 175259 31756
730 165 2519 2520 175657 31795
731 165 2519 2520 176052 31850
732 165 2519 2520 176438 31897
733 165 2519 2520 176794 31960
734 165 2519 2520 177167 32001
735 166 2519 2520 177507 32089
736 166 2519 2520 177899 32117
737 166 2519 2520 178237 32173
738 167 2519 2520 178541 32248
739 167 2519 2520 178940 32305
740 168 2519 2520 179319 32364
741 168 2519 2520 179697 32434
742 168 2519 2520 180050 32499
743 168 2519 2520 180422 32543
744 169 2519 2520 180789 32622
745 169 2519 2520 181165 32683
746 169 2519 2520 181567 32723
747 169 2519 2520 181946 32809
748 169 2519 2520 182377 32890
749 170 2519 2520 182719 32934
750 171 2519 2520 183103 32986
751 172 2519 2520 183447 33030
752 172 2519 2520 183899 33125
753 172 2519 2520 184303 33218
754 173 2519 2520 184718 33293
755 173 2519 2520 185105 33336
756 174 2519 2520 185531 33420
757 174 2519 2520 185918 33506
758 174 2519 2520 186330 33564
759 174 2519 2520 186692 33617
760 176 2519 2520 187149 33679
761 176 2519 2520 187617 33761
762 177 2519 2520 188069 33856
763 177 2519 2520 188586 33955
764 177 2519 2520 189016 34002
765 177 2519 2520 189414 34087
766 178 2519 2520 189836 34168
767 178 2519 2520 190170 34193
768 178 2519 2520 190579 34250
769 178 2519 2520 190995 34313
770 179 2519 2520 191452 34399
771 181 2519 2520 191863 34485
772 184 2519 2520 192325 34573
773 184 2519 2520 192782 34641
774 185 2519 2520 193340 34727
775 185 2519 2520 193874 34832
776 187 2519 2520 194425 34892
777 187 2519 2520 194913 34946
778 187 2519 2520 195475 35038
779 187 2519 2520 195973 35133
780 188 2519 2520 196465 35192
781 189 2519 2520 197079 35270
782 189 2519 2520 197615 35347
783 190 2519 2520 198132 35436
784 190 2519 2520 198765 35533
785 191 2519 2520 199348 35634
786 191 2519 2520 199950 35715
787 192 2519 2520 200521 35805
788 194 2519 2520 201118 35865
789 194 2519 2520 201725 35965
790 194 2519 2520 202284 36076
791 195 2519 2520 202926 36195
792 195 2519 2520 203525 36274
793 196 2519 2520 204084 36327
794 196 2519 2520 204609 36436
795 196 2519 2520 205218 36506
796 196 2519 2520 205757 36589
797 196 2519 2520 206309 36674
798 196 2519 2520 206830 36778
799 196 2519 2520 207362 36850
800 196 2519 2520 207877 36916
801 197 2519 2520 208305 36966
802 197 2519 2520 208741 37025
803 197 2519 2520 209191 37111
804 197 2519 2520 209668 37175
805 197 2519 2520 210066 37216
806 197 2519 2520 210515 37249
807 197 2519 2520 210999 37305
808 197 2519 2520 211408 37349
809 197 2519 2520 211766 37391
810 198 2519 2520 212050 37442
811 200 2519 2520 212468 37524
812 201 2519 2520 212903 37570
813 201 2519 2520 213253 37607
814 201 2519 2520 213654 37728
815 202 2519 2520 214070 37828
816 202 2519 2520 214491 37886
817 203 2519 2520 214921 37952
818 204 2519 2520 215384 37998
819 206 2519 2520 215903 38063
820 206 2519 2520 216413 38170
821 206 2519 2520 216970 38236
822 206 2519 2520 217509 38338
823 207 2519 2520 218082 38444
824 208 2519 2520 218559 38508
825 208 2519 2520 219102 38576
826 208 2519 2520 219656 38684
827 208 2519 2520 220209 38761
828 208 2519 2520 220721 38856
829 208 2519 2520 221177 38950
830 208 2519 2520 221700 38962
831 208 2519 2520 222122 39033
832 208 2519 2520 222626 39105
833 208 2519 2520 223049 39191
834 209 2519 2520 223477 39246
835 209 2519 2520 223865 39312
836 210 2519 2520 224285 39391
837 211 2519 2520 224741 39435
838 212 2519 2520 225194 39532
839 212 2519 2520 225688 39663
840 212 2519 2520 226156 39774
841 212 2519 2520 226691 39820
842 213 2519 2520 227186 39928
843 213 2519 2520 227678 39986
844 213 2519 2520 228188 40047
845 213 2519 2520 228701 40109
846 214 2519 2520 229185 40174
847 214 2519 2520 229652 40262
848 215 2519 2520 230128 40335
849 216 2519 2520 230627 40426
850 216 2519 2520 231155 40484
851 216 2519 2520 231663 40561
852 217 2519 2520 232184 40655
853 217 2519 2520 232696 40724
854 219 2519 2520 233259 40834
855 221 2519 2520 233766 40913
856 221 2519 2520 234315 40989
857 222 2519 2520 234902 41117
858 223 2519 2520 235440 41169
859 223 2519 2520 236012 41261
860 223 2519 2520 236569 41382
861 224 2519 2520 237138 41459
862 224 2519 2520 237690 41511
863 224 2519 2520 238320 41589
864 224 2519 2520 238931 41699
865 224 2519 2520 239529 41792
866 224 2519 2520 239983 41904
867 224 2519 2520 240515 41963
868 224 2519 2520 241024 42051
869 224 2519 2520 241567 42150
870 225 2519 2520 242031 42221
871 226 2519 2520 242504 42311
872 226 2519 2520 243008 42391
873 226 2519 2520 243496 42446
874 227 2519 2520 243989 42524
875 227 2519 2520 244503 42609
876 228 2519 2520 245023 42698
877 228 2519 2520 245469 42728
878 228 2519 2520 245939 42768
879 230 2519 2520 246442 42836
880 231 2519 2520 246965 42929
881 231 2519 2520 247463 43026
882 231 2519 2520 248048 43090
883 232 2519 2520 248627 43197
884 232 2519 2520 249116 43277
885 234 2519 2520 249661 43348
886 234 2519 2520 250193 43416
887 235 2519 2520 250666 43492
888 235 2519 2520 251102 43586
889 235 2519 2520 251676 43675
890 235 2519 2520 252076 43726
891 236 2519 2520 252562 43808
892 237 2519 2520 252959 43860
893 237 2519 2520 253448 43959
894 237 2519 2520 253962 44000
895 238 2519 2520 254408 44059
896 240 2519 2520 254855 44142
897 240 2519 2520 255378 44188
898 240 2519 2520 255919 44298
899 241 2519 2520 256394 44396
900 241 2519 2520 256861 44492
901 242 2519 2520 257392 44560
902 244 2519 2520 257874 44635
903 245 2519 2520 258397 44679
904 245 2519 2520 258995 44792
905 246 2519 2520 259616 44846
906 246 2519 2520 260251 44949
907 246 2519 2520 260904 45048
908 246 2519 2520 261522 45102
909 246 2519 2520 262135 45191
910 246 2519 2520 262783 45295
911 246 2519 2520 263278 45372
912 246 2519 2520 263881 45439
913 247 2519 2520 264398 45519
914 248 2519 2520 264977 45575
915 248 2519 2520 265533 45616
916 249 2519 2520 266034 45685
917 249 2519 2520 266569 45788
918 249 2519 2520 267041 45859
919 250 2519 2520 267538 45959
920 253 2519 2520 268082 46060
921 254 2519 2520 268609 46125
922 255 2519 2520 269200 46225
923 255 2519 2520 269710 46325
924 255 2519 2520 270286 46435
925 256 2519 2520 270864 46500
926 257 2519 2520 271414 46596
927 257 2519 2520 271997 46733
928 259 2519 2520 272571 46786
929 259 2519 2520 273111 46877
930 260 2519 2520 273692 46964
931 260 2519 2520 274266 47044
932 261 2519 2520 274950 47110
933 262 2519 2520 275597 47202
934 262 2519 2520 276194 47336
935 262 2519 2520 276788 47390
936 263 2519 2520 277378 47466
937 264 2519 2520 278035 47560
938 265 2519 2520 278600 47651
939 265 2519 2520 279217 47734
940 265 2519 2520 279824 47833
941 265 2519 2520 280414 47927
942 265 2519 2520 280991 48009
943 265 2519 2520 281568 48069
944 265 2519 2520 282161 48111
945 266 2519 2520 282688 48178
946 266 2519 2520 283199 48263
947 266 2519 2520 283709 48354
948 266 2519 2520 284296 48414
949 267 2519 2520 284823 48486
950 270 2519 2520 285367 48557
951 271 2519 2520 285873 48632
952 272 2519 2520 286499 48686
953 272 2519 2520 287134 48789
954 272 2519 2520 287691 48847
955 272 2519 2520 288341 48949
956 272 2519 2520 288907 49049
957 272 2519 2520 289451 49119
958 272 2519 2520 290038 49202
959 273 2519 2520 290547 49301
960 273 2519 2520 291172 49386
961 273 2519 2520 291699 49441
962 273 2519 2520 292251 49509
963 273 2519 2520 292720 49577
964 274 2519 2520 293212 49648
965 274 2519 2520 293768 49714
966 274 2519 2520 294321 49813
967 274 2519 2520 294779 49915
968 275 2519 2520 295231 49977
969 276 2519 2520 295687 50065
970 278 2519 2520 296140 50143
971 278 2519 2520 296639 50223
972 278 2519 2520 297156 50291
973 278 2519 2520 297716 50381
974 279 2519 2520 298202 50428
975 281 2519 2520 298706 50532
976 281 2519 2520 299277 50620
977 282 2519 2520 299812 50690
978 282 2519 2520 300343 50771
979 282 2519 2520 300925 50884
980 282 2519 2520 301443 50964
981 282 2519 2520 301987 51036
982 282 2519 2520 302442 51114
983 284 2519 2520 302963 51176
984 284 2519 2520 303498 51217
985 285 2519 2520 304047 51314
986 285 2519 2520 304593 51351
987 285 2519 2520 305163 51386
988 286 2519 2520 305643 51452
989 286 2519 2520 306158 51541
990 287 2519 2520 306661 51615
991 287 2519 2520 307183 51701
992 288 2519 2520 307803 51752
993 288 2519 2520 308396 51857
994 288 2519 2520 309021 51948
995 288 2519 2520 309547 52008
996 288 2519 2520 310083 52088
997 288 2519 2520 310647 52177
998 288 2519 2520 311104 52198
999 288 2519 2520 311578 52279
1000 288 2519 2520 312043 52397
