0 1 2519 2520 797 501
1 1 2519 2520 827 523
2 1 2519 2520 866 550
3 1 2519 2520 892 566
4 1 2519 2520 920 588
5 1 2519 2520 948 599
6 1 2519 2520 994 618
7 1 2519 2520 1026 633
8 1 2519 2520 1063 651
9 1 2519 2520 1092 667
10 1 2519 2520 1131 677
11 1 2519 2520 1162 689
12 1 2519 2520 1179 694
13 1 2519 2520 1199 697
14 1 2519 2520 1223 707
15 1 2519 2520 1231 705
16 1 2519 2520 1247 712
17 1 2519 2520 1263 716
18 1 2519 2520 1282 717
19 1 2519 2520 1285 719
20 1 2519 2520 1299 723
21 2 2519 2520 1313 728
22 2 2519 2520 1340 732
23 2 2519 2520 1410 754
24 2 2519 2520 1495 792
25 2 2519 2520 1565 820
26 2 2519 2520 1632 849
27 2 2519 2520 1711 879
28 2 2519 2520 1805 903
29 2 2519 2520 1875 928
30 2 2519 2520 1954 951
31 2 2519 2520 2027 972
32 2 2519 2520 2108 994
33 2 2519 2520 2159 1010
34 2 2519 2520 2214 1024
35 2 2519 2520 2253 1035
36 2 2519 2520 2291 1041
37 2 2519 2520 2320 1053
38 2 2519 2520 2360 1063
39 2 2519 2520 2396 1077
40 2 2519 2520 2431 1085
41 2 2519 2520 2471 1097
42 2 2519 2520 2485 1094
43 3 2519 2520 2514 1098
44 4 2519 2520 2550 1107
45 4 2519 2520 2648 1146
46 4 2519 2520 2773 1183
47 4 2519 2520 2920 1248
48 4 2519 2520 3045 1290
49 4 2519 2520 3175 1334
50 4 2519 2520 3317 1370
51 4 2519 2520 3443 1432
52 4 2519 2520 3569 1468
53 4 2519 2520 3695 1493
54 4 2519 2520 3813 1532
55 4 2519 2520 3934 1576
56 4 2519 2520 4037 1601
57 4 2519 2520 4128 1613
58 4 2519 2520 4222 1632
59 4 2519 2520 4289 1651
60 4 2519 2520 4386 1681
61 4 2519 2520 4448 1698
62 4 2519 2520 4518 1718
63 4 2519 2520 4566 1736
64 5 2519 2520 4620 1746
65 5 2519 2520 4697 1768
66 5 2519 2520 4822 1805
67 5 2519 2520 4911 1824
68 6 2519 2520 5007 1857
69 6 2519 2520 5124 1892
70 6 2519 2520 5286 1936
71 6 2519 2520 5413 1962
72 6 2519 2520 5531 2004
73 6 2519 2520 5639 2038
74 6 2519 2520 5778 2081
75 6 2519 2520 5922 2115
76 6 2519 2520 6038 2121
77 7 2519 2520 6166 2156
78 7 2519 2520 6277 2167
79 7 2519 2520 6433 2207
80 7 2519 2520 6538 2215
81 7 2519 2520 6675 2271
82 7 2519 2520 6776 2288
83 7 2519 2520 6923 2313
84 7 2519 2520 7044 2338
85 7 2519 2520 7144 2369
86 7 2519 2520 7233 2382
87 7 2519 2520 7344 2416
88 7 2519 2520 7441 2441
89 8 2519 2520 7536 2450
90 8 2519 2520 7648 2471
91 8 2519 2520 7779 2504
92 8 2519 2520 7918 2548
93 8 2519 2520 8029 2579
94 8 2519 2520 8152 2608
95 8 2519 2520 8253 2629
96 9 2519 2520 8359 2671
97 11 2519 2520 8500 2710
98 11 2519 2520 8682 2773
99 11 2519 2520 8891 2804
100 11 2519 2520 9122 2858
101 11 2519 2520 9327 2915
102 11 2519 2520 9550 2971
103 11 2519 2520 9736 3018
104 11 2519 2520 9915 3072
105 11 2519 2520 10077 3088
106 11 2519 2520 10239 3125
107 11 2519 2520 10404 3171
108 11 2519 2520 10558 3203
109 11 2519 2520 10714 3226
110 11 2519 2520 10869 3264
111 11 2519 2520 11016 3286
112 11 2519 2520 11155 3323
113 11 2519 2520 11287 3363
114 11 2519 2520 11388 3382
115 11 2519 2520 11503 3418
116 11 2519 2520 11605 3443
117 11 2519 2520 11705 3479
118 11 2519 2520 11799 3501
119 12 2519 2520 11876 3512
120 13 2519 2520 11977 3517
121 14 2519 2520 12139 3549
122 14 2519 2520 12291 3602
123 14 2519 2520 12426 3614
124 14 2519 2520 12566 3660
125 14 2519 2520 12738 3702
126 14 2519 2520 12887 3717
127 14 2519 2520 13042 3770
128 14 2519 2520 13194 3779
129 14 2519 2520 13359 3816
130 15 2519 2520 13501 3845
131 15 2519 2520 13680 3892
132 15 2519 2520 13889 3930
133 15 2519 2520 14094 3991
134 15 2519 2520 14286 4044
135 15 2519 2520 14482 4084
136 15 2519 2520 14661 4095
137 15 2519 2520 14835 4134
138 15 2519 2520 15047 4198
139 15 2519 2520 15208 4224
140 15 2519 2520 15386 4259
141 15 2519 2520 15534 4275
142 15 2519 2520 15677 4317
143 16 2519 2520 15820 4355
144 17 2519 2520 15957 4410
145 17 2519 2520 16149 4450
146 17 2519 2520 16362 4506
147 17 2519 2520 16554 4534
148 17 2519 2520 16784 4621
149 17 2519 2520 16998 4675
150 17 2519 2520 17159 4720
151 17 2519 2520 17368 4748
152 17 2519 2520 17543 4787
153 17 2519 2520 17710 4822
154 17 2519 2520 17878 4852
155 18 2519 2520 18048 4881
156 19 2519 2520 18212 4927
157 19 2519 2520 18383 4961
158 19 2519 2520 18582 5029
159 19 2519 2520 18814 5082
160 19 2519 2520 18999 5118
161 19 2519 2520 19216 5167
162 19 2519 2520 19382 5202
163 19 2519 2520 19571 5251
164 19 2519 2520 19741 5300
165 19 2519 2520 19902 5297
166 19 2519 2520 20028 5308
167 19 2519 2520 20153 5321
168 19 2519 2520 20253 5354
169 20 2519 2520 20392 5367
170 20 2519 2520 20524 5392
171 22 2519 2520 20679 5429
172 22 2519 2520 20854 5468
173 22 2519 2520 21102 5536
174 22 2519 2520 21352 5600
175 22 2519 2520 21558 5646
176 22 2519 2520 21776 5683
177 22 2519 2520 21964 5723
178 22 2519 2520 22146 5755
179 22 2519 2520 22345 5796
180 22 2519 2520 22525 5829
181 22 2519 2520 22686 5850
182 22 2519 2520 22842 5895
183 22 2519 2520 23008 5945
184 22 2519 2520 23130 5982
185 22 2519 2520 23292 6018
186 23 2519 2520 23411 6033
187 23 2519 2520 23523 6065
188 23 2519 2520 23671 6081
189 23 2519 2520 23835 6125
190 23 2519 2520 23997 6173
191 23 2519 2520 24149 6217
192 23 2519 2520 24267 6241
193 24 2519 2520 24413 6281
194 24 2519 2520 24548 6317
195 24 2519 2520 24718 6364
196 24 2519 2520 24925 6408
197 25 2519 2520 25084 6439
198 25 2519 2520 25272 6467
199 25 2519 2520 25447 6513
200 25 2519 2520 25611 6552
201 25 2519 2520 25806 6578
202 25 2519 2520 25974 6600
203 25 2519 2520 26163 6626
204 25 2519 2520 26338 6669
205 25 2519 2520 26487 6702
206 25 2519 2520 26633 6728
207 25 2519 2520 26765 6758
208 25 2519 2520 26903 6766
209 25 2519 2520 27082 6812
210 25 2519 2520 27212 6838
211 26 2519 2520 27343 6870
212 26 2519 2520 27502 6904
213 27 2519 2520 27665 6926
214 27 2519 2520 27828 6973
215 27 2519 2520 27970 7018
216 27 2519 2520 28107 7048
217 27 2519 2520 28269 7075
218 27 2519 2520 28425 7104
219 27 2519 2520 28555 7144
220 27 2519 2520 28703 7146
221 27 2519 2520 28836 7157
222 27 2519 2520 28962 7179
223 28 2519 2520 29104 7194
224 28 2519 2520 29222 7224
225 29 2519 2520 29348 7251
226 29 2519 2520 29522 7250
227 29 2519 2520 29708 7272
228 29 2519 2520 29888 7320
229 30 2519 2520 30069 7367
230 31 2519 2520 30276 7430
231 31 2519 2520 30463 7454
232 31 2519 2520 30652 7502
233 31 2519 2520 30826 7521
234 31 2519 2520 31044 7554
235 33 2519 2520 31257 7604
236 33 2519 2520 31497 7643
237 33 2519 2520 31736 7692
238 33 2519 2520 32012 7743
239 33 2519 2520 32284 7799
240 33 2519 2520 32523 7852
241 34 2519 2520 32756 7869
242 35 2519 2520 33025 7898
243 35 2519 2520 33325 7938
244 35 2519 2520 33668 8006
245 35 2519 2520 33970 8087
246 35 2519 2520 34254 8131
247 35 2519 2520 34504 8171
248 35 2519 2520 34754 8227
249 35 2519 2520 34987 8267
250 35 2519 2520 35269 8314
251 35 2519 2520 35534 8373
252 35 2519 2520 35758 8412
253 35 2519 2520 36003 8452
254 35 2519 2520 36229 8513
255 35 2519 2520 36422 8530
256 35 2519 2520 36616 8589
257 35 2519 2520 36787 8631
258 35 2519 2520 36969 8656
259 36 2519 2520 37159 8688
260 36 2519 2520 37343 8738
261 36 2519 2520 37524 8780
262 36 2519 2520 37723 8832
263 36 2519 2520 37929 8884
264 36 2519 2520 38141 8909
265 36 2519 2520 38313 8930
266 36 2519 2520 38478 8963
267 36 2519 2520 38634 9000
268 36 2519 2520 38746 9040
269 36 2519 2520 38922 9066
270 36 2519 2520 39097 9130
271 36 2519 2520 39245 9158
272 36 2519 2520 39354 9183
273 36 2519 2520 39490 9217
274 36 2519 2520 39610 9263
275 36 2519 2520 39731 9278
276 36 2519 2520 39871 9318
277 37 2519 2520 39988 9351
278 37 2519 2520 40136 9352
279 37 2519 2520 40289 9373
280 38 2519 2520 40436 9411
281 38 2519 2520 40563 9419
282 38 2519 2520 40735 9455
283 38 2519 2520 40917 9505
284 38 2519 2520 41071 9535
285 38 2519 2520 41213 9562
286 40 2519 2520 41398 9603
287 42 2519 2520 41566 9627
288 42 2519 2520 41742 9671
289 42 2519 2520 41951 9732
290 42 2519 2520 42193 9756
291 43 2519 2520 42413 9758
292 43 2519 2520 42635 9804
293 43 2519 2520 42899 9851
294 43 2519 2520 43151 9871
295 43 2519 2520 43453 9919
296 43 2519 2520 43702 9943
297 43 2519 2520 43990 9963
298 43 2519 2520 44269 10006
299 43 2519 2520 44522 10041
300 44 2519 2520 44782 10072
301 44 2519 2520 45046 10119
302 44 2519 2520 45317 10150
303 44 2519 2520 45577 10198
304 44 2519 2520 45846 10232
305 45 2519 2520 46054 10266
306 45 2519 2520 46306 10313
307 45 2519 2520 46534 10345
308 46 2519 2520 46767 10372
309 46 2519 2520 46988 10417
310 47 2519 2520 47267 10464
311 48 2519 2520 47518 10528
312 48 2519 2520 47846 10603
313 48 2519 2520 48154 10681
314 48 2519 2520 48430 10757
315 48 2519 2520 48760 10830
316 48 2519 2520 49082 10888
317 48 2519 2520 49358 10938
318 48 2519 2520 49664 10978
319 48 2519 2520 49919 11003
320 48 2519 2520 50205 11076
321 48 2519 2520 50428 11120
322 49 2519 2520 50674 11189
323 49 2519 2520 50915 11224
324 49 2519 2520 51177 11297
325 49 2519 2520 51382 11325
326 49 2519 2520 51634 11347
327 49 2519 2520 51857 11378
328 49 2519 2520 52059 11406
329 49 2519 2520 52250 11436
330 49 2519 2520 52422 11475
331 49 2519 2520 52620 11514
332 49 2519 2520 52846 11564
333 49 2519 2520 53041 11583
334 49 2519 2520 53227 11635
335 49 2519 2520 53389 11676
336 49 2519 2520 53561 11712
337 49 2519 2520 53702 11726
338 49 2519 2520 53875 11766
339 49 2519 2520 54037 11789
340 51 2519 2520 54190 11833
341 52 2519 2520 54404 11888
342 52 2519 2520 54621 11898
343 52 2519 2520 54838 11947
344 53 2519 2520 55060 11963
345 53 2519 2520 55265 11985
346 53 2519 2520 55519 12050
347 54 2519 2520 55720 12082
348 54 2519 2520 55937 12115
349 54 2519 2520 56247 12182
350 54 2519 2520 56515 12215
351 55 2519 2520 56776 12261
352 55 2519 2520 57045 12290
353 55 2519 2520 57288 12343
354 55 2519 2520 57569 12390
355 56 2519 2520 57839 12425
356 56 2519 2520 58122 12468
357 56 2519 2520 58379 12513
358 57 2519 2520 58616 12532
359 57 2519 2520 58859 12572
360 57 2519 2520 59149 12614
361 57 2519 2520 59399 12661
362 57 2519 2520 59680 12736
363 57 2519 2520 59926 12792
364 57 2519 2520 60173 12842
365 57 2519 2520 60440 12858
366 57 2519 2520 60647 12911
367 57 2519 2520 60888 12948
368 58 2519 2520 61108 12960
369 58 2519 2520 61362 12984
370 59 2519 2520 61574 13017
371 59 2519 2520 61775 13040
372 59 2519 2520 61999 13081
373 61 2519 2520 62239 13125
374 62 2519 2520 62500 13160
375 62 2519 2520 62818 13256
376 63 2519 2520 63115 13340
377 64 2519 2520 63460 13397
378 65 2519 2520 63827 13438
379 65 2519 2520 64250 13538
380 65 2519 2520 64630 13614
381 65 2519 2520 65063 13695
382 65 2519 2520 65448 13772
383 65 2519 2520 65856 13868
384 65 2519 2520 66225 13928
385 66 2519 2520 66608 13988
386 66 2519 2520 67037 14062
387 66 2519 2520 67395 14126
388 66 2519 2520 67720 14166
389 66 2519 2520 68069 14217
390 66 2519 2520 68437 14287
391 66 2519 2520 68727 14344
392 66 2519 2520 69012 14375
393 66 2519 2520 69262 14441
394 67 2519 2520 69536 14493
395 67 2519 2520 69796 14513
396 67 2519 2520 70064 14559
397 67 2519 2520 70260 14597
398 67 2519 2520 70575 14635
399 69 2519 2520 70828 14664
400 69 2519 2520 71088 14713
401 69 2519 2520 71382 14751
402 69 2519 2520 71678 14795
403 69 2519 2520 71926 14839
404 69 2519 2520 72211 14875
405 70 2519 2520 72520 14921
406 70 2519 2520 72791 14987
407 73 2519 2520 73051 15022
408 73 2519 2520 73378 15069
409 73 2519 2520 73745 15161
410 73 2519 2520 74143 15245
411 73 2519 2520 74530 15322
412 73 2519 2520 74883 15360
413 74 2519 2520 75234 15437
414 74 2519 2520 75651 15522
415 74 2519 2520 76014 15591
416 74 2519 2520 76359 15649
417 74 2519 2520 76690 15718
418 74 2519 2520 77058 15768
419 74 2519 2520 77376 15831
420 74 2519 2520 77727 15916
421 75 2519 2520 78027 16014
422 76 2519 2520 78370 16074
423 76 2519 2520 78715 16128
424 76 2519 2520 79048 16175
425 76 2519 2520 79381 16242
426 76 2519 2520 79695 16295
427 76 2519 2520 79952 16354
428 76 2519 2520 80278 16413
429 76 2519 2520 80505 16439
430 76 2519 2520 80804 16503
431 76 2519 2520 81095 16541
432 76 2519 2520 81344 16579
433 76 2519 2520 81616 16652
434 76 2519 2520 81845 16682
435 77 2519 2520 82071 16713
436 79 2519 2520 82343 16772
437 80 2519 2520 82656 16837
438 80 2519 2520 82966 16900
439 81 2519 2520 83280 16972
440 81 2519 2520 83622 17029
441 81 2519 2520 83990 17052
442 81 2519 2520 84350 17094
443 81 2519 2520 84684 17125
444 81 2519 2520 85039 17192
445 82 2519 2520 85392 17259
446 82 2519 2520 85770 17301
447 82 2519 2520 86137 17368
448 82 2519 2520 86507 17429
449 82 2519 2520 86927 17482
450 82 2519 2520 87258 17540
451 82 2519 2520 87580 17599
452 83 2519 2520 87919 17608
453 83 2519 2520 88236 17696
454 84 2519 2520 88556 17739
455 84 2519 2520 88905 17813
456 84 2519 2520 89235 17887
457 84 2519 2520 89508 17925
458 84 2519 2520 89809 17974
459 84 2519 2520 90131 18041
460 84 2519 2520 90480 18096
461 85 2519 2520 90804 18141
462 85 2519 2520 91091 18201
463 85 2519 2520 91401 18227
464 85 2519 2520 91716 18301
465 86 2519 2520 92010 18370
466 86 2519 2520 92303 18381
467 88 2519 2520 92608 18448
468 88 2519 2520 92938 18488
469 88 2519 2520 93266 18524
470 88 2519 2520 93558 18593
471 88 2519 2520 93922 18625
472 88 2519 2520 94240 18645
473 89 2519 2520 94539 18702
474 89 2519 2520 94845 18737
475 89 2519 2520 95170 18782
476 90 2519 2520 95534 18855
477 91 2519 2520 95879 18930
478 92 2519 2520 96219 18978
479 93 2519 2520 96528 19065
480 93 2519 2520 96863 19105
481 94 2519 2520 97222 19180
482 94 2519 2520 97565 19224
483 94 2519 2520 97949 19320
484 94 2519 2520 98286 19382
485 94 2519 2520 98651 19426
486 94 2519 2520 99022 19455
487 94 2519 2520 99408 19499
488 94 2519 2520 99721 19542
489 94 2519 2520 100056 19609
490 94 2519 2520 100364 19649
491 95 2519 2520 100682 19721
492 95 2519 2520 101040 19799
493 96 2519 2520 101390 19846
494 96 2519 2520 101707 19895
495 97 2519 2520 102035 19931
496 98 2519 2520 102411 20013
497 98 2519 2520 102773 20044
498 98 2519 2520 103103 20097
499 98 2519 2520 103432 20168
500 98 2519 2520 103799 20222
501 99 2519 2520 104103 20268
502 100 2519 2520 104450 20323
503 101 2519 2520 104805 20381
504 101 2519 2520 105129 20456
505 102 2519 2520 105475 20528
506 102 2519 2520 105874 20579
507 102 2519 2520 106244 20661
508 102 2519 2520 106627 20718
509 102 2519 2520 106965 20740
510 102 2519 2520 107307 20787
511 102 2519 2520 107664 20847
512 102 2519 2520 108043 20899
513 102 2519 2520 108385 20968
514 102 2519 2520 108739 20999
515 102 2519 2520 109033 21054
516 103 2519 2520 109352 21085
517 103 2519 2520 109641 21142
518 103 2519 2520 109920 21168
519 103 2519 2520 110181 21190
520 103 2519 2520 110497 21239
521 103 2519 2520 110795 21260
522 103 2519 2520 111063 21309
523 104 2519 2520 111327 21367
524 104 2519 2520 111610 21404
525 104 2519 2520 111899 21426
526 105 2519 2520 112177 21477
527 106 2519 2520 112445 21536
528 107 2519 2520 112760 21571
529 107 2519 2520 113070 21583
530 108 2519 2520 113392 21618
531 109 2519 2520 113696 21666
532 109 2519 2520 114088 21698
533 109 2519 2520 114436 21753
534 109 2519 2520 114787 21796
535 110 2519 2520 115195 21876
536 110 2519 2520 115590 21929
537 110 2519 2520 115965 21984
538 111 2519 2520 116360 22034
539 112 2519 2520 116743 22112
540 112 2519 2520 117141 22185
541 112 2519 2520 117549 22225
542 112 2519 2520 118005 22250
543 112 2519 2520 118423 22338
544 112 2519 2520 118833 22399
545 112 2519 2520 119250 22437
546 112 2519 2520 119645 22489
547 113 2519 2520 120072 22529
548 113 2519 2520 120471 22570
549 114 2519 2520 120846 22637
550 114 2519 2520 121216 22679
551 114 2519 2520 121570 22760
552 114 2519 2520 121924 22794
553 115 2519 2520 122244 22846
554 116 2519 2520 122606 22890
555 116 2519 2520 122932 22941
556 116 2519 2520 123265 23015
557 116 2519 2520 123596 23086
558 116 2519 2520 123956 23122
559 116 2519 2520 124283 23179
560 116 2519 2520 124666 23241
561 117 2519 2520 125005 23263
562 117 2519 2520 125405 23321
563 118 2519 2520 125759 23351
564 118 2519 2520 126127 23409
565 119 2519 2520 126497 23488
566 120 2519 2520 126918 23550
567 120 2519 2520 127325 23609
568 121 2519 2520 127727 23659
569 121 2519 2520 128121 23721
570 121 2519 2520 128508 23782
571 122 2519 2520 128928 23851
572 122 2519 2520 129393 23937
573 122 2519 2520 129774 23986
574 122 2519 2520 130209 24037
575 122 2519 2520 130668 24132
576 123 2519 2520 131070 24200
577 123 2519 2520 131562 24237
578 124 2519 2520 131956 24332
579 124 2519 2520 132362 24395
580 124 2519 2520 132774 24449
581 124 2519 2520 133198 24483
582 124 2519 2520 133602 24529
583 124 2519 2520 133977 24592
584 124 2519 2520 134321 24624
585 124 2519 2520 134656 24666
586 125 2519 2520 135005 24712
587 126 2519 2520 135376 24765
588 128 2519 2520 135754 24835
589 128 2519 2520 136190 24926
590 128 2519 2520 136647 24993
591 129 2519 2520 137123 25021
592 129 2519 2520 137552 25113
593 129 2519 2520 137971 25176
594 129 2519 2520 138392 25210
595 129 2519 2520 138821 25274
596 129 2519 2520 139210 25350
597 131 2519 2520 139606 25461
598 131 2519 2520 139997 25528
599 133 2519 2520 140406 25580
600 134 2519 2520 140835 25684
601 135 2519 2520 141304 25788
602 135 2519 2520 141815 25876
603 135 2519 2520 142253 25915
604 136 2519 2520 142764 25979
605 137 2519 2520 143246 26011
606 138 2519 2520 143767 26112
607 138 2519 2520 144318 26165
608 138 2519 2520 144874 26239
609 138 2519 2520 145430 26343
610 138 2519 2520 146000 26407
611 138 2519 2520 146488 26500
612 139 2519 2520 147001 26545
613 139 2519 2520 147488 26611
614 139 2519 2520 148035 26659
615 139 2519 2520 148499 26763
616 140 2519 2520 148951 26840
617 141 2519 2520 149378 26896
618 141 2519 2520 149829 26974
619 142 2519 2520 150253 27035
620 142 2519 2520 150652 27117
621 142 2519 2520 151152 27192
622 143 2519 2520 151608 27263
623 144 2519 2520 152040 27327
624 144 2519 2520 152534 27440
625 144 2519 2520 152995 27469
626 144 2519 2520 153431 27510
627 144 2519 2520 153883 27603
628 144 2519 2520 154310 27666
629 144 2519 2520 154695 27715
630 144 2519 2520 155103 27761
631 144 2519 2520 155446 27780
632 144 2519 2520 155822 27842
633 145 2519 2520 156218 27910
634 146 2519 2520 156602 27951
635 148 2519 2520 157027 27968
636 149 2519 2520 157450 28031
637 150 2519 2520 157941 28113
638 150 2519 2520 158534 28187
639 151 2519 2520 159047 28264
640 153 2519 2520 159536 28357
641 154 2519 2520 160046 28474
642 154 2519 2520 160651 28573
643 154 2519 2520 161254 28659
644 154 2519 2520 161840 28742
645 155 2519 2520 162381 28815
646 156 2519 2520 162985 28907
647 156 2519 2520 163569 28990
648 156 2519 2520 164198 29070
649 156 2519 2520 164775 29136
650 157 2519 2520 165333 29171
651 158 2519 2520 165846 29245
652 159 2519 2520 166465 29298
653 160 2519 2520 167056 29395
654 160 2519 2520 167585 29476
655 160 2519 2520 168086 29546
656 160 2519 2520 168660 29646
657 161 2519 2520 169204 29722
658 164 2519 2520 169760 29842
659 165 2519 2520 170331 29945
660 165 2519 2520 170959 30068
661 166 2519 2520 171688 30205
662 168 2519 2520 172346 30318
663 168 2519 2520 173098 30428
664 168 2519 2520 173818 30533
665 168 2519 2520 174542 30621
666 168 2519 2520 175287 30761
667 168 2519 2520 175961 30832
668 168 2519 2520 176656 30953
669 168 2519 2520 177318 31065
670 168 2519 2520 177930 31165
671 168 2519 2520 178456 31271
672 169 2519 2520 178945 31346
673 169 2519 2520 179420 31434
674 169 2519 2520 179988 31538
675 169 2519 2520 180460 31638
676 169 2519 2520 180938 31713
677 169 2519 2520 181376 31760
678 169 2519 2520 181800 31843
679 169 2519 2520 182282 31913
680 170 2519 2520 182721 31999
681 171 2519 2520 183187 32066
682 171 2519 2520 183687 32174
683 171 2519 2520 184144 32234
684 172 2519 2520 184564 32290
685 173 2519 2520 185080 32388
686 174 2519 2520 185549 32445
687 176 2519 2520 186090 32526
688 177 2519 2520 186622 32573
689 178 2519 2520 187157 32680
690 178 2519 2520 187755 32831
691 178 2519 2520 188361 32951
692 178 2519 2520 188978 32996
693 178 2519 2520 189489 33084
694 178 2519 2520 190085 33189
695 178 2519 2520 190639 33251
696 179 2519 2520 191176 33359
697 180 2519 2520 191726 33452
698 180 2519 2520 192256 33502
699 180 2519 2520 192802 33559
700 182 2519 2520 193360 33678
701 183 2519 2520 193974 33728
702 183 2519 2520 194541 33838
703 183 2519 2520 195144 33945
704 183 2519 2520 195723 33996
705 183 2519 2520 196223 34076
706 183 2519 2520 196726 34103
707 183 2519 2520 197253 34163
708 185 2519 2520 197747 34243
709 186 2519 2520 198269 34332
710 187 2519 2520 198833 34412
711 188 2519 2520 199478 34525
712 188 2519 2520 200073 34593
713 189 2519 2520 200657 34657
714 190 2519 2520 201302 34763
715 191 2519 2520 201917 34876
716 191 2519 2520 202568 34969
717 194 2519 2520 203205 35039
718 195 2519 2520 203854 35145
719 195 2519 2520 204602 35297
720 195 2519 2520 205310 35389
721 195 2519 2520 205996 35454
722 195 2519 2520 206671 35566
723 195 2519 2520 207361 35645
724 195 2519 2520 208003 35666
725 195 2519 2520 208609 35764
726 195 2519 2520 209233 35838
727 195 2519 2520 209840 35914
728 196 2519 2520 210384 36016
729 197 2519 2520 210922 36116
730 198 2519 2520 211476 36181
731 198 2519 2520 212027 36195
732 199 2519 2520 212572 36255
733 199 2519 2520 213097 36335
734 199 2519 2520 213692 36435
735 199 2519 2520 214277 36502
736 199 2519 2520 214821 36562
737 200 2519 2520 215393 36609
738 200 2519 2520 215901 36641
739 200 2519 2520 216449 36770
740 200 2519 2520 217026 36830
741 201 2519 2520 217580 36932
742 201 2519 2520 218111 37002
743 201 2519 2520 218704 37072
744 202 2519 2520 219247 37146
745 204 2519 2520 219802 37173
746 204 2519 2520 220395 37255
747 206 2519 2520 220956 37392
748 207 2519 2520 221545 37448
749 207 2519 2520 222176 37539
750 207 2519 2520 222813 37632
751 207 2519 2520 223399 37713
752 207 2519 2520 224005 37812
753 209 2519 2520 224572 37893
754 212 2519 2520 225150 38036
755 212 2519 2520 225735 38142
756 213 2519 2520 226403 38243
757 214 2519 2520 227018 38315
758 214 2519 2520 227603 38392
759 214 2519 2520 228246 38495
760 214 2519 2520 228919 38571
761 214 2519 2520 229635 38693
762 214 2519 2520 230263 38734
763 214 2519 2520 230900 38794
764 216 2519 2520 231509 38862
765 218 2519 2520 232127 38964
766 218 2519 2520 232699 39018
767 219 2519 2520 233297 39082
768 220 2519 2520 233854 39155
769 221 2519 2520 234487 39248
770 221 2519 2520 235064 39354
771 223 2519 2520 235716 39432
772 223 2519 2520 236347 39508
773 223 2519 2520 237017 39549
774 223 2519 2520 237647 39632
775 223 2519 2520 238296 39674
776 224 2519 2520 238957 39768
777 225 2519 2520 239606 39800
778 226 2519 2520 240204 39876
779 228 2519 2520 240869 39936
780 228 2519 2520 241519 40027
781 229 2519 2520 242207 40110
782 229 2519 2520 242867 40205
783 230 2519 2520 243577 40307
784 234 2519 2520 244293 40387
785 234 2519 2520 244982 40441
786 234 2519 2520 245696 40532
787 236 2519 2520 246470 40652
788 237 2519 2520 247200 40731
789 239 2519 2520 247966 40845
790 239 2519 2520 248756 40929
791 239 2519 2520 249519 41021
792 240 2519 2520 250174 41095
793 241 2519 2520 250935 41169
794 243 2519 2520 251759 41331
795 243 2519 2520 252541 41417
796 243 2519 2520 253363 41502
797 243 2519 2520 254184 41614
798 243 2519 2520 254974 41633
799 244 2519 2520 255718 41764
800 245 2519 2520 256476 41878
801 245 2519 2520 257192 41951
802 245 2519 2520 257914 42025
803 245 2519 2520 258688 42107
804 246 2519 2520 259389 42218
805 246 2519 2520 260028 42313
806 246 2519 2520 260748 42388
807 247 2519 2520 261433 42499
808 247 2519 2520 262190 42555
809 247 2519 2520 262888 42682
810 247 2519 2520 263489 42744
811 248 2519 2520 264089 42839
812 248 2519 2520 264705 42907
813 248 2519 2520 265305 42954
814 248 2519 2520 265880 43025
815 250 2519 2520 266428 43070
816 250 2519 2520 267062 43152
817 250 2519 2520 267712 43249
818 251 2519 2520 268309 43299
819 252 2519 2520 268881 43363
820 252 2519 2520 269509 43459
821 252 2519 2520 270163 43568
822 253 2519 2520 270849 43633
823 256 2519 2520 271486 43704
824 258 2519 2520 272056 43787
825 258 2519 2520 272753 43883
826 259 2519 2520 273525 44041
827 259 2519 2520 274233 44082
828 260 2519 2520 274978 44177
829 260 2519 2520 275747 44267
830 260 2519 2520 276513 44374
831 261 2519 2520 277262 44481
832 261 2519 2520 277875 44587
833 261 2519 2520 278610 44655
834 261 2519 2520 279366 44746
835 263 2519 2520 280076 44846
836 264 2519 2520 280754 44949
837 265 2519 2520 281437 45018
838 266 2519 2520 282161 45078
839 266 2519 2520 282945 45185
840 266 2519 2520 283659 45300
841 267 2519 2520 284388 45396
842 267 2519 2520 285083 45469
843 267 2519 2520 285835 45577
844 267 2519 2520 286535 45697
845 267 2519 2520 287255 45792
846 268 2519 2520 287918 45854
847 269 2519 2520 288537 45913
848 269 2519 2520 289196 45987
849 270 2519 2520 289853 46054
850 271 2519 2520 290535 46127
851 271 2519 2520 291195 46159
852 271 2519 2520 291829 46224
853 271 2519 2520 292521 46311
854 271 2519 2520 293127 46348
855 272 2519 2520 293828 46455
856 273 2519 2520 294435 46504
857 276 2519 2520 295076 46595
858 279 2519 2520 295763 46721
859 280 2519 2520 296503 46806
860 280 2519 2520 297387 46954
861 280 2519 2520 298109 46975
862 280 2519 2520 298865 47077
863 280 2519 2520 299697 47174
864 281 2519 2520 300473 47287
865 282 2519 2520 301211 47362
866 282 2519 2520 301979 47462
867 283 2519 2520 302739 47595
868 283 2519 2520 303398 47675
869 283 2519 2520 304098 47731
870 284 2519 2520 304765 47826
871 284 2519 2520 305404 47859
872 284 2519 2520 306001 47906
873 285 2519 2520 306631 47993
874 287 2519 2520 307348 48072
875 287 2519 2520 307948 48127
876 287 2519 2520 308552 48207
877 287 2519 2520 309206 48277
878 288 2519 2520 309852 48383
879 291 2519 2520 310495 48436
880 292 2519 2520 311148 48465
881 292 2519 2520 311810 48575
882 292 2519 2520 312630 48666
883 292 2519 2520 313287 48728
884 292 2519 2520 313933 48781
885 293 2519 2520 314639 48873
886 296 2519 2520 315288 48912
887 297 2519 2520 315926 48978
888 299 2519 2520 316623 49052
889 299 2519 2520 317356 49179
890 300 2519 2520 318160 49280
891 301 2519 2520 318936 49345
892 303 2519 2520 319690 49462
893 303 2519 2520 320533 49563
894 304 2519 2520 321343 49616
895 305 2519 2520 322034 49731
896 306 2519 2520 322768 49769
897 309 2519 2520 323579 49873
898 310 2519 2520 324481 49966
899 310 2519 2520 325304 50055
900 310 2519 2520 326107 50149
901 311 2519 2520 326884 50222
902 311 2519 2520 327718 50296
903 311 2519 2520 328592 50394
904 312 2519 2520 329474 50576
905 313 2519 2520 330345 50696
906 314 2519 2520 331092 50804
907 314 2519 2520 331883 50938
908 314 2519 2520 332688 51043
909 314 2519 2520 333470 51133
910 314 2519 2520 334165 51198
911 315 2519 2520 335004 51291
912 316 2519 2520 335801 51388
913 316 2519 2520 336567 51483
914 316 2519 2520 337327 51561
915 316 2519 2520 338026 51615
916 317 2519 2520 338746 51718
917 317 2519 2520 339408 51777
918 318 2519 2520 340184 51847
919 319 2519 2520 340868 51960
920 319 2519 2520 341607 52043
921 319 2519 2520 342321 52139
922 319 2519 2520 343051 52248
923 320 2519 2520 343745 52318
924 321 2519 2520 344381 52408
925 322 2519 2520 345098 52500
926 322 2519 2520 345821 52583
927 324 2519 2520 346447 52631
928 324 2519 2520 347149 52681
929 325 2519 2520 347874 52754
930 325 2519 2520 348626 52852
931 325 2519 2520 349360 52979
932 326 2519 2520 350118 53066
933 327 2519 2520 350862 53205
934 327 2519 2520 351653 53294
935 327 2519 2520 352404 53345
936 327 2519 2520 353145 53418
937 327 2519 2520 353812 53464
938 328 2519 2520 354488 53552
939 328 2519 2520 355130 53641
940 328 2519 2520 355790 53729
941 329 2519 2520 356371 53806
942 330 2519 2520 357022 53879
943 330 2519 2520 357567 53905
944 330 2519 2520 358220 53996
945 330 2519 2520 358845 54062
946 330 2519 2520 359464 54153
947 331 2519 2520 360124 54220
948 332 2519 2520 360659 54257
949 336 2519 2520 361333 54351
950 337 2519 2520 362071 54483
951 338 2519 2520 362813 54570
952 341 2519 2520 363493 54628
953 341 2519 2520 364246 54715
954 342 2519 2520 364944 54850
955 344 2519 2520 365637 54899
956 345 2519 2520 366332 54960
957 347 2519 2520 367160 55032
958 348 2519 2520 367920 55181
959 350 2519 2520 368750 55214
960 351 2519 2520 369674 55320
961 352 2519 2520 370564 55421
962 354 2519 2520 371479 55494
963 354 2519 2520 372429 55589
964 357 2519 2520 373389 55674
965 358 2519 2520 374341 55752
966 358 2519 2520 375340 55823
967 358 2519 2520 376289 55933
968 358 2519 2520 377177 56057
969 359 2519 2520 378099 56186
970 359 2519 2520 378960 56284
971 360 2519 2520 379903 56367
972 360 2519 2520 380882 56436
973 360 2519 2520 381772 56507
974 360 2519 2520 382628 56560
975 360 2519 2520 383479 56616
976 361 2519 2520 384317 56699
977 361 2519 2520 385072 56735
978 362 2519 2520 385870 56796
979 362 2519 2520 386730 56909
980 363 2519 2520 387538 56989
981 364 2519 2520 388354 57092
982 364 2519 2520 389191 57205
983 366 2519 2520 389971 57305
984 366 2519 2520 390807 57418
985 367 2519 2520 391581 57473
986 367 2519 2520 392473 57601
987 368 2519 2520 393312 57710
988 368 2519 2520 394103 57819
989 368 2519 2520 394914 57908
990 368 2519 2520 395699 57989
991 369 2519 2520 396514 58004
992 371 2519 2520 397275 58126
993 371 2519 2520 398047 58185
994 371 2519 2520 398800 58258
995 372 2519 2520 399622 58359
996 373 2519 2520 400373 58424
997 373 2519 2520 401160 58508
998 374 2519 2520 401940 58601
999 375 2519 2520 402803 58685
1000 376 2519 2520 403580 58808
