0 1 2519 2520 796 500
1 1 2519 2520 806 508
2 1 2519 2520 824 522
3 1 2519 2520 850 538
4 1 2519 2520 865 542
5 1 2519 2520 879 550
6 1 2519 2520 896 556
7 1 2519 2520 920 569
8 1 2519 2520 944 581
9 1 2519 2520 971 596
10 1 2519 2520 995 606
11 1 2519 2520 1013 610
12 1 2519 2520 1025 615
13 1 2519 2520 1053 626
14 1 2519 2520 1066 629
15 1 2519 2520 1080 634
16 1 2519 2520 1096 641
17 1 2519 2520 1109 647
18 1 2519 2520 1122 655
19 1 2519 2520 1132 659
20 1 2519 2520 1146 665
21 1 2519 2520 1168 677
22 1 2519 2520 1181 683
23 1 2519 2520 1185 682
24 1 2519 2520 1201 685
25 1 2519 2520 1224 690
26 2 2519 2520 1239 694
27 2 2519 2520 1265 706
28 2 2519 2520 1324 726
29 2 2519 2520 1393 750
30 2 2519 2520 1453 769
31 2 2519 2520 1516 788
32 2 2519 2520 1603 824
33 2 2519 2520 1684 853
34 2 2519 2520 1743 874
35 2 2519 2520 1816 890
36 2 2519 2520 1866 898
37 2 2519 2520 1929 916
38 2 2519 2520 1991 944
39 2 2519 2520 2046 959
40 2 2519 2520 2092 975
41 2 2519 2520 2130 991
42 2 2519 2520 2168 1001
43 2 2519 2520 2207 1011
44 2 2519 2520 2251 1020
45 2 2519 2520 2297 1034
46 2 2519 2520 2338 1036
47 3 2519 2520 2362 1036
48 3 2519 2520 2408 1045
49 3 2519 2520 2468 1060
50 3 2519 2520 2523 1081
51 4 2519 2520 2584 1098
52 4 2519 2520 2666 1133
53 4 2519 2520 2770 1174
54 4 2519 2520 2877 1205
55 4 2519 2520 3008 1253
56 4 2519 2520 3111 1272
57 4 2519 2520 3241 1323
58 4 2519 2520 3340 1338
59 4 2519 2520 3449 1366
60 4 2519 2520 3543 1393
61 4 2519 2520 3642 1424
62 4 2519 2520 3746 1448
63 4 2519 2520 3814 1458
64 4 2519 2520 3874 1481
65 4 2519 2520 3947 1490
66 4 2519 2520 4023 1517
67 4 2519 2520 4106 1540
68 4 2519 2520 4190 1560
69 4 2519 2520 4239 1575
70 4 2519 2520 4290 1586
71 5 2519 2520 4336 1596
72 5 2519 2520 4410 1613
73 5 2519 2520 4488 1654
74 5 2519 2520 4563 1683
75 5 2519 2520 4656 1713
76 5 2519 2520 4757 1743
77 5 2519 2520 4839 1772
78 6 2519 2520 4917 1795
79 6 2519 2520 5002 1826
80 6 2519 2520 5122 1874
81 6 2519 2520 5228 1906
82 6 2519 2520 5333 1935
83 6 2519 2520 5466 1980
84 6 2519 2520 5581 2011
85 6 2519 2520 5676 2031
86 6 2519 2520 5775 2079
87 6 2519 2520 5877 2112
88 6 2519 2520 5979 2121
89 6 2519 2520 6066 2140
90 6 2519 2520 6158 2152
91 6 2519 2520 6257 2170
92 6 2519 2520 6345 2197
93 6 2518 2520 6417 2216
94 7 2518 2520 6521 2234
95 7 2518 2520 6616 2238
96 8 2518 2520 6726 2264
97 8 2518 2520 6867 2292
98 9 2518 2520 7007 2320
99 9 2518 2520 7141 2347
100 9 2518 2520 7308 2395
101 9 2518 2520 7451 2431
102 9 2518 2520 7601 2447
103 9 2517 2520 7764 2477
104 9 2517 2520 7903 2498
105 9 2517 2520 8037 2519
106 9 2517 2520 8190 2549
107 9 2517 2520 8311 2573
108 9 2517 2520 8477 2595
109 9 2517 2520 8596 2614
110 9 2517 2520 8711 2633
111 9 2517 2520 8829 2653
112 9 2517 2520 8961 2679
113 9 2517 2520 9090 2715
114 9 2517 2520 9227 2729
115 9 2517 2520 9329 2753
116 9 2517 2520 9420 2765
117 9 2517 2520 9512 2776
118 9 2517 2520 9627 2799
119 9 2517 2520 9692 2816
120 9 2517 2520 9762 2833
121 9 2517 2520 9863 2872
122 9 2517 2520 9929 2907
123 9 2517 2520 9967 2905
124 9 2517 2520 10057 2934
125 9 2517 2520 10115 2943
126 9 2517 2520 10177 2950
127 10 2517 2520 10253 2972
128 11 2517 2520 10320 2991
129 12 2517 2520 10414 3007
130 12 2517 2520 10556 3061
131 12 2517 2520 10705 3105
132 12 2517 2520 10828 3142
133 12 2517 2520 10976 3174
134 12 2517 2520 11094 3198
135 12 2517 2520 11215 3230
136 12 2517 2520 11335 3271
137 12 2517 2520 11466 3295
138 13 2517 2520 11570 3331
139 13 2517 2520 11710 3366
140 13 2517 2520 11818 3391
141 13 2517 2520 11953 3425
142 13 2517 2520 12096 3444
143 13 2517 2520 12243 3473
144 13 2517 2520 12372 3508
145 13 2517 2520 12500 3532
146 13 2517 2520 12607 3535
147 13 2517 2520 12750 3566
148 13 2517 2520 12878 3589
149 13 2517 2520 12974 3628
150 13 2517 2520 13058 3651
151 13 2517 2520 13145 3672
152 13 2517 2520 13219 3704
153 13 2517 2520 13301 3708
154 14 2517 2520 13415 3722
155 14 2517 2520 13509 3741
156 14 2517 2520 13638 3767
157 14 2517 2520 13751 3798
158 15 2517 2520 13854 3813
159 15 2517 2520 13952 3837
160 15 2517 2520 14070 3878
161 15 2517 2520 14190 3912
162 15 2517 2520 14320 3932
163 16 2517 2520 14437 3961
164 16 2516 2520 14604 3999
165 16 2516 2520 14748 4024
166 16 2516 2520 14909 4052
167 16 2516 2520 15041 4070
168 16 2516 2520 15154 4070
169 16 2516 2520 15319 4087
170 16 2516 2520 15440 4081
171 16 2516 2520 15581 4132
172 16 2516 2520 15670 4146
173 16 2516 2520 15791 4164
174 16 2516 2520 15921 4199
175 16 2516 2520 16015 4213
176 16 2516 2520 16124 4225
177 16 2516 2520 16250 4249
178 16 2516 2520 16330 4258
179 16 2516 2520 16413 4280
180 16 2516 2520 16493 4293
181 16 2516 2520 16558 4303
182 16 2516 2520 16634 4321
183 16 2516 2520 16702 4342
184 16 2516 2520 16766 4363
185 16 2516 2520 16834 4378
186 16 2516 2520 16905 4404
187 16 2516 2520 16983 4416
188 16 2516 2520 17054 4441
189 16 2516 2520 17110 4459
190 17 2516 2520 17153 4470
191 18 2516 2520 17227 4489
192 18 2516 2520 17343 4521
193 18 2516 2520 17436 4561
194 18 2516 2520 17548 4587
195 18 2516 2520 17687 4619
196 18 2516 2520 17811 4639
197 18 2516 2520 17929 4673
198 18 2516 2520 18060 4704
199 18 2516 2520 18191 4727
200 18 2516 2520 18310 4751
201 18 2516 2520 18472 4799
202 18 2516 2520 18602 4806
203 18 2516 2520 18699 4823
204 18 2516 2520 18824 4831
205 18 2516 2520 18918 4862
206 18 2516 2520 19020 4889
207 18 2516 2520 19116 4906
208 18 2516 2520 19187 4920
209 18 2516 2520 19266 4944
210 18 2516 2520 19334 4965
211 18 2516 2520 19396 4989
212 18 2516 2520 19468 5008
213 18 2516 2520 19540 5007
214 18 2516 2520 19605 5043
215 18 2516 2520 19652 5047
216 18 2516 2520 19719 5071
217 18 2516 2520 19785 5080
218 18 2516 2520 19844 5093
219 18 2516 2520 19878 5095
220 18 2516 2520 19941 5124
221 18 2516 2520 19981 5127
222 18 2516 2520 20035 5134
223 19 2516 2520 20087 5145
224 20 2516 2520 20142 5161
225 20 2516 2520 20218 5185
226 20 2516 2520 20307 5201
227 21 2516 2520 20388 5229
228 21 2516 2520 20533 5275
229 21 2516 2520 20681 5314
230 21 2516 2520 20810 5355
231 21 2516 2520 20941 5392
232 21 2516 2520 21079 5418
233 21 2516 2520 21179 5433
234 21 2516 2520 21254 5453
235 21 2516 2520 21371 5479
236 21 2516 2520 21495 5498
237 21 2516 2520 21596 5518
238 21 2516 2520 21702 5531
239 21 2516 2520 21826 5547
240 21 2516 2520 21939 5572
241 21 2516 2520 22029 5580
242 21 2516 2520 22124 5600
243 21 2516 2520 22223 5621
244 21 2516 2520 22321 5652
245 21 2516 2520 22387 5677
246 21 2516 2520 22477 5695
247 22 2516 2520 22559 5724
248 22 2516 2520 22642 5740
249 22 2516 2520 22753 5780
250 22 2516 2520 22850 5788
251 22 2516 2520 22943 5803
252 22 2516 2520 23046 5837
253 22 2516 2520 23145 5870
254 22 2516 2520 23229 5875
255 22 2516 2520 23307 5876
256 22 2516 2520 23413 5912
257 22 2516 2520 23493 5933
258 22 2516 2520 23602 5940
259 23 2516 2520 23676 5961
260 23 2516 2520 23776 5983
261 23 2516 2520 23869 5989
262 23 2516 2520 23957 5992
263 23 2516 2520 24050 6012
264 23 2516 2520 24149 6028
265 23 2516 2520 24249 6032
266 23 2516 2520 24369 6069
267 23 2516 2520 24424 6068
268 23 2516 2520 24504 6083
269 23 2516 2520 24587 6088
270 24 2516 2520 24627 6098
271 24 2516 2520 24712 6116
272 24 2516 2520 24819 6150
273 24 2516 2520 24920 6171
274 24 2516 2520 25025 6188
275 24 2516 2520 25126 6203
276 24 2516 2520 25227 6234
277 24 2516 2520 25315 6262
278 25 2516 2520 25393 6271
279 25 2516 2520 25473 6300
280 25 2516 2520 25555 6316
281 25 2516 2520 25663 6340
282 25 2516 2520 25753 6348
283 25 2516 2520 25848 6366
284 25 2516 2520 25913 6371
285 25 2516 2520 25986 6376
286 26 2516 2520 26068 6388
287 26 2516 2520 26159 6407
288 26 2516 2520 26267 6423
289 26 2516 2520 26372 6449
290 26 2516 2520 26497 6497
291 26 2516 2520 26582 6518
292 26 2516 2520 26662 6523
293 27 2516 2520 26745 6539
294 28 2516 2520 26870 6586
295 29 2516 2520 27021 6627
296 29 2516 2520 27158 6648
297 29 2516 2520 27295 6670
298 29 2516 2520 27442 6687
299 29 2516 2520 27595 6720
300 29 2516 2520 27754 6751
301 29 2516 2520 27901 6777
302 29 2516 2520 28052 6814
303 29 2516 2520 28231 6850
304 29 2516 2520 28392 6897
305 29 2516 2520 28559 6918
306 29 2516 2520 28693 6931
307 29 2516 2520 28834 6955
308 29 2516 2520 28939 6978
309 29 2516 2520 29084 7014
310 29 2516 2520 29186 7034
311 29 2516 2520 29329 7062
312 29 2516 2520 29431 7088
313 29 2516 2520 29560 7094
314 29 2516 2520 29689 7122
315 29 2516 2520 29786 7142
316 29 2516 2520 29866 7165
317 29 2516 2520 29956 7176
318 29 2516 2520 30060 7200
319 29 2516 2520 30153 7220
320 29 2516 2520 30254 7233
321 29 2516 2520 30341 7251
322 29 2516 2520 30431 7265
323 29 2516 2520 30509 7284
324 29 2516 2520 30592 7311
325 31 2516 2520 30651 7321
326 31 2516 2520 30765 7341
327 31 2516 2520 30864 7352
328 32 2516 2520 30980 7374
329 32 2516 2520 31090 7399
330 32 2516 2520 31218 7447
331 32 2516 2520 31340 7474
332 32 2515 2520 31468 7487
333 32 2515 2520 31607 7528
334 32 2515 2520 31749 7550
335 32 2515 2520 31876 7568
336 32 2515 2520 31993 7597
337 32 2515 2520 32145 7611
338 33 2515 2520 32292 7654
339 33 2515 2520 32413 7660
340 33 2515 2520 32549 7690
341 33 2515 2520 32700 7707
342 33 2515 2520 32835 7754
343 33 2515 2520 32972 7768
344 33 2515 2520 33075 7795
345 33 2515 2520 33197 7834
346 33 2515 2520 33326 7852
347 33 2515 2520 33440 7886
348 34 2515 2520 33543 7903
349 34 2515 2520 33656 7917
350 34 2515 2520 33772 7948
351 34 2515 2520 33884 7982
352 34 2515 2520 34012 8002
353 34 2515 2520 34156 8024
354 34 2515 2520 34320 8047
355 34 2515 2520 34427 8059
356 34 2515 2520 34557 8087
357 34 2515 2520 34668 8093
358 34 2515 2520 34766 8086
359 34 2515 2520 34855 8098
360 34 2515 2520 34959 8119
361 34 2515 2520 35072 8169
362 34 2515 2520 35192 8198
363 34 2515 2520 35281 8191
364 34 2515 2520 35385 8234
365 34 2515 2520 35489 8249
366 34 2515 2520 35587 8264
367 34 2515 2520 35669 8273
368 34 2515 2520 35755 8295
369 34 2515 2520 35844 8304
370 34 2515 2520 35920 8324
371 34 2515 2520 35995 8333
372 34 2515 2520 36073 8353
373 34 2515 2520 36135 8364
374 34 2515 2520 36208 8400
375 34 2515 2520 36267 8414
376 34 2515 2520 36324 8427
377 34 2515 2520 36382 8434
378 34 2515 2520 36468 8449
379 36 2515 2520 36526 8454
380 36 2515 2520 36612 8468
381 36 2515 2520 36716 8487
382 36 2515 2520 36829 8518
383 36 2515 2520 36925 8530
384 36 2515 2520 37039 8555
385 36 2515 2520 37123 8579
386 37 2515 2520 37216 8590
387 37 2515 2520 37323 8611
388 37 2515 2520 37412 8633
389 37 2515 2520 37568 8679
390 37 2515 2520 37699 8714
391 37 2515 2520 37802 8736
392 37 2515 2520 37935 8766
393 37 2515 2520 38075 8786
394 37 2515 2520 38181 8808
395 37 2515 2520 38290 8823
396 37 2515 2520 38352 8834
397 37 2515 2520 38473 8860
398 37 2515 2520 38576 8884
399 37 2515 2520 38678 8917
400 37 2515 2520 38770 8936
401 37 2515 2520 38874 8947
402 37 2515 2520 38976 8967
403 37 2515 2520 39075 8991
404 37 2515 2520 39168 9013
405 37 2515 2520 39279 9033
406 37 2515 2520 39360 9034
407 37 2515 2520 39445 9053
408 37 2515 2520 39549 9093
409 37 2515 2520 39631 9103
410 37 2515 2520 39700 9105
411 37 2515 2520 39805 9127
412 37 2515 2520 39875 9141
413 37 2515 2520 39977 9166
414 37 2515 2520 40052 9173
415 37 2515 2520 40124 9193
416 37 2515 2520 40208 9213
417 37 2515 2520 40279 9240
418 38 2515 2520 40325 9255
419 38 2515 2520 40403 9274
420 38 2515 2520 40480 9270
421 39 2515 2520 40553 9290
422 39 2515 2520 40647 9305
423 39 2515 2520 40770 9346
424 39 2515 2520 40889 9368
425 39 2515 2520 41000 9392
426 39 2515 2520 41098 9417
427 39 2515 2520 41227 9453
428 40 2515 2520 41332 9464
429 40 2515 2520 41424 9492
430 40 2515 2520 41559 9536
431 40 2515 2520 41652 9565
432 40 2515 2520 41769 9570
433 40 2515 2520 41865 9588
434 40 2515 2520 41980 9599
435 40 2515 2520 42051 9611
436 40 2515 2520 42175 9645
437 40 2515 2520 42283 9663
438 41 2515 2520 42405 9688
439 41 2515 2520 42484 9706
440 41 2515 2520 42556 9719
441 41 2515 2520 42654 9750
442 41 2515 2520 42787 9765
443 41 2515 2520 42877 9808
444 41 2515 2520 42980 9844
445 41 2515 2520 43073 9875
446 41 2515 2520 43182 9894
447 42 2515 2520 43271 9899
448 42 2515 2520 43388 9926
449 42 2515 2520 43495 9933
450 43 2515 2520 43595 9957
451 43 2515 2520 43696 9964
452 43 2515 2520 43837 9983
453 43 2515 2520 43952 9989
454 43 2515 2520 44066 10010
455 43 2515 2520 44189 10031
456 43 2515 2520 44293 10056
457 43 2515 2520 44408 10091
458 43 2515 2520 44537 10098
459 43 2515 2520 44650 10123
460 43 2515 2520 44763 10157
461 43 2515 2520 44872 10183
462 43 2515 2520 44976 10200
463 43 2515 2520 45081 10233
464 44 2515 2520 45213 10262
465 44 2515 2520 45356 10280
466 44 2515 2520 45500 10305
467 44 2515 2520 45625 10319
468 44 2515 2520 45731 10347
469 44 2515 2520 45846 10361
470 44 2515 2520 45951 10374
471 44 2515 2520 46041 10420
472 44 2515 2520 46133 10417
473 44 2515 2520 46247 10439
474 44 2515 2520 46361 10461
475 44 2515 2520 46446 10486
476 44 2515 2520 46558 10506
477 44 2515 2520 46659 10533
478 44 2515 2520 46761 10536
479 44 2515 2520 46840 10551
480 44 2515 2520 46947 10564
481 44 2515 2520 47064 10599
482 44 2515 2520 47145 10611
483 45 2515 2520 47238 10630
484 45 2515 2520 47322 10630
485 45 2515 2520 47416 10654
486 45 2515 2520 47496 10664
487 45 2515 2520 47554 10678
488 45 2515 2520 47635 10672
489 46 2515 2520 47693 10684
490 46 2515 2520 47790 10707
491 47 2515 2520 47884 10736
492 47 2515 2520 47986 10753
493 47 2515 2520 48112 10775
494 47 2515 2520 48210 10791
495 47 2515 2520 48325 10807
496 47 2515 2520 48417 10817
497 47 2515 2520 48545 10837
498 47 2515 2520 48665 10861
499 47 2515 2520 48791 10896
500 47 2515 2520 48911 10927
501 47 2515 2520 49043 10948
502 47 2515 2520 49144 10981
503 48 2515 2520 49266 11006
504 48 2515 2520 49378 11026
505 48 2515 2520 49491 11033
506 48 2515 2520 49636 11072
507 48 2515 2520 49753 11096
508 48 2515 2520 49875 11122
509 48 2515 2520 49988 11148
510 48 2515 2520 50116 11185
511 48 2515 2520 50218 11205
512 48 2515 2520 50295 11233
513 48 2515 2520 50432 11259
514 48 2515 2520 50580 11275
515 49 2515 2520 50696 11315
516 49 2515 2520 50816 11351
517 49 2515 2520 50951 11359
518 49 2515 2520 51051 11380
519 49 2515 2520 51172 11407
520 49 2515 2520 51302 11427
521 49 2515 2520 51421 11446
522 50 2515 2520 51562 11483
523 50 2515 2520 51668 11496
524 50 2515 2520 51837 11534
525 50 2515 2520 51976 11571
526 50 2515 2520 52109 11594
527 50 2515 2520 52213 11629
528 50 2515 2520 52355 11660
529 50 2515 2520 52500 11674
530 51 2515 2520 52618 11705
531 51 2515 2520 52719 11724
532 51 2515 2520 52844 11757
533 51 2515 2520 53003 11794
534 51 2515 2520 53131 11827
535 51 2515 2520 53249 11848
536 52 2515 2520 53402 11887
537 52 2515 2520 53541 11907
538 52 2515 2520 53711 11939
539 53 2515 2520 53892 11970
540 53 2515 2520 54049 11992
541 53 2515 2520 54247 12028
542 53 2515 2520 54398 12063
543 53 2515 2520 54558 12084
544 53 2515 2520 54735 12107
545 53 2515 2520 54900 12133
546 53 2515 2520 55076 12166
547 53 2515 2520 55237 12229
548 53 2515 2520 55386 12267
549 53 2515 2520 55506 12287
550 53 2515 2520 55661 12327
551 53 2515 2520 55819 12349
552 53 2515 2520 55939 12371
553 53 2515 2520 56066 12406
554 53 2515 2520 56218 12438
555 53 2515 2520 56364 12477
556 53 2515 2520 56483 12495
557 53 2515 2520 56586 12535
558 53 2515 2520 56690 12565
559 53 2515 2520 56828 12597
560 53 2515 2520 56946 12628
561 53 2515 2520 57067 12651
562 53 2515 2520 57194 12686
563 54 2515 2520 57283 12719
564 54 2515 2520 57373 12747
565 55 2515 2520 57474 12758
566 55 2515 2520 57592 12777
567 55 2515 2520 57730 12806
568 55 2515 2520 57865 12823
569 55 2515 2520 57979 12841
570 55 2515 2520 58124 12846
571 55 2515 2520 58244 12867
572 55 2515 2520 58370 12886
573 55 2515 2520 58496 12899
574 55 2515 2520 58634 12938
575 55 2515 2520 58744 12968
576 55 2515 2520 58866 12994
577 56 2515 2520 59002 13029
578 56 2515 2520 59134 13043
579 56 2515 2520 59241 13088
580 56 2515 2520 59370 13121
581 56 2515 2520 59493 13136
582 56 2515 2520 59636 13141
583 56 2515 2520 59817 13196
584 56 2515 2520 59952 13238
585 56 2515 2520 60060 13259
586 56 2515 2520 60193 13278
587 56 2515 2520 60304 13279
588 57 2515 2520 60389 13295
589 57 2515 2520 60505 13296
590 57 2515 2520 60647 13315
591 57 2515 2520 60765 13323
592 57 2515 2520 60871 13356
593 57 2515 2520 60957 13376
594 59 2514 2520 61078 13390
595 60 2514 2520 61238 13441
596 60 2514 2520 61399 13484
597 60 2514 2520 61561 13525
598 60 2514 2520 61723 13540
599 60 2514 2520 61903 13577
600 60 2514 2520 62076 13607
601 60 2514 2520 62226 13618
602 61 2514 2520 62383 13624
603 61 2514 2520 62566 13674
604 61 2514 2520 62728 13697
605 61 2514 2520 62946 13732
606 61 2514 2520 63105 13744
607 61 2514 2520 63277 13777
608 61 2514 2520 63451 13815
609 61 2514 2520 63632 13854
610 61 2514 2520 63763 13872
611 61 2514 2520 63934 13913
612 61 2514 2520 64063 13934
613 61 2514 2520 64189 13955
614 61 2514 2520 64325 13977
615 61 2514 2520 64468 14000
616 61 2514 2520 64617 14027
617 61 2514 2520 64741 14062
618 61 2514 2520 64837 14075
619 61 2514 2520 64937 14099
620 61 2514 2520 65057 14135
621 61 2514 2520 65176 14171
622 61 2514 2520 65272 14185
623 61 2514 2520 65397 14216
624 61 2514 2520 65499 14244
625 61 2514 2520 65616 14250
626 61 2514 2520 65711 14272
627 61 2514 2520 65797 14291
628 61 2514 2520 65913 14307
629 61 2514 2520 66001 14311
630 61 2514 2520 66093 14330
631 62 2514 2520 66184 14329
632 62 2514 2520 66286 14350
633 62 2514 2520 66368 14379
634 62 2514 2520 66462 14391
635 62 2514 2520 66543 14406
636 62 2514 2520 66640 14419
637 62 2514 2520 66714 14425
638 63 2514 2520 66788 14441
639 63 2514 2520 66888 14462
640 63 2514 2520 66983 14476
641 63 2514 2520 67069 14489
642 63 2514 2520 67127 14503
643 63 2514 2520 67201 14519
644 63 2514 2520 67270 14522
645 64 2514 2520 67351 14525
646 64 2514 2520 67458 14553
647 65 2514 2520 67570 14561
648 65 2514 2520 67679 14577
649 65 2514 2520 67790 14602
650 65 2514 2520 67899 14618
651 65 2514 2520 68014 14623
652 65 2514 2520 68142 14634
653 65 2514 2520 68244 14642
654 66 2514 2520 68342 14673
655 66 2514 2520 68461 14691
656 66 2514 2520 68604 14703
657 66 2514 2520 68732 14724
658 66 2514 2520 68866 14728
659 66 2514 2520 69011 14745
660 67 2514 2520 69168 14775
661 67 2514 2520 69331 14795
662 67 2514 2520 69493 14825
663 67 2514 2520 69635 14835
664 67 2514 2520 69752 14869
665 67 2514 2520 69880 14885
666 67 2514 2520 70016 14890
667 68 2513 2520 70158 14912
668 68 2513 2520 70272 14927
669 68 2513 2520 70432 14960
670 68 2513 2520 70561 14974
671 68 2513 2520 70701 15004
672 68 2513 2520 70821 15020
673 68 2513 2520 70969 15047
674 68 2513 2520 71093 15069
675 68 2513 2520 71198 15087
676 68 2513 2520 71304 15101
677 68 2513 2520 71417 15115
678 70 2513 2520 71528 15147
679 70 2513 2520 71646 15166
680 70 2513 2520 71795 15196
681 70 2513 2520 71903 15232
682 70 2513 2520 72026 15241
683 70 2513 2520 72154 15264
684 70 2513 2520 72331 15279
685 70 2513 2520 72444 15321
686 70 2512 2520 72577 15336
687 70 2512 2520 72729 15354
688 70 2512 2520 72892 15371
689 71 2512 2520 73032 15388
690 71 2512 2520 73182 15420
691 71 2512 2520 73346 15442
692 71 2512 2520 73454 15465
693 71 2512 2520 73580 15472
694 71 2512 2520 73725 15490
695 71 2512 2520 73861 15520
696 71 2512 2520 74008 15548
697 72 2512 2520 74141 15553
698 72 2512 2520 74268 15568
699 72 2512 2520 74418 15597
700 72 2512 2520 74551 15609
701 72 2512 2520 74681 15636
702 72 2512 2520 74828 15657
703 72 2512 2520 74955 15671
704 72 2512 2520 75079 15673
705 72 2512 2520 75172 15675
706 72 2512 2520 75299 15694
707 72 2512 2520 75420 15717
708 72 2512 2520 75515 15727
709 72 2512 2520 75643 15745
710 72 2512 2520 75742 15775
711 72 2512 2520 75875 15800
712 72 2512 2520 75984 15817
713 72 2512 2520 76101 15836
714 72 2512 2520 76202 15855
715 72 2512 2520 76298 15881
716 72 2512 2520 76393 15885
717 72 2512 2520 76470 15900
718 72 2512 2520 76557 15918
719 73 2512 2520 76634 15928
720 73 2512 2520 76725 15943
721 73 2512 2520 76848 15974
722 73 2512 2520 76941 15992
723 73 2512 2520 77043 16021
724 73 2512 2520 77141 16038
725 73 2512 2520 77223 16051
726 73 2512 2520 77338 16058
727 73 2512 2520 77439 16070
728 73 2512 2520 77542 16091
729 73 2512 2520 77608 16091
730 73 2512 2520 77713 16127
731 73 2512 2520 77767 16130
732 73 2512 2520 77826 16136
733 73 2512 2520 77906 16155
734 73 2512 2520 77983 16172
735 73 2512 2520 78048 16175
736 73 2512 2520 78137 16224
737 73 2512 2520 78196 16229
738 73 2512 2520 78264 16223
739 73 2512 2520 78328 16223
740 73 2512 2520 78401 16239
741 73 2512 2520 78484 16250
742 73 2512 2520 78553 16263
743 73 2512 2520 78608 16269
744 73 2512 2520 78673 16284
745 74 2512 2520 78728 16303
746 74 2512 2520 78814 16320
747 74 2512 2520 78895 16356
748 74 2512 2520 78946 16351
749 74 2512 2520 79015 16372
750 74 2512 2520 79092 16397
751 74 2512 2520 79184 16402
752 74 2512 2520 79285 16438
753 74 2512 2520 79345 16452
754 74 2512 2520 79409 16475
755 74 2512 2520 79507 16511
756 74 2512 2520 79582 16536
757 74 2512 2520 79671 16563
758 74 2512 2520 79712 16549
759 74 2512 2520 79786 16577
760 74 2512 2520 79867 16583
761 74 2512 2520 79931 16618
762 74 2512 2520 79991 16606
763 74 2512 2520 80063 16627
764 74 2512 2520 80151 16642
765 74 2512 2520 80223 16664
766 74 2512 2520 80287 16677
767 75 2512 2520 80360 16682
768 75 2512 2520 80461 16707
769 76 2512 2520 80563 16725
770 76 2512 2520 80636 16727
771 76 2512 2520 80770 16746
772 76 2512 2520 80882 16770
773 76 2512 2520 80990 16791
774 76 2512 2520 81072 16799
775 76 2512 2520 81168 16810
776 76 2512 2520 81266 16820
777 76 2512 2520 81370 16821
778 76 2512 2520 81477 16847
779 76 2512 2520 81585 16864
780 76 2512 2520 81662 16859
781 76 2512 2520 81764 16888
782 76 2512 2520 81852 16910
783 76 2512 2520 81959 16925
784 76 2512 2520 82047 16946
785 76 2512 2520 82128 16961
786 76 2512 2520 82204 16969
787 76 2512 2520 82309 16998
788 76 2512 2520 82376 17003
789 78 2512 2520 82445 16990
790 78 2512 2520 82540 16995
791 79 2512 2520 82603 17018
792 79 2512 2520 82684 17027
793 80 2512 2520 82787 17016
794 80 2512 2520 82907 17027
795 80 2512 2520 83059 17062
796 80 2512 2520 83210 17080
797 80 2512 2520 83352 17098
798 80 2512 2520 83533 17132
799 80 2511 2520 83673 17150
800 80 2511 2520 83833 17164
801 80 2511 2520 84011 17199
802 80 2511 2520 84169 17234
803 80 2511 2520 84300 17250
804 80 2511 2520 84433 17266
805 80 2511 2520 84572 17285
806 80 2511 2520 84707 17282
807 80 2511 2520 84837 17277
808 80 2511 2520 84962 17309
809 80 2511 2520 85071 17325
810 80 2511 2520 85221 17334
811 80 2511 2520 85330 17357
812 80 2511 2520 85402 17365
813 80 2510 2520 85519 17397
814 80 2510 2520 85641 17390
815 80 2510 2520 85800 17410
816 80 2510 2520 85910 17416
817 80 2510 2520 86033 17449
818 80 2510 2520 86123 17467
819 80 2510 2520 86207 17470
820 80 2510 2520 86302 17468
821 81 2510 2520 86368 17481
822 81 2510 2520 86459 17480
823 81 2510 2520 86542 17491
824 81 2510 2520 86649 17528
825 82 2510 2520 86744 17536
826 82 2510 2520 86877 17554
827 82 2510 2520 86993 17574
828 82 2510 2520 87100 17585
829 82 2510 2520 87197 17601
830 82 2510 2520 87277 17613
831 82 2510 2520 87383 17635
832 82 2510 2520 87514 17670
833 83 2510 2520 87581 17672
834 83 2510 2520 87701 17686
835 83 2510 2520 87823 17704
836 83 2510 2520 87966 17720
837 83 2510 2520 88090 17741
838 83 2510 2520 88219 17776
839 83 2510 2520 88361 17813
840 84 2510 2520 88499 17843
841 84 2510 2520 88607 17866
842 84 2510 2520 88750 17894
843 84 2510 2520 88866 17898
844 84 2510 2520 89002 17915
845 84 2510 2520 89116 17913
846 84 2510 2520 89237 17944
847 85 2510 2520 89338 17951
848 85 2510 2520 89465 17973
849 85 2510 2520 89585 17988
850 85 2510 2520 89718 18014
851 85 2510 2520 89854 18036
852 85 2510 2520 89991 18044
853 85 2510 2520 90120 18044
854 86 2510 2520 90245 18054
855 86 2510 2520 90386 18055
856 87 2510 2520 90506 18071
857 87 2510 2520 90645 18109
858 87 2510 2520 90798 18121
859 87 2510 2520 90938 18144
860 88 2510 2520 91091 18178
861 88 2510 2520 91278 18203
862 88 2510 2520 91417 18232
863 88 2510 2520 91593 18266
864 88 2510 2520 91736 18290
865 88 2510 2520 91924 18351
866 88 2510 2520 92088 18370
867 88 2510 2520 92244 18403
868 88 2510 2520 92384 18438
869 88 2510 2520 92536 18467
870 88 2510 2520 92710 18485
871 88 2510 2520 92862 18509
872 88 2510 2520 93035 18542
873 88 2510 2520 93201 18568
874 89 2510 2520 93359 18615
875 89 2510 2520 93530 18645
876 89 2510 2520 93681 18673
877 89 2510 2520 93842 18701
878 89 2510 2520 94039 18720
879 89 2510 2520 94177 18749
880 89 2510 2520 94320 18767
881 89 2510 2520 94432 18791
882 89 2510 2520 94596 18814
883 89 2510 2520 94752 18827
884 89 2510 2520 94871 18854
885 89 2510 2520 94988 18865
886 89 2510 2520 95105 18867
887 89 2510 2520 95249 18870
888 89 2510 2520 95380 18880
889 89 2510 2520 95489 18898
890 90 2510 2520 95634 18898
891 90 2510 2520 95773 18906
892 90 2510 2520 95894 18923
893 90 2510 2520 96013 18963
894 90 2510 2520 96170 18988
895 90 2510 2520 96280 19005
896 90 2510 2520 96390 19022
897 90 2510 2520 96518 19051
898 90 2510 2520 96631 19067
899 90 2510 2520 96746 19092
900 90 2510 2520 96867 19120
901 90 2510 2520 96956 19134
902 90 2510 2520 97069 19140
903 90 2510 2520 97148 19159
904 91 2510 2520 97267 19168
905 91 2510 2520 97377 19196
906 91 2510 2520 97550 19232
907 91 2510 2520 97672 19257
908 91 2510 2520 97791 19287
909 92 2510 2520 97926 19308
910 92 2510 2520 98076 19337
911 93 2510 2520 98231 19378
912 93 2510 2520 98388 19423
913 93 2510 2520 98488 19428
914 93 2510 2520 98602 19443
915 94 2510 2520 98723 19423
916 94 2510 2520 98878 19433
917 94 2510 2520 99025 19462
918 94 2510 2520 99168 19487
919 94 2510 2520 99312 19510
920 94 2510 2520 99445 19548
921 94 2510 2520 99582 19567
922 94 2510 2520 99720 19576
923 94 2510 2520 99853 19596
924 94 2510 2520 99979 19610
925 95 2510 2520 100116 19645
926 95 2510 2520 100254 19685
927 95 2510 2520 100399 19725
928 95 2510 2520 100533 19754
929 95 2510 2520 100681 19771
930 95 2510 2520 100849 19796
931 95 2510 2520 100994 19836
932 96 2510 2520 101135 19859
933 96 2510 2520 101274 19897
934 96 2510 2520 101441 19932
935 96 2510 2520 101611 19961
936 97 2510 2520 101765 19998
937 97 2510 2520 101902 20025
938 97 2510 2520 102064 20052
939 97 2510 2520 102212 20070
940 97 2510 2520 102363 20096
941 98 2510 2520 102518 20125
942 98 2510 2520 102709 20140
943 98 2510 2520 102887 20150
944 98 2510 2520 103048 20180
945 98 2510 2520 103239 20233
946 98 2510 2520 103391 20278
947 98 2510 2520 103586 20305
948 98 2510 2520 103738 20338
949 98 2510 2520 103902 20373
950 98 2510 2520 104043 20401
951 98 2510 2520 104189 20422
952 99 2510 2520 104348 20449
953 99 2510 2520 104497 20471
954 99 2510 2520 104700 20502
955 99 2510 2520 104856 20534
956 99 2510 2520 105043 20581
957 99 2510 2520 105230 20617
958 99 2510 2520 105407 20654
959 100 2510 2520 105549 20687
960 100 2510 2520 105697 20697
961 100 2510 2520 105863 20717
962 100 2510 2520 106005 20720
963 100 2510 2520 106160 20754
964 100 2510 2520 106317 20791
965 100 2510 2520 106454 20817
966 101 2510 2520 106625 20838
967 101 2510 2520 106777 20839
968 101 2510 2520 106930 20866
969 101 2510 2520 107077 20911
970 102 2510 2520 107247 20947
971 103 2510 2520 107443 20972
972 103 2510 2520 107642 21015
973 103 2510 2520 107859 21044
974 103 2510 2520 108091 21091
975 103 2509 2520 108282 21129
976 103 2509 2520 108474 21151
977 103 2509 2520 108680 21182
978 103 2509 2520 108882 21207
979 103 2509 2520 109059 21233
980 103 2509 2520 109236 21255
981 103 2509 2520 109427 21317
982 103 2509 2520 109596 21327
983 103 2509 2520 109741 21348
984 103 2509 2520 109897 21354
985 103 2509 2520 110065 21376
986 103 2509 2520 110196 21395
987 103 2509 2520 110389 21413
988 103 2509 2520 110520 21422
989 103 2509 2520 110618 21441
990 103 2509 2520 110743 21468
991 103 2509 2520 110844 21497
992 103 2509 2520 110983 21528
993 103 2509 2520 111084 21545
994 103 2509 2520 111207 21565
995 103 2509 2520 111327 21579
996 104 2509 2520 111422 21595
997 104 2509 2520 111560 21605
998 104 2509 2520 111676 21640
999 104 2509 2520 111780 21669
1000 104 2509 2520 111895 21686
