0 1 2519 2520 796 500
1 1 2519 2520 806 508
2 1 2519 2520 825 522
3 1 2519 2520 846 534
4 1 2519 2520 863 545
5 1 2519 2520 881 555
6 1 2519 2520 909 579
7 1 2519 2520 935 590
8 1 2519 2520 962 606
9 1 2519 2520 987 614
10 1 2519 2520 1004 622
11 1 2519 2520 1018 629
12 1 2519 2520 1043 639
13 1 2519 2520 1059 648
14 1 2519 2520 1081 652
15 1 2519 2520 1114 665
16 1 2519 2520 1142 676
17 1 2519 2520 1150 674
18 1 2519 2520 1159 684
19 1 2519 2520 1170 685
20 1 2519 2520 1185 689
21 1 2519 2520 1205 693
22 1 2519 2520 1233 703
23 2 2519 2520 1249 707
24 2 2519 2520 1275 714
25 2 2519 2520 1346 745
26 2 2519 2520 1424 775
27 2 2519 2520 1492 798
28 2 2519 2520 1582 828
29 2 2519 2520 1649 851
30 2 2519 2520 1716 878
31 2 2519 2520 1783 904
32 2 2519 2520 1852 917
33 2 2519 2520 1914 939
34 2 2519 2520 1986 955
35 2 2519 2520 2025 960
36 2 2519 2520 2076 975
37 2 2519 2520 2129 982
38 2 2519 2520 2169 997
39 2 2519 2520 2209 1009
40 2 2519 2520 2258 1017
41 2 2519 2520 2289 1023
42 2 2519 2520 2310 1025
43 2 2519 2520 2339 1027
44 2 2519 2520 2372 1036
45 2 2519 2520 2414 1043
46 2 2519 2520 2447 1047
47 3 2519 2520 2472 1056
48 3 2519 2520 2498 1068
49 4 2519 2520 2570 1095
50 4 2519 2520 2638 1123
51 4 2519 2520 2738 1167
52 4 2519 2520 2850 1198
53 4 2519 2520 2950 1218
54 4 2519 2520 3055 1243
55 4 2519 2520 3165 1287
56 4 2519 2520 3267 1314
57 4 2519 2520 3364 1340
58 4 2519 2520 3494 1377
59 4 2519 2520 3607 1414
60 4 2519 2520 3704 1444
61 4 2519 2520 3824 1480
62 4 2519 2520 3917 1501
63 4 2519 2520 4007 1528
64 4 2519 2520 4107 1549
65 4 2519 2520 4194 1565
66 4 2519 2520 4273 1581
67 4 2519 2520 4355 1603
68 4 2519 2520 4436 1618
69 4 2519 2520 4499 1643
70 4 2519 2520 4571 1670
71 5 2519 2520 4623 1682
72 5 2519 2520 4687 1711
73 5 2519 2520 4784 1757
74 5 2519 2520 4852 1784
75 6 2519 2520 4923 1797
76 6 2519 2520 4991 1805
77 6 2519 2520 5087 1815
78 7 2519 2520 5181 1833
79 7 2519 2520 5314 1865
80 7 2519 2520 5449 1900
81 7 2518 2520 5587 1938
82 8 2518 2520 5742 1960
83 8 2518 2520 5901 2002
84 8 2518 2520 6066 2047
85 8 2518 2520 6241 2089
86 8 2518 2520 6416 2117
87 8 2517 2520 6613 2142
88 8 2517 2520 6796 2170
89 8 2517 2520 6958 2200
90 8 2517 2520 7143 2226
91 8 2517 2520 7327 2261
92 8 2517 2520 7477 2278
93 8 2517 2520 7613 2311
94 8 2517 2520 7768 2321
95 8 2517 2520 7901 2335
96 8 2517 2520 8006 2354
97 8 2517 2520 8132 2385
98 8 2517 2520 8221 2389
99 9 2517 2520 8339 2396
100 9 2517 2520 8461 2426
101 9 2517 2520 8589 2458
102 9 2517 2520 8703 2497
103 9 2517 2520 8835 2535
104 9 2517 2520 8941 2552
105 9 2517 2520 9062 2588
106 9 2517 2520 9142 2599
107 9 2517 2520 9245 2626
108 9 2517 2520 9357 2653
109 9 2517 2520 9459 2681
110 9 2517 2520 9543 2702
111 9 2517 2520 9620 2712
112 9 2517 2520 9706 2747
113 10 2517 2520 9799 2766
114 11 2517 2520 9895 2795
115 11 2517 2520 10018 2830
116 11 2517 2520 10127 2868
117 11 2517 2520 10239 2910
118 11 2517 2520 10367 2950
119 11 2517 2520 10470 2956
120 11 2517 2520 10598 2990
121 11 2517 2520 10713 3010
122 11 2517 2520 10817 3025
123 11 2517 2520 10909 3033
124 13 2517 2520 11038 3070
125 13 2517 2520 11146 3084
126 13 2517 2520 11272 3102
127 13 2517 2520 11401 3128
128 13 2517 2520 11533 3134
129 13 2517 2520 11639 3162
130 13 2516 2520 11761 3186
131 14 2516 2520 11885 3209
132 14 2516 2520 12043 3225
133 14 2516 2520 12227 3257
134 14 2516 2520 12385 3285
135 14 2516 2520 12559 3318
136 14 2516 2520 12674 3347
137 14 2516 2520 12818 3371
138 14 2516 2520 12962 3395
139 14 2516 2520 13091 3426
140 14 2516 2520 13202 3443
141 14 2516 2520 13320 3463
142 14 2516 2520 13463 3473
143 14 2516 2520 13580 3491
144 15 2516 2520 13689 3523
145 15 2516 2520 13809 3543
146 15 2516 2520 13942 3588
147 15 2516 2520 14078 3625
148 15 2516 2520 14185 3641
149 15 2516 2520 14313 3689
150 15 2516 2520 14443 3705
151 15 2516 2520 14550 3730
152 15 2516 2520 14643 3747
153 15 2516 2520 14749 3774
154 15 2516 2520 14846 3787
155 15 2516 2520 14936 3827
156 15 2516 2520 15008 3828
157 15 2516 2520 15084 3837
158 16 2516 2520 15155 3855
159 16 2516 2520 15257 3871
160 16 2516 2520 15342 3903
161 16 2516 2520 15449 3930
162 16 2516 2520 15540 3969
163 16 2516 2520 15650 4007
164 16 2516 2520 15744 4020
165 16 2516 2520 15862 4042
166 16 2516 2520 15943 4069
167 16 2516 2520 16037 4096
168 16 2516 2520 16155 4124
169 16 2516 2520 16253 4151
170 16 2516 2520 16319 4161
171 16 2516 2520 16407 4193
172 16 2516 2520 16461 4201
173 16 2516 2520 16547 4206
174 16 2516 2520 16626 4220
175 16 2516 2520 16729 4246
176 16 2516 2520 16803 4267
177 17 2516 2520 16881 4286
178 17 2516 2520 16964 4311
179 17 2516 2520 17046 4338
180 17 2516 2520 17133 4354
181 17 2516 2520 17229 4380
182 17 2516 2520 17323 4410
183 17 2516 2520 17402 4426
184 17 2516 2520 17498 4464
185 17 2516 2520 17598 4501
186 17 2516 2520 17683 4520
187 17 2516 2520 17792 4544
188 17 2516 2520 17881 4554
189 17 2516 2520 17936 4567
190 17 2516 2520 17989 4579
191 17 2516 2520 18073 4601
192 17 2516 2520 18145 4626
193 17 2516 2520 18204 4640
194 18 2516 2520 18262 4649
195 18 2516 2520 18351 4679
196 18 2516 2520 18417 4702
197 18 2516 2520 18488 4714
198 18 2516 2520 18560 4721
199 18 2516 2520 18634 4746
200 18 2516 2520 18711 4766
201 18 2516 2520 18785 4807
202 18 2516 2520 18866 4819
203 19 2516 2520 18921 4843
204 19 2516 2520 18968 4849
205 20 2516 2520 19050 4862
206 20 2516 2520 19156 4889
207 20 2516 2520 19267 4919
208 20 2516 2520 19406 4973
209 22 2516 2520 19510 4996
210 22 2516 2520 19650 5033
211 22 2516 2520 19793 5074
212 22 2516 2520 19926 5097
213 22 2516 2520 20087 5131
214 23 2516 2520 20263 5151
215 23 2516 2520 20398 5178
216 23 2516 2520 20574 5215
217 23 2516 2520 20729 5255
218 23 2516 2520 20875 5279
219 23 2516 2520 21035 5329
220 23 2516 2520 21193 5348
221 23 2516 2520 21358 5388
222 23 2516 2520 21480 5411
223 23 2516 2520 21644 5444
224 23 2516 2520 21803 5459
225 23 2516 2520 21954 5489
226 23 2516 2520 22060 5507
227 23 2516 2520 22174 5520
228 23 2516 2520 22278 5549
229 23 2516 2520 22394 5579
230 23 2516 2520 22490 5586
231 23 2516 2520 22631 5602
232 23 2516 2520 22754 5616
233 23 2516 2520 22866 5660
234 23 2516 2520 22955 5662
235 23 2516 2520 23062 5677
236 23 2516 2520 23137 5686
237 23 2516 2520 23221 5701
238 23 2516 2520 23326 5729
239 23 2516 2520 23421 5735
240 23 2516 2520 23518 5767
241 23 2516 2520 23624 5776
242 24 2516 2520 23714 5799
243 24 2516 2520 23820 5822
244 24 2516 2520 23911 5849
245 25 2516 2520 24011 5879
246 25 2516 2520 24109 5897
247 25 2516 2520 24221 5933
248 25 2516 2520 24351 5948
249 25 2516 2520 24488 5958
250 25 2516 2520 24607 5972
251 25 2516 2520 24748 6000
252 25 2516 2520 24858 6014
253 25 2516 2520 24993 6049
254 25 2516 2520 25123 6057
255 25 2516 2520 25266 6082
256 25 2516 2520 25347 6096
257 25 2516 2520 25469 6119
258 25 2516 2520 25586 6142
259 25 2516 2520 25680 6167
260 25 2516 2520 25771 6177
261 25 2516 2520 25853 6202
262 25 2516 2520 25948 6212
263 25 2516 2520 26039 6235
264 25 2516 2520 26127 6252
265 25 2516 2520 26189 6273
266 26 2516 2520 26269 6300
267 26 2516 2520 26351 6320
268 26 2516 2520 26432 6327
269 26 2516 2520 26512 6344
270 26 2516 2520 26580 6363
271 26 2516 2520 26684 6383
272 26 2516 2520 26760 6406
273 26 2516 2520 26835 6416
274 26 2516 2520 26910 6430
275 26 2516 2520 26968 6447
276 27 2516 2520 27080 6471
277 27 2516 2520 27150 6477
278 27 2516 2520 27234 6485
279 27 2516 2520 27309 6501
280 27 2516 2520 27407 6520
281 27 2516 2520 27477 6525
282 27 2516 2520 27559 6541
283 27 2516 2520 27665 6576
284 28 2516 2520 27761 6597
285 28 2516 2520 27846 6609
286 29 2516 2520 27931 6643
287 29 2516 2520 28046 6668
288 29 2516 2520 28178 6676
289 29 2516 2520 28306 6709
290 29 2516 2520 28431 6754
291 29 2516 2520 28563 6794
292 30 2516 2520 28689 6832
293 30 2516 2520 28827 6867
294 30 2516 2520 28992 6879
295 30 2516 2520 29147 6904
296 30 2516 2520 29280 6925
297 30 2516 2520 29409 6948
298 30 2516 2520 29561 6976
299 30 2516 2520 29740 7021
300 30 2516 2520 29868 7053
301 30 2516 2520 30022 7070
302 30 2516 2520 30160 7114
303 30 2516 2520 30261 7108
304 30 2516 2520 30368 7139
305 30 2516 2520 30497 7151
306 30 2516 2520 30610 7188
307 30 2516 2520 30731 7212
308 30 2516 2520 30825 7233
309 30 2516 2520 30912 7252
310 30 2516 2520 30983 7264
311 30 2516 2520 31094 7282
312 30 2516 2520 31187 7303
313 30 2516 2520 31274 7320
314 30 2516 2520 31352 7331
315 30 2516 2520 31438 7342
316 31 2516 2520 31515 7350
317 31 2516 2520 31615 7367
318 31 2516 2520 31703 7376
319 31 2516 2520 31803 7384
320 31 2516 2520 31899 7403
321 33 2516 2520 32025 7432
322 33 2516 2520 32148 7435
323 33 2516 2520 32317 7461
324 33 2516 2520 32450 7483
325 33 2516 2520 32577 7505
326 33 2516 2520 32703 7514
327 33 2516 2520 32828 7533
328 34 2516 2520 32957 7551
329 34 2516 2520 33082 7578
330 34 2516 2520 33197 7603
331 34 2516 2520 33310 7615
332 34 2516 2520 33449 7634
333 34 2516 2520 33611 7665
334 34 2516 2520 33747 7684
335 34 2515 2520 33884 7715
336 34 2515 2520 34044 7734
337 34 2515 2520 34164 7749
338 34 2515 2520 34312 7775
339 34 2515 2520 34484 7784
340 35 2515 2520 34629 7797
341 35 2515 2520 34727 7811
342 35 2515 2520 34852 7824
343 35 2515 2520 34973 7845
344 35 2515 2520 35120 7860
345 35 2515 2520 35244 7893
346 35 2515 2520 35346 7912
347 35 2515 2520 35471 7938
348 35 2515 2520 35577 7960
349 35 2515 2520 35700 7974
350 35 2515 2520 35806 8000
351 35 2515 2520 35884 8008
352 36 2515 2520 35979 8039
353 36 2515 2520 36091 8057
354 36 2515 2520 36208 8076
355 36 2515 2520 36310 8095
356 36 2515 2520 36427 8135
357 36 2515 2520 36545 8171
358 36 2515 2520 36630 8193
359 37 2515 2520 36721 8213
360 37 2515 2520 36821 8257
361 37 2515 2520 36908 8286
362 37 2515 2520 36980 8314
363 37 2515 2520 37087 8349
364 37 2515 2520 37196 8371
365 37 2515 2520 37313 8415
366 37 2515 2520 37410 8432
367 37 2515 2520 37505 8453
368 37 2515 2520 37617 8489
369 37 2515 2520 37704 8506
370 37 2515 2520 37810 8537
371 37 2515 2520 37887 8542
372 37 2515 2520 37976 8570
373 37 2515 2520 38058 8593
374 37 2515 2520 38143 8596
375 37 2515 2520 38212 8620
376 38 2515 2520 38313 8634
377 38 2515 2520 38374 8644
378 38 2515 2520 38464 8662
379 38 2515 2520 38552 8690
380 38 2515 2520 38648 8729
381 39 2515 2520 38707 8743
382 39 2515 2520 38796 8769
383 39 2515 2520 38890 8779
384 39 2515 2520 39033 8813
385 39 2515 2520 39149 8841
386 39 2515 2520 39268 8876
387 39 2515 2520 39374 8895
388 39 2515 2520 39487 8922
389 39 2515 2520 39618 8962
390 39 2515 2520 39699 8986
391 39 2515 2520 39799 9025
392 39 2515 2520 39899 9052
393 39 2515 2520 40009 9096
394 39 2515 2520 40110 9118
395 39 2515 2520 40202 9140
396 40 2515 2520 40299 9151
397 40 2515 2520 40372 9177
398 40 2515 2520 40476 9200
399 40 2515 2520 40585 9237
400 40 2515 2520 40680 9257
401 40 2515 2520 40801 9264
402 40 2515 2520 40879 9268
403 40 2515 2520 40979 9287
404 40 2515 2520 41057 9306
405 40 2515 2520 41155 9320
406 40 2515 2520 41234 9343
407 40 2515 2520 41318 9365
408 40 2515 2520 41402 9377
409 40 2515 2520 41472 9396
410 40 2515 2520 41542 9394
411 40 2515 2520 41620 9413
412 41 2515 2520 41689 9407
413 41 2515 2520 41810 9446
414 41 2515 2520 41898 9469
415 41 2515 2520 41987 9487
416 41 2515 2520 42055 9495
417 41 2515 2520 42144 9519
418 41 2515 2520 42221 9528
419 41 2515 2520 42293 9548
420 41 2515 2520 42415 9563
421 41 2515 2520 42516 9583
422 41 2515 2520 42622 9598
423 41 2515 2520 42713 9609
424 41 2515 2520 42806 9631
425 41 2515 2520 42877 9647
426 41 2515 2520 42932 9646
427 41 2515 2520 43011 9658
428 41 2515 2520 43071 9669
429 41 2515 2520 43107 9671
430 41 2515 2520 43165 9685
431 41 2515 2520 43241 9701
432 41 2515 2520 43301 9714
433 41 2515 2520 43359 9735
434 41 2515 2520 43435 9737
435 41 2515 2520 43513 9738
436 41 2515 2520 43594 9761
437 42 2515 2520 43649 9757
438 42 2515 2520 43733 9784
439 42 2515 2520 43819 9795
440 43 2515 2520 43915 9836
441 43 2515 2520 43994 9855
442 44 2515 2520 44108 9881
443 44 2515 2520 44229 9916
444 44 2515 2520 44334 9941
445 44 2515 2520 44448 9964
446 44 2515 2520 44555 9979
447 44 2515 2520 44678 10005
448 45 2515 2520 44796 10016
449 45 2515 2520 44932 10028
450 45 2515 2520 45069 10049
451 45 2515 2520 45217 10078
452 46 2515 2520 45361 10094
453 46 2515 2520 45476 10123
454 46 2515 2520 45635 10136
455 46 2515 2520 45781 10172
456 46 2515 2520 45923 10183
457 46 2515 2520 46084 10218
458 46 2515 2520 46246 10247
459 46 2514 2520 46393 10283
460 46 2514 2520 46559 10314
461 46 2514 2520 46695 10312
462 46 2514 2520 46807 10351
463 46 2514 2520 46951 10387
464 46 2514 2520 47093 10415
465 46 2514 2520 47205 10435
466 46 2514 2520 47313 10448
467 46 2514 2520 47432 10454
468 46 2514 2520 47534 10456
469 46 2514 2520 47650 10473
470 46 2514 2520 47740 10498
471 46 2514 2520 47836 10528
472 46 2514 2520 47926 10549
473 46 2514 2520 48014 10559
474 46 2514 2520 48105 10569
475 46 2514 2520 48202 10591
476 46 2514 2520 48279 10599
477 46 2514 2520 48372 10614
478 46 2514 2520 48473 10617
479 46 2514 2520 48561 10639
480 47 2514 2520 48642 10637
481 47 2514 2520 48735 10648
482 47 2514 2520 48830 10691
483 47 2514 2520 48917 10705
484 47 2514 2520 49002 10720
485 47 2514 2520 49095 10732
486 48 2514 2520 49198 10746
487 48 2514 2520 49324 10771
488 48 2514 2520 49453 10795
489 48 2514 2520 49593 10814
490 48 2514 2520 49722 10848
491 48 2514 2520 49842 10866
492 48 2514 2520 49964 10889
493 48 2514 2520 50084 10905
494 48 2514 2520 50194 10929
495 48 2514 2520 50305 10963
496 48 2514 2520 50416 10984
497 48 2514 2520 50525 11010
498 48 2514 2520 50626 11029
499 48 2514 2520 50728 11055
500 48 2514 2520 50845 11076
501 48 2514 2520 50931 11099
502 48 2514 2520 51030 11131
503 48 2514 2520 51121 11151
504 48 2514 2520 51222 11176
505 48 2514 2520 51321 11188
506 48 2514 2520 51416 11209
507 48 2514 2520 51493 11222
508 48 2514 2520 51591 11247
509 48 2514 2520 51683 11272
510 48 2514 2520 51754 11278
511 48 2514 2520 51858 11301
512 48 2514 2520 51946 11316
513 49 2514 2520 52028 11333
514 49 2514 2520 52091 11350
515 49 2514 2520 52172 11360
516 49 2514 2520 52270 11373
517 49 2514 2520 52367 11420
518 49 2514 2520 52461 11434
519 49 2514 2520 52562 11469
520 49 2514 2520 52636 11496
521 50 2514 2520 52730 11520
522 50 2514 2520 52821 11539
523 50 2514 2520 52916 11573
524 51 2514 2520 52996 11602
525 51 2514 2520 53111 11619
526 52 2514 2520 53231 11636
527 52 2514 2520 53333 11652
528 52 2514 2520 53454 11674
529 53 2514 2520 53591 11715
530 53 2514 2520 53711 11731
531 53 2514 2520 53836 11744
532 53 2514 2520 53974 11760
533 53 2514 2520 54068 11782
534 53 2514 2520 54187 11785
535 53 2514 2520 54315 11799
536 53 2514 2520 54456 11820
537 53 2514 2520 54621 11838
538 53 2514 2520 54780 11858
539 53 2514 2520 54905 11867
540 53 2514 2520 55054 11892
541 53 2514 2520 55170 11911
542 53 2514 2520 55301 11924
543 53 2514 2520 55401 11942
544 53 2514 2520 55520 11967
545 53 2514 2520 55627 11963
546 53 2514 2520 55732 11974
547 53 2514 2520 55842 11998
548 53 2514 2520 55941 12022
549 53 2514 2520 56017 12046
550 53 2514 2520 56148 12074
551 53 2514 2520 56236 12088
552 53 2514 2520 56295 12099
553 54 2514 2520 56392 12103
554 54 2514 2520 56493 12129
555 55 2514 2520 56610 12157
556 55 2514 2520 56756 12163
557 55 2514 2520 56879 12193
558 55 2514 2520 56991 12221
559 55 2514 2520 57106 12255
560 55 2514 2520 57211 12285
561 55 2514 2520 57332 12306
562 55 2514 2520 57461 12336
563 55 2514 2520 57547 12349
564 55 2514 2520 57664 12358
565 55 2514 2520 57780 12380
566 55 2514 2520 57888 12390
567 55 2514 2520 57998 12400
568 55 2514 2520 58090 12416
569 55 2514 2520 58176 12423
570 55 2514 2520 58291 12428
571 55 2514 2520 58379 12448
572 55 2514 2520 58462 12446
573 55 2514 2520 58543 12462
574 55 2514 2520 58608 12466
575 55 2514 2520 58689 12495
576 55 2514 2520 58778 12515
577 56 2514 2520 58884 12533
578 56 2514 2520 58976 12552
579 56 2514 2520 59053 12562
580 56 2514 2520 59134 12579
581 56 2514 2520 59230 12585
582 57 2514 2520 59318 12602
583 57 2514 2520 59420 12612
584 57 2514 2520 59502 12627
585 57 2514 2520 59592 12644
586 57 2514 2520 59692 12660
587 57 2514 2520 59820 12679
588 57 2513 2520 59915 12708
589 57 2513 2520 59995 12739
590 57 2513 2520 60093 12769
591 57 2513 2520 60201 12771
592 57 2513 2520 60323 12790
593 57 2513 2520 60410 12788
594 57 2513 2520 60508 12799
595 57 2513 2520 60635 12818
596 57 2513 2520 60716 12833
597 57 2513 2520 60805 12855
598 57 2513 2520 60910 12872
599 57 2513 2520 61008 12877
600 57 2512 2520 61106 12883
601 57 2512 2520 61212 12890
602 57 2512 2520 61286 12897
603 57 2512 2520 61381 12906
604 57 2512 2520 61433 12920
605 57 2512 2520 61530 12931
606 57 2512 2520 61628 12941
607 57 2512 2520 61709 12935
608 57 2512 2520 61793 12947
609 57 2512 2520 61895 12950
610 58 2512 2520 61989 12950
611 59 2512 2520 62082 12965
612 59 2512 2520 62170 12976
613 59 2512 2520 62273 12988
614 59 2512 2520 62369 13007
615 59 2512 2520 62477 13024
616 59 2512 2520 62582 13049
617 59 2512 2520 62676 13058
618 59 2512 2520 62795 13099
619 59 2512 2520 62875 13118
620 59 2512 2520 62992 13130
621 59 2512 2520 63086 13138
622 60 2512 2520 63201 13157
623 60 2512 2520 63313 13170
624 60 2512 2520 63419 13170
625 61 2512 2520 63513 13184
626 61 2512 2520 63616 13215
627 61 2512 2520 63714 13239
628 61 2512 2520 63862 13262
629 61 2512 2520 63973 13268
630 61 2512 2520 64046 13275
631 61 2512 2520 64159 13300
632 61 2512 2520 64300 13329
633 61 2512 2520 64419 13345
634 61 2512 2520 64542 13365
635 61 2512 2520 64651 13384
636 61 2512 2520 64758 13397
637 62 2512 2520 64892 13423
638 62 2512 2520 65017 13431
639 62 2512 2520 65143 13458
640 62 2512 2520 65253 13467
641 63 2512 2520 65374 13489
642 63 2512 2520 65497 13501
643 63 2512 2520 65604 13524
644 63 2512 2520 65728 13543
645 64 2512 2520 65853 13557
646 64 2512 2520 65975 13575
647 64 2512 2520 66143 13608
648 64 2512 2520 66306 13636
649 64 2512 2520 66409 13653
650 64 2512 2520 66537 13671
651 64 2512 2520 66684 13724
652 64 2512 2520 66814 13762
653 64 2512 2520 66928 13786
654 64 2512 2520 67038 13798
655 64 2512 2520 67150 13832
656 64 2512 2520 67306 13857
657 64 2512 2520 67419 13876
658 64 2512 2520 67545 13896
659 64 2512 2520 67630 13898
660 64 2512 2520 67734 13933
661 64 2512 2520 67826 13959
662 65 2512 2520 67906 13957
663 65 2512 2520 68010 13985
664 65 2512 2520 68083 13997
665 65 2512 2520 68200 14017
666 65 2512 2520 68302 14029
667 65 2512 2520 68380 14069
668 65 2512 2520 68489 14082
669 65 2512 2520 68592 14115
670 65 2512 2520 68706 14148
671 65 2512 2520 68805 14158
672 65 2512 2520 68876 14169
673 65 2512 2520 68958 14178
674 65 2512 2520 69039 14188
675 65 2512 2520 69130 14214
676 65 2512 2520 69219 14224
677 65 2512 2520 69293 14233
678 65 2512 2520 69397 14242
679 65 2512 2520 69479 14265
680 66 2512 2520 69562 14276
681 66 2512 2520 69628 14286
682 66 2512 2520 69709 14311
683 66 2512 2520 69799 14312
684 67 2512 2520 69887 14334
685 67 2512 2520 69974 14350
686 67 2512 2520 70070 14369
687 67 2512 2520 70155 14387
688 68 2512 2520 70261 14414
689 68 2512 2520 70367 14424
690 68 2512 2520 70501 14452
691 68 2512 2520 70627 14469
692 68 2512 2520 70745 14497
693 68 2512 2520 70884 14522
694 68 2512 2520 71006 14559
695 68 2512 2520 71120 14589
696 68 2512 2520 71223 14611
697 68 2512 2520 71346 14641
698 68 2512 2520 71458 14644
699 68 2512 2520 71553 14687
700 68 2512 2520 71681 14726
701 68 2512 2520 71809 14764
702 68 2512 2520 71891 14782
703 68 2512 2520 71981 14789
704 68 2512 2520 72082 14809
705 68 2512 2520 72194 14817
706 68 2512 2520 72259 14823
707 68 2512 2520 72322 14846
708 68 2512 2520 72390 14869
709 68 2512 2520 72472 14898
710 68 2512 2520 72572 14898
711 68 2512 2520 72660 14928
712 68 2512 2520 72749 14951
713 68 2512 2520 72832 14961
714 68 2512 2520 72886 14971
715 68 2512 2520 72952 14976
716 68 2512 2520 73037 14994
717 68 2512 2520 73117 15015
718 68 2512 2520 73192 15020
719 68 2512 2520 73250 15023
720 68 2512 2520 73315 15033
721 68 2512 2520 73388 15041
722 68 2512 2520 73451 15044
723 68 2512 2520 73527 15054
724 68 2512 2520 73581 15057
725 68 2512 2520 73659 15057
726 68 2512 2520 73725 15071
727 68 2512 2520 73790 15083
728 68 2512 2520 73856 15098
729 68 2512 2520 73902 15108
730 68 2512 2520 73979 15123
731 68 2512 2520 74044 15139
732 68 2512 2520 74110 15152
733 68 2512 2520 74186 15164
734 68 2512 2520 74241 15176
735 68 2512 2520 74312 15200
736 68 2512 2520 74360 15206
737 68 2512 2520 74423 15211
738 68 2512 2520 74490 15222
739 68 2512 2520 74560 15225
740 68 2512 2520 74619 15253
741 69 2512 2520 74670 15265
742 70 2512 2520 74742 15274
743 70 2512 2520 74804 15285
744 71 2512 2520 74887 15298
745 71 2512 2520 74991 15323
746 71 2512 2520 75084 15337
747 71 2512 2520 75191 15353
748 71 2512 2520 75266 15368
749 71 2512 2520 75355 15370
750 71 2512 2520 75447 15370
751 71 2512 2520 75542 15367
752 71 2512 2520 75650 15375
753 71 2512 2520 75768 15385
754 71 2512 2520 75857 15396
755 71 2512 2520 75974 15415
756 71 2512 2520 76042 15420
757 71 2512 2520 76132 15438
758 71 2512 2520 76229 15461
759 71 2512 2520 76352 15480
760 71 2512 2520 76446 15495
761 71 2512 2520 76552 15507
762 72 2512 2520 76645 15522
763 72 2512 2520 76760 15544
764 72 2512 2520 76859 15568
765 72 2512 2520 76959 15572
766 72 2512 2520 77060 15592
767 72 2512 2520 77133 15591
768 72 2512 2520 77212 15592
769 72 2512 2520 77300 15606
770 73 2512 2520 77394 15640
771 74 2512 2520 77485 15655
772 74 2512 2520 77574 15689
773 74 2512 2520 77692 15719
774 74 2512 2520 77832 15750
775 74 2512 2520 77969 15792
776 74 2512 2520 78085 15812
777 74 2512 2520 78225 15841
778 74 2512 2520 78338 15874
779 74 2512 2520 78456 15902
780 74 2512 2520 78556 15927
781 74 2512 2520 78709 15941
782 74 2512 2520 78822 15963
783 75 2512 2520 78912 15976
784 75 2512 2520 79059 16004
785 75 2512 2520 79198 16034
786 76 2512 2520 79334 16051
787 76 2512 2520 79457 16060
788 76 2512 2520 79604 16100
789 76 2512 2520 79746 16129
790 76 2512 2520 79879 16159
791 76 2512 2520 80028 16170
792 76 2512 2520 80115 16196
793 76 2512 2520 80225 16234
794 76 2512 2520 80354 16249
795 76 2512 2520 80492 16296
796 76 2512 2520 80596 16319
797 78 2512 2520 80711 16344
798 78 2512 2520 80827 16362
799 78 2512 2520 80996 16383
800 78 2512 2520 81151 16428
801 78 2512 2520 81292 16448
802 78 2512 2520 81444 16465
803 78 2512 2520 81620 16513
804 78 2512 2520 81754 16550
805 79 2512 2520 81884 16585
806 79 2512 2520 82022 16611
807 79 2512 2520 82196 16651
808 79 2512 2520 82370 16684
809 79 2512 2520 82547 16729
810 79 2512 2520 82693 16749
811 79 2512 2520 82874 16780
812 79 2512 2520 83061 16817
813 79 2512 2520 83221 16835
814 79 2512 2520 83353 16862
815 79 2512 2520 83495 16885
816 79 2512 2520 83616 16927
817 79 2512 2520 83749 16959
818 79 2512 2520 83871 16999
819 79 2512 2520 83991 17025
820 79 2512 2520 84125 17062
821 79 2512 2520 84253 17080
822 80 2512 2520 84358 17102
823 80 2512 2520 84457 17111
824 80 2512 2520 84604 17138
825 80 2512 2520 84733 17162
826 80 2512 2520 84842 17188
827 80 2512 2520 84952 17205
828 80 2512 2520 85082 17239
829 80 2512 2520 85193 17262
830 80 2512 2520 85323 17292
831 81 2512 2520 85443 17316
832 81 2512 2520 85549 17345
833 82 2512 2520 85647 17363
834 82 2512 2520 85752 17389
835 82 2512 2520 85882 17410
836 82 2512 2520 86025 17427
837 82 2512 2520 86157 17460
838 82 2512 2520 86315 17504
839 82 2512 2520 86500 17543
840 82 2512 2520 86655 17561
841 82 2512 2520 86848 17590
842 82 2512 2520 86977 17615
843 82 2512 2520 87136 17655
844 82 2512 2520 87284 17674
845 82 2512 2520 87413 17705
846 82 2512 2520 87523 17738
847 82 2512 2520 87676 17773
848 82 2512 2520 87802 17794
849 82 2512 2520 87911 17806
850 82 2512 2520 88026 17822
851 82 2512 2520 88162 17860
852 82 2512 2520 88284 17883
853 82 2512 2520 88418 17913
854 82 2512 2520 88515 17931
855 82 2512 2520 88621 17941
856 82 2512 2520 88732 17973
857 82 2512 2520 88841 17989
858 82 2512 2520 88974 18034
859 82 2512 2520 89060 18050
860 83 2512 2520 89155 18060
861 83 2512 2520 89255 18085
862 84 2512 2520 89378 18111
863 84 2512 2520 89481 18140
864 84 2512 2520 89589 18148
865 84 2512 2520 89695 18168
866 84 2512 2520 89809 18175
867 84 2512 2520 89915 18205
868 84 2512 2520 90027 18225
869 84 2512 2520 90153 18236
870 84 2512 2520 90299 18244
871 84 2512 2520 90401 18251
872 84 2512 2520 90532 18279
873 85 2512 2520 90620 18286
874 85 2512 2520 90745 18320
875 86 2512 2520 90884 18364
876 86 2512 2520 91022 18371
877 86 2512 2520 91165 18391
878 86 2512 2520 91325 18414
879 86 2512 2520 91467 18426
880 86 2512 2520 91615 18454
881 87 2512 2520 91790 18493
882 87 2512 2520 91909 18515
883 87 2512 2520 92047 18532
884 87 2512 2520 92213 18564
885 87 2512 2520 92372 18586
886 87 2512 2520 92521 18626
887 87 2512 2520 92622 18633
888 88 2512 2520 92766 18664
889 88 2512 2520 92906 18690
890 88 2512 2520 93047 18721
891 88 2512 2520 93202 18734
892 88 2512 2520 93376 18770
893 88 2512 2520 93513 18802
894 88 2512 2520 93661 18837
895 88 2512 2520 93810 18852
896 88 2512 2520 93945 18893
897 88 2512 2520 94073 18914
898 88 2512 2520 94204 18931
899 88 2512 2520 94353 18946
900 88 2512 2520 94498 18964
901 88 2512 2520 94586 18964
902 89 2512 2520 94670 18996
903 89 2512 2520 94783 19017
904 89 2512 2520 94931 19028
905 89 2512 2520 95037 19045
906 89 2512 2520 95186 19060
907 89 2512 2520 95301 19088
908 89 2512 2520 95420 19100
909 89 2512 2520 95502 19127
910 89 2512 2520 95620 19147
911 89 2512 2520 95726 19164
912 89 2512 2520 95837 19185
913 89 2512 2520 95983 19216
914 89 2512 2520 96078 19251
915 89 2512 2520 96199 19271
916 90 2512 2520 96300 19287
917 90 2512 2520 96425 19305
918 90 2512 2520 96523 19307
919 90 2512 2520 96645 19324
920 90 2512 2520 96754 19332
921 90 2512 2520 96856 19342
922 90 2512 2520 96980 19370
923 90 2512 2520 97116 19416
924 90 2512 2520 97234 19424
925 90 2512 2520 97374 19458
926 90 2512 2520 97467 19449
927 90 2512 2520 97564 19467
928 91 2512 2520 97693 19493
929 92 2512 2520 97815 19503
930 92 2512 2520 97925 19509
931 92 2512 2520 98034 19508
932 93 2512 2520 98168 19554
933 93 2512 2520 98336 19601
934 93 2512 2520 98486 19626
935 93 2512 2520 98621 19658
936 93 2512 2520 98784 19699
937 93 2512 2520 98914 19726
938 94 2512 2520 99041 19725
939 95 2512 2520 99179 19752
940 95 2512 2520 99367 19794
941 95 2512 2520 99543 19830
942 96 2512 2520 99713 19848
943 96 2512 2520 99922 19879
944 97 2512 2520 100128 19925
945 97 2512 2520 100304 19956
946 97 2512 2520 100537 20015
947 97 2512 2520 100716 20047
948 97 2512 2520 100910 20081
949 97 2512 2520 101102 20131
950 97 2512 2520 101285 20180
951 97 2512 2520 101495 20202
952 97 2512 2520 101696 20253
953 97 2512 2520 101895 20293
954 97 2512 2520 102070 20335
955 97 2512 2520 102252 20370
956 97 2512 2520 102404 20403
957 97 2512 2520 102542 20401
958 97 2512 2520 102702 20421
959 97 2512 2520 102870 20443
960 97 2512 2520 103015 20465
961 98 2512 2520 103143 20473
962 98 2512 2520 103277 20503
963 98 2512 2520 103435 20522
964 99 2512 2520 103558 20536
965 99 2512 2520 103703 20561
966 99 2512 2520 103878 20578
967 100 2512 2520 104005 20587
968 101 2512 2520 104164 20627
969 101 2512 2520 104344 20656
970 101 2512 2520 104517 20665
971 101 2512 2520 104705 20675
972 101 2512 2520 104879 20701
973 101 2512 2520 105031 20736
974 101 2512 2520 105191 20778
975 102 2512 2520 105414 20812
976 102 2512 2520 105593 20841
977 102 2512 2520 105783 20887
978 102 2512 2520 105933 20915
979 102 2512 2520 106081 20949
980 102 2512 2520 106276 20954
981 102 2512 2520 106433 20991
982 102 2512 2520 106627 21014
983 102 2512 2520 106840 21059
984 102 2512 2520 107011 21114
985 102 2512 2520 107148 21138
986 102 2512 2520 107275 21155
987 103 2512 2520 107406 21190
988 103 2512 2520 107548 21211
989 103 2512 2520 107753 21269
990 103 2512 2520 107922 21295
991 103 2512 2520 108077 21306
992 104 2512 2520 108261 21351
993 104 2512 2520 108442 21388
994 104 2512 2520 108635 21431
995 104 2512 2520 108811 21464
996 104 2512 2520 108986 21500
997 105 2512 2520 109150 21542
998 105 2512 2520 109355 21592
999 105 2512 2520 109580 21660
1000 106 2512 2520 109718 21683
