0 1 2519 2520 795 499
1 1 2519 2520 809 508
2 1 2519 2520 825 522
3 1 2519 2520 844 535
4 1 2519 2520 862 544
5 1 2519 2520 882 561
6 1 2519 2520 901 572
7 1 2519 2520 930 583
8 1 2519 2520 948 588
9 1 2519 2520 968 592
10 1 2519 2520 988 598
11 1 2519 2520 1010 611
12 1 2519 2520 1029 624
13 1 2519 2520 1045 630
14 1 2519 2520 1057 634
15 1 2519 2520 1067 641
16 1 2519 2520 1081 647
17 1 2519 2520 1104 653
18 1 2519 2520 1114 658
19 1 2519 2520 1129 662
20 1 2519 2520 1149 672
21 1 2519 2520 1168 676
22 1 2519 2520 1179 680
23 1 2519 2520 1188 683
24 2 2519 2520 1202 685
25 2 2519 2520 1233 693
26 2 2519 2520 1290 720
27 2 2519 2520 1360 749
28 2 2519 2520 1416 770
29 2 2519 2520 1460 786
30 2 2519 2520 1528 808
31 2 2519 2520 1592 828
32 2 2519 2520 1648 839
33 2 2519 2520 1691 846
34 2 2519 2520 1756 865
35 2 2519 2520 1827 883
36 2 2519 2520 1887 904
37 2 2519 2520 1955 915
38 2 2519 2520 1999 926
39 2 2519 2520 2053 943
40 2 2519 2520 2112 956
41 2 2519 2520 2161 970
42 2 2519 2520 2207 979
43 2 2519 2520 2244 985
44 2 2519 2520 2288 998
45 2 2519 2520 2325 1002
46 2 2519 2520 2350 1005
47 2 2519 2520 2377 1018
48 2 2519 2520 2393 1025
49 2 2519 2520 2422 1032
50 4 2519 2520 2440 1036
51 4 2519 2520 2486 1055
52 4 2519 2520 2587 1095
53 4 2519 2520 2684 1122
54 4 2519 2520 2783 1155
55 4 2519 2520 2897 1186
56 4 2519 2520 3007 1215
57 4 2519 2520 3107 1242
58 4 2519 2520 3200 1276
59 4 2519 2520 3290 1292
60 4 2519 2520 3389 1338
61 4 2519 2520 3476 1364
62 4 2519 2520 3560 1393
63 4 2519 2520 3642 1407
64 4 2519 2520 3737 1440
65 4 2519 2520 3846 1475
66 4 2519 2520 3901 1497
67 4 2519 2520 3982 1525
68 4 2519 2520 4052 1543
69 4 2519 2520 4117 1555
70 4 2519 2520 4175 1566
71 4 2519 2520 4235 1576
72 4 2519 2520 4302 1605
73 4 2519 2520 4356 1616
74 4 2519 2520 4418 1625
75 4 2519 2520 4461 1644
76 4 2519 2520 4497 1648
77 4 2519 2520 4540 1657
78 5 2519 2520 4596 1671
79 5 2519 2520 4651 1698
80 5 2519 2520 4731 1716
81 7 2519 2520 4787 1724
82 7 2519 2520 4895 1765
83 7 2519 2520 5061 1802
84 7 2519 2520 5203 1837
85 7 2519 2520 5342 1874
86 7 2519 2520 5485 1914
87 7 2519 2520 5597 1934
88 7 2519 2520 5762 1974
89 7 2518 2520 5869 2000
90 7 2518 2520 6018 2021
91 7 2518 2520 6163 2040
92 8 2518 2520 6318 2065
93 8 2518 2520 6479 2094
94 8 2518 2520 6643 2121
95 8 2518 2520 6785 2139
96 8 2518 2520 6931 2167
97 8 2518 2520 7077 2176
98 8 2518 2520 7223 2207
99 8 2518 2520 7356 2246
100 8 2518 2520 7473 2278
101 8 2518 2520 7584 2309
102 8 2518 2520 7691 2336
103 8 2517 2520 7821 2362
104 8 2517 2520 7924 2375
105 8 2517 2520 8039 2399
106 8 2517 2520 8136 2403
107 8 2517 2520 8234 2407
108 8 2517 2520 8320 2424
109 8 2517 2520 8430 2439
110 9 2517 2520 8524 2460
111 9 2517 2520 8610 2475
112 9 2517 2520 8720 2498
113 9 2517 2520 8836 2517
114 9 2517 2520 8930 2537
115 9 2517 2520 9029 2555
116 9 2517 2520 9114 2598
117 9 2517 2520 9207 2614
118 9 2517 2520 9292 2630
119 9 2517 2520 9381 2654
120 9 2517 2520 9443 2653
121 10 2517 2520 9515 2670
122 10 2517 2520 9588 2694
123 10 2517 2520 9699 2725
124 10 2517 2520 9782 2735
125 10 2517 2520 9871 2751
126 10 2517 2520 9962 2777
127 10 2517 2520 10057 2794
128 11 2517 2520 10144 2814
129 11 2517 2520 10217 2834
130 11 2517 2520 10313 2868
131 11 2517 2520 10387 2877
132 11 2517 2520 10487 2905
133 11 2517 2520 10572 2926
134 12 2517 2520 10649 2940
135 12 2517 2520 10741 2968
136 13 2517 2520 10860 2997
137 13 2517 2520 11012 3022
138 13 2517 2520 11189 3091
139 13 2517 2520 11335 3132
140 13 2517 2520 11491 3158
141 13 2517 2520 11630 3203
142 13 2517 2520 11773 3225
143 13 2517 2520 11910 3251
144 13 2517 2520 12060 3282
145 13 2517 2520 12204 3307
146 13 2517 2520 12326 3337
147 13 2517 2520 12469 3364
148 13 2517 2520 12622 3392
149 13 2517 2520 12769 3413
150 13 2517 2520 12901 3454
151 13 2517 2520 13005 3469
152 13 2517 2520 13100 3496
153 13 2517 2520 13213 3531
154 14 2517 2520 13306 3552
155 14 2517 2520 13431 3572
156 14 2516 2520 13541 3603
157 15 2516 2520 13682 3639
158 15 2516 2520 13820 3677
159 16 2516 2520 13938 3698
160 16 2516 2520 14078 3733
161 16 2516 2520 14241 3783
162 16 2516 2520 14395 3829
163 17 2516 2520 14562 3873
164 17 2516 2520 14755 3928
165 18 2516 2520 14912 3966
166 18 2516 2520 15090 3982
167 18 2516 2520 15297 4012
168 18 2516 2520 15489 4048
169 18 2516 2520 15650 4061
170 18 2516 2520 15833 4086
171 18 2516 2520 16001 4113
172 18 2516 2520 16174 4145
173 18 2516 2520 16347 4184
174 18 2516 2520 16516 4224
175 18 2516 2520 16656 4248
176 18 2516 2520 16808 4282
177 18 2516 2520 16963 4302
178 18 2516 2520 17081 4322
179 18 2516 2520 17204 4346
180 18 2516 2520 17336 4372
181 18 2516 2520 17424 4398
182 18 2516 2520 17545 4415
183 18 2516 2520 17645 4439
184 19 2515 2520 17752 4468
185 19 2515 2520 17866 4491
186 19 2515 2520 18021 4519
187 19 2515 2520 18152 4546
188 19 2515 2520 18292 4580
189 19 2515 2520 18399 4596
190 19 2515 2520 18527 4631
191 19 2515 2520 18690 4658
192 19 2515 2520 18796 4667
193 19 2515 2520 18914 4681
194 19 2515 2520 19067 4702
195 19 2515 2520 19197 4747
196 19 2515 2520 19332 4781
197 19 2515 2520 19453 4792
198 19 2515 2520 19565 4821
199 19 2515 2520 19682 4842
200 19 2515 2520 19799 4861
201 19 2515 2520 19901 4867
202 19 2515 2520 19988 4895
203 19 2515 2520 20097 4923
204 19 2515 2520 20192 4946
205 19 2515 2520 20312 4968
206 20 2515 2520 20395 4996
207 20 2515 2520 20491 5020
208 20 2515 2520 20621 5074
209 20 2515 2520 20734 5103
210 20 2515 2520 20875 5137
211 20 2515 2520 20993 5155
212 21 2515 2520 21107 5191
213 21 2515 2520 21240 5235
214 21 2515 2520 21368 5249
215 21 2515 2520 21497 5277
216 21 2515 2520 21595 5310
217 21 2515 2520 21698 5330
218 21 2515 2520 21804 5355
219 21 2515 2520 21912 5375
220 21 2515 2520 22020 5399
221 21 2515 2520 22130 5426
222 21 2515 2520 22233 5438
223 21 2515 2520 22329 5439
224 22 2515 2520 22418 5458
225 22 2515 2520 22518 5487
226 22 2515 2520 22626 5497
227 22 2515 2520 22728 5503
228 22 2515 2520 22869 5546
229 23 2515 2520 22989 5567
230 23 2515 2520 23114 5590
231 23 2515 2520 23241 5616
232 23 2515 2520 23364 5635
233 23 2515 2520 23490 5671
234 25 2515 2520 23575 5683
235 25 2515 2520 23695 5709
236 26 2515 2520 23876 5750
237 26 2515 2520 24034 5791
238 26 2515 2520 24225 5842
239 26 2515 2520 24417 5909
240 26 2515 2520 24618 5945
241 26 2515 2520 24797 5980
242 26 2515 2520 25013 6021
243 26 2515 2520 25212 6062
244 26 2515 2520 25418 6092
245 26 2515 2520 25589 6130
246 27 2515 2520 25792 6161
247 27 2515 2520 25954 6192
248 27 2515 2520 26147 6230
249 27 2515 2520 26336 6252
250 27 2515 2520 26521 6302
251 27 2515 2520 26661 6333
252 27 2515 2520 26847 6365
253 27 2515 2520 27052 6416
254 27 2515 2520 27194 6443
255 27 2515 2520 27358 6467
256 27 2515 2520 27514 6502
257 27 2515 2520 27672 6521
258 27 2515 2520 27792 6534
259 27 2515 2520 27908 6549
260 27 2515 2520 28015 6575
261 27 2515 2520 28124 6604
262 27 2515 2520 28233 6625
263 28 2515 2520 28343 6651
264 28 2515 2520 28432 6660
265 28 2514 2520 28548 6685
266 28 2514 2520 28646 6697
267 28 2514 2520 28755 6723
268 28 2514 2520 28866 6748
269 28 2514 2520 28975 6771
270 28 2514 2520 29066 6779
271 28 2514 2520 29150 6808
272 28 2514 2520 29243 6824
273 28 2514 2520 29342 6854
274 28 2514 2520 29432 6866
275 28 2514 2520 29527 6885
276 28 2514 2520 29610 6912
277 29 2514 2520 29681 6933
278 29 2514 2520 29789 6949
279 29 2514 2520 29900 6973
280 30 2514 2520 29985 6995
281 30 2514 2520 30134 7021
282 30 2514 2520 30301 7046
283 30 2514 2520 30410 7054
284 30 2514 2520 30519 7090
285 30 2514 2520 30656 7115
286 30 2514 2520 30749 7154
287 30 2514 2520 30850 7176
288 30 2514 2520 30964 7193
289 30 2514 2520 31089 7221
290 30 2514 2520 31185 7232
291 30 2514 2520 31275 7251
292 30 2514 2520 31368 7280
293 30 2514 2520 31469 7296
294 30 2514 2520 31551 7308
295 31 2514 2520 31627 7326
296 31 2514 2520 31718 7335
297 31 2514 2520 31831 7366
298 31 2514 2520 31964 7383
299 31 2514 2520 32076 7392
300 31 2514 2520 32200 7431
301 31 2514 2520 32314 7441
302 31 2514 2520 32447 7454
303 31 2514 2520 32545 7468
304 31 2514 2520 32623 7497
305 31 2514 2520 32710 7494
306 31 2514 2520 32802 7503
307 31 2514 2520 32897 7512
308 31 2514 2520 32986 7539
309 31 2514 2520 33082 7544
310 31 2514 2520 33186 7573
311 32 2514 2520 33282 7582
312 32 2514 2520 33364 7600
313 32 2514 2520 33437 7610
314 32 2514 2520 33509 7619
315 32 2514 2520 33615 7618
316 33 2514 2520 33701 7632
317 33 2514 2520 33798 7656
318 33 2514 2520 33872 7680
319 33 2514 2520 33965 7704
320 33 2514 2520 34066 7722
321 33 2514 2520 34163 7743
322 33 2514 2520 34236 7743
323 33 2514 2520 34321 7754
324 33 2514 2520 34437 7753
325 33 2514 2520 34533 7757
326 33 2514 2520 34622 7770
327 34 2514 2520 34730 7785
328 34 2514 2520 34832 7818
329 34 2514 2520 34955 7817
330 34 2514 2520 35070 7833
331 34 2514 2520 35170 7856
332 34 2514 2520 35290 7892
333 34 2514 2520 35425 7909
334 34 2514 2520 35534 7931
335 34 2514 2520 35636 7943
336 34 2514 2520 35745 7971
337 35 2514 2520 35853 8002
338 35 2514 2520 35961 8021
339 35 2514 2520 36098 8055
340 35 2514 2520 36201 8074
341 35 2514 2520 36320 8116
342 35 2514 2520 36456 8136
343 35 2514 2520 36564 8155
344 35 2514 2520 36678 8178
345 35 2514 2520 36804 8216
346 35 2514 2520 36897 8241
347 35 2514 2520 37025 8266
348 35 2514 2520 37113 8284
349 35 2514 2520 37232 8310
350 35 2514 2520 37317 8326
351 35 2514 2520 37430 8333
352 35 2514 2520 37518 8347
353 35 2514 2520 37605 8354
354 35 2514 2520 37705 8377
355 36 2514 2520 37772 8398
356 36 2514 2520 37849 8402
357 36 2514 2520 37967 8435
358 36 2514 2520 38046 8436
359 36 2514 2520 38159 8462
360 36 2514 2520 38272 8488
361 36 2514 2520 38385 8501
362 36 2514 2520 38513 8523
363 36 2514 2520 38607 8542
364 36 2514 2520 38703 8557
365 36 2514 2520 38803 8591
366 36 2514 2520 38894 8603
367 36 2514 2520 38946 8618
368 36 2514 2520 39033 8645
369 36 2514 2520 39101 8656
370 36 2514 2520 39179 8670
371 36 2514 2520 39234 8681
372 36 2514 2520 39310 8694
373 37 2514 2520 39372 8705
374 37 2514 2520 39474 8719
375 37 2514 2520 39573 8727
376 38 2514 2520 39665 8747
377 38 2514 2520 39786 8772
378 38 2514 2520 39884 8781
379 38 2514 2520 40023 8810
380 38 2514 2520 40125 8841
381 38 2514 2520 40278 8868
382 39 2514 2520 40365 8863
383 39 2514 2520 40493 8896
384 39 2514 2520 40600 8896
385 39 2514 2520 40718 8916
386 39 2514 2520 40838 8959
387 39 2514 2520 40944 8975
388 39 2514 2520 41048 8981
389 39 2514 2520 41142 8995
390 39 2514 2520 41233 9011
391 39 2514 2520 41360 9031
392 40 2514 2520 41471 9044
393 40 2514 2520 41618 9074
394 40 2514 2520 41734 9090
395 40 2514 2520 41871 9131
396 40 2514 2520 42018 9165
397 40 2514 2520 42155 9201
398 40 2514 2520 42265 9215
399 40 2514 2520 42390 9245
400 40 2514 2520 42516 9255
401 40 2514 2520 42653 9284
402 40 2514 2520 42762 9303
403 40 2514 2520 42872 9317
404 40 2514 2520 42937 9323
405 40 2514 2520 43022 9355
406 40 2514 2520 43106 9366
407 40 2514 2520 43204 9392
408 40 2514 2520 43293 9413
409 40 2514 2520 43394 9437
410 40 2514 2520 43441 9439
411 40 2514 2520 43518 9452
412 40 2514 2520 43634 9470
413 40 2514 2520 43727 9479
414 42 2514 2520 43806 9474
415 42 2514 2520 43873 9490
416 42 2514 2520 43994 9510
417 42 2514 2520 44077 9531
418 42 2514 2520 44187 9557
419 42 2514 2520 44309 9570
420 43 2514 2520 44377 9588
421 43 2514 2520 44497 9621
422 43 2514 2520 44635 9640
423 43 2514 2520 44777 9671
424 43 2514 2520 44912 9701
425 43 2514 2520 45009 9718
426 43 2514 2520 45135 9734
427 43 2514 2520 45266 9762
428 43 2514 2520 45384 9772
429 43 2514 2520 45477 9798
430 43 2514 2520 45597 9835
431 43 2514 2520 45702 9856
432 43 2514 2520 45800 9849
433 43 2514 2520 45882 9855
434 43 2514 2520 45957 9868
435 43 2514 2520 46043 9888
436 44 2514 2520 46144 9893
437 44 2514 2520 46257 9923
438 44 2514 2520 46342 9940
439 44 2514 2520 46476 9951
440 44 2514 2520 46591 9975
441 44 2514 2520 46702 10004
442 44 2514 2520 46818 10025
443 44 2514 2520 46942 10046
444 44 2514 2520 47064 10061
445 44 2514 2520 47143 10081
446 44 2514 2520 47247 10112
447 44 2514 2520 47357 10130
448 44 2514 2520 47435 10137
449 44 2514 2520 47520 10171
450 45 2514 2520 47642 10185
451 45 2514 2520 47724 10205
452 45 2514 2520 47832 10226
453 45 2514 2520 47952 10241
454 46 2514 2520 48068 10277
455 46 2514 2520 48176 10300
456 46 2514 2520 48267 10326
457 46 2514 2520 48353 10357
458 46 2514 2520 48478 10388
459 46 2514 2520 48573 10407
460 46 2514 2520 48646 10418
461 46 2514 2520 48737 10439
462 46 2514 2520 48831 10461
463 46 2514 2520 48914 10481
464 46 2514 2520 48986 10478
465 46 2514 2520 49074 10504
466 46 2514 2520 49193 10519
467 46 2514 2520 49267 10534
468 46 2514 2520 49349 10557
469 46 2514 2520 49431 10580
470 46 2514 2520 49501 10586
471 46 2514 2520 49591 10611
472 46 2514 2520 49664 10637
473 47 2514 2520 49750 10647
474 47 2514 2520 49831 10660
475 47 2514 2520 49907 10675
476 47 2514 2520 49982 10682
477 47 2514 2520 50066 10704
478 47 2514 2520 50155 10727
479 47 2514 2520 50256 10734
480 48 2514 2520 50354 10760
481 48 2514 2520 50466 10774
482 48 2514 2520 50558 10799
483 48 2514 2520 50672 10832
484 49 2514 2520 50771 10843
485 49 2514 2520 50872 10859
486 49 2514 2520 50949 10876
487 49 2514 2520 51049 10896
488 49 2514 2520 51167 10922
489 49 2514 2520 51270 10931
490 49 2514 2520 51381 10942
491 49 2514 2520 51485 10961
492 49 2514 2520 51600 10972
493 50 2514 2520 51717 11006
494 50 2514 2520 51840 11016
495 50 2514 2520 51958 11062
496 50 2514 2520 52058 11067
497 50 2514 2520 52164 11089
498 51 2514 2520 52268 11091
499 51 2514 2520 52386 11101
500 51 2514 2520 52480 11115
501 51 2514 2520 52631 11162
502 51 2514 2520 52753 11182
503 51 2514 2520 52873 11189
504 51 2514 2520 52997 11224
505 51 2514 2520 53117 11246
506 51 2514 2520 53213 11259
507 52 2514 2520 53333 11292
508 52 2514 2520 53456 11304
509 52 2514 2520 53570 11328
510 52 2514 2520 53688 11344
511 52 2514 2520 53832 11371
512 52 2514 2520 53940 11392
513 52 2514 2520 54043 11424
514 52 2514 2520 54132 11448
515 52 2514 2520 54222 11455
516 52 2514 2520 54348 11486
517 52 2514 2520 54448 11504
518 52 2514 2520 54560 11520
519 52 2514 2520 54653 11532
520 53 2514 2520 54757 11565
521 53 2514 2520 54849 11598
522 53 2514 2520 54947 11627
523 54 2514 2520 55026 11650
524 54 2514 2520 55161 11682
525 54 2514 2520 55249 11713
526 54 2514 2520 55379 11743
527 54 2514 2520 55516 11773
528 54 2514 2520 55624 11801
529 55 2514 2520 55739 11826
530 55 2514 2520 55876 11845
531 55 2514 2520 55986 11873
532 56 2514 2520 56099 11897
533 56 2514 2520 56232 11933
534 56 2514 2520 56391 11991
535 57 2514 2520 56525 12010
536 57 2514 2520 56674 12039
537 57 2514 2520 56848 12067
538 57 2514 2520 57007 12126
539 57 2514 2520 57176 12148
540 57 2513 2520 57318 12163
541 57 2513 2520 57505 12179
542 57 2513 2520 57663 12189
543 57 2513 2520 57826 12192
544 57 2513 2520 58026 12203
545 57 2513 2520 58187 12221
546 57 2513 2520 58343 12247
547 57 2513 2520 58504 12264
548 57 2513 2520 58669 12268
549 57 2513 2520 58800 12297
550 57 2513 2520 58944 12304
551 57 2513 2520 59082 12318
552 57 2513 2520 59228 12317
553 57 2513 2520 59370 12327
554 57 2513 2520 59492 12336
555 57 2513 2520 59602 12334
556 58 2513 2520 59714 12353
557 58 2512 2520 59825 12359
558 58 2512 2520 59973 12394
559 58 2512 2520 60080 12421
560 58 2512 2520 60235 12444
561 58 2512 2520 60327 12459
562 58 2512 2520 60434 12474
563 58 2512 2520 60552 12491
564 58 2512 2520 60685 12517
565 58 2512 2520 60784 12530
566 59 2512 2520 60893 12541
567 59 2512 2520 61014 12552
568 60 2512 2520 61112 12592
569 60 2512 2520 61259 12589
570 60 2512 2520 61386 12612
571 60 2512 2520 61523 12618
572 60 2512 2520 61642 12636
573 60 2512 2520 61769 12649
574 60 2512 2520 61885 12648
575 60 2512 2520 62011 12642
576 60 2512 2520 62152 12665
577 60 2512 2520 62270 12653
578 60 2512 2520 62400 12669
579 60 2512 2520 62527 12686
580 60 2512 2520 62666 12705
581 60 2512 2520 62790 12719
582 60 2512 2520 62901 12720
583 60 2512 2520 63021 12727
584 60 2512 2520 63131 12733
585 60 2512 2520 63261 12756
586 60 2512 2520 63351 12775
587 60 2512 2520 63470 12772
588 60 2512 2520 63587 12784
589 60 2512 2520 63685 12771
590 60 2512 2520 63800 12799
591 60 2512 2520 63882 12824
592 61 2512 2520 63994 12838
593 61 2512 2520 64104 12858
594 61 2512 2520 64212 12876
595 61 2512 2520 64310 12895
596 61 2512 2520 64401 12916
597 61 2512 2520 64522 12952
598 61 2512 2520 64600 12954
599 61 2512 2520 64685 12963
600 61 2512 2520 64792 12971
601 61 2512 2520 64900 12987
602 61 2512 2520 65001 13022
603 61 2512 2520 65085 13029
604 61 2512 2520 65199 13045
605 61 2512 2520 65278 13051
606 61 2512 2520 65358 13068
607 61 2512 2520 65436 13081
608 61 2512 2520 65500 13094
609 61 2512 2520 65581 13104
610 61 2512 2520 65651 13131
611 61 2512 2520 65712 13140
612 61 2512 2520 65773 13156
613 61 2512 2520 65816 13160
614 61 2512 2520 65871 13159
615 61 2512 2520 65925 13169
616 61 2512 2520 66002 13189
617 61 2512 2520 66074 13200
618 61 2512 2520 66143 13203
619 61 2512 2520 66205 13228
620 61 2512 2520 66283 13242
621 62 2512 2520 66347 13263
622 63 2512 2520 66418 13282
623 63 2512 2520 66476 13293
624 63 2512 2520 66550 13298
625 63 2512 2520 66618 13323
626 64 2512 2520 66677 13335
627 64 2511 2520 66779 13334
628 64 2511 2520 66907 13358
629 66 2511 2520 67024 13371
630 66 2511 2520 67138 13382
631 66 2511 2520 67275 13376
632 66 2511 2520 67444 13390
633 66 2511 2520 67565 13388
634 66 2511 2520 67717 13408
635 68 2511 2520 67848 13423
636 68 2511 2520 67985 13442
637 68 2511 2520 68130 13457
638 68 2511 2520 68312 13476
639 68 2511 2520 68483 13490
640 68 2511 2520 68635 13494
641 68 2511 2520 68775 13534
642 68 2511 2520 68912 13563
643 68 2511 2520 69092 13587
644 68 2510 2520 69245 13611
645 68 2510 2520 69420 13617
646 69 2510 2520 69606 13647
647 69 2510 2520 69777 13669
648 69 2510 2520 69940 13696
649 69 2510 2520 70069 13706
650 69 2510 2520 70250 13745
651 69 2510 2520 70399 13772
652 69 2510 2520 70555 13774
653 69 2510 2520 70740 13794
654 69 2510 2520 70855 13798
655 69 2510 2520 70996 13828
656 69 2510 2520 71109 13848
657 69 2510 2520 71279 13886
658 69 2510 2520 71441 13915
659 69 2510 2520 71545 13930
660 69 2510 2520 71648 13947
661 69 2510 2520 71766 13958
662 69 2510 2520 71887 13973
663 69 2510 2520 71967 13977
664 69 2510 2520 72079 14003
665 69 2510 2520 72199 14029
666 69 2510 2520 72310 14041
667 69 2510 2520 72396 14047
668 69 2510 2520 72499 14078
669 69 2510 2520 72613 14059
670 69 2510 2520 72681 14086
671 70 2510 2520 72784 14120
672 70 2510 2520 72902 14120
673 70 2510 2520 73006 14143
674 70 2510 2520 73128 14165
675 70 2510 2520 73276 14193
676 71 2510 2520 73381 14204
677 72 2510 2520 73460 14222
678 72 2510 2520 73581 14239
679 72 2509 2520 73712 14254
680 72 2509 2520 73849 14282
681 72 2509 2520 73986 14290
682 72 2509 2520 74115 14309
683 72 2509 2520 74253 14333
684 72 2509 2520 74419 14354
685 72 2509 2520 74544 14363
686 72 2509 2520 74716 14399
687 72 2509 2520 74883 14431
688 72 2509 2520 75013 14457
689 72 2509 2520 75166 14468
690 72 2509 2520 75338 14497
691 72 2509 2520 75453 14528
692 72 2509 2520 75566 14537
693 72 2509 2520 75680 14560
694 72 2509 2520 75792 14567
695 72 2509 2520 75926 14588
696 72 2509 2520 76036 14606
697 72 2509 2520 76136 14611
698 72 2509 2520 76225 14610
699 72 2509 2520 76311 14631
700 72 2509 2520 76417 14652
701 73 2509 2520 76547 14676
702 73 2509 2520 76660 14694
703 73 2509 2520 76780 14720
704 73 2509 2520 76907 14752
705 73 2509 2520 77028 14771
706 73 2509 2520 77145 14795
707 73 2509 2520 77275 14823
708 74 2509 2520 77406 14850
709 74 2509 2520 77532 14865
710 74 2509 2520 77667 14891
711 74 2509 2520 77794 14904
712 74 2509 2520 77912 14907
713 74 2509 2520 78015 14921
714 74 2509 2520 78125 14952
715 75 2509 2520 78223 14955
716 75 2509 2520 78311 14970
717 75 2509 2520 78475 15018
718 75 2509 2520 78640 15045
719 75 2509 2520 78777 15069
720 75 2509 2520 78959 15075
721 75 2509 2520 79072 15098
722 75 2509 2520 79192 15127
723 75 2509 2520 79298 15137
724 76 2509 2520 79400 15171
725 76 2509 2520 79495 15201
726 76 2509 2520 79632 15205
727 76 2509 2520 79770 15237
728 78 2509 2520 79897 15267
729 79 2509 2520 80024 15264
730 79 2509 2520 80159 15287
731 79 2509 2520 80294 15319
732 79 2509 2520 80453 15343
733 79 2509 2520 80586 15361
734 79 2509 2520 80741 15396
735 79 2509 2520 80910 15422
736 79 2509 2520 81057 15441
737 79 2509 2520 81232 15479
738 79 2509 2520 81395 15511
739 80 2509 2520 81538 15558
740 80 2509 2520 81708 15600
741 81 2509 2520 81875 15625
742 81 2509 2520 82041 15657
743 81 2509 2520 82206 15679
744 81 2509 2520 82362 15694
745 81 2509 2520 82531 15711
746 81 2509 2520 82711 15732
747 81 2509 2520 82912 15779
748 81 2509 2520 83090 15819
749 81 2509 2520 83234 15837
750 81 2509 2520 83413 15876
751 81 2509 2520 83559 15897
752 81 2509 2520 83700 15933
753 81 2509 2520 83860 15949
754 82 2509 2520 84035 15957
755 82 2509 2520 84217 15973
756 82 2509 2520 84439 16033
757 82 2509 2520 84576 16053
758 82 2509 2520 84725 16054
759 82 2509 2520 84887 16081
760 82 2509 2520 85057 16088
761 82 2509 2520 85189 16100
762 82 2509 2520 85319 16134
763 82 2509 2520 85440 16158
764 82 2509 2520 85599 16183
765 82 2509 2520 85770 16225
766 82 2509 2520 85939 16260
767 82 2509 2520 86091 16271
768 82 2509 2520 86209 16281
769 82 2509 2520 86356 16291
770 82 2509 2520 86488 16315
771 83 2509 2520 86591 16344
772 83 2509 2520 86727 16376
773 83 2509 2520 86834 16401
774 83 2509 2520 86937 16428
775 83 2509 2520 87059 16457
776 83 2509 2520 87188 16482
777 84 2509 2520 87325 16509
778 84 2509 2520 87464 16537
779 84 2509 2520 87624 16560
780 84 2509 2520 87749 16567
781 84 2509 2520 87891 16597
782 84 2509 2520 88042 16630
783 85 2509 2520 88183 16655
784 86 2509 2520 88319 16672
785 86 2509 2520 88474 16690
786 86 2509 2520 88625 16700
787 87 2509 2520 88794 16719
788 88 2509 2520 88944 16758
789 88 2509 2520 89114 16806
790 88 2509 2520 89311 16852
791 88 2509 2520 89427 16862
792 88 2509 2520 89615 16898
793 88 2509 2520 89820 16923
794 88 2509 2520 89983 16939
795 88 2509 2520 90160 16953
796 88 2509 2520 90350 16982
797 88 2509 2520 90528 17053
798 88 2509 2520 90687 17080
799 88 2509 2520 90853 17107
800 88 2509 2520 90979 17113
801 88 2509 2520 91151 17136
802 88 2509 2520 91303 17172
803 88 2509 2520 91465 17182
804 88 2509 2520 91606 17200
805 89 2509 2520 91713 17219
806 91 2508 2520 91872 17247
807 91 2508 2520 92048 17281
808 91 2508 2520 92232 17304
809 91 2508 2520 92371 17319
810 91 2508 2520 92537 17334
811 91 2508 2520 92672 17345
812 91 2508 2520 92855 17361
813 91 2508 2520 93016 17410
814 91 2508 2520 93157 17403
815 92 2507 2520 93359 17448
816 92 2507 2520 93536 17492
817 92 2507 2520 93731 17521
818 92 2507 2520 93921 17546
819 92 2507 2520 94110 17557
820 92 2507 2520 94260 17581
821 92 2507 2520 94457 17608
822 92 2507 2520 94619 17646
823 92 2507 2520 94796 17685
824 92 2506 2520 94983 17710
825 92 2506 2520 95144 17736
826 92 2506 2520 95278 17767
827 92 2506 2520 95433 17776
828 92 2506 2520 95587 17781
829 92 2506 2520 95734 17816
830 92 2506 2520 95897 17811
831 92 2506 2520 96053 17848
832 92 2506 2520 96179 17869
833 92 2506 2520 96325 17890
834 92 2506 2520 96483 17920
835 92 2506 2520 96626 17914
836 92 2506 2520 96751 17930
837 92 2506 2520 96901 17956
838 92 2506 2520 97009 17974
839 92 2506 2520 97149 17998
840 92 2506 2520 97269 18033
841 92 2506 2520 97382 18057
842 92 2506 2520 97496 18090
843 93 2506 2520 97598 18106
844 94 2506 2520 97714 18105
845 94 2506 2520 97815 18119
846 94 2506 2520 97964 18137
847 94 2506 2520 98093 18173
848 94 2506 2520 98212 18191
849 94 2506 2520 98361 18224
850 94 2506 2520 98466 18237
851 94 2506 2520 98534 18243
852 94 2506 2520 98668 18261
853 94 2506 2520 98801 18278
854 94 2506 2520 98906 18296
855 94 2506 2520 99025 18297
856 94 2506 2520 99131 18318
857 94 2506 2520 99225 18335
858 94 2506 2520 99317 18348
859 94 2506 2520 99407 18362
860 94 2506 2520 99534 18391
861 94 2506 2520 99636 18416
862 94 2506 2520 99723 18415
863 94 2506 2520 99855 18439
864 94 2506 2520 99928 18446
865 95 2506 2520 100009 18459
866 95 2506 2520 100085 18470
867 95 2506 2520 100187 18482
868 96 2506 2520 100287 18499
869 97 2506 2520 100393 18504
870 97 2506 2520 100524 18506
871 97 2506 2520 100683 18540
872 97 2505 2520 100805 18554
873 97 2505 2520 100947 18591
874 97 2505 2520 101110 18618
875 98 2505 2520 101250 18647
876 98 2505 2520 101407 18654
877 98 2505 2520 101597 18687
878 98 2505 2520 101764 18703
879 98 2505 2520 101922 18731
880 98 2505 2520 102053 18749
881 98 2505 2520 102208 18766
882 99 2505 2520 102339 18796
883 99 2505 2520 102452 18805
884 99 2505 2520 102614 18809
885 99 2505 2520 102763 18847
886 99 2505 2520 102917 18861
887 100 2505 2520 103048 18887
888 100 2505 2520 103186 18900
889 100 2505 2520 103340 18930
890 100 2505 2520 103495 18959
891 100 2505 2520 103651 18970
892 100 2505 2520 103840 19000
893 100 2505 2520 104015 19045
894 100 2505 2520 104186 19078
895 100 2505 2520 104319 19085
896 100 2505 2520 104473 19100
897 100 2505 2520 104621 19103
898 100 2505 2520 104751 19118
899 100 2505 2520 104890 19139
900 102 2505 2520 105037 19152
901 102 2505 2520 105182 19165
902 102 2505 2520 105320 19209
903 102 2504 2520 105484 19266
904 102 2504 2520 105632 19284
905 102 2504 2520 105812 19268
906 103 2504 2520 105917 19265
907 103 2504 2520 106061 19293
908 103 2504 2520 106195 19304
909 103 2504 2520 106335 19329
910 103 2504 2520 106485 19330
911 103 2504 2520 106615 19345
912 103 2504 2520 106762 19341
913 103 2504 2520 106916 19363
914 103 2503 2520 107079 19398
915 103 2503 2520 107231 19424
916 103 2503 2520 107319 19428
917 103 2503 2520 107447 19457
918 103 2503 2520 107598 19489
919 103 2503 2520 107712 19502
920 103 2503 2520 107841 19516
921 103 2503 2520 107950 19519
922 103 2503 2520 108074 19545
923 103 2503 2520 108173 19555
924 103 2503 2520 108270 19566
925 103 2503 2520 108365 19572
926 103 2503 2520 108482 19597
927 103 2503 2520 108570 19615
928 103 2503 2520 108664 19636
929 103 2503 2520 108790 19646
930 103 2503 2520 108892 19662
931 103 2503 2520 108983 19682
932 103 2503 2520 109086 19681
933 103 2503 2520 109185 19681
934 103 2503 2520 109280 19685
935 103 2503 2520 109350 19703
936 103 2503 2520 109435 19731
937 103 2503 2520 109515 19743
938 103 2503 2520 109588 19757
939 103 2503 2520 109656 19784
940 103 2503 2520 109708 19794
941 103 2503 2520 109779 19811
942 103 2503 2520 109849 19814
943 103 2503 2520 109907 19815
944 104 2503 2520 109969 19814
945 104 2503 2520 110028 19844
946 104 2503 2520 110122 19842
947 104 2503 2520 110222 19843
948 104 2503 2520 110285 19849
949 105 2503 2520 110372 19849
950 107 2503 2520 110471 19865
951 107 2503 2520 110591 19885
952 107 2503 2520 110746 19903
953 107 2503 2520 110901 19941
954 107 2503 2520 111060 19956
955 107 2503 2520 111210 19958
956 107 2503 2520 111349 19974
957 107 2503 2520 111522 20007
958 107 2503 2520 111663 20035
959 107 2503 2520 111797 20067
960 107 2503 2520 111931 20080
961 107 2503 2520 112104 20105
962 107 2503 2520 112261 20138
963 107 2503 2520 112424 20161
964 107 2503 2520 112549 20171
965 107 2503 2520 112653 20179
966 107 2503 2520 112765 20207
967 107 2503 2520 112871 20213
968 107 2503 2520 112979 20218
969 107 2503 2520 113089 20234
970 107 2503 2520 113186 20254
971 107 2503 2520 113265 20273
972 107 2503 2520 113368 20280
973 107 2503 2520 113463 20270
974 108 2503 2520 113583 20291
975 108 2503 2520 113688 20306
976 109 2503 2520 113804 20325
977 109 2503 2520 113901 20335
978 109 2503 2520 114029 20364
979 109 2503 2520 114135 20386
980 109 2503 2520 114239 20409
981 109 2503 2520 114367 20423
982 110 2503 2520 114490 20447
983 110 2503 2520 114591 20440
984 110 2503 2520 114710 20474
985 110 2503 2520 114806 20498
986 110 2503 2520 114914 20507
987 110 2503 2520 115042 20530
988 110 2503 2520 115170 20556
989 110 2503 2520 115296 20575
990 110 2503 2520 115427 20597
991 111 2503 2520 115535 20609
992 111 2503 2520 115666 20623
993 111 2503 2520 115790 20639
994 111 2503 2520 115947 20658
995 111 2503 2520 116062 20688
996 111 2503 2520 116211 20715
997 111 2503 2520 116327 20734
998 111 2503 2520 116433 20764
999 111 2503 2520 116566 20776
1000 111 2503 2520 116691 20795
