0 1 2519 2520 797 501
1 1 2519 2520 810 511
2 1 2519 2520 815 515
3 1 2519 2520 833 527
4 1 2519 2520 852 541
5 1 2519 2520 865 548
6 1 2519 2520 892 561
7 1 2519 2520 906 564
8 1 2519 2520 935 579
9 1 2519 2520 949 586
10 1 2519 2520 966 595
11 1 2519 2520 986 604
12 1 2519 2520 1007 614
13 1 2519 2520 1028 624
14 1 2519 2520 1048 633
15 1 2519 2520 1069 644
16 1 2519 2520 1082 647
17 1 2519 2520 1104 654
18 1 2519 2520 1111 652
19 1 2519 2520 1125 658
20 1 2519 2520 1146 668
21 1 2519 2520 1155 666
22 1 2519 2520 1167 671
23 1 2519 2520 1175 676
24 1 2519 2520 1196 679
25 2 2519 2520 1202 681
26 2 2519 2520 1231 698
27 2 2519 2520 1315 727
28 2 2519 2520 1378 751
29 2 2519 2520 1448 772
30 2 2519 2520 1502 797
31 2 2519 2520 1556 819
32 2 2519 2520 1613 846
33 2 2519 2520 1676 867
34 2 2519 2520 1731 889
35 2 2519 2520 1774 900
36 2 2519 2520 1830 921
37 2 2519 2520 1889 945
38 2 2519 2520 1943 964
39 2 2519 2520 1992 980
40 2 2519 2520 2036 1005
41 2 2519 2520 2076 1019
42 2 2519 2520 2121 1024
43 2 2519 2520 2169 1028
44 2 2519 2520 2206 1045
45 2 2519 2520 2234 1049
46 2 2519 2520 2268 1056
47 3 2519 2520 2309 1064
48 3 2519 2520 2348 1070
49 3 2519 2520 2407 1083
50 3 2519 2520 2485 1113
51 3 2519 2520 2556 1136
52 3 2519 2520 2631 1156
53 3 2519 2520 2714 1186
54 3 2519 2520 2778 1208
55 4 2519 2520 2863 1223
56 4 2519 2520 2974 1261
57 4 2519 2520 3086 1295
58 4 2519 2520 3211 1327
59 4 2519 2520 3323 1367
60 4 2519 2520 3422 1382
61 4 2519 2520 3528 1414
62 4 2519 2520 3636 1445
63 4 2519 2520 3731 1468
64 4 2519 2520 3819 1497
65 4 2519 2520 3904 1525
66 4 2519 2520 4000 1550
67 4 2519 2520 4069 1576
68 4 2519 2520 4157 1603
69 4 2519 2520 4248 1617
70 5 2519 2520 4301 1629
71 5 2519 2520 4385 1668
72 5 2519 2520 4495 1697
73 5 2519 2520 4586 1712
74 5 2519 2520 4694 1734
75 5 2519 2520 4780 1757
76 5 2519 2520 4872 1776
77 5 2519 2520 4950 1793
78 5 2519 2520 5028 1807
79 5 2519 2520 5114 1826
80 5 2519 2520 5184 1849
81 5 2519 2520 5245 1862
82 5 2519 2520 5304 1883
83 5 2519 2520 5355 1912
84 5 2519 2520 5422 1925
85 5 2519 2520 5469 1938
86 5 2519 2520 5523 1948
87 6 2519 2520 5563 1967
88 7 2519 2520 5612 1969
89 7 2519 2520 5689 1996
90 7 2519 2520 5781 2019
91 7 2519 2520 5882 2042
92 7 2519 2520 6007 2079
93 7 2519 2520 6123 2107
94 7 2519 2520 6233 2126
95 7 2519 2520 6341 2150
96 7 2519 2520 6453 2186
97 7 2518 2520 6552 2213
98 7 2518 2520 6664 2235
99 8 2518 2520 6773 2248
100 9 2518 2520 6943 2282
101 9 2518 2520 7104 2314
102 9 2518 2520 7292 2346
103 9 2518 2520 7467 2385
104 9 2518 2520 7645 2421
105 9 2517 2520 7823 2445
106 9 2517 2520 7990 2458
107 9 2517 2520 8134 2464
108 9 2517 2520 8290 2498
109 9 2517 2520 8444 2498
110 9 2517 2520 8597 2496
111 9 2517 2520 8719 2505
112 9 2517 2520 8861 2526
113 9 2517 2520 8983 2536
114 9 2517 2520 9128 2576
115 9 2517 2520 9244 2606
116 9 2517 2520 9332 2614
117 9 2517 2520 9438 2648
118 9 2517 2520 9520 2667
119 10 2517 2520 9608 2682
120 10 2517 2520 9721 2702
121 10 2517 2520 9839 2727
122 10 2517 2520 9929 2740
123 10 2517 2520 10023 2758
124 10 2517 2520 10108 2778
125 10 2517 2520 10212 2793
126 11 2517 2520 10299 2814
127 11 2517 2520 10420 2841
128 11 2517 2520 10500 2856
129 11 2517 2520 10585 2885
130 11 2517 2520 10672 2898
131 12 2517 2520 10746 2910
132 12 2517 2520 10841 2931
133 12 2517 2520 10932 2961
134 12 2517 2520 11028 2982
135 12 2517 2520 11101 3006
136 12 2517 2520 11174 3039
137 13 2517 2520 11262 3057
138 13 2517 2520 11363 3080
139 13 2517 2520 11485 3110
140 13 2517 2520 11586 3131
141 13 2517 2520 11674 3141
142 13 2517 2520 11770 3163
143 13 2517 2520 11894 3191
144 13 2517 2520 12003 3204
145 13 2517 2520 12122 3246
146 13 2517 2520 12227 3265
147 13 2517 2520 12333 3291
148 13 2517 2520 12445 3322
149 13 2517 2520 12556 3350
150 13 2517 2520 12657 3376
151 13 2517 2520 12754 3397
152 13 2517 2520 12830 3419
153 14 2517 2520 12931 3439
154 14 2517 2520 13048 3476
155 14 2517 2520 13154 3499
156 14 2517 2520 13260 3533
157 14 2517 2520 13368 3554
158 14 2517 2520 13475 3571
159 14 2517 2520 13577 3593
160 14 2517 2520 13692 3616
161 14 2517 2520 13784 3638
162 14 2517 2520 13872 3659
163 14 2516 2520 13971 3691
164 14 2516 2520 14073 3690
165 14 2516 2520 14161 3705
166 14 2516 2520 14275 3726
167 14 2516 2520 14376 3736
168 14 2516 2520 14486 3738
169 14 2516 2520 14574 3745
170 14 2516 2520 14659 3762
171 14 2516 2520 14758 3793
172 14 2516 2520 14832 3806
173 14 2516 2520 14888 3808
174 14 2516 2520 14940 3827
175 14 2516 2520 15003 3849
176 16 2516 2520 15069 3868
177 16 2516 2520 15133 3893
178 16 2516 2520 15214 3912
179 16 2516 2520 15310 3938
180 16 2516 2520 15406 3950
181 16 2516 2520 15486 3956
182 16 2516 2520 15597 3979
183 16 2516 2520 15655 4013
184 16 2516 2520 15727 4031
185 16 2516 2520 15837 4037
186 16 2516 2520 15943 4065
187 16 2515 2520 16025 4072
188 16 2515 2520 16141 4094
189 16 2515 2520 16233 4117
190 16 2515 2520 16317 4139
191 16 2515 2520 16420 4146
192 16 2515 2520 16500 4161
193 16 2515 2520 16574 4162
194 16 2515 2520 16648 4172
195 16 2515 2520 16741 4180
196 16 2515 2520 16821 4187
197 16 2515 2520 16890 4193
198 16 2515 2520 16935 4205
199 16 2515 2520 17010 4212
200 16 2515 2520 17066 4225
201 16 2515 2520 17111 4229
202 16 2515 2520 17157 4233
203 16 2515 2520 17222 4249
204 16 2515 2520 17269 4268
205 16 2515 2520 17325 4290
206 16 2515 2520 17394 4301
207 16 2515 2520 17445 4317
208 16 2515 2520 17512 4334
209 16 2515 2520 17549 4340
210 16 2515 2520 17606 4343
211 16 2515 2520 17635 4347
212 16 2515 2520 17696 4349
213 16 2515 2520 17734 4353
214 17 2515 2520 17799 4350
215 17 2515 2520 17839 4363
216 17 2515 2520 17907 4384
217 17 2515 2520 17960 4406
218 17 2515 2520 18037 4431
219 18 2515 2520 18101 4450
220 18 2515 2520 18170 4473
221 18 2515 2520 18243 4491
222 18 2515 2520 18358 4511
223 18 2515 2520 18428 4524
224 18 2515 2520 18516 4537
225 18 2515 2520 18590 4545
226 18 2515 2520 18660 4564
227 18 2515 2520 18732 4590
228 19 2515 2520 18814 4601
229 19 2515 2520 18918 4633
230 19 2515 2520 19014 4653
231 19 2515 2520 19098 4661
232 19 2515 2520 19192 4663
233 19 2515 2520 19278 4689
234 20 2515 2520 19379 4712
235 21 2515 2520 19475 4748
236 21 2515 2520 19583 4764
237 21 2515 2520 19719 4798
238 21 2515 2520 19832 4817
239 21 2515 2520 19947 4833
240 21 2515 2520 20083 4868
241 21 2515 2520 20217 4896
242 21 2515 2520 20325 4922
243 21 2515 2520 20445 4939
244 21 2515 2520 20549 4969
245 22 2515 2520 20674 5001
246 22 2515 2520 20788 5028
247 22 2515 2520 20919 5037
248 23 2515 2520 21047 5071
249 23 2515 2520 21157 5094
250 23 2515 2520 21303 5137
251 23 2515 2520 21444 5180
252 23 2515 2520 21581 5216
253 23 2515 2520 21716 5256
254 23 2515 2520 21853 5279
255 23 2515 2520 22008 5307
256 23 2515 2520 22155 5334
257 23 2515 2520 22264 5359
258 23 2515 2520 22388 5385
259 23 2515 2520 22488 5402
260 24 2515 2520 22583 5420
261 24 2515 2520 22693 5450
262 24 2515 2520 22826 5482
263 24 2515 2520 22971 5510
264 24 2515 2520 23121 5535
265 24 2515 2520 23252 5566
266 24 2515 2520 23352 5596
267 24 2515 2520 23470 5621
268 24 2515 2520 23583 5638
269 24 2515 2520 23699 5667
270 24 2515 2520 23830 5684
271 24 2515 2520 23936 5705
272 24 2515 2520 24016 5741
273 24 2515 2520 24130 5764
274 24 2515 2520 24255 5780
275 24 2515 2520 24361 5810
276 24 2515 2520 24473 5837
277 25 2515 2520 24567 5854
278 25 2515 2520 24653 5869
279 25 2515 2520 24741 5898
280 25 2515 2520 24832 5925
281 25 2515 2520 24916 5946
282 25 2515 2520 25022 5987
283 25 2515 2520 25103 6001
284 25 2515 2520 25183 6014
285 25 2515 2520 25299 6030
286 25 2515 2520 25384 6043
287 25 2515 2520 25463 6054
288 25 2515 2520 25546 6059
289 26 2515 2520 25636 6073
290 26 2515 2520 25736 6077
291 26 2515 2520 25844 6093
292 26 2515 2520 25943 6115
293 27 2515 2520 26037 6131
294 27 2515 2520 26139 6134
295 27 2515 2520 26267 6166
296 27 2515 2520 26387 6194
297 27 2515 2520 26534 6222
298 28 2515 2520 26663 6248
299 28 2515 2520 26825 6304
300 28 2515 2520 26995 6364
301 28 2515 2520 27133 6404
302 28 2515 2520 27296 6443
303 28 2515 2520 27438 6495
304 28 2515 2520 27542 6503
305 28 2515 2520 27674 6549
306 28 2515 2520 27775 6585
307 28 2515 2520 27914 6623
308 28 2515 2520 28032 6631
309 28 2515 2520 28138 6652
310 28 2515 2520 28228 6669
311 28 2515 2520 28361 6700
312 28 2515 2520 28470 6706
313 28 2515 2520 28565 6733
314 28 2515 2520 28665 6762
315 28 2515 2520 28759 6769
316 28 2515 2520 28842 6797
317 28 2515 2520 28930 6835
318 28 2515 2520 29020 6851
319 28 2515 2520 29118 6872
320 28 2515 2520 29197 6905
321 28 2515 2520 29283 6936
322 28 2515 2520 29352 6935
323 28 2515 2520 29416 6948
324 28 2515 2520 29498 6977
325 28 2515 2520 29584 7000
326 28 2515 2520 29647 7015
327 29 2515 2520 29722 7046
328 29 2515 2520 29783 7066
329 29 2515 2520 29881 7088
330 29 2515 2520 29979 7128
331 29 2515 2520 30069 7143
332 29 2515 2520 30158 7178
333 29 2515 2520 30264 7212
334 29 2515 2520 30355 7235
335 30 2515 2520 30431 7241
336 30 2515 2520 30520 7253
337 30 2515 2520 30608 7279
338 30 2515 2520 30712 7303
339 31 2515 2520 30848 7320
340 31 2515 2520 30983 7342
341 31 2515 2520 31117 7369
342 31 2515 2520 31255 7401
343 31 2515 2520 31375 7435
344 31 2515 2520 31487 7464
345 31 2515 2520 31610 7490
346 31 2515 2520 31732 7507
347 31 2515 2520 31860 7533
348 31 2515 2520 31968 7543
349 31 2515 2520 32046 7553
350 31 2515 2520 32170 7566
351 31 2515 2520 32284 7582
352 31 2515 2520 32396 7602
353 31 2515 2520 32498 7613
354 31 2514 2520 32582 7630
355 31 2514 2520 32691 7645
356 32 2514 2520 32811 7667
357 32 2514 2520 32934 7693
358 33 2514 2520 33058 7716
359 33 2514 2520 33163 7728
360 33 2514 2520 33306 7740
361 33 2514 2520 33426 7756
362 33 2514 2520 33559 7771
363 33 2514 2520 33690 7793
364 33 2514 2520 33825 7810
365 33 2514 2520 33981 7841
366 33 2514 2520 34114 7861
367 33 2514 2520 34236 7895
368 33 2514 2520 34360 7947
369 34 2514 2520 34470 7967
370 34 2514 2520 34547 7999
371 35 2514 2520 34689 8033
372 35 2514 2520 34826 8054
373 35 2514 2520 34986 8090
374 35 2514 2520 35110 8097
375 35 2514 2520 35268 8124
376 35 2514 2520 35390 8141
377 35 2514 2520 35568 8169
378 35 2514 2520 35732 8209
379 35 2514 2520 35871 8240
380 36 2514 2520 36015 8264
381 36 2514 2520 36172 8298
382 36 2514 2520 36334 8339
383 36 2514 2520 36444 8351
384 36 2514 2520 36592 8383
385 36 2514 2520 36751 8410
386 37 2514 2520 36873 8447
387 37 2514 2520 37041 8484
388 37 2514 2520 37171 8502
389 38 2514 2520 37307 8520
390 38 2514 2520 37435 8552
391 38 2514 2520 37596 8580
392 38 2514 2520 37743 8620
393 38 2514 2520 37885 8651
394 39 2514 2520 38048 8702
395 39 2514 2520 38243 8755
396 39 2514 2520 38424 8811
397 39 2514 2520 38562 8842
398 39 2514 2520 38712 8874
399 39 2514 2520 38872 8926
400 39 2514 2520 39011 8940
401 40 2514 2520 39192 8975
402 40 2513 2520 39373 9004
403 40 2513 2520 39504 9038
404 40 2513 2520 39639 9052
405 40 2513 2520 39812 9066
406 40 2513 2520 39958 9093
407 41 2513 2520 40103 9128
408 41 2513 2520 40239 9148
409 41 2513 2520 40423 9185
410 41 2513 2520 40563 9210
411 41 2513 2520 40686 9243
412 41 2513 2520 40823 9273
413 41 2513 2520 40950 9257
414 41 2513 2520 41076 9286
415 41 2513 2520 41180 9307
416 41 2513 2520 41330 9344
417 41 2513 2520 41457 9357
418 41 2513 2520 41602 9405
419 41 2513 2520 41724 9416
420 41 2513 2520 41820 9431
421 41 2513 2520 41922 9455
422 41 2513 2520 42024 9476
423 41 2513 2520 42126 9496
424 41 2513 2520 42208 9516
425 41 2513 2520 42298 9544
426 41 2513 2520 42386 9554
427 41 2513 2520 42480 9569
428 41 2513 2520 42563 9582
429 42 2513 2520 42627 9598
430 43 2513 2520 42711 9614
431 43 2513 2520 42800 9629
432 43 2513 2520 42939 9670
433 43 2513 2520 43081 9696
434 43 2513 2520 43209 9730
435 43 2513 2520 43343 9773
436 43 2513 2520 43486 9814
437 43 2513 2520 43641 9856
438 43 2513 2520 43768 9870
439 43 2513 2520 43904 9913
440 43 2513 2520 44028 9972
441 43 2513 2520 44182 10025
442 43 2513 2520 44303 10061
443 43 2513 2520 44385 10074
444 43 2513 2520 44492 10119
445 43 2513 2520 44572 10137
446 43 2513 2520 44665 10141
447 43 2513 2520 44798 10179
448 43 2513 2520 44897 10207
449 43 2513 2520 44976 10223
450 43 2513 2520 45048 10249
451 43 2513 2520 45156 10279
452 43 2513 2520 45264 10306
453 43 2513 2520 45350 10334
454 43 2513 2520 45406 10343
455 43 2513 2520 45501 10368
456 44 2513 2520 45565 10388
457 44 2513 2520 45636 10407
458 44 2513 2520 45713 10428
459 44 2513 2520 45771 10438
460 44 2513 2520 45842 10466
461 44 2513 2520 45916 10487
462 44 2513 2520 45974 10512
463 44 2513 2520 46016 10523
464 44 2513 2520 46080 10531
465 44 2513 2520 46141 10542
466 44 2513 2520 46215 10563
467 44 2513 2520 46271 10577
468 44 2513 2520 46339 10599
469 44 2513 2520 46378 10633
470 44 2513 2520 46436 10647
471 44 2513 2520 46514 10684
472 44 2513 2520 46577 10695
473 44 2513 2520 46635 10694
474 44 2513 2520 46716 10712
475 44 2513 2520 46758 10733
476 44 2513 2520 46807 10754
477 44 2513 2520 46863 10756
478 44 2513 2520 46930 10773
479 44 2513 2520 46970 10786
480 44 2513 2520 47022 10793
481 44 2513 2520 47035 10807
482 44 2513 2520 47083 10825
483 44 2513 2520 47108 10833
484 44 2513 2520 47180 10841
485 44 2513 2520 47226 10846
486 44 2513 2520 47294 10857
487 45 2513 2520 47342 10864
488 45 2513 2520 47385 10863
489 45 2513 2520 47457 10881
490 45 2513 2520 47538 10903
491 45 2513 2520 47612 10905
492 45 2513 2520 47695 10918
493 45 2513 2520 47775 10933
494 45 2513 2520 47853 10954
495 46 2513 2520 47940 10958
496 46 2513 2520 47999 10952
497 46 2513 2520 48053 10946
498 47 2513 2520 48130 10970
499 47 2513 2520 48194 10988
500 47 2513 2520 48295 11003
501 47 2513 2520 48399 10999
502 47 2513 2520 48484 11020
503 48 2513 2520 48584 11051
504 49 2513 2520 48704 11074
505 49 2513 2520 48835 11085
506 49 2513 2520 48982 11116
507 50 2513 2520 49124 11153
508 50 2513 2520 49265 11183
509 50 2513 2520 49464 11200
510 50 2513 2520 49618 11228
511 50 2513 2520 49776 11253
512 50 2513 2520 49931 11262
513 50 2513 2520 50105 11292
514 50 2513 2520 50269 11332
515 50 2513 2520 50425 11341
516 50 2513 2520 50585 11387
517 50 2513 2520 50730 11405
518 50 2513 2520 50864 11429
519 50 2513 2520 50986 11436
520 50 2513 2520 51120 11472
521 50 2513 2520 51243 11496
522 50 2513 2520 51374 11518
523 50 2513 2520 51515 11535
524 50 2513 2520 51649 11559
525 50 2513 2520 51757 11588
526 50 2513 2520 51875 11609
527 50 2513 2520 52000 11622
528 50 2513 2520 52083 11638
529 50 2513 2520 52202 11655
530 50 2513 2520 52348 11687
531 50 2513 2520 52451 11711
532 50 2513 2520 52558 11725
533 50 2513 2520 52653 11745
534 50 2513 2520 52758 11763
535 50 2513 2520 52837 11789
536 50 2513 2520 52905 11803
537 50 2513 2520 53002 11829
538 50 2513 2520 53082 11853
539 50 2513 2520 53157 11870
540 50 2513 2520 53226 11875
541 50 2513 2520 53288 11896
542 50 2513 2520 53350 11909
543 50 2513 2520 53414 11928
544 50 2513 2520 53452 11925
545 51 2513 2520 53529 11920
546 51 2513 2520 53602 11948
547 51 2512 2520 53678 11965
548 51 2512 2520 53732 11983
549 51 2512 2520 53801 11975
550 51 2512 2520 53881 12004
551 51 2512 2520 53959 12025
552 51 2512 2520 54048 12044
553 51 2512 2520 54131 12068
554 51 2512 2520 54216 12078
555 51 2512 2520 54307 12100
556 51 2512 2520 54382 12102
557 52 2512 2520 54457 12110
558 52 2512 2520 54545 12120
559 52 2512 2520 54651 12145
560 52 2512 2520 54739 12175
561 52 2512 2520 54819 12198
562 53 2512 2520 54910 12216
563 53 2512 2520 55006 12234
564 53 2512 2520 55124 12259
565 53 2512 2520 55231 12296
566 53 2512 2520 55333 12309
567 53 2512 2520 55448 12330
568 53 2512 2520 55557 12356
569 53 2512 2520 55679 12372
570 53 2512 2520 55781 12403
571 53 2512 2520 55882 12436
572 53 2512 2520 55979 12464
573 53 2512 2520 56058 12463
574 53 2512 2520 56125 12492
575 53 2512 2520 56221 12513
576 53 2512 2520 56317 12525
577 53 2512 2520 56409 12550
578 53 2512 2520 56489 12576
579 53 2512 2520 56573 12603
580 54 2512 2520 56656 12619
581 54 2512 2520 56750 12650
582 54 2512 2520 56830 12670
583 54 2512 2520 56928 12703
584 54 2512 2520 57014 12721
585 54 2512 2520 57112 12734
586 54 2512 2520 57199 12736
587 54 2512 2520 57290 12771
588 54 2512 2520 57376 12786
589 55 2512 2520 57461 12790
590 56 2512 2520 57582 12815
591 56 2512 2520 57654 12839
592 56 2512 2520 57780 12868
593 56 2512 2520 57930 12888
594 56 2512 2520 58053 12910
595 56 2512 2520 58181 12943
596 56 2512 2520 58316 12967
597 56 2512 2520 58440 12980
598 56 2512 2520 58587 13002
599 56 2512 2520 58696 13040
600 56 2512 2520 58820 13054
601 56 2512 2520 58922 13076
602 56 2511 2520 59027 13104
603 56 2511 2520 59140 13122
604 56 2511 2520 59271 13158
605 56 2511 2520 59379 13161
606 56 2511 2520 59508 13182
607 56 2511 2520 59636 13191
608 56 2511 2520 59745 13208
609 56 2511 2520 59834 13216
610 56 2511 2520 59950 13229
611 56 2511 2520 60073 13246
612 56 2511 2520 60171 13268
613 56 2511 2520 60261 13269
614 56 2511 2520 60370 13295
615 56 2511 2520 60472 13319
616 56 2511 2520 60567 13328
617 56 2511 2520 60667 13339
618 56 2511 2520 60757 13330
619 56 2511 2520 60842 13348
620 57 2511 2520 60935 13367
621 57 2511 2520 61020 13393
622 57 2511 2520 61116 13398
623 57 2511 2520 61199 13426
624 57 2511 2520 61300 13427
625 57 2511 2520 61406 13458
626 57 2511 2520 61525 13477
627 57 2511 2520 61585 13480
628 57 2511 2520 61679 13510
629 58 2511 2520 61805 13545
630 58 2511 2520 61922 13579
631 59 2511 2520 62046 13609
632 60 2511 2520 62176 13631
633 60 2511 2520 62351 13668
634 60 2511 2520 62526 13678
635 60 2511 2520 62676 13737
636 60 2511 2520 62832 13751
637 60 2511 2520 62979 13759
638 60 2511 2520 63161 13837
639 60 2511 2520 63341 13863
640 60 2511 2520 63500 13896
641 60 2511 2520 63663 13925
642 61 2511 2520 63829 13942
643 62 2511 2520 64023 13964
644 62 2511 2520 64216 14002
645 62 2511 2520 64374 14019
646 62 2511 2520 64560 14061
647 62 2510 2520 64729 14089
648 62 2510 2520 64917 14101
649 62 2510 2520 65128 14144
650 62 2510 2520 65312 14152
651 62 2510 2520 65480 14183
652 62 2510 2520 65664 14228
653 62 2510 2520 65837 14253
654 62 2510 2520 65976 14266
655 63 2510 2520 66118 14280
656 63 2510 2520 66278 14323
657 63 2510 2520 66429 14383
658 63 2509 2520 66592 14431
659 63 2509 2520 66732 14439
660 64 2509 2520 66873 14447
661 64 2509 2520 67020 14478
662 64 2509 2520 67208 14523
663 64 2509 2520 67387 14535
664 64 2509 2520 67554 14581
665 64 2509 2520 67698 14597
666 64 2509 2520 67825 14614
667 64 2509 2520 67952 14623
668 64 2509 2520 68095 14660
669 64 2509 2520 68230 14672
670 64 2509 2520 68380 14693
671 64 2509 2520 68523 14716
672 64 2509 2520 68630 14735
673 64 2509 2520 68753 14751
674 64 2509 2520 68877 14785
675 64 2509 2520 68998 14806
676 64 2509 2520 69128 14812
677 65 2509 2520 69235 14855
678 65 2509 2520 69362 14873
679 66 2509 2520 69488 14902
680 66 2509 2520 69618 14919
681 67 2509 2520 69746 14947
682 67 2509 2520 69919 14985
683 67 2509 2520 70099 15033
684 68 2509 2520 70258 15070
685 68 2509 2520 70435 15096
686 68 2509 2520 70592 15137
687 68 2509 2520 70748 15165
688 68 2509 2520 70883 15196
689 68 2509 2520 71048 15240
690 68 2509 2520 71193 15264
691 68 2509 2520 71376 15312
692 69 2509 2520 71563 15352
693 69 2509 2520 71685 15379
694 69 2509 2520 71836 15403
695 69 2509 2520 71992 15433
696 69 2509 2520 72152 15466
697 69 2509 2520 72298 15502
698 69 2509 2520 72473 15527
699 69 2509 2520 72633 15543
700 69 2509 2520 72786 15589
701 69 2509 2520 72933 15621
702 69 2509 2520 73133 15668
703 71 2509 2520 73326 15725
704 72 2509 2520 73496 15769
705 72 2509 2520 73682 15775
706 72 2509 2520 73844 15793
707 72 2509 2520 74031 15840
708 72 2509 2520 74201 15863
709 72 2509 2520 74412 15897
710 72 2509 2520 74578 15935
711 72 2509 2520 74755 15961
712 72 2509 2520 74928 16006
713 72 2509 2520 75145 16057
714 73 2509 2520 75287 16074
715 73 2509 2520 75461 16121
716 73 2509 2520 75655 16163
717 74 2509 2520 75806 16193
718 74 2509 2520 76054 16242
719 74 2509 2520 76287 16247
720 74 2509 2520 76503 16277
721 74 2509 2520 76675 16310
722 74 2509 2520 76904 16385
723 74 2509 2520 77144 16412
724 74 2509 2520 77334 16462
725 74 2509 2520 77528 16501
726 74 2509 2520 77702 16520
727 75 2509 2520 77862 16532
728 75 2509 2520 78024 16567
729 76 2509 2520 78219 16590
730 76 2509 2520 78426 16628
731 77 2509 2520 78646 16687
732 77 2509 2520 78873 16727
733 77 2509 2520 79088 16764
734 77 2509 2520 79291 16795
735 77 2509 2520 79493 16854
736 77 2509 2520 79718 16900
737 77 2509 2520 79924 16962
738 77 2509 2520 80139 17003
739 77 2509 2520 80353 17017
740 77 2509 2520 80580 17075
741 77 2509 2520 80772 17115
742 77 2509 2520 80940 17162
743 77 2509 2520 81139 17192
744 78 2509 2520 81296 17244
745 78 2509 2520 81445 17278
746 78 2509 2520 81650 17313
747 78 2509 2520 81830 17343
748 78 2509 2520 82026 17367
749 78 2509 2520 82203 17405
750 78 2509 2520 82380 17424
751 79 2509 2520 82570 17489
752 79 2509 2520 82743 17537
753 79 2509 2520 82880 17562
754 79 2509 2520 83030 17577
755 79 2509 2520 83162 17601
756 79 2509 2520 83283 17625
757 79 2509 2520 83443 17652
758 79 2509 2520 83592 17678
759 79 2509 2520 83722 17698
760 79 2509 2520 83876 17717
761 79 2509 2520 84022 17759
762 79 2509 2520 84135 17771
763 79 2509 2520 84256 17799
764 79 2509 2520 84374 17811
765 79 2509 2520 84475 17818
766 79 2509 2520 84611 17828
767 79 2509 2520 84736 17826
768 79 2509 2520 84849 17842
769 79 2509 2520 84936 17873
770 79 2509 2520 85044 17900
771 79 2509 2520 85137 17899
772 79 2509 2520 85246 17915
773 79 2509 2520 85361 17935
774 79 2509 2520 85451 17943
775 81 2509 2520 85530 17962
776 81 2509 2520 85640 18017
777 81 2509 2520 85777 18046
778 81 2509 2520 85905 18075
779 81 2509 2520 86037 18100
780 81 2509 2520 86148 18129
781 81 2509 2520 86285 18155
782 81 2509 2520 86427 18187
783 82 2509 2520 86521 18199
784 82 2509 2520 86647 18214
785 82 2509 2520 86773 18255
786 83 2509 2520 86928 18295
787 83 2509 2520 87063 18302
788 83 2509 2520 87220 18341
789 83 2509 2520 87361 18335
790 83 2509 2520 87467 18373
791 83 2509 2520 87602 18405
792 84 2509 2520 87763 18429
793 85 2509 2520 87929 18444
794 85 2509 2520 88089 18450
795 86 2509 2520 88250 18441
796 86 2509 2520 88447 18487
797 86 2509 2520 88647 18504
798 87 2509 2520 88859 18553
799 87 2509 2520 89106 18584
800 87 2508 2520 89332 18611
801 87 2508 2520 89560 18645
802 88 2508 2520 89794 18682
803 88 2508 2520 90024 18720
804 88 2508 2520 90225 18745
805 88 2508 2520 90481 18763
806 90 2508 2520 90731 18816
807 90 2508 2520 91026 18860
808 90 2508 2520 91331 18911
809 90 2508 2520 91584 18933
810 90 2508 2520 91869 18968
811 90 2508 2520 92104 18995
812 90 2508 2520 92318 19012
813 91 2508 2520 92508 19055
814 91 2508 2520 92772 19074
815 91 2508 2520 93013 19121
816 91 2508 2520 93269 19152
817 91 2508 2520 93489 19177
818 91 2508 2520 93702 19214
819 91 2508 2520 93866 19220
820 91 2508 2520 94051 19216
821 92 2508 2520 94252 19264
822 92 2508 2520 94467 19296
823 92 2508 2520 94662 19345
824 92 2507 2520 94869 19372
825 93 2507 2520 95053 19398
826 93 2507 2520 95271 19437
827 93 2507 2520 95463 19467
828 94 2507 2520 95641 19490
829 94 2507 2520 95856 19479
830 94 2507 2520 96051 19502
831 94 2507 2520 96219 19556
832 94 2507 2520 96399 19590
833 94 2507 2520 96611 19622
834 94 2507 2520 96811 19640
835 94 2506 2520 96983 19637
836 94 2506 2520 97202 19646
837 95 2506 2520 97418 19654
838 95 2506 2520 97623 19693
839 95 2506 2520 97874 19728
840 95 2506 2520 98087 19771
841 95 2506 2520 98298 19813
842 95 2506 2520 98527 19858
843 95 2506 2520 98697 19888
844 95 2506 2520 98864 19908
845 95 2505 2520 99043 19938
846 96 2505 2520 99250 19954
847 96 2505 2520 99447 19964
848 96 2505 2520 99627 19969
849 96 2505 2520 99827 19990
850 96 2505 2520 100053 19975
851 96 2505 2520 100260 19985
852 96 2505 2520 100454 20017
853 96 2505 2520 100622 20045
854 96 2505 2520 100821 20063
855 96 2505 2520 101005 20084
856 96 2505 2520 101158 20103
857 96 2505 2520 101309 20121
858 97 2505 2520 101486 20169
859 97 2505 2520 101650 20173
860 97 2505 2520 101825 20183
861 97 2505 2520 102006 20201
862 97 2505 2520 102217 20213
863 97 2505 2520 102388 20255
864 97 2505 2520 102521 20276
865 97 2505 2520 102702 20320
866 97 2504 2520 102849 20338
867 97 2503 2520 103044 20389
868 97 2503 2520 103236 20423
869 98 2503 2520 103398 20454
870 98 2503 2520 103563 20465
871 98 2503 2520 103773 20476
872 98 2503 2520 103976 20514
873 98 2503 2520 104148 20542
874 99 2503 2520 104295 20580
875 99 2503 2520 104450 20609
876 99 2503 2520 104591 20630
877 99 2503 2520 104735 20661
878 99 2503 2520 104898 20659
879 99 2503 2520 105036 20677
880 99 2503 2520 105204 20698
881 99 2503 2520 105358 20723
882 100 2503 2520 105515 20751
883 100 2503 2520 105664 20770
884 100 2503 2520 105859 20809
885 100 2503 2520 105997 20833
886 100 2503 2520 106155 20866
887 100 2502 2520 106274 20878
888 100 2502 2520 106396 20905
889 100 2502 2520 106556 20926
890 100 2502 2520 106678 20930
891 100 2502 2520 106832 20952
892 100 2502 2520 106985 20966
893 100 2502 2520 107112 20978
894 101 2502 2520 107255 21001
895 101 2502 2520 107389 20994
896 101 2502 2520 107527 21009
897 102 2502 2520 107702 21048
898 102 2502 2520 107853 21071
899 102 2502 2520 108041 21080
900 102 2502 2520 108169 21086
901 102 2502 2520 108330 21121
902 102 2502 2520 108474 21162
903 102 2502 2520 108634 21209
904 102 2502 2520 108794 21220
905 102 2502 2520 108945 21270
906 102 2502 2520 109066 21296
907 102 2502 2520 109177 21300
908 102 2502 2520 109322 21325
909 102 2502 2520 109440 21346
910 102 2502 2520 109613 21364
911 102 2502 2520 109718 21382
912 103 2502 2520 109795 21376
913 103 2502 2520 109919 21381
914 103 2502 2520 110000 21402
915 103 2502 2520 110117 21429
916 103 2502 2520 110249 21461
917 103 2502 2520 110356 21475
918 103 2502 2520 110505 21502
919 103 2502 2520 110631 21519
920 103 2502 2520 110740 21558
921 103 2502 2520 110867 21584
922 103 2502 2520 110935 21592
923 103 2502 2520 111030 21601
924 103 2502 2520 111137 21646
925 104 2502 2520 111245 21656
926 104 2502 2520 111355 21684
927 104 2502 2520 111495 21704
928 105 2502 2520 111627 21722
929 106 2502 2520 111736 21745
930 107 2502 2520 111894 21783
931 107 2502 2520 112070 21837
932 107 2502 2520 112229 21884
933 108 2502 2520 112402 21913
934 108 2502 2520 112578 21976
935 108 2502 2520 112733 22018
936 108 2502 2520 112923 22041
937 109 2502 2520 113083 22078
938 109 2502 2520 113256 22125
939 109 2502 2520 113436 22167
940 109 2502 2520 113602 22181
941 109 2502 2520 113773 22203
942 110 2502 2520 113975 22241
943 110 2502 2520 114146 22280
944 110 2502 2520 114310 22289
945 110 2502 2520 114517 22332
946 110 2502 2520 114688 22355
947 110 2502 2520 114873 22399
948 111 2502 2520 115038 22432
949 111 2502 2520 115197 22457
950 111 2502 2520 115405 22457
951 111 2502 2520 115635 22489
952 111 2502 2520 115799 22519
953 111 2502 2520 115985 22542
954 111 2502 2520 116148 22585
955 111 2502 2520 116314 22610
956 112 2502 2520 116464 22654
957 113 2502 2520 116680 22702
958 113 2502 2520 116877 22740
959 113 2502 2520 117045 22772
960 113 2502 2520 117212 22783
961 113 2502 2520 117417 22789
962 113 2502 2520 117639 22836
963 113 2502 2520 117795 22870
964 113 2502 2520 117965 22885
965 113 2502 2520 118132 22896
966 113 2502 2520 118275 22914
967 113 2502 2520 118438 22936
968 113 2502 2520 118623 22973
969 113 2502 2520 118819 22991
970 113 2502 2520 118983 23024
971 113 2502 2520 119149 23063
972 113 2502 2520 119297 23105
973 113 2502 2520 119442 23122
974 113 2502 2520 119539 23147
975 113 2502 2520 119676 23153
976 113 2502 2520 119845 23197
977 113 2502 2520 119941 23214
978 113 2502 2520 120045 23236
979 113 2502 2520 120189 23263
980 113 2502 2520 120310 23276
981 113 2502 2520 120406 23287
982 115 2502 2520 120528 23294
983 115 2502 2520 120656 23331
984 115 2502 2520 120779 23359
985 115 2502 2520 120910 23390
986 115 2502 2520 121084 23405
987 115 2502 2520 121243 23418
988 115 2502 2520 121409 23448
989 115 2502 2520 121559 23456
990 115 2502 2520 121697 23474
991 115 2502 2520 121856 23482
992 115 2502 2520 121996 23486
993 115 2502 2520 122131 23470
994 115 2502 2520 122298 23505
995 115 2502 2520 122434 23531
996 115 2502 2520 122562 23562
997 115 2502 2520 122684 23593
998 116 2502 2520 122852 23615
999 116 2502 2520 122978 23621
1000 116 2502 2520 123111 23663
