0 1 2519 2520 796 500
1 1 2519 2520 814 514
2 1 2519 2520 824 523
3 1 2519 2520 838 532
4 1 2519 2520 855 540
5 1 2519 2520 870 546
6 1 2519 2520 896 559
7 1 2519 2520 914 568
8 1 2519 2520 941 585
9 1 2519 2520 964 596
10 1 2519 2520 994 606
11 1 2519 2520 1022 616
12 1 2519 2520 1034 622
13 1 2519 2520 1048 627
14 1 2519 2520 1065 636
15 1 2519 2520 1080 636
16 1 2519 2520 1094 638
17 1 2519 2520 1103 644
18 1 2519 2520 1115 642
19 1 2519 2520 1132 647
20 1 2519 2520 1144 650
21 1 2519 2520 1158 655
22 1 2519 2520 1172 658
23 1 2519 2520 1185 663
24 2 2519 2520 1199 669
25 2 2519 2520 1227 677
26 2 2519 2520 1283 700
27 2 2519 2520 1348 723
28 2 2519 2520 1408 747
29 2 2519 2520 1475 778
30 2 2519 2520 1532 801
31 2 2519 2520 1604 819
32 2 2519 2520 1670 847
33 2 2519 2520 1739 863
34 2 2519 2520 1805 887
35 2 2519 2520 1864 910
36 2 2519 2520 1925 935
37 2 2519 2520 1957 947
38 2 2519 2520 2007 964
39 2 2519 2520 2060 972
40 2 2519 2520 2101 981
41 2 2519 2520 2150 992
42 2 2519 2520 2177 995
43 2 2519 2520 2207 1006
44 2 2519 2520 2234 1015
45 2 2519 2520 2268 1022
46 2 2519 2520 2296 1031
47 2 2519 2520 2308 1035
48 2 2519 2520 2330 1037
49 2 2519 2520 2350 1042
50 2 2519 2520 2361 1046
51 3 2519 2520 2372 1049
52 3 2519 2520 2400 1056
53 3 2519 2520 2452 1069
54 3 2519 2520 2515 1080
55 4 2519 2520 2572 1104
56 4 2519 2520 2643 1119
57 4 2519 2520 2758 1162
58 4 2519 2520 2846 1195
59 4 2519 2520 2942 1222
60 4 2519 2520 3041 1251
61 4 2519 2520 3145 1282
62 4 2519 2520 3252 1308
63 4 2519 2520 3359 1343
64 4 2519 2520 3477 1365
65 4 2519 2520 3583 1393
66 4 2519 2520 3666 1410
67 4 2519 2520 3774 1441
68 4 2519 2520 3856 1467
69 4 2519 2520 3933 1494
70 4 2519 2520 4017 1521
71 4 2519 2520 4079 1539
72 4 2519 2520 4157 1556
73 4 2519 2520 4228 1576
74 4 2519 2520 4297 1598
75 4 2519 2520 4367 1616
76 4 2519 2520 4438 1636
77 4 2519 2520 4502 1643
78 4 2519 2520 4545 1655
79 5 2519 2520 4596 1668
80 6 2519 2520 4652 1689
81 6 2519 2520 4744 1723
82 6 2519 2520 4865 1752
83 6 2519 2520 4958 1779
84 6 2519 2520 5064 1815
85 6 2519 2520 5159 1856
86 6 2519 2520 5263 1884
87 6 2519 2520 5352 1904
88 6 2519 2520 5439 1920
89 6 2519 2520 5530 1966
90 6 2519 2520 5606 1978
91 6 2519 2520 5700 2008
92 6 2519 2520 5795 2036
93 6 2519 2520 5900 2065
94 6 2519 2520 6000 2089
95 6 2519 2520 6094 2101
96 6 2518 2520 6188 2116
97 7 2518 2520 6270 2135
98 8 2517 2520 6370 2150
99 8 2517 2520 6495 2170
100 8 2517 2520 6637 2183
101 8 2517 2520 6803 2205
102 8 2517 2520 6943 2195
103 8 2517 2520 7078 2209
104 8 2517 2520 7220 2233
105 8 2517 2520 7366 2241
106 8 2517 2520 7499 2256
107 8 2517 2520 7618 2279
108 8 2517 2520 7726 2299
109 8 2517 2520 7828 2317
110 8 2517 2520 7926 2342
111 8 2517 2520 8030 2365
112 8 2517 2520 8126 2382
113 8 2517 2520 8209 2400
114 8 2517 2520 8306 2431
115 8 2517 2520 8392 2455
116 10 2517 2520 8468 2470
117 10 2517 2520 8588 2518
118 10 2517 2520 8725 2554
119 10 2517 2520 8884 2591
120 10 2517 2520 9034 2632
121 10 2517 2520 9184 2673
122 10 2517 2520 9294 2706
123 10 2517 2520 9411 2727
124 10 2517 2520 9548 2768
125 10 2517 2520 9665 2789
126 10 2517 2520 9779 2827
127 11 2517 2520 9871 2849
128 11 2517 2520 9989 2885
129 11 2517 2520 10112 2916
130 11 2517 2520 10216 2917
131 11 2517 2520 10337 2924
132 11 2517 2520 10433 2947
133 11 2517 2520 10532 2979
134 11 2517 2520 10648 2995
135 12 2517 2520 10752 3018
136 12 2517 2520 10867 3036
137 12 2517 2520 10997 3068
138 12 2517 2520 11112 3081
139 12 2517 2520 11222 3104
140 13 2517 2520 11340 3135
141 13 2517 2520 11489 3166
142 13 2517 2520 11648 3213
143 13 2517 2520 11805 3242
144 13 2517 2520 11933 3264
145 14 2517 2520 12067 3308
146 14 2517 2520 12200 3346
147 14 2517 2520 12346 3386
148 14 2517 2520 12491 3397
149 14 2517 2520 12633 3441
150 14 2517 2520 12785 3462
151 14 2517 2520 12936 3483
152 15 2517 2520 13088 3520
153 15 2517 2520 13222 3546
154 15 2517 2520 13388 3574
155 15 2517 2520 13515 3592
156 15 2517 2520 13679 3621
157 15 2517 2520 13823 3639
158 15 2517 2520 13935 3671
159 15 2517 2520 14083 3694
160 15 2517 2520 14226 3727
161 15 2517 2520 14386 3741
162 15 2517 2520 14511 3771
163 15 2517 2520 14648 3795
164 16 2517 2520 14814 3849
165 16 2517 2520 14937 3883
166 16 2517 2520 15074 3930
167 16 2517 2520 15222 3962
168 16 2517 2520 15352 3999
169 16 2517 2520 15502 4045
170 16 2517 2520 15644 4072
171 16 2517 2520 15779 4099
172 16 2517 2520 15910 4125
173 16 2517 2520 16024 4144
174 16 2517 2520 16129 4152
175 16 2517 2520 16230 4170
176 16 2517 2520 16342 4203
177 16 2517 2520 16460 4229
178 16 2517 2520 16551 4249
179 16 2517 2520 16644 4256
180 16 2517 2520 16751 4277
181 16 2517 2520 16858 4303
182 16 2517 2520 16957 4328
183 16 2517 2520 17026 4352
184 16 2517 2520 17116 4366
185 17 2517 2520 17191 4379
186 17 2517 2520 17276 4401
187 17 2516 2520 17378 4425
188 17 2516 2520 17480 4460
189 17 2516 2520 17576 4479
190 17 2516 2520 17676 4507
191 17 2516 2520 17778 4507
192 17 2516 2520 17870 4520
193 17 2516 2520 17992 4543
194 17 2516 2520 18098 4567
195 17 2516 2520 18205 4583
196 17 2516 2520 18316 4619
197 17 2516 2520 18406 4636
198 17 2516 2520 18504 4673
199 17 2516 2520 18594 4677
200 19 2516 2520 18666 4692
201 20 2516 2520 18783 4714
202 20 2515 2520 18923 4744
203 20 2515 2520 19065 4758
204 20 2515 2520 19229 4786
205 20 2515 2520 19407 4811
206 20 2515 2520 19572 4815
207 20 2515 2520 19792 4829
208 20 2515 2520 19969 4862
209 20 2515 2520 20135 4891
210 20 2515 2520 20315 4907
211 20 2515 2520 20464 4913
212 20 2515 2520 20583 4922
213 20 2515 2520 20704 4944
214 20 2515 2520 20832 4963
215 21 2515 2520 20965 4999
216 21 2515 2520 21110 5013
217 22 2515 2520 21226 5047
218 22 2515 2520 21328 5049
219 22 2515 2520 21461 5085
220 23 2515 2520 21573 5106
221 23 2515 2520 21697 5134
222 23 2515 2520 21852 5157
223 23 2515 2520 22009 5185
224 23 2515 2520 22165 5204
225 23 2515 2520 22283 5235
226 23 2515 2520 22426 5261
227 24 2515 2520 22561 5290
228 24 2515 2520 22693 5333
229 24 2515 2520 22871 5381
230 24 2515 2520 23006 5391
231 24 2515 2520 23146 5413
232 24 2515 2520 23302 5444
233 24 2515 2520 23440 5467
234 24 2515 2520 23591 5498
235 24 2515 2520 23724 5515
236 24 2515 2520 23861 5548
237 24 2515 2520 23989 5568
238 24 2515 2520 24119 5599
239 24 2515 2520 24263 5617
240 24 2515 2520 24377 5647
241 24 2515 2520 24486 5681
242 24 2515 2520 24595 5706
243 24 2515 2520 24702 5728
244 24 2515 2520 24775 5758
245 24 2515 2520 24828 5768
246 24 2515 2520 24936 5795
247 24 2515 2520 25017 5809
248 24 2515 2520 25099 5825
249 24 2515 2520 25216 5853
250 24 2515 2520 25292 5851
251 25 2515 2520 25366 5872
252 25 2515 2520 25470 5904
253 25 2515 2520 25575 5934
254 25 2515 2520 25689 5959
255 25 2515 2520 25777 5984
256 25 2515 2520 25879 5995
257 25 2515 2520 25966 6016
258 25 2515 2520 26061 6038
259 25 2515 2520 26148 6050
260 25 2515 2520 26236 6075
261 25 2515 2520 26320 6104
262 25 2515 2520 26417 6123
263 25 2515 2520 26489 6133
264 26 2515 2520 26561 6141
265 26 2515 2520 26669 6177
266 27 2515 2520 26747 6198
267 27 2515 2520 26844 6215
268 27 2515 2520 26959 6240
269 27 2515 2520 27102 6272
270 27 2515 2520 27233 6310
271 27 2515 2520 27373 6335
272 27 2515 2520 27515 6363
273 27 2515 2520 27604 6382
274 27 2515 2520 27722 6418
275 27 2515 2520 27830 6436
276 27 2515 2520 27939 6464
277 27 2515 2520 28037 6489
278 27 2515 2520 28122 6515
279 27 2515 2520 28236 6540
280 27 2515 2520 28336 6544
281 27 2515 2520 28425 6562
282 27 2515 2520 28522 6581
283 27 2515 2520 28590 6587
284 27 2515 2520 28692 6609
285 27 2515 2520 28768 6641
286 27 2515 2520 28837 6658
287 27 2515 2520 28945 6695
288 28 2515 2520 29025 6709
289 28 2515 2520 29095 6728
290 28 2515 2520 29158 6742
291 28 2515 2520 29233 6760
292 28 2515 2520 29289 6779
293 28 2515 2520 29371 6790
294 28 2515 2520 29465 6810
295 30 2515 2520 29577 6841
296 30 2515 2520 29670 6874
297 30 2515 2520 29779 6909
298 31 2515 2520 29890 6943
299 31 2515 2520 29994 6967
300 31 2515 2520 30120 7013
301 31 2515 2520 30277 7045
302 31 2515 2520 30396 7079
303 31 2515 2520 30528 7094
304 31 2515 2520 30664 7102
305 31 2515 2520 30815 7123
306 31 2515 2520 30970 7135
307 31 2515 2520 31110 7157
308 31 2515 2520 31246 7175
309 31 2515 2520 31360 7200
310 31 2515 2520 31485 7218
311 32 2515 2520 31606 7246
312 32 2515 2520 31729 7267
313 32 2515 2520 31875 7309
314 32 2515 2520 32008 7326
315 32 2515 2520 32111 7338
316 32 2515 2520 32236 7361
317 32 2515 2520 32338 7389
318 32 2515 2520 32476 7406
319 32 2515 2520 32574 7420
320 33 2515 2520 32669 7427
321 33 2515 2520 32787 7436
322 33 2515 2520 32951 7472
323 33 2515 2520 33074 7494
324 33 2515 2520 33194 7526
325 34 2515 2520 33327 7561
326 34 2515 2520 33455 7573
327 34 2515 2520 33597 7575
328 34 2515 2520 33760 7606
329 34 2515 2520 33864 7625
330 34 2515 2520 34027 7659
331 34 2515 2520 34144 7684
332 34 2515 2520 34278 7699
333 34 2515 2520 34393 7712
334 34 2515 2520 34540 7733
335 34 2515 2520 34662 7772
336 34 2515 2520 34783 7791
337 34 2515 2520 34894 7805
338 34 2515 2520 34997 7834
339 35 2515 2520 35119 7860
340 35 2515 2520 35217 7874
341 36 2515 2520 35328 7897
342 36 2515 2520 35463 7927
343 36 2515 2520 35609 7956
344 36 2515 2520 35737 7983
345 36 2515 2520 35882 8030
346 36 2515 2520 36034 8073
347 36 2515 2520 36154 8097
348 36 2515 2520 36280 8102
349 36 2515 2520 36408 8120
350 36 2515 2520 36542 8137
351 36 2515 2520 36652 8173
352 36 2515 2520 36763 8179
353 36 2515 2520 36873 8207
354 36 2515 2520 36986 8221
355 36 2514 2520 37091 8237
356 36 2514 2520 37207 8268
357 36 2514 2520 37299 8274
358 36 2514 2520 37407 8281
359 36 2514 2520 37508 8280
360 36 2514 2520 37628 8303
361 36 2514 2520 37725 8317
362 36 2514 2520 37839 8328
363 36 2514 2520 37953 8360
364 36 2514 2520 38061 8378
365 36 2514 2520 38146 8385
366 36 2514 2520 38229 8407
367 37 2514 2520 38299 8413
368 37 2514 2520 38379 8431
369 37 2514 2520 38457 8455
370 37 2514 2520 38548 8467
371 37 2514 2520 38623 8482
372 37 2514 2520 38694 8496
373 37 2514 2520 38788 8512
374 37 2514 2520 38871 8536
375 37 2514 2520 38954 8572
376 37 2514 2520 39035 8587
377 37 2514 2520 39108 8592
378 37 2514 2520 39196 8610
379 37 2514 2520 39256 8617
380 38 2514 2520 39323 8630
381 38 2514 2520 39396 8648
382 39 2514 2520 39475 8663
383 39 2514 2520 39560 8683
384 39 2514 2520 39658 8701
385 39 2514 2520 39751 8701
386 39 2514 2520 39843 8724
387 39 2514 2520 39977 8757
388 39 2514 2520 40075 8770
389 39 2514 2520 40167 8801
390 39 2514 2520 40272 8825
391 39 2514 2520 40362 8837
392 39 2514 2520 40445 8867
393 39 2514 2520 40533 8885
394 39 2514 2520 40624 8919
395 39 2514 2520 40696 8926
396 39 2514 2520 40790 8940
397 39 2514 2520 40868 8958
398 39 2514 2520 40931 8973
399 39 2514 2520 41008 8984
400 39 2514 2520 41078 8995
401 39 2514 2520 41156 9004
402 39 2514 2520 41248 9016
403 39 2514 2520 41351 9060
404 39 2514 2520 41429 9074
405 39 2514 2520 41503 9071
406 39 2514 2520 41583 9076
407 39 2514 2520 41653 9085
408 39 2514 2520 41715 9085
409 39 2514 2520 41793 9093
410 39 2514 2520 41862 9098
411 39 2514 2520 41939 9111
412 39 2514 2520 41997 9130
413 39 2514 2520 42035 9140
414 39 2514 2520 42093 9143
415 39 2514 2520 42136 9149
416 39 2514 2520 42200 9165
417 40 2514 2520 42256 9167
418 40 2514 2520 42304 9189
419 40 2514 2520 42369 9180
420 40 2514 2520 42424 9198
421 40 2514 2520 42511 9213
422 40 2514 2520 42575 9225
423 41 2514 2520 42641 9250
424 43 2514 2520 42722 9274
425 43 2514 2520 42822 9291
426 43 2514 2520 42917 9300
427 43 2514 2520 42999 9337
428 43 2514 2520 43126 9345
429 43 2514 2520 43222 9349
430 43 2514 2520 43329 9383
431 43 2514 2520 43441 9398
432 43 2514 2520 43545 9398
433 44 2514 2520 43681 9410
434 44 2514 2520 43801 9428
435 44 2514 2520 43978 9460
436 44 2514 2520 44134 9492
437 44 2514 2520 44261 9518
438 44 2514 2520 44424 9557
439 44 2514 2520 44580 9588
440 44 2514 2520 44712 9601
441 44 2514 2520 44849 9643
442 44 2513 2520 44996 9661
443 44 2513 2520 45127 9688
444 44 2513 2520 45270 9717
445 44 2513 2520 45398 9752
446 44 2513 2520 45511 9766
447 44 2513 2520 45657 9773
448 44 2513 2520 45789 9786
449 45 2513 2520 45915 9796
450 45 2513 2520 46034 9832
451 45 2513 2520 46160 9857
452 45 2513 2520 46284 9867
453 45 2513 2520 46424 9882
454 45 2513 2520 46520 9904
455 45 2513 2520 46624 9918
456 45 2513 2520 46716 9922
457 45 2513 2520 46814 9933
458 45 2513 2520 46907 9936
459 46 2513 2520 47008 9952
460 46 2513 2520 47114 9968
461 46 2513 2520 47206 9984
462 46 2513 2520 47304 9994
463 46 2513 2520 47396 10017
464 46 2513 2520 47486 10028
465 46 2513 2520 47591 10039
466 47 2513 2520 47705 10049
467 47 2513 2520 47849 10076
468 47 2513 2520 47964 10095
469 47 2513 2520 48064 10119
470 47 2513 2520 48177 10126
471 47 2513 2520 48299 10145
472 47 2513 2520 48465 10170
473 47 2513 2520 48580 10198
474 48 2513 2520 48715 10219
475 48 2513 2520 48826 10248
476 48 2513 2520 48978 10284
477 48 2513 2520 49093 10299
478 49 2513 2520 49228 10328
479 49 2513 2520 49368 10360
480 49 2513 2520 49488 10387
481 49 2513 2520 49598 10409
482 49 2513 2520 49712 10443
483 49 2513 2520 49839 10489
484 49 2513 2520 49976 10516
485 49 2513 2520 50111 10549
486 49 2513 2520 50260 10580
487 49 2513 2520 50390 10612
488 49 2513 2520 50532 10630
489 49 2513 2520 50697 10661
490 49 2513 2520 50847 10695
491 49 2513 2520 50979 10715
492 49 2513 2520 51113 10734
493 49 2513 2520 51259 10762
494 50 2513 2520 51350 10773
495 50 2513 2520 51465 10789
496 50 2513 2520 51582 10831
497 50 2513 2520 51703 10844
498 50 2513 2520 51838 10852
499 50 2513 2520 51951 10879
500 50 2513 2520 52080 10908
501 50 2513 2520 52159 10922
502 50 2513 2520 52281 10954
503 50 2513 2520 52374 10983
504 50 2513 2520 52481 10999
505 50 2513 2520 52598 11001
506 51 2513 2520 52713 11022
507 51 2513 2520 52804 11044
508 52 2513 2520 52901 11052
509 52 2513 2520 53025 11078
510 52 2513 2520 53185 11102
511 52 2513 2520 53347 11127
512 52 2513 2520 53466 11148
513 52 2513 2520 53596 11168
514 52 2513 2520 53738 11198
515 52 2513 2520 53832 11215
516 52 2513 2520 53969 11244
517 52 2513 2520 54120 11263
518 52 2513 2520 54244 11289
519 52 2513 2520 54374 11305
520 52 2513 2520 54499 11347
521 52 2513 2520 54629 11363
522 52 2513 2520 54768 11403
523 52 2513 2520 54907 11437
524 53 2513 2520 55024 11462
525 53 2513 2520 55163 11482
526 53 2513 2520 55285 11517
527 53 2513 2520 55413 11536
528 54 2513 2520 55557 11565
529 54 2513 2520 55710 11601
530 54 2513 2520 55836 11618
531 54 2513 2520 55980 11650
532 54 2513 2520 56131 11688
533 54 2513 2520 56259 11721
534 54 2513 2520 56378 11750
535 54 2513 2520 56522 11777
536 54 2513 2520 56646 11785
537 55 2513 2520 56737 11794
538 55 2513 2520 56878 11827
539 55 2513 2520 57004 11852
540 55 2513 2520 57174 11889
541 55 2513 2520 57305 11915
542 55 2513 2520 57456 11950
543 55 2513 2520 57593 11979
544 55 2513 2520 57769 11996
545 55 2513 2520 57894 12029
546 55 2513 2520 58042 12048
547 56 2513 2520 58189 12066
548 56 2513 2520 58320 12093
549 56 2513 2520 58460 12131
550 56 2513 2520 58600 12172
551 56 2513 2520 58759 12207
552 56 2513 2520 58895 12219
553 56 2513 2520 59045 12266
554 57 2513 2520 59200 12299
555 57 2513 2520 59326 12313
556 57 2513 2520 59468 12342
557 57 2513 2520 59628 12376
558 57 2513 2520 59779 12404
559 57 2513 2520 59888 12439
560 57 2513 2520 60010 12470
561 58 2513 2520 60128 12498
562 58 2513 2520 60280 12541
563 58 2513 2520 60399 12565
564 58 2513 2520 60526 12590
565 58 2513 2520 60648 12620
566 59 2513 2520 60760 12651
567 59 2513 2520 60886 12676
568 59 2513 2520 61031 12695
569 59 2513 2520 61142 12737
570 59 2513 2520 61282 12757
571 59 2513 2520 61426 12775
572 59 2513 2520 61540 12783
573 59 2513 2520 61642 12808
574 59 2513 2520 61775 12824
575 59 2513 2520 61886 12843
576 59 2513 2520 62020 12858
577 59 2513 2520 62134 12881
578 60 2513 2520 62245 12889
579 60 2513 2520 62363 12916
580 60 2513 2520 62482 12961
581 60 2513 2520 62609 12987
582 60 2513 2520 62745 13003
583 61 2513 2520 62900 13031
584 61 2513 2520 63023 13057
585 62 2513 2520 63176 13085
586 62 2513 2520 63334 13096
587 62 2513 2520 63522 13141
588 62 2513 2520 63690 13179
589 62 2513 2520 63856 13232
590 62 2513 2520 63994 13229
591 62 2513 2520 64125 13267
592 62 2513 2520 64254 13302
593 62 2513 2520 64396 13308
594 62 2513 2520 64529 13311
595 62 2513 2520 64662 13333
596 62 2513 2520 64774 13340
597 62 2513 2520 64917 13380
598 62 2513 2520 65050 13410
599 62 2513 2520 65162 13428
600 62 2513 2520 65269 13441
601 62 2513 2520 65370 13462
602 62 2513 2520 65454 13489
603 63 2513 2520 65546 13510
604 63 2513 2520 65666 13534
605 63 2513 2520 65785 13551
606 63 2512 2520 65898 13575
607 63 2512 2520 66031 13600
608 63 2512 2520 66158 13608
609 63 2512 2520 66282 13632
610 63 2512 2520 66383 13651
611 64 2512 2520 66516 13663
612 64 2512 2520 66635 13664
613 64 2512 2520 66781 13676
614 64 2512 2520 66903 13693
615 64 2512 2520 67030 13711
616 64 2512 2520 67156 13724
617 64 2512 2520 67255 13743
618 64 2512 2520 67396 13756
619 64 2512 2520 67531 13777
620 64 2512 2520 67669 13790
621 65 2512 2520 67760 13797
622 65 2512 2520 67859 13816
623 65 2512 2520 67976 13834
624 65 2512 2520 68109 13858
625 65 2512 2520 68232 13889
626 65 2512 2520 68385 13920
627 66 2512 2520 68494 13941
628 66 2512 2520 68630 13970
629 66 2512 2520 68750 13982
630 66 2512 2520 68886 13992
631 66 2512 2520 69034 13997
632 66 2512 2520 69161 14011
633 66 2512 2520 69283 14026
634 66 2512 2520 69447 14036
635 66 2512 2520 69616 14059
636 66 2512 2520 69761 14086
637 67 2512 2520 69904 14115
638 67 2512 2520 70070 14137
639 67 2512 2520 70240 14162
640 67 2512 2520 70389 14193
641 67 2512 2520 70516 14218
642 68 2512 2520 70662 14242
643 68 2512 2520 70813 14250
644 68 2512 2520 70937 14262
645 69 2512 2520 71101 14298
646 69 2512 2520 71251 14320
647 69 2512 2520 71403 14332
648 69 2512 2520 71528 14353
649 69 2512 2520 71655 14381
650 69 2512 2520 71802 14432
651 69 2512 2520 71918 14455
652 69 2512 2520 72055 14490
653 69 2512 2520 72178 14506
654 69 2512 2520 72287 14534
655 69 2512 2520 72437 14556
656 69 2512 2520 72540 14569
657 69 2512 2520 72632 14580
658 69 2512 2520 72742 14600
659 69 2512 2520 72839 14630
660 69 2512 2520 72928 14639
661 71 2512 2520 73045 14662
662 71 2512 2520 73159 14672
663 71 2512 2520 73307 14685
664 71 2512 2520 73463 14728
665 71 2512 2520 73594 14763
666 71 2512 2520 73730 14770
667 72 2512 2520 73880 14815
668 72 2512 2520 73998 14833
669 73 2512 2520 74185 14882
670 73 2512 2520 74347 14901
671 73 2511 2520 74514 14937
672 73 2511 2520 74687 14963
673 73 2511 2520 74889 15016
674 73 2511 2520 75064 15025
675 73 2511 2520 75291 15038
676 73 2511 2520 75500 15083
677 73 2511 2520 75705 15102
678 73 2510 2520 75887 15135
679 73 2510 2520 76051 15164
680 73 2510 2520 76222 15198
681 73 2510 2520 76427 15221
682 73 2510 2520 76609 15245
683 73 2510 2520 76789 15280
684 73 2510 2520 76946 15305
685 73 2510 2520 77085 15315
686 73 2510 2520 77217 15321
687 73 2510 2520 77345 15334
688 73 2510 2520 77468 15365
689 73 2510 2520 77564 15399
690 73 2510 2520 77687 15423
691 73 2510 2520 77827 15448
692 73 2509 2520 77948 15466
693 73 2509 2520 78065 15502
694 73 2509 2520 78192 15500
695 74 2509 2520 78312 15534
696 74 2509 2520 78423 15545
697 74 2509 2520 78523 15558
698 74 2509 2520 78643 15585
699 75 2509 2520 78726 15593
700 75 2509 2520 78839 15602
701 75 2509 2520 78955 15599
702 75 2509 2520 79064 15610
703 76 2509 2520 79181 15631
704 76 2509 2520 79293 15648
705 76 2509 2520 79413 15659
706 76 2509 2520 79537 15681
707 76 2509 2520 79649 15703
708 76 2509 2520 79773 15724
709 76 2509 2520 79891 15730
710 77 2509 2520 80003 15751
711 78 2509 2520 80142 15764
712 78 2509 2520 80288 15796
713 78 2509 2520 80429 15814
714 78 2509 2520 80560 15833
715 78 2509 2520 80708 15856
716 79 2509 2520 80881 15893
717 79 2509 2520 81025 15926
718 79 2509 2520 81159 15933
719 80 2509 2520 81329 15952
720 80 2509 2520 81462 15967
721 80 2509 2520 81634 15988
722 80 2509 2520 81756 16019
723 80 2509 2520 81911 16066
724 81 2509 2520 82039 16105
725 81 2509 2520 82158 16110
726 81 2509 2520 82301 16131
727 81 2509 2520 82464 16157
728 81 2509 2520 82615 16160
729 81 2509 2520 82769 16186
730 81 2509 2520 82936 16199
731 81 2509 2520 83084 16226
732 81 2509 2520 83266 16238
733 81 2509 2520 83422 16282
734 81 2509 2520 83589 16299
735 81 2509 2520 83723 16326
736 81 2509 2520 83885 16379
737 81 2509 2520 84038 16401
738 82 2509 2520 84200 16431
739 82 2509 2520 84360 16478
740 82 2509 2520 84543 16505
741 82 2509 2520 84723 16532
742 82 2509 2520 84896 16551
743 82 2509 2520 85085 16591
744 82 2509 2520 85265 16631
745 82 2509 2520 85407 16660
746 82 2509 2520 85572 16681
747 82 2509 2520 85719 16719
748 82 2509 2520 85869 16736
749 82 2509 2520 85999 16743
750 82 2509 2520 86154 16775
751 82 2509 2520 86257 16779
752 82 2509 2520 86412 16784
753 82 2509 2520 86522 16793
754 82 2509 2520 86688 16810
755 82 2509 2520 86797 16838
756 83 2509 2520 86938 16865
757 83 2509 2520 87066 16888
758 83 2509 2520 87157 16904
759 83 2509 2520 87255 16926
760 83 2509 2520 87398 16960
761 83 2509 2520 87511 16991
762 83 2509 2520 87656 17023
763 83 2509 2520 87784 17035
764 83 2509 2520 87904 17061
765 83 2509 2520 88025 17093
766 83 2509 2520 88147 17111
767 83 2509 2520 88258 17117
768 83 2509 2520 88355 17131
769 83 2509 2520 88490 17169
770 83 2509 2520 88603 17176
771 83 2509 2520 88719 17187
772 83 2509 2520 88795 17194
773 83 2509 2520 88888 17217
774 83 2509 2520 89020 17226
775 83 2509 2520 89116 17267
776 83 2509 2520 89232 17276
777 83 2509 2520 89286 17287
778 83 2509 2520 89364 17308
779 84 2509 2520 89458 17299
780 85 2509 2520 89558 17330
781 85 2509 2520 89694 17353
782 85 2509 2520 89845 17377
783 85 2509 2520 89998 17406
784 85 2509 2520 90099 17438
785 85 2509 2520 90252 17456
786 87 2509 2520 90369 17469
787 87 2509 2520 90511 17500
788 87 2509 2520 90652 17535
789 87 2509 2520 90815 17557
790 87 2509 2520 90991 17590
791 87 2509 2520 91124 17611
792 87 2509 2520 91280 17631
793 87 2509 2520 91443 17625
794 87 2509 2520 91654 17656
795 87 2509 2520 91823 17674
796 87 2509 2520 91979 17713
797 87 2509 2520 92125 17737
798 87 2509 2520 92272 17755
799 87 2509 2520 92411 17780
800 87 2509 2520 92535 17786
801 87 2509 2520 92686 17831
802 87 2509 2520 92816 17861
803 87 2509 2520 92918 17892
804 87 2509 2520 93028 17914
805 87 2509 2520 93169 17924
806 88 2509 2520 93290 17954
807 88 2509 2520 93387 17961
808 88 2509 2520 93533 17994
809 88 2509 2520 93658 18023
810 88 2509 2520 93751 18023
811 88 2509 2520 93875 18057
812 88 2509 2520 94028 18094
813 90 2509 2520 94138 18122
814 90 2509 2520 94232 18111
815 90 2509 2520 94376 18145
816 90 2509 2520 94505 18157
817 90 2509 2520 94625 18168
818 90 2509 2520 94748 18200
819 90 2509 2520 94842 18217
820 90 2509 2520 94966 18207
821 90 2509 2520 95102 18228
822 90 2509 2520 95241 18254
823 90 2509 2520 95360 18262
824 90 2509 2520 95518 18290
825 90 2509 2520 95663 18327
826 91 2509 2520 95827 18335
827 91 2509 2520 95928 18360
828 91 2509 2520 96051 18376
829 91 2509 2520 96207 18415
830 93 2509 2520 96346 18443
831 93 2509 2520 96496 18482
832 93 2509 2520 96638 18498
833 93 2509 2520 96787 18514
834 93 2509 2520 96945 18566
835 93 2509 2520 97105 18575
836 93 2509 2520 97248 18588
837 93 2509 2520 97395 18603
838 93 2509 2520 97536 18626
839 93 2509 2520 97653 18627
840 93 2509 2520 97787 18670
841 93 2509 2520 97916 18675
842 93 2509 2520 98044 18708
843 93 2509 2520 98188 18743
844 93 2509 2520 98341 18743
845 93 2509 2520 98443 18771
846 93 2509 2520 98540 18795
847 94 2509 2520 98685 18808
848 95 2509 2520 98799 18836
849 95 2509 2520 98932 18864
850 95 2509 2520 99090 18904
851 95 2509 2520 99212 18926
852 95 2509 2520 99359 18960
853 95 2509 2520 99495 18989
854 95 2509 2520 99623 19011
855 95 2509 2520 99745 19033
856 96 2509 2520 99904 19059
857 96 2509 2520 100032 19069
858 96 2509 2520 100205 19090
859 96 2509 2520 100333 19114
860 96 2509 2520 100485 19134
861 96 2509 2520 100638 19166
862 96 2509 2520 100805 19195
863 96 2509 2520 100954 19225
864 96 2509 2520 101101 19222
865 96 2509 2520 101263 19241
866 96 2509 2520 101432 19264
867 96 2509 2520 101567 19281
868 97 2509 2520 101713 19287
869 97 2509 2520 101878 19333
870 97 2509 2520 102054 19369
871 98 2509 2520 102217 19405
872 98 2509 2520 102364 19428
873 99 2509 2520 102519 19441
874 99 2509 2520 102692 19471
875 99 2509 2520 102887 19501
876 99 2509 2520 103087 19540
877 99 2509 2520 103259 19568
878 99 2509 2520 103454 19592
879 99 2509 2520 103658 19641
880 99 2509 2520 103852 19660
881 99 2509 2520 104013 19657
882 99 2509 2520 104156 19696
883 99 2509 2520 104337 19748
884 99 2509 2520 104528 19780
885 99 2509 2520 104689 19819
886 99 2509 2520 104839 19822
887 99 2509 2520 104998 19854
888 99 2509 2520 105151 19907
889 99 2509 2520 105313 19914
890 99 2509 2520 105471 19946
891 99 2509 2520 105626 19980
892 99 2509 2520 105763 19994
893 99 2509 2520 105923 20025
894 99 2509 2520 106052 20035
895 99 2509 2520 106153 20058
896 99 2509 2520 106278 20087
897 99 2509 2520 106348 20095
898 99 2509 2520 106467 20117
899 99 2509 2520 106568 20141
900 99 2509 2520 106660 20158
901 99 2509 2520 106759 20174
902 99 2509 2520 106836 20193
903 99 2509 2520 106933 20204
904 99 2509 2520 107003 20209
905 99 2509 2520 107092 20233
906 99 2509 2520 107192 20240
907 99 2509 2520 107262 20250
908 99 2509 2520 107363 20283
909 99 2509 2520 107458 20291
910 99 2509 2520 107542 20320
911 99 2509 2520 107633 20343
912 99 2509 2520 107704 20365
913 99 2509 2520 107784 20402
914 99 2509 2520 107847 20429
915 99 2509 2520 107904 20452
916 100 2509 2520 107959 20458
917 100 2509 2520 108019 20453
918 100 2509 2520 108086 20466
919 100 2509 2520 108172 20476
920 100 2509 2520 108284 20486
921 100 2509 2520 108363 20500
922 100 2509 2520 108439 20524
923 100 2509 2520 108549 20537
924 100 2509 2520 108616 20534
925 100 2509 2520 108738 20561
926 100 2509 2520 108817 20591
927 100 2509 2520 108917 20608
928 101 2509 2520 109025 20621
929 101 2509 2520 109101 20637
930 101 2509 2520 109198 20642
931 103 2509 2520 109294 20646
932 103 2509 2520 109384 20660
933 103 2509 2520 109513 20674
934 103 2509 2520 109631 20693
935 103 2509 2520 109775 20731
936 103 2509 2520 109912 20741
937 103 2509 2520 110063 20772
938 103 2509 2520 110196 20775
939 103 2509 2520 110301 20804
940 105 2509 2520 110422 20824
941 105 2509 2520 110555 20844
942 106 2509 2520 110681 20834
943 106 2509 2520 110842 20879
944 106 2509 2520 110997 20886
945 106 2509 2520 111163 20909
946 106 2509 2520 111322 20940
947 106 2509 2520 111484 20971
948 106 2509 2520 111660 20993
949 106 2509 2520 111799 21004
950 106 2509 2520 111943 21008
951 106 2509 2520 112098 21029
952 106 2509 2520 112227 21038
953 106 2509 2520 112389 21064
954 106 2509 2520 112559 21083
955 106 2509 2520 112735 21128
956 107 2509 2520 112881 21154
957 107 2509 2520 112976 21187
958 107 2509 2520 113109 21214
959 107 2509 2520 113244 21240
960 107 2509 2520 113366 21271
961 108 2509 2520 113503 21299
962 108 2509 2520 113655 21294
963 109 2509 2520 113802 21294
964 109 2509 2520 113954 21316
965 109 2509 2520 114125 21362
966 110 2509 2520 114243 21377
967 110 2509 2520 114404 21432
968 110 2509 2520 114568 21432
969 111 2508 2520 114758 21445
970 111 2508 2520 114921 21459
971 111 2508 2520 115123 21504
972 111 2508 2520 115307 21529
973 111 2508 2520 115502 21580
974 111 2508 2520 115725 21628
975 112 2508 2520 115955 21662
976 112 2508 2520 116172 21715
977 112 2508 2520 116370 21718
978 112 2508 2520 116560 21774
979 112 2508 2520 116805 21778
980 112 2508 2520 117032 21795
981 112 2508 2520 117236 21806
982 113 2508 2520 117415 21828
983 113 2508 2520 117618 21865
984 113 2508 2520 117769 21895
985 113 2508 2520 117965 21927
986 113 2508 2520 118157 21951
987 113 2508 2520 118370 21980
988 113 2508 2520 118610 22034
989 113 2508 2520 118762 22064
990 113 2508 2520 118971 22118
991 113 2508 2520 119186 22150
992 113 2508 2520 119402 22167
993 113 2508 2520 119622 22238
994 113 2508 2520 119773 22259
995 113 2508 2520 119940 22297
996 113 2508 2520 120128 22337
997 113 2508 2520 120301 22383
998 113 2508 2520 120495 22432
999 113 2508 2520 120641 22470
1000 113 2508 2520 120780 22510
