0 1 2519 2520 798 501
1 1 2519 2520 846 532
2 1 2519 2520 914 563
3 1 2519 2520 1001 604
4 1 2519 2520 1076 631
5 1 2519 2520 1148 665
6 1 2519 2520 1222 692
7 1 2519 2520 1285 709
8 1 2519 2520 1336 729
9 1 2519 2520 1370 734
10 1 2519 2520 1394 740
11 1 2519 2520 1412 741
12 1 2519 2520 1429 747
13 1 2519 2520 1443 749
14 1 2519 2520 1459 754
15 1 2519 2520 1471 757
16 1 2519 2520 1478 754
17 1 2519 2520 1477 752
18 2 2519 2520 1475 749
19 2 2519 2520 1487 755
20 2 2519 2520 1623 816
21 2 2519 2520 1769 871
22 2 2519 2520 1916 937
23 2 2519 2520 2061 989
24 2 2519 2520 2201 1024
25 2 2519 2520 2307 1048
26 2 2519 2520 2394 1069
27 2 2519 2520 2468 1083
28 2 2519 2520 2529 1099
29 2 2519 2520 2597 1120
30 2 2519 2520 2626 1131
31 2 2519 2520 2671 1153
32 2 2519 2520 2714 1167
33 2 2519 2520 2750 1169
34 2 2519 2520 2779 1182
35 2 2519 2520 2796 1194
36 2 2519 2520 2825 1207
37 3 2519 2520 2849 1217
38 3 2519 2520 2862 1222
39 4 2519 2520 2975 1270
40 4 2519 2520 3125 1326
41 4 2519 2520 3363 1412
42 4 2519 2520 3636 1498
43 4 2519 2520 3862 1546
44 4 2519 2520 4133 1605
45 4 2519 2520 4344 1655
46 4 2519 2520 4541 1696
47 4 2519 2520 4723 1740
48 4 2519 2520 4863 1761
49 4 2519 2520 4966 1803
50 4 2519 2520 5068 1816
51 4 2519 2520 5146 1848
52 4 2519 2520 5226 1852
53 4 2519 2520 5286 1857
54 4 2519 2520 5323 1867
55 5 2519 2520 5396 1882
56 5 2519 2520 5447 1907
57 6 2519 2520 5606 1954
58 7 2519 2520 5769 2001
59 8 2519 2520 5979 2063
60 8 2518 2520 6294 2150
61 8 2518 2520 6747 2287
62 8 2518 2520 7204 2398
63 8 2518 2520 7628 2493
64 8 2517 2520 8050 2608
65 8 2517 2520 8446 2673
66 8 2517 2520 8799 2686
67 8 2517 2520 9108 2716
68 8 2517 2520 9381 2755
69 8 2517 2520 9588 2766
70 9 2517 2520 9789 2785
71 9 2517 2520 9981 2807
72 9 2517 2520 10202 2863
73 10 2517 2520 10437 2910
74 10 2517 2520 10661 2942
75 10 2517 2520 10931 3008
76 10 2517 2520 11162 3045
77 11 2517 2520 11403 3101
78 13 2517 2520 11672 3151
79 15 2517 2520 12017 3218
80 16 2517 2520 12476 3314
81 16 2516 2520 13033 3449
82 16 2516 2520 13599 3598
83 16 2516 2520 14199 3712
84 16 2516 2520 14759 3816
85 16 2516 2520 15317 3886
86 16 2515 2520 15808 3963
87 16 2515 2520 16332 4008
88 16 2515 2520 16804 4045
89 16 2515 2520 17243 4097
90 17 2515 2520 17665 4163
91 17 2515 2520 17997 4180
92 17 2515 2520 18340 4256
93 17 2515 2520 18726 4314
94 17 2515 2520 19043 4382
95 18 2515 2520 19360 4449
96 18 2515 2520 19650 4498
97 19 2515 2520 19955 4535
98 22 2515 2520 20279 4595
99 22 2515 2520 20688 4669
100 23 2514 2520 21206 4799
101 24 2514 2520 21762 4918
102 24 2514 2520 22468 5071
103 24 2514 2520 23204 5251
104 24 2514 2520 23901 5387
105 25 2514 2520 24612 5523
106 25 2514 2520 25350 5659
107 25 2514 2520 26000 5782
108 25 2514 2520 26585 5908
109 25 2514 2520 27095 6014
110 27 2514 2520 27568 6073
111 27 2514 2520 28078 6189
112 27 2514 2520 28644 6295
113 28 2514 2520 29165 6357
114 28 2514 2520 29708 6434
115 29 2513 2520 30244 6528
116 30 2513 2520 30776 6635
117 30 2513 2520 31368 6745
118 32 2513 2520 31979 6897
119 33 2513 2520 32631 7011
120 34 2513 2520 33372 7152
121 36 2513 2520 34105 7265
122 36 2513 2520 34935 7411
123 36 2513 2520 35820 7602
124 36 2513 2520 36733 7792
125 36 2513 2520 37574 7914
126 37 2513 2520 38389 8051
127 37 2513 2520 39129 8178
128 37 2513 2520 39826 8260
129 38 2513 2520 40619 8344
130 38 2513 2520 41306 8455
131 40 2513 2520 41987 8552
132 42 2513 2520 42674 8672
133 43 2513 2520 43459 8858
134 44 2513 2520 44317 9004
135 45 2513 2520 45084 9107
136 46 2513 2520 45928 9260
137 47 2512 2520 46829 9466
138 48 2512 2520 47762 9621
139 49 2512 2520 48733 9785
140 50 2512 2520 49800 9946
141 51 2512 2520 50810 10098
142 52 2512 2520 51798 10269
143 53 2511 2520 52807 10402
144 55 2511 2520 53918 10580
145 56 2511 2520 55050 10751
146 56 2511 2520 56169 10896
147 56 2511 2520 57247 11042
148 56 2511 2520 58306 11171
149 57 2511 2520 59319 11328
150 60 2508 2520 60259 11425
151 61 2507 2520 61295 11540
152 62 2505 2520 62410 11684
153 63 2504 2520 63538 11880
154 64 2504 2520 64703 12051
155 65 2504 2520 65900 12262
156 66 2504 2520 67038 12463
157 67 2504 2520 68210 12649
158 69 2504 2520 69390 12833
159 69 2504 2520 70566 13058
160 71 2502 2520 71894 13296
161 73 2502 2520 73199 13526
162 74 2502 2520 74523 13693
163 74 2500 2520 75943 13881
164 76 2500 2520 77231 14012
165 76 2499 2520 78507 14176
166 76 2499 2520 79711 14291
167 77 2498 2520 80959 14445
168 78 2497 2520 82165 14618
169 78 2497 2520 83428 14744
170 81 2497 2520 84567 14880
171 81 2495 2520 85765 15024
172 81 2495 2520 86986 15199
173 83 2495 2520 88225 15355
174 87 2495 2520 89407 15508
175 90 2495 2520 90674 15663
176 92 2495 2520 92056 15880
177 94 2495 2520 93505 16160
178 96 2493 2520 94972 16364
179 99 2492 2520 96559 16669
180 99 2491 2520 98199 16862
181 99 2491 2520 99935 17081
182 101 2490 2520 101582 17224
183 101 2490 2520 103156 17459
184 101 2490 2520 104794 17645
185 104 2490 2520 106308 17760
186 105 2489 2520 107861 17833
187 106 2489 2520 109351 18022
188 107 2489 2520 110850 18222
189 108 2489 2520 112287 18410
190 110 2488 2520 113716 18568
191 113 2488 2520 115198 18820
192 114 2488 2520 116737 19018
193 115 2487 2520 118363 19294
194 119 2486 2520 120048 19513
195 120 2486 2520 121744 19680
196 122 2485 2520 123504 19963
197 125 2484 2520 125165 20209
198 126 2484 2520 127002 20503
199 126 2482 2520 128764 20698
200 128 2482 2520 130558 20871
201 128 2481 2520 132225 21011
202 129 2481 2520 133929 21092
203 129 2481 2520 135632 21300
204 131 2479 2520 137236 21444
205 131 2478 2520 138920 21647
206 132 2478 2520 140463 21707
207 133 2478 2520 141989 21809
208 133 2478 2520 143432 21945
209 138 2478 2520 144838 22118
210 141 2478 2520 146299 22286
211 144 2478 2520 147768 22474
212 146 2478 2520 149441 22739
213 149 2478 2520 151184 23020
214 150 2477 2520 152859 23292
215 151 2477 2520 154776 23604
216 153 2477 2520 156694 23893
217 154 2477 2520 158568 24113
218 158 2475 2520 160372 24363
219 160 2475 2520 162316 24566
220 162 2475 2520 164302 24872
221 164 2475 2520 166294 25109
222 165 2474 2520 168281 25361
223 165 2474 2520 170271 25584
224 168 2474 2520 172165 25822
225 168 2474 2520 174106 26039
226 169 2474 2520 176043 26283
227 170 2474 2520 178043 26507
228 171 2474 2520 179829 26745
229 172 2472 2520 181661 26973
230 175 2472 2520 183424 27223
231 177 2472 2520 185253 27408
232 177 2472 2520 187034 27632
233 178 2472 2520 188839 27884
234 181 2471 2520 190486 28033
235 183 2471 2520 192164 28158
236 186 2471 2520 193857 28412
237 187 2470 2520 195700 28602
238 190 2470 2520 197475 28814
239 194 2470 2520 199401 29018
240 194 2469 2520 201471 29273
241 194 2469 2520 203592 29596
242 194 2469 2520 205622 29858
243 196 2469 2520 207599 30069
244 198 2469 2520 209596 30338
245 198 2469 2520 211468 30561
246 199 2469 2520 213302 30741
247 201 2469 2520 215083 30923
248 204 2469 2520 216773 31073
249 209 2469 2520 218622 31257
250 214 2469 2520 220493 31485
251 215 2469 2520 222401 31720
252 216 2469 2520 224540 32056
253 218 2467 2520 226677 32370
254 220 2467 2520 228847 32599
255 221 2467 2520 230998 32898
256 224 2467 2520 233215 33141
257 227 2466 2520 235395 33340
258 228 2465 2520 237657 33663
259 234 2464 2520 239945 33981
260 234 2463 2520 242262 34288
261 234 2463 2520 244745 34607
262 236 2463 2520 247174 34903
263 236 2463 2520 249540 35129
264 237 2462 2520 251812 35404
265 239 2461 2520 254047 35653
266 239 2460 2520 256319 35904
267 239 2459 2520 258474 36129
268 243 2459 2520 260557 36349
269 247 2458 2520 262626 36493
270 248 2458 2520 264745 36692
271 252 2456 2520 266932 36883
272 255 2456 2520 269138 37108
273 256 2456 2520 271436 37396
274 260 2455 2520 273778 37664
275 262 2455 2520 276116 37846
276 262 2454 2520 278630 38172
277 265 2452 2520 281057 38506
278 268 2452 2520 283553 38836
279 271 2451 2520 286006 39164
280 275 2451 2520 288493 39474
281 277 2449 2520 290999 39807
282 279 2448 2520 293678 40035
283 281 2447 2520 296478 40411
284 282 2447 2520 299079 40617
285 282 2446 2520 301715 40937
286 283 2446 2520 304168 41232
287 286 2445 2520 306555 41462
288 288 2445 2520 309052 41771
289 293 2445 2520 311485 42006
290 295 2444 2520 313819 42285
291 297 2444 2520 316318 42485
292 300 2442 2520 318782 42702
293 305 2440 2520 321378 43028
294 310 2439 2520 323885 43240
295 313 2438 2520 326588 43428
296 317 2435 2520 329188 43713
297 318 2433 2520 331991 43926
298 320 2431 2520 334776 44153
299 323 2431 2520 337738 44477
300 324 2431 2520 340602 44763
301 328 2430 2520 343388 45080
302 329 2430 2520 346242 45362
303 334 2429 2520 349105 45630
304 337 2428 2520 351910 45885
305 340 2425 2520 354804 46103
306 345 2425 2520 357775 46397
307 347 2423 2520 360648 46702
308 351 2421 2520 363723 46975
309 354 2419 2520 366834 47218
310 358 2418 2520 369962 47551
311 359 2418 2520 373156 47885
312 361 2416 2520 376344 48282
313 361 2415 2520 379571 48569
314 363 2414 2520 382750 48947
315 363 2412 2520 385764 49206
316 366 2412 2520 388556 49405
317 368 2412 2520 391357 49633
318 372 2412 2520 394085 49910
319 378 2412 2520 396679 50143
320 382 2412 2520 399520 50337
321 386 2411 2520 402406 50639
322 388 2408 2520 405331 50911
323 392 2407 2520 408450 51256
324 395 2405 2520 411527 51567
325 395 2404 2520 414762 51963
326 399 2401 2520 418029 52280
327 401 2401 2520 421256 52596
328 404 2399 2520 424413 52904
329 405 2399 2520 427600 53189
330 407 2399 2520 430700 53495
331 408 2398 2520 433739 53796
332 412 2398 2520 436788 54064
333 416 2398 2520 439796 54376
334 417 2397 2520 442802 54689
335 418 2397 2520 445732 54915
336 420 2397 2520 448621 55153
337 424 2397 2520 451541 55474
338 427 2397 2520 454428 55747
339 433 2397 2520 457183 56020
340 435 2394 2520 460071 56384
341 439 2393 2520 463011 56666
342 440 2393 2520 465951 56982
343 442 2391 2520 468929 57305
344 445 2390 2520 471946 57561
345 453 2390 2520 475141 57873
346 454 2390 2520 478257 58187
347 457 2390 2520 481466 58597
348 461 2389 2520 484709 58960
349 463 2389 2520 487926 59268
350 466 2385 2520 491184 59692
351 467 2382 2520 494425 60019
352 471 2382 2520 497773 60342
353 473 2381 2520 501090 60620
354 477 2381 2520 504309 60910
355 481 2379 2520 507504 61141
356 482 2378 2520 510704 61383
357 485 2377 2520 513906 61660
358 492 2375 2520 517132 62098
359 494 2375 2520 520417 62445
360 496 2372 2520 523785 62847
361 501 2372 2520 527105 63069
362 508 2372 2520 530434 63517
363 511 2370 2520 533932 64001
364 514 2368 2520 537579 64475
365 516 2367 2520 541355 64782
366 517 2365 2520 545004 65235
367 521 2363 2520 548627 65524
368 524 2363 2520 552299 65842
369 525 2360 2520 555866 66114
370 527 2360 2520 559447 66539
371 528 2359 2520 562941 66795
372 529 2357 2520 566379 67059
373 534 2355 2520 569751 67246
374 535 2355 2520 573072 67550
375 537 2355 2520 576294 67821
376 543 2354 2520 579342 68175
377 547 2353 2520 582458 68388
378 549 2352 2520 585670 68746
379 558 2350 2520 588893 69046
380 562 2350 2520 592197 69313
381 569 2350 2520 595695 69748
382 574 2349 2520 599329 70158
383 579 2349 2520 603139 70679
384 585 2348 2520 607202 71141
385 588 2347 2520 611271 71519
386 589 2346 2520 615332 72089
387 591 2346 2520 619365 72462
388 593 2341 2520 623329 72767
389 598 2340 2520 627273 73129
390 598 2339 2520 631459 73535
391 598 2336 2520 635487 73996
392 599 2335 2520 639376 74282
393 602 2333 2520 643173 74599
394 606 2332 2520 646804 74935
395 611 2331 2520 650297 75196
396 613 2331 2520 653770 75539
397 616 2330 2520 657407 75853
398 619 2329 2520 660964 76114
399 627 2328 2520 664573 76389
400 628 2327 2520 668189 76756
401 631 2327 2520 671864 77119
402 637 2325 2520 675512 77514
403 642 2323 2520 679186 77837
404 644 2323 2520 683049 78171
405 648 2322 2520 686777 78589
406 652 2321 2520 690818 79076
407 655 2318 2520 694670 79429
408 663 2318 2520 698754 79707
409 667 2317 2520 702966 80107
410 669 2311 2520 707157 80522
411 672 2309 2520 711165 80818
412 675 2307 2520 715394 81195
413 678 2305 2520 719608 81569
414 681 2304 2520 723664 81888
415 682 2304 2520 727648 82282
416 686 2304 2520 731665 82587
417 688 2303 2520 735484 82967
418 690 2303 2520 739428 83334
419 693 2303 2520 743284 83664
420 696 2303 2520 746920 83967
421 702 2303 2520 750584 84315
422 704 2303 2520 754283 84634
423 711 2300 2520 757787 84975
424 714 2299 2520 761439 85427
425 717 2296 2520 765298 85803
426 721 2296 2520 769169 86289
427 726 2296 2520 773151 86694
428 731 2293 2520 777187 86982
429 733 2292 2520 781165 87364
430 739 2292 2520 785243 87824
431 747 2292 2520 789521 88246
432 748 2292 2520 793801 88669
433 751 2290 2520 798063 89125
434 751 2289 2520 802375 89567
435 756 2288 2520 806642 89979
436 759 2285 2520 810806 90308
437 762 2284 2520 815049 90675
438 766 2283 2520 819200 91090
439 771 2283 2520 823325 91530
440 774 2282 2520 827366 91815
441 774 2282 2520 831641 92249
442 777 2282 2520 835711 92681
443 781 2282 2520 839587 92974
444 783 2281 2520 843417 93359
445 791 2281 2520 847135 93656
446 796 2281 2520 851012 93963
447 803 2280 2520 854916 94263
448 809 2278 2520 858979 94724
449 813 2277 2520 863250 95244
450 817 2275 2520 867501 95715
451 822 2274 2520 872022 96208
452 830 2272 2520 876777 96748
453 831 2268 2520 881514 97353
454 837 2268 2520 886123 97790
455 840 2262 2520 890747 98115
456 846 2260 2520 895502 98587
457 847 2258 2520 900335 99032
458 849 2257 2520 905261 99368
459 850 2256 2520 910033 99841
460 850 2253 2520 914782 100184
461 854 2252 2520 919303 100470
462 862 2252 2520 923714 100812
463 866 2249 2520 928083 101174
464 869 2249 2520 932544 101627
465 874 2248 2520 937061 102012
466 880 2248 2520 941468 102411
467 885 2246 2520 946087 102759
468 891 2246 2520 950519 103333
469 897 2242 2520 955250 103802
470 901 2240 2520 959951 104181
471 906 2235 2520 964844 104732
472 911 2235 2520 969853 105124
473 914 2235 2520 974893 105511
474 918 2234 2520 979919 105960
475 919 2232 2520 984998 106553
476 924 2230 2520 989931 106895
477 930 2229 2520 994805 107313
478 936 2228 2520 999474 107729
479 938 2226 2520 1004316 108185
480 944 2222 2520 1009198 108661
481 952 2220 2520 1013967 108949
482 954 2220 2520 1019020 109308
483 959 2220 2520 1024023 109836
484 965 2219 2520 1028951 110309
485 966 2217 2520 1034019 110669
486 969 2215 2520 1038827 111092
487 970 2212 2520 1043697 111629
488 974 2212 2520 1048569 112117
489 978 2210 2520 1053425 112510
490 986 2210 2520 1058008 112875
491 995 2209 2520 1062723 113243
492 998 2208 2520 1067508 113720
493 1003 2207 2520 1072366 114238
494 1005 2206 2520 1077366 114701
495 1009 2203 2520 1082172 115137
496 1013 2203 2520 1086955 115706
497 1022 2202 2520 1091726 116124
498 1025 2201 2520 1096602 116576
499 1028 2200 2520 1101519 117031
500 1031 2198 2520 1106469 117342
501 1036 2195 2520 1111234 117696
502 1042 2193 2520 1115931 118012
503 1047 2190 2520 1120499 118282
504 1051 2189 2520 1125405 118721
505 1060 2188 2520 1130206 119140
506 1063 2187 2520 1135285 119572
507 1071 2181 2520 1140225 120008
508 1078 2180 2520 1145347 120505
509 1084 2179 2520 1150624 120955
510 1085 2178 2520 1156044 121542
511 1090 2175 2520 1161375 122008
512 1095 2174 2520 1166653 122409
513 1102 2172 2520 1171969 122927
514 1106 2172 2520 1177314 123386
515 1107 2170 2520 1182552 123799
516 1110 2169 2520 1187774 124271
517 1116 2168 2520 1192895 124705
518 1125 2167 2520 1198067 125033
519 1129 2167 2520 1203278 125590
520 1134 2164 2520 1208532 126019
521 1136 2163 2520 1213812 126550
522 1142 2163 2520 1219120 127082
523 1148 2162 2520 1224260 127591
524 1151 2160 2520 1229685 128117
525 1157 2160 2520 1235232 128735
526 1164 2159 2520 1240644 129255
527 1170 2158 2520 1245973 129669
528 1172 2156 2520 1251523 130127
529 1176 2153 2520 1257098 130657
530 1181 2149 2520 1262646 131084
531 1185 2147 2520 1268217 131560
532 1192 2147 2520 1273601 132084
533 1200 2147 2520 1279010 132556
534 1208 2147 2520 1284508 133001
535 1210 2147 2520 1290291 133400
536 1216 2146 2520 1295915 133869
537 1221 2146 2520 1301606 134419
538 1227 2146 2520 1307366 134970
539 1230 2143 2520 1313148 135491
540 1232 2141 2520 1319132 136035
541 1244 2139 2520 1324843 136546
542 1246 2139 2520 1330646 136952
543 1250 2136 2520 1336651 137586
544 1250 2132 2520 1342428 138155
545 1255 2130 2520 1348243 138741
546 1257 2128 2520 1353636 139192
547 1261 2127 2520 1359258 139560
548 1272 2124 2520 1364773 139985
549 1280 2120 2520 1370427 140492
550 1283 2119 2520 1376080 140911
551 1288 2119 2520 1381779 141396
552 1301 2117 2520 1387529 141871
553 1306 2117 2520 1393298 142283
554 1310 2114 2520 1399323 142905
555 1319 2110 2520 1405238 143407
556 1325 2105 2520 1411144 143818
557 1333 2100 2520 1417240 144331
558 1335 2097 2520 1423448 144796
559 1337 2096 2520 1429639 145343
560 1343 2095 2520 1436024 145981
561 1351 2092 2520 1442098 146490
562 1360 2088 2520 1448119 147116
563 1362 2086 2520 1454697 147588
564 1365 2084 2520 1460995 148169
565 1368 2082 2520 1467295 148740
566 1372 2078 2520 1473524 149071
567 1375 2078 2520 1479647 149528
568 1378 2077 2520 1485605 149914
569 1383 2076 2520 1491595 150234
570 1391 2074 2520 1497303 150798
571 1396 2072 2520 1503168 151228
572 1405 2072 2520 1508851 151772
573 1409 2071 2520 1514583 152110
574 1421 2070 2520 1520448 152728
575 1430 2069 2520 1526456 153325
576 1437 2067 2520 1532672 153867
577 1445 2065 2520 1539218 154392
578 1448 2064 2520 1545540 155010
579 1450 2063 2520 1552204 155683
580 1452 2062 2520 1558635 156277
581 1458 2058 2520 1564900 156896
582 1468 2058 2520 1571158 157325
583 1473 2055 2520 1577162 157875
584 1480 2054 2520 1583434 158391
585 1482 2052 2520 1589585 158857
586 1491 2051 2520 1595712 159388
587 1494 2050 2520 1601900 159951
588 1496 2047 2520 1608146 160443
589 1497 2044 2520 1614446 161045
590 1502 2044 2520 1620470 161487
591 1512 2041 2520 1626097 161991
592 1522 2041 2520 1632202 162342
593 1528 2041 2520 1638150 162710
594 1531 2039 2520 1644195 163285
595 1538 2038 2520 1650362 163788
596 1544 2037 2520 1656502 164314
597 1551 2037 2520 1662899 164954
598 1559 2033 2520 1668948 165372
599 1567 2032 2520 1675265 166108
600 1570 2030 2520 1681939 166685
601 1573 2028 2520 1688314 167149
602 1579 2026 2520 1694850 167693
603 1584 2022 2520 1701458 168176
604 1592 2021 2520 1708051 168834
605 1598 2019 2520 1714458 169372
606 1605 2017 2520 1720979 169800
607 1609 2015 2520 1727450 170330
608 1615 2015 2520 1733706 170759
609 1619 2014 2520 1739985 171329
610 1623 2012 2520 1746396 172004
611 1630 2011 2520 1752667 172503
612 1638 2008 2520 1759018 172989
613 1647 2007 2520 1765253 173553
614 1655 2005 2520 1771747 174001
615 1659 2004 2520 1778466 174682
616 1666 2001 2520 1784957 175205
617 1674 2000 2520 1791560 175858
618 1678 1997 2520 1798281 176403
619 1682 1993 2520 1804980 176957
620 1683 1992 2520 1811752 177550
621 1693 1988 2520 1818351 178054
622 1696 1986 2520 1825034 178623
623 1700 1983 2520 1831711 179191
624 1709 1982 2520 1838291 179668
625 1714 1982 2520 1844691 180285
626 1721 1980 2520 1851243 180804
627 1726 1978 2520 1857809 181397
628 1735 1978 2520 1864472 181941
629 1744 1975 2520 1870915 182453
630 1752 1972 2520 1877725 183118
631 1756 1968 2520 1884355 183729
632 1757 1962 2520 1891246 184317
633 1763 1961 2520 1898095 184943
634 1772 1956 2520 1904860 185439
635 1777 1955 2520 1911635 186062
636 1783 1955 2520 1918464 186639
637 1795 1951 2520 1925075 187135
638 1804 1949 2520 1931717 187595
639 1814 1948 2520 1938347 188012
640 1819 1948 2520 1945211 188596
641 1822 1945 2520 1952124 189020
642 1827 1942 2520 1958915 189517
643 1833 1939 2520 1965659 190031
644 1835 1937 2520 1972531 190564
645 1840 1934 2520 1979341 191220
646 1850 1933 2520 1985708 191613
647 1857 1932 2520 1992214 192194
648 1867 1931 2520 1998792 192686
649 1879 1927 2520 2005314 193071
650 1882 1922 2520 2012147 193831
651 1886 1916 2520 2019184 194321
652 1894 1914 2520 2026198 194912
653 1898 1913 2520 2033143 195517
654 1900 1909 2520 2039969 196070
655 1909 1905 2520 2046897 196618
656 1913 1902 2520 2053799 197192
657 1920 1900 2520 2060857 197814
658 1924 1898 2520 2067802 198194
659 1929 1896 2520 2074785 198675
660 1939 1895 2520 2081590 199204
661 1941 1895 2520 2088476 199663
662 1952 1894 2520 2095268 200249
663 1955 1891 2520 2101814 200848
664 1961 1890 2520 2108600 201272
665 1967 1886 2520 2115383 201704
666 1974 1884 2520 2121918 202203
667 1979 1884 2520 2128589 202734
668 1983 1883 2520 2135158 203314
669 1986 1881 2520 2141695 203845
670 1993 1881 2520 2148163 204325
671 2001 1879 2520 2154536 204880
672 2008 1875 2520 2161031 205410
673 2017 1874 2520 2167494 205904
674 2027 1874 2520 2174102 206321
675 2034 1871 2520 2180749 206925
676 2038 1871 2520 2187424 207355
677 2046 1869 2520 2194011 207861
678 2052 1868 2520 2200847 208369
679 2058 1863 2520 2207584 208845
680 2060 1862 2520 2214392 209403
681 2071 1860 2520 2221005 209724
682 2080 1858 2520 2227639 210088
683 2087 1855 2520 2234293 210600
684 2090 1854 2520 2241080 211078
685 2090 1853 2520 2247656 211557
686 2098 1852 2520 2254114 212030
687 2108 1851 2520 2260635 212306
688 2115 1850 2520 2267226 212802
689 2121 1847 2520 2273628 213287
690 2125 1843 2520 2280128 213787
691 2131 1838 2520 2286671 214343
692 2137 1837 2520 2293425 214915
693 2139 1836 2520 2299820 215391
694 2145 1835 2520 2306184 215751
695 2154 1835 2520 2312697 216180
696 2160 1833 2520 2319299 216678
697 2165 1832 2520 2325824 217324
698 2170 1830 2520 2332326 217669
699 2175 1829 2520 2338878 218199
700 2177 1829 2520 2345368 218621
701 2183 1827 2520 2351736 219005
702 2187 1826 2520 2357883 219400
703 2194 1824 2520 2363913 219850
704 2200 1823 2520 2370116 220231
705 2207 1822 2520 2376183 220746
706 2218 1820 2520 2382423 221179
707 2222 1817 2520 2388514 221680
708 2229 1816 2520 2394744 222012
709 2235 1813 2520 2400907 222504
710 2240 1811 2520 2407157 223043
711 2242 1809 2520 2413485 223604
712 2250 1808 2520 2419623 224176
713 2253 1807 2520 2425956 224697
714 2262 1805 2520 2432256 225183
715 2269 1805 2520 2438304 225685
716 2272 1800 2520 2444460 226121
717 2279 1798 2520 2450771 226581
718 2286 1796 2520 2456916 227079
719 2289 1794 2520 2463230 227659
720 2293 1791 2520 2469388 228119
721 2299 1790 2520 2475513 228563
722 2304 1788 2520 2481520 229043
723 2307 1786 2520 2487486 229493
724 2314 1785 2520 2493570 229858
725 2318 1783 2520 2499513 230302
726 2327 1781 2520 2505408 230716
727 2331 1780 2520 2511561 231067
728 2336 1776 2520 2517590 231609
729 2345 1776 2520 2523622 232025
730 2349 1774 2520 2529671 232428
731 2357 1769 2520 2535568 232922
732 2366 1769 2520 2541668 233415
733 2369 1767 2520 2547579 233825
734 2374 1766 2520 2553619 234382
735 2380 1764 2520 2559608 234788
736 2381 1761 2520 2565633 235330
737 2386 1760 2520 2571422 235733
738 2393 1758 2520 2577014 236112
739 2400 1756 2520 2582512 236461
740 2405 1754 2520 2588106 236930
741 2410 1752 2520 2593807 237419
742 2412 1752 2520 2599478 237760
743 2419 1752 2520 2605010 238188
744 2422 1750 2520 2610257 238529
745 2427 1748 2520 2615813 238864
746 2430 1748 2520 2621098 239111
747 2435 1746 2520 2626350 239523
748 2442 1744 2520 2631503 239797
749 2448 1743 2520 2636594 240189
750 2451 1742 2520 2641941 240723
751 2459 1739 2520 2647186 241192
752 2467 1739 2520 2652329 241481
753 2473 1737 2520 2657602 241891
754 2478 1737 2520 2662731 242335
755 2483 1735 2520 2667723 242599
756 2490 1734 2520 2672886 243069
757 2493 1733 2520 2678095 243477
758 2499 1729 2520 2683299 243876
759 2501 1729 2520 2688289 244308
760 2503 1728 2520 2693384 244771
761 2506 1725 2520 2698242 245102
762 2514 1724 2520 2703094 245365
763 2518 1724 2520 2707854 245768
764 2523 1724 2520 2712831 246191
765 2526 1722 2520 2717530 246533
766 2528 1719 2520 2722351 246830
767 2533 1719 2520 2727007 247152
768 2533 1718 2520 2731709 247646
769 2534 1717 2520 2736145 247967
770 2543 1716 2520 2740590 248168
771 2545 1715 2520 2744897 248485
772 2549 1715 2520 2749281 248807
773 2553 1711 2520 2753487 249126
774 2558 1707 2520 2757633 249448
775 2568 1705 2520 2762005 249806
776 2570 1705 2520 2766565 250111
777 2571 1704 2520 2770860 250446
778 2575 1703 2520 2775202 250795
779 2580 1702 2520 2779475 250972
780 2580 1701 2520 2783574 251244
781 2585 1700 2520 2787641 251542
782 2591 1700 2520 2791662 251877
783 2597 1700 2520 2795553 252095
784 2598 1700 2520 2799608 252421
785 2601 1700 2520 2803666 252754
786 2605 1700 2520 2807586 253061
787 2607 1700 2520 2811391 253410
788 2609 1696 2520 2814988 253679
789 2611 1696 2520 2818672 253889
790 2614 1695 2520 2822205 254374
791 2617 1695 2520 2825670 254665
792 2620 1693 2520 2828992 254930
793 2624 1693 2520 2832398 255173
794 2625 1688 2520 2835607 255380
795 2629 1686 2520 2838710 255659
796 2632 1686 2520 2842055 255875
797 2635 1686 2520 2845160 256092
798 2643 1685 2520 2848463 256436
799 2646 1683 2520 2851708 256670
800 2648 1682 2520 2854972 257010
801 2650 1681 2520 2858394 257325
802 2654 1679 2520 2861768 257636
803 2660 1679 2520 2865081 257961
804 2661 1679 2520 2868380 258217
805 2663 1677 2520 2871510 258531
806 2663 1676 2520 2874633 258710
807 2665 1673 2520 2877612 259016
808 2669 1672 2520 2880564 259351
809 2672 1672 2520 2883589 259569
810 2676 1671 2520 2886708 259855
811 2678 1671 2520 2889726 260157
812 2680 1671 2520 2892543 260402
813 2683 1670 2520 2895347 260627
814 2686 1668 2520 2898212 260865
815 2688 1665 2520 2901145 261078
816 2689 1663 2520 2904000 261363
817 2690 1661 2520 2906867 261583
818 2696 1660 2520 2909586 261735
819 2697 1660 2520 2912323 261927
820 2701 1657 2520 2915158 262127
821 2702 1655 2520 2917925 262309
822 2704 1655 2520 2920808 262516
823 2707 1654 2520 2923482 262671
824 2708 1654 2520 2926240 262897
825 2713 1653 2520 2929046 263088
826 2713 1653 2520 2931632 263217
827 2716 1652 2520 2934308 263541
828 2722 1652 2520 2936800 263746
829 2722 1650 2520 2939231 263859
830 2723 1648 2520 2941900 264167
831 2724 1647 2520 2944420 264440
832 2728 1647 2520 2946896 264661
833 2729 1646 2520 2949395 264909
834 2734 1642 2520 2951778 265152
835 2735 1640 2520 2954257 265283
836 2735 1640 2520 2956704 265557
837 2737 1639 2520 2959043 265817
838 2738 1639 2520 2961299 265972
839 2740 1638 2520 2963563 266114
840 2743 1637 2520 2965694 266195
841 2747 1636 2520 2967809 266308
842 2752 1633 2520 2970016 266498
843 2755 1633 2520 2972234 266683
844 2757 1632 2520 2974535 266887
845 2761 1632 2520 2976785 267165
846 2762 1630 2520 2979041 267301
847 2763 1630 2520 2981305 267496
848 2765 1628 2520 2983583 267749
849 2766 1628 2520 2985778 268002
850 2766 1626 2520 2987876 268133
851 2768 1625 2520 2989922 268288
852 2770 1624 2520 2992063 268417
853 2771 1622 2520 2994071 268606
854 2772 1621 2520 2996015 268774
855 2774 1621 2520 2997850 268901
856 2776 1621 2520 2999551 269099
857 2777 1619 2520 3001364 269287
858 2781 1618 2520 3003088 269412
859 2781 1617 2520 3004894 269561
860 2782 1617 2520 3006646 269751
861 2782 1617 2520 3008253 269883
862 2783 1616 2520 3009912 270033
863 2787 1616 2520 3011473 270200
864 2788 1616 2520 3013152 270263
865 2791 1616 2520 3014814 270451
866 2792 1614 2520 3016426 270672
867 2794 1611 2520 3018049 270795
868 2795 1611 2520 3019678 270920
869 2796 1610 2520 3021353 271176
870 2797 1610 2520 3022911 271409
871 2797 1609 2520 3024542 271539
872 2799 1608 2520 3026088 271646
873 2799 1608 2520 3027639 271801
874 2799 1608 2520 3029030 271851
875 2800 1608 2520 3030474 271949
876 2801 1607 2520 3031801 272053
877 2802 1607 2520 3033140 272178
878 2804 1606 2520 3034427 272220
879 2804 1606 2520 3035751 272291
880 2808 1606 2520 3037000 272450
881 2810 1604 2520 3038270 272568
882 2812 1603 2520 3039631 272753
883 2813 1603 2520 3040958 272829
884 2815 1602 2520 3042227 272961
885 2816 1602 2520 3043570 273051
886 2816 1600 2520 3044925 273200
887 2820 1599 2520 3046241 273394
888 2820 1598 2520 3047541 273498
889 2820 1596 2520 3048885 273702
890 2821 1595 2520 3050126 273833
891 2822 1595 2520 3051281 273885
892 2824 1595 2520 3052632 273958
893 2825 1594 2520 3053799 274022
894 2826 1594 2520 3054983 274091
895 2827 1594 2520 3056172 274239
896 2827 1594 2520 3057222 274369
897 2827 1592 2520 3058210 274514
898 2827 1591 2520 3059308 274676
899 2828 1591 2520 3060394 274806
900 2829 1590 2520 3061372 274955
901 2831 1590 2520 3062227 274917
902 2831 1590 2520 3063146 275031
903 2832 1589 2520 3064057 275123
904 2832 1588 2520 3065022 275176
905 2833 1585 2520 3065930 275251
906 2834 1584 2520 3066801 275393
907 2835 1582 2520 3067720 275502
908 2836 1580 2520 3068778 275634
909 2836 1579 2520 3069749 275780
910 2836 1579 2520 3070688 275921
911 2837 1577 2520 3071582 276075
912 2839 1576 2520 3072477 276139
913 2840 1576 2520 3073333 276134
914 2842 1575 2520 3074248 276242
915 2842 1574 2520 3075096 276289
916 2843 1573 2520 3076017 276363
917 2843 1573 2520 3076804 276441
918 2846 1572 2520 3077552 276492
919 2847 1572 2520 3078338 276572
920 2847 1572 2520 3079033 276699
921 2847 1571 2520 3079732 276801
922 2847 1571 2520 3080454 276827
923 2847 1571 2520 3081147 276936
924 2847 1570 2520 3081784 277013
925 2847 1570 2520 3082290 277120
926 2849 1570 2520 3082867 277219
927 2851 1570 2520 3083390 277255
928 2853 1570 2520 3083854 277274
929 2853 1569 2520 3084383 277352
930 2853 1569 2520 3084902 277498
931 2853 1568 2520 3085504 277526
932 2855 1568 2520 3086110 277642
933 2855 1568 2520 3086778 277686
934 2855 1568 2520 3087352 277809
935 2856 1566 2520 3087901 277810
936 2856 1565 2520 3088515 277889
937 2856 1565 2520 3089095 277942
938 2856 1564 2520 3089649 277970
939 2856 1564 2520 3090061 278026
940 2857 1563 2520 3090562 278125
941 2857 1562 2520 3091055 278087
942 2857 1562 2520 3091476 278105
943 2857 1562 2520 3091871 278164
944 2857 1562 2520 3092188 278246
945 2858 1562 2520 3092481 278304
946 2859 1562 2520 3092798 278362
947 2859 1562 2520 3093161 278400
948 2859 1562 2520 3093456 278416
949 2860 1560 2520 3093756 278491
950 2860 1560 2520 3094123 278523
951 2860 1560 2520 3094459 278577
952 2860 1560 2520 3094797 278655
953 2860 1560 2520 3095088 278685
954 2860 1559 2520 3095382 278675
955 2860 1559 2520 3095693 278693
956 2860 1559 2520 3096037 278752
957 2860 1557 2520 3096323 278728
958 2860 1557 2520 3096634 278741
959 2860 1557 2520 3096895 278791
960 2860 1557 2520 3097084 278806
961 2861 1557 2520 3097263 278859
962 2861 1557 2520 3097440 278948
963 2861 1557 2520 3097692 279006
964 2861 1557 2520 3097870 278997
965 2861 1557 2520 3098089 279011
966 2861 1557 2520 3098355 279088
967 2861 1557 2520 3098533 279086
968 2861 1557 2520 3098655 279111
969 2861 1557 2520 3098775 279137
970 2861 1557 2520 3098890 279152
971 2862 1557 2520 3099009 279186
972 2862 1556 2520 3099145 279187
973 2862 1556 2520 3099359 279269
974 2862 1555 2520 3099551 279251
975 2862 1555 2520 3099724 279300
976 2862 1554 2520 3099901 279313
977 2863 1554 2520 3100045 279311
978 2863 1554 2520 3100248 279306
979 2863 1554 2520 3100407 279340
980 2863 1554 2520 3100625 279417
981 2863 1554 2520 3100652 279412
982 2863 1553 2520 3100820 279482
983 2863 1553 2520 3100928 279531
984 2863 1553 2520 3101131 279519
985 2863 1552 2520 3101211 279590
986 2863 1552 2520 3101326 279556
987 2863 1552 2520 3101460 279579
988 2864 1551 2520 3101485 279630
989 2864 1551 2520 3101651 279637
990 2864 1551 2520 3101828 279654
991 2864 1551 2520 3101909 279649
992 2864 1551 2520 3102000 279633
993 2864 1549 2520 3102180 279678
994 2864 1549 2520 3102277 279716
995 2864 1549 2520 3102380 279729
996 2864 1549 2520 3102466 279720
997 2864 1549 2520 3102603 279768
998 2864 1548 2520 3102689 279802
999 2864 1548 2520 3102792 279837
1000 2864 1548 2520 3102847 279828
