0 1 2519 2520 794 498
1 1 2519 2520 863 545
2 1 2519 2520 922 569
3 1 2519 2520 999 607
4 1 2519 2520 1064 637
5 1 2519 2520 1124 652
6 1 2519 2520 1197 688
7 1 2519 2520 1251 710
8 1 2519 2520 1306 729
9 1 2519 2520 1348 741
10 1 2519 2520 1397 748
11 1 2519 2520 1413 755
12 1 2519 2520 1427 750
13 1 2519 2520 1452 766
14 1 2519 2520 1460 772
15 1 2519 2520 1470 775
16 1 2519 2520 1479 782
17 2 2519 2520 1481 785
18 2 2519 2520 1492 793
19 2 2519 2520 1627 850
20 2 2519 2520 1794 923
21 2 2519 2520 1946 973
22 2 2519 2520 2092 1023
23 2 2519 2520 2229 1069
24 2 2519 2520 2372 1109
25 2 2519 2520 2469 1138
26 2 2519 2520 2570 1162
27 2 2519 2520 2626 1178
28 2 2519 2520 2696 1187
29 2 2519 2520 2735 1185
30 2 2519 2520 2767 1207
31 2 2519 2520 2802 1212
32 2 2519 2520 2826 1214
33 2 2519 2520 2839 1219
34 2 2519 2520 2866 1239
35 3 2519 2520 2874 1236
36 3 2519 2520 2887 1234
37 3 2519 2520 2998 1283
38 3 2519 2520 3119 1320
39 3 2519 2520 3244 1364
40 3 2519 2520 3388 1396
41 4 2519 2520 3503 1418
42 4 2519 2520 3627 1465
43 4 2519 2520 3859 1543
44 4 2519 2520 4090 1602
45 4 2519 2520 4330 1667
46 4 2519 2520 4530 1704
47 4 2519 2520 4713 1754
48 4 2519 2520 4853 1778
49 4 2519 2520 4983 1807
50 4 2519 2520 5101 1824
51 5 2519 2520 5160 1838
52 5 2519 2520 5270 1867
53 5 2519 2520 5438 1925
54 5 2519 2520 5594 1959
55 5 2519 2520 5747 2009
56 5 2519 2520 5915 2049
57 5 2519 2520 6066 2085
58 6 2519 2520 6208 2128
59 7 2519 2520 6359 2163
60 8 2519 2520 6636 2242
61 8 2519 2520 6962 2336
62 8 2519 2520 7333 2438
63 8 2519 2520 7717 2532
64 8 2518 2520 8105 2628
65 8 2517 2520 8511 2736
66 8 2517 2520 8849 2789
67 9 2517 2520 9185 2798
68 9 2517 2520 9462 2780
69 9 2517 2520 9784 2824
70 9 2517 2520 10058 2851
71 9 2517 2520 10299 2887
72 9 2517 2520 10542 2924
73 9 2517 2520 10773 2976
74 9 2517 2520 10986 2994
75 10 2517 2520 11166 3009
76 11 2517 2520 11406 3076
77 11 2517 2520 11672 3135
78 11 2517 2520 12008 3225
79 13 2517 2520 12338 3306
80 14 2517 2520 12671 3375
81 16 2517 2520 13107 3465
82 16 2517 2520 13609 3568
83 16 2517 2520 14122 3722
84 16 2517 2520 14749 3852
85 16 2515 2520 15303 3969
86 16 2515 2520 15883 4104
87 17 2515 2520 16448 4177
88 17 2515 2520 16936 4220
89 17 2515 2520 17483 4313
90 17 2515 2520 18006 4360
91 17 2515 2520 18476 4422
92 17 2515 2520 18866 4505
93 17 2515 2520 19222 4564
94 17 2515 2520 19598 4607
95 17 2515 2520 19904 4656
96 21 2515 2520 20193 4714
97 21 2515 2520 20556 4804
98 22 2515 2520 21107 4932
99 23 2515 2520 21635 5092
100 24 2515 2520 22260 5221
101 26 2515 2520 22898 5389
102 28 2515 2520 23637 5545
103 28 2515 2520 24438 5692
104 28 2515 2520 25291 5872
105 28 2515 2520 26126 6052
106 28 2515 2520 27010 6251
107 28 2514 2520 27831 6372
108 28 2514 2520 28614 6462
109 28 2513 2520 29284 6550
110 28 2513 2520 29982 6629
111 28 2513 2520 30607 6634
112 28 2513 2520 31157 6670
113 29 2513 2520 31640 6748
114 30 2513 2520 32144 6833
115 31 2513 2520 32596 6908
116 31 2513 2520 33110 7003
117 32 2513 2520 33610 7050
118 35 2513 2520 34123 7127
119 39 2513 2520 34756 7223
120 39 2513 2520 35597 7444
121 40 2513 2520 36537 7673
122 40 2513 2520 37541 7879
123 40 2513 2520 38621 8142
124 40 2512 2520 39634 8307
125 41 2512 2520 40638 8480
126 41 2512 2520 41544 8652
127 43 2512 2520 42523 8842
128 43 2512 2520 43431 8918
129 43 2512 2520 44353 9039
130 43 2512 2520 45175 9203
131 43 2512 2520 46007 9318
132 43 2511 2520 46782 9386
133 44 2511 2520 47473 9468
134 46 2511 2520 48149 9528
135 47 2511 2520 48841 9609
136 51 2511 2520 49553 9733
137 53 2511 2520 50356 9866
138 54 2511 2520 51325 10088
139 54 2511 2520 52365 10264
140 54 2511 2520 53432 10489
141 54 2511 2520 54536 10677
142 55 2511 2520 55564 10832
143 56 2511 2520 56652 11039
144 58 2511 2520 57698 11196
145 59 2511 2520 58686 11345
146 59 2510 2520 59737 11530
147 59 2510 2520 60862 11729
148 59 2510 2520 61890 11832
149 61 2510 2520 62839 11965
150 63 2510 2520 63752 12135
151 65 2509 2520 64713 12309
152 67 2509 2520 65786 12481
153 68 2509 2520 66928 12688
154 68 2509 2520 68124 12915
155 68 2508 2520 69261 13155
156 68 2508 2520 70395 13297
157 69 2508 2520 71520 13470
158 72 2508 2520 72645 13628
159 73 2508 2520 73712 13763
160 73 2508 2520 74881 13958
161 74 2508 2520 76033 14151
162 76 2508 2520 77235 14298
163 77 2506 2520 78393 14478
164 79 2506 2520 79624 14688
165 79 2506 2520 80920 14865
166 80 2505 2520 82206 15087
167 81 2505 2520 83438 15253
168 81 2505 2520 84682 15391
169 81 2504 2520 85949 15475
170 83 2504 2520 87153 15603
171 83 2504 2520 88308 15719
172 86 2503 2520 89521 15918
173 90 2503 2520 90690 16075
174 92 2503 2520 91965 16304
175 93 2502 2520 93396 16543
176 94 2502 2520 94886 16761
177 95 2502 2520 96353 17006
178 96 2500 2520 97899 17272
179 98 2500 2520 99332 17462
180 99 2499 2520 101005 17723
181 100 2499 2520 102563 17915
182 100 2498 2520 104156 18131
183 102 2498 2520 105578 18269
184 102 2497 2520 107009 18458
185 105 2496 2520 108407 18634
186 107 2495 2520 109852 18757
187 109 2495 2520 111297 18881
188 111 2495 2520 112870 19061
189 111 2494 2520 114391 19272
190 112 2494 2520 115957 19465
191 115 2494 2520 117523 19624
192 116 2494 2520 119133 19823
193 118 2491 2520 120749 19968
194 120 2489 2520 122397 20138
195 124 2488 2520 124112 20417
196 127 2488 2520 125792 20639
197 128 2487 2520 127694 20907
198 132 2486 2520 129651 21139
199 132 2485 2520 131615 21352
200 134 2483 2520 133660 21527
201 134 2483 2520 135621 21652
202 135 2481 2520 137666 21895
203 135 2480 2520 139600 22099
204 136 2479 2520 141416 22228
205 137 2478 2520 143200 22382
206 138 2478 2520 145003 22513
207 139 2478 2520 146633 22622
208 142 2478 2520 148281 22714
209 143 2478 2520 150079 22949
210 146 2477 2520 151768 23174
211 147 2475 2520 153463 23419
212 148 2475 2520 155150 23618
213 151 2475 2520 156828 23742
214 153 2475 2520 158512 23980
215 154 2475 2520 160245 24223
216 158 2475 2520 162026 24424
217 158 2475 2520 163741 24676
218 159 2475 2520 165533 24885
219 162 2475 2520 167384 25147
220 165 2474 2520 169124 25392
221 169 2474 2520 170954 25582
222 169 2473 2520 172821 25808
223 170 2472 2520 174804 26053
224 171 2472 2520 176755 26264
225 172 2472 2520 178605 26469
226 173 2472 2520 180533 26683
227 175 2472 2520 182317 26861
228 177 2470 2520 184118 27113
229 177 2470 2520 186074 27249
230 177 2470 2520 187814 27404
231 180 2470 2520 189558 27569
232 185 2470 2520 191216 27774
233 185 2470 2520 193040 27950
234 187 2469 2520 194908 28233
235 188 2469 2520 196805 28424
236 192 2469 2520 198686 28705
237 194 2468 2520 200628 28993
238 196 2467 2520 202583 29253
239 199 2467 2520 204645 29486
240 200 2466 2520 206741 29782
241 202 2466 2520 208850 30120
242 202 2466 2520 210925 30341
243 204 2466 2520 213019 30622
244 204 2466 2520 215049 30895
245 205 2465 2520 217085 31198
246 207 2464 2520 218979 31399
247 209 2464 2520 220959 31613
248 209 2464 2520 222899 31857
249 212 2464 2520 224783 32016
250 216 2464 2520 226679 32243
251 217 2464 2520 228607 32431
252 220 2463 2520 230502 32618
253 223 2462 2520 232485 32861
254 225 2461 2520 234646 33123
255 227 2461 2520 236814 33340
256 230 2461 2520 239128 33641
257 234 2461 2520 241390 33904
258 237 2461 2520 243572 34207
259 238 2460 2520 245955 34499
260 240 2458 2520 248426 34760
261 240 2456 2520 250858 35009
262 241 2454 2520 253405 35251
263 242 2453 2520 255891 35539
264 242 2452 2520 258250 35691
265 243 2452 2520 260540 35919
266 244 2452 2520 262657 36133
267 246 2452 2520 264704 36269
268 251 2452 2520 266682 36445
269 252 2451 2520 268567 36599
270 253 2451 2520 270620 36788
271 256 2451 2520 272644 36977
272 260 2448 2520 274812 37279
273 262 2447 2520 276887 37528
274 264 2446 2520 279083 37810
275 267 2444 2520 281488 38064
276 270 2442 2520 283850 38258
277 273 2442 2520 286256 38558
278 275 2441 2520 288613 38849
279 278 2441 2520 291078 39205
280 280 2441 2520 293423 39503
281 284 2439 2520 295920 39816
282 286 2439 2520 298456 40121
283 287 2439 2520 300827 40330
284 287 2438 2520 303358 40614
285 290 2438 2520 305696 40776
286 292 2437 2520 308023 40968
287 293 2436 2520 310381 41139
288 295 2436 2520 312714 41368
289 295 2436 2520 315115 41619
290 297 2435 2520 317384 41843
291 300 2434 2520 319644 42193
292 307 2434 2520 321914 42338
293 307 2434 2520 324336 42605
294 309 2433 2520 326720 42869
295 311 2432 2520 329206 43129
296 314 2431 2520 331615 43457
297 317 2430 2520 334196 43790
298 320 2429 2520 336669 44032
299 322 2428 2520 339172 44250
300 325 2427 2520 341685 44595
301 326 2426 2520 344205 44845
302 328 2424 2520 346724 45109
303 334 2424 2520 349432 45350
304 337 2424 2520 352075 45657
305 341 2422 2520 354861 45949
306 344 2420 2520 357541 46261
307 345 2419 2520 360228 46470
308 346 2419 2520 363095 46742
309 346 2419 2520 365917 47024
310 348 2418 2520 368690 47251
311 348 2418 2520 371290 47475
312 351 2417 2520 373888 47654
313 353 2417 2520 376323 47912
314 358 2416 2520 378866 48080
315 362 2416 2520 381416 48257
316 369 2414 2520 384055 48534
317 370 2413 2520 386778 48875
318 372 2413 2520 389662 49218
319 376 2413 2520 392503 49444
320 378 2413 2520 395230 49717
321 380 2411 2520 398129 50121
322 381 2411 2520 400944 50429
323 383 2411 2520 403884 50799
324 385 2410 2520 406785 51105
325 387 2410 2520 409492 51405
326 389 2406 2520 412313 51731
327 392 2405 2520 415125 52004
328 396 2404 2520 418062 52351
329 398 2404 2520 420981 52653
330 399 2403 2520 423958 52940
331 400 2403 2520 426859 53255
332 402 2403 2520 429741 53601
333 407 2401 2520 432556 53856
334 410 2401 2520 435357 54150
335 414 2400 2520 438279 54426
336 417 2400 2520 441015 54683
337 424 2398 2520 443863 54997
338 430 2398 2520 446865 55328
339 431 2396 2520 450213 55736
340 434 2395 2520 453411 56097
341 435 2391 2520 456726 56408
342 438 2390 2520 460122 56783
343 440 2389 2520 463474 57026
344 441 2389 2520 466923 57313
345 444 2388 2520 470174 57745
346 445 2385 2520 473270 58056
347 448 2384 2520 476563 58385
348 450 2384 2520 479613 58680
349 456 2383 2520 482642 58895
350 458 2382 2520 485798 59181
351 460 2381 2520 488975 59557
352 463 2381 2520 492146 59790
353 463 2380 2520 495342 60134
354 464 2379 2520 498419 60402
355 468 2379 2520 501515 60690
356 473 2379 2520 504551 61001
357 475 2378 2520 507672 61292
358 481 2375 2520 510743 61620
359 487 2375 2520 513882 61980
360 488 2374 2520 517194 62380
361 491 2371 2520 520686 62801
362 491 2371 2520 524062 63140
363 497 2371 2520 527457 63517
364 501 2371 2520 530732 63814
365 504 2371 2520 534136 64136
366 509 2371 2520 537588 64505
367 510 2370 2520 540985 64904
368 513 2365 2520 544262 65318
369 515 2364 2520 547666 65553
370 518 2363 2520 551152 65916
371 521 2362 2520 554406 66140
372 522 2360 2520 557714 66364
373 527 2360 2520 561159 66586
374 531 2358 2520 564608 66814
375 537 2358 2520 568009 67106
376 538 2358 2520 571492 67510
377 539 2357 2520 574997 67779
378 548 2356 2520 578435 68028
379 551 2356 2520 581924 68258
380 554 2355 2520 585443 68612
381 559 2353 2520 588940 68971
382 563 2347 2520 592491 69322
383 564 2347 2520 596406 69787
384 573 2346 2520 600196 70081
385 574 2345 2520 604060 70530
386 577 2343 2520 608207 70853
387 581 2342 2520 612135 71192
388 583 2341 2520 616029 71496
389 584 2340 2520 619804 71802
390 586 2339 2520 623484 72119
391 587 2339 2520 627095 72319
392 592 2336 2520 630562 72533
393 593 2336 2520 634258 72905
394 599 2336 2520 637737 73170
395 605 2336 2520 641236 73459
396 610 2334 2520 644868 73890
397 614 2331 2520 648793 74306
398 616 2330 2520 652678 74722
399 621 2330 2520 656570 75138
400 622 2329 2520 660510 75507
401 624 2327 2520 664311 75901
402 625 2325 2520 668103 76138
403 629 2323 2520 671732 76385
404 630 2322 2520 675374 76690
405 634 2321 2520 678854 77054
406 638 2321 2520 682541 77302
407 645 2321 2520 686201 77699
408 653 2319 2520 689846 78100
409 659 2318 2520 693615 78505
410 660 2316 2520 697636 79010
411 663 2316 2520 701748 79498
412 665 2315 2520 705757 79892
413 669 2315 2520 709865 80308
414 671 2314 2520 713905 80530
415 673 2313 2520 717952 80867
416 675 2312 2520 721957 81174
417 676 2312 2520 725757 81471
418 686 2311 2520 729432 81767
419 691 2310 2520 733414 82122
420 695 2309 2520 737321 82607
421 697 2309 2520 741330 82993
422 703 2309 2520 745276 83365
423 706 2308 2520 749113 83818
424 710 2308 2520 753028 84204
425 716 2306 2520 756983 84649
426 721 2306 2520 761075 85105
427 724 2306 2520 765197 85467
428 727 2305 2520 769234 85836
429 729 2304 2520 773501 86251
430 734 2304 2520 777631 86687
431 736 2302 2520 781692 87124
432 739 2299 2520 785664 87559
433 742 2298 2520 789802 87915
434 746 2298 2520 793737 88287
435 751 2297 2520 797820 88690
436 753 2295 2520 801862 88980
437 755 2294 2520 806057 89375
438 758 2294 2520 810052 89687
439 762 2292 2520 814045 89958
440 767 2290 2520 817918 90344
441 772 2289 2520 821959 90657
442 773 2289 2520 825986 91032
443 774 2285 2520 830020 91429
444 779 2284 2520 834003 91829
445 783 2281 2520 837903 92130
446 786 2280 2520 841842 92525
447 788 2278 2520 845909 92810
448 794 2277 2520 850096 93170
449 799 2276 2520 854080 93581
450 805 2276 2520 858101 94107
451 811 2275 2520 862289 94468
452 816 2272 2520 866337 94765
453 821 2272 2520 870734 95248
454 825 2269 2520 875196 95725
455 830 2264 2520 879716 96197
456 832 2262 2520 884391 96576
457 838 2260 2520 888851 97041
458 840 2258 2520 893608 97433
459 843 2255 2520 898291 97791
460 846 2254 2520 902967 98061
461 849 2253 2520 907666 98529
462 850 2253 2520 912364 98872
463 852 2250 2520 916762 99173
464 854 2248 2520 921198 99608
465 861 2245 2520 925549 99948
466 868 2245 2520 929782 100374
467 876 2244 2520 934069 100754
468 881 2243 2520 938563 101185
469 885 2243 2520 943106 101588
470 890 2242 2520 947727 102003
471 892 2239 2520 952276 102381
472 897 2239 2520 956832 102819
473 903 2236 2520 961296 103132
474 904 2235 2520 966025 103605
475 910 2233 2520 970814 104009
476 913 2230 2520 975473 104415
477 923 2229 2520 980221 104848
478 925 2227 2520 984934 105303
479 928 2225 2520 989545 105682
480 930 2224 2520 994413 106157
481 936 2223 2520 999244 106689
482 939 2222 2520 1004060 106994
483 941 2219 2520 1008855 107421
484 943 2217 2520 1013550 107752
485 947 2217 2520 1018009 108130
486 953 2217 2520 1022485 108447
487 959 2215 2520 1026834 108810
488 967 2215 2520 1031257 109122
489 971 2214 2520 1035849 109484
490 977 2212 2520 1040370 109896
491 983 2212 2520 1045126 110330
492 988 2210 2520 1049906 110834
493 996 2208 2520 1054714 111325
494 1001 2207 2520 1059771 111840
495 1007 2207 2520 1065032 112324
496 1011 2202 2520 1070250 112890
497 1012 2201 2520 1075343 113330
498 1015 2199 2520 1080518 113757
499 1018 2197 2520 1085613 114282
500 1023 2197 2520 1090660 114655
501 1026 2196 2520 1095645 115021
502 1030 2196 2520 1100682 115423
503 1032 2194 2520 1105654 115722
504 1035 2193 2520 1110470 116117
505 1041 2192 2520 1115132 116450
506 1041 2192 2520 1119733 116845
507 1046 2190 2520 1124382 117195
508 1053 2190 2520 1128880 117397
509 1057 2189 2520 1133447 117717
510 1063 2188 2520 1138079 118203
511 1067 2188 2520 1142862 118637
512 1074 2187 2520 1147688 119126
513 1077 2185 2520 1152610 119562
514 1088 2185 2520 1157779 120042
515 1096 2183 2520 1162884 120524
516 1099 2182 2520 1168439 121104
517 1101 2179 2520 1174034 121718
518 1104 2175 2520 1179532 122290
519 1108 2171 2520 1184974 122803
520 1112 2169 2520 1190454 123206
521 1117 2168 2520 1195737 123692
522 1121 2165 2520 1200913 124101
523 1125 2162 2520 1206178 124514
524 1132 2160 2520 1211529 124956
525 1137 2160 2520 1216805 125366
526 1141 2159 2520 1222217 125776
527 1145 2157 2520 1227468 126348
528 1150 2156 2520 1232655 126714
529 1156 2155 2520 1237806 127144
530 1158 2152 2520 1242849 127547
531 1168 2151 2520 1247915 127968
532 1175 2151 2520 1253027 128458
533 1180 2148 2520 1258382 128856
534 1184 2146 2520 1263616 129376
535 1190 2143 2520 1268892 129815
536 1200 2141 2520 1274222 130322
537 1205 2140 2520 1279669 130802
538 1211 2140 2520 1285319 131344
539 1216 2137 2520 1291034 131938
540 1221 2133 2520 1296977 132438
541 1225 2129 2520 1302681 132809
542 1231 2128 2520 1308323 133365
543 1239 2123 2520 1313977 133828
544 1246 2122 2520 1319729 134355
545 1248 2120 2520 1325631 134894
546 1254 2117 2520 1331565 135499
547 1256 2115 2520 1337510 136019
548 1258 2115 2520 1343402 136537
549 1264 2113 2520 1349192 136960
550 1268 2112 2520 1354643 137341
551 1271 2110 2520 1360229 137807
552 1274 2108 2520 1365754 138226
553 1281 2107 2520 1371412 138715
554 1285 2105 2520 1376651 138963
555 1291 2105 2520 1382175 139400
556 1299 2103 2520 1387693 139944
557 1300 2102 2520 1393311 140496
558 1305 2102 2520 1398974 140937
559 1307 2101 2520 1404466 141435
560 1321 2101 2520 1409972 141922
561 1325 2099 2520 1415387 142466
562 1332 2095 2520 1421028 143050
563 1335 2093 2520 1426902 143543
564 1343 2091 2520 1432657 144067
565 1348 2089 2520 1438446 144464
566 1355 2088 2520 1444538 144982
567 1358 2087 2520 1450501 145583
568 1362 2085 2520 1456616 146071
569 1367 2083 2520 1462596 146465
570 1373 2083 2520 1468432 146891
571 1377 2082 2520 1473918 147314
572 1384 2081 2520 1479828 147891
573 1389 2080 2520 1485516 148412
574 1392 2078 2520 1491255 148932
575 1399 2078 2520 1496968 149336
576 1406 2078 2520 1502618 149779
577 1413 2078 2520 1508424 150236
578 1422 2077 2520 1514051 150665
579 1429 2077 2520 1519823 151169
580 1436 2076 2520 1525722 151643
581 1443 2074 2520 1531835 152242
582 1447 2071 2520 1538114 152871
583 1453 2067 2520 1544350 153464
584 1459 2065 2520 1550626 154060
585 1463 2064 2520 1557057 154614
586 1467 2062 2520 1563362 155135
587 1473 2061 2520 1569603 155573
588 1476 2059 2520 1575648 156026
589 1481 2059 2520 1581675 156387
590 1486 2058 2520 1587771 156944
591 1492 2056 2520 1593712 157474
592 1498 2052 2520 1599714 157985
593 1506 2047 2520 1605805 158398
594 1515 2042 2520 1611825 158889
595 1518 2041 2520 1618154 159333
596 1524 2039 2520 1624321 159757
597 1531 2038 2520 1630333 160395
598 1532 2037 2520 1636602 160960
599 1534 2037 2520 1642717 161429
600 1540 2037 2520 1648666 161929
601 1550 2037 2520 1654616 162410
602 1554 2035 2520 1660442 162970
603 1561 2033 2520 1666487 163528
604 1570 2031 2520 1672552 163992
605 1573 2031 2520 1678802 164551
606 1581 2030 2520 1685018 165076
607 1589 2027 2520 1691278 165598
608 1594 2025 2520 1697737 166033
609 1601 2023 2520 1704176 166545
610 1604 2021 2520 1710551 167050
611 1609 2016 2520 1716974 167748
612 1611 2016 2520 1723398 168242
613 1615 2014 2520 1729702 168645
614 1616 2011 2520 1735862 169134
615 1619 2010 2520 1741800 169496
616 1632 2010 2520 1747577 169909
617 1639 2007 2520 1753416 170408
618 1647 2004 2520 1759587 170927
619 1650 2002 2520 1765673 171409
620 1660 2002 2520 1771879 171978
621 1662 1999 2520 1778304 172443
622 1670 1996 2520 1784592 173067
623 1676 1995 2520 1791051 173613
624 1680 1994 2520 1797424 174205
625 1683 1992 2520 1803740 174815
626 1690 1991 2520 1810220 175212
627 1697 1988 2520 1816595 175725
628 1701 1986 2520 1823093 176250
629 1704 1982 2520 1829643 176937
630 1717 1980 2520 1836124 177508
631 1725 1977 2520 1842619 178092
632 1730 1974 2520 1849280 178669
633 1734 1972 2520 1856086 179367
634 1741 1971 2520 1863003 179926
635 1748 1971 2520 1869447 180412
636 1756 1968 2520 1876135 181104
637 1762 1965 2520 1882791 181600
638 1766 1965 2520 1889524 182070
639 1767 1963 2520 1896092 182626
640 1773 1961 2520 1902570 183161
641 1780 1960 2520 1908921 183582
642 1788 1958 2520 1915229 184096
643 1798 1957 2520 1921490 184617
644 1805 1955 2520 1927731 185096
645 1810 1952 2520 1934199 185601
646 1816 1951 2520 1940902 186246
647 1821 1947 2520 1947445 186729
648 1823 1945 2520 1954099 187315
649 1830 1941 2520 1960732 187909
650 1835 1939 2520 1967429 188279
651 1843 1934 2520 1974074 188820
652 1855 1933 2520 1980731 189254
653 1864 1933 2520 1987462 189806
654 1869 1929 2520 1994479 190445
655 1876 1926 2520 2001731 190988
656 1879 1923 2520 2008815 191517
657 1887 1923 2520 2015925 192043
658 1888 1920 2520 2022899 192600
659 1892 1920 2520 2029673 193150
660 1897 1917 2520 2036353 193647
661 1904 1915 2520 2042881 194201
662 1911 1914 2520 2049395 194683
663 1920 1912 2520 2055916 195150
664 1926 1910 2520 2062508 195691
665 1931 1906 2520 2069036 196079
666 1937 1904 2520 2075541 196573
667 1944 1902 2520 2082084 197122
668 1954 1901 2520 2088659 197662
669 1959 1897 2520 2095306 198186
670 1966 1894 2520 2102148 198615
671 1972 1893 2520 2108976 199210
672 1979 1889 2520 2115986 199774
673 1985 1887 2520 2122606 200290
674 1992 1884 2520 2129546 200761
675 1998 1882 2520 2136260 201241
676 2010 1877 2520 2142960 201747
677 2019 1874 2520 2149831 202008
678 2023 1870 2520 2156919 202598
679 2029 1868 2520 2163824 203156
680 2031 1867 2520 2170812 203602
681 2041 1864 2520 2177671 204156
682 2047 1856 2520 2184487 204633
683 2050 1855 2520 2191510 205211
684 2058 1854 2520 2198328 205617
685 2065 1852 2520 2205302 205956
686 2071 1850 2520 2212085 206384
687 2080 1846 2520 2218707 206807
688 2085 1846 2520 2225610 207300
689 2091 1841 2520 2232535 207930
690 2093 1838 2520 2239384 208433
691 2101 1838 2520 2246072 208865
692 2105 1835 2520 2252909 209290
693 2110 1833 2520 2259590 209874
694 2113 1830 2520 2266131 210396
695 2120 1830 2520 2272666 210760
696 2126 1827 2520 2279135 211261
697 2133 1825 2520 2285675 211709
698 2138 1825 2520 2292014 212144
699 2145 1824 2520 2298338 212530
700 2157 1822 2520 2304658 212881
701 2166 1819 2520 2311237 213426
702 2173 1818 2520 2317863 213908
703 2177 1816 2520 2324531 214385
704 2181 1815 2520 2331201 215010
705 2184 1812 2520 2337762 215515
706 2190 1810 2520 2344327 215917
707 2197 1808 2520 2350903 216374
708 2202 1806 2520 2357423 216857
709 2209 1805 2520 2364004 217442
710 2214 1802 2520 2370614 217899
711 2217 1800 2520 2377060 218427
712 2218 1799 2520 2383453 218817
713 2230 1797 2520 2389730 219271
714 2236 1795 2520 2395703 219635
715 2244 1794 2520 2401929 220215
716 2247 1793 2520 2408551 220784
717 2253 1789 2520 2414766 221272
718 2258 1786 2520 2421058 221728
719 2264 1785 2520 2427362 222157
720 2267 1784 2520 2433538 222473
721 2274 1784 2520 2439981 223059
722 2280 1783 2520 2446132 223595
723 2289 1779 2520 2452487 224122
724 2290 1776 2520 2458896 224487
725 2302 1773 2520 2465251 225125
726 2308 1771 2520 2471693 225571
727 2311 1769 2520 2478259 226130
728 2315 1769 2520 2484715 226715
729 2322 1767 2520 2490839 227143
730 2325 1766 2520 2496884 227611
731 2329 1765 2520 2503037 228059
732 2335 1761 2520 2509056 228454
733 2342 1761 2520 2515054 228854
734 2348 1760 2520 2520817 229282
735 2352 1758 2520 2526661 229575
736 2355 1757 2520 2532576 229979
737 2357 1756 2520 2538562 230435
738 2367 1754 2520 2544260 230833
739 2370 1752 2520 2549922 231305
740 2378 1752 2520 2555575 231760
741 2385 1749 2520 2561160 232167
742 2390 1749 2520 2566961 232639
743 2395 1746 2520 2572883 233139
744 2400 1746 2520 2578595 233637
745 2406 1746 2520 2584442 234080
746 2410 1746 2520 2590118 234648
747 2420 1745 2520 2596034 234931
748 2427 1743 2520 2601710 235404
749 2431 1741 2520 2607669 235833
750 2438 1740 2520 2613471 236349
751 2443 1740 2520 2619386 236826
752 2446 1739 2520 2625214 237237
753 2451 1739 2520 2631099 237626
754 2454 1733 2520 2636665 237980
755 2459 1730 2520 2642293 238432
756 2460 1729 2520 2647657 238822
757 2464 1727 2520 2652957 239045
758 2468 1726 2520 2658147 239439
759 2474 1724 2520 2663127 239712
760 2481 1722 2520 2668105 240143
761 2484 1721 2520 2673056 240363
762 2486 1718 2520 2677946 240620
763 2497 1714 2520 2682912 241043
764 2499 1711 2520 2687969 241404
765 2506 1710 2520 2692983 241736
766 2510 1709 2520 2698111 242093
767 2515 1708 2520 2703288 242425
768 2519 1708 2520 2708430 242811
769 2524 1704 2520 2713475 243264
770 2526 1701 2520 2718514 243602
771 2533 1701 2520 2723593 244061
772 2540 1701 2520 2728489 244460
773 2545 1701 2520 2733409 244905
774 2550 1699 2520 2738334 245339
775 2551 1696 2520 2743376 245592
776 2554 1696 2520 2748469 246069
777 2558 1694 2520 2753171 246270
778 2559 1692 2520 2757838 246727
779 2562 1690 2520 2762385 247048
780 2565 1689 2520 2766761 247375
781 2565 1688 2520 2771078 247564
782 2572 1686 2520 2775153 247865
783 2580 1685 2520 2779163 248022
784 2589 1685 2520 2783337 248229
785 2593 1685 2520 2787631 248628
786 2596 1685 2520 2791863 249076
787 2599 1684 2520 2795951 249436
788 2600 1684 2520 2800082 249724
789 2604 1683 2520 2804211 250000
790 2608 1681 2520 2808223 250393
791 2612 1678 2520 2812042 250686
792 2617 1678 2520 2816002 250941
793 2619 1676 2520 2819889 251234
794 2623 1676 2520 2823852 251577
795 2626 1675 2520 2827654 251934
796 2627 1674 2520 2831449 252212
797 2635 1672 2520 2835218 252416
798 2637 1671 2520 2838845 252690
799 2640 1671 2520 2842573 253026
800 2644 1671 2520 2846282 253414
801 2647 1671 2520 2849951 253679
802 2650 1669 2520 2853463 253902
803 2657 1668 2520 2856859 254185
804 2662 1667 2520 2860192 254417
805 2665 1666 2520 2863645 254647
806 2669 1665 2520 2867097 254872
807 2672 1663 2520 2870442 255142
808 2675 1662 2520 2873806 255458
809 2678 1662 2520 2877009 255764
810 2680 1661 2520 2880320 256081
811 2680 1660 2520 2883706 256385
812 2687 1659 2520 2887116 256681
813 2687 1659 2520 2890425 256879
814 2690 1658 2520 2893784 257096
815 2693 1657 2520 2896841 257328
816 2694 1657 2520 2899906 257581
817 2695 1657 2520 2902925 257822
818 2696 1655 2520 2905911 258017
819 2697 1655 2520 2908726 258121
820 2697 1654 2520 2911375 258336
821 2698 1654 2520 2914033 258559
822 2699 1653 2520 2916602 258774
823 2700 1653 2520 2918966 258981
824 2703 1652 2520 2921196 259186
825 2705 1652 2520 2923447 259295
826 2710 1649 2520 2925725 259527
827 2713 1649 2520 2927935 259731
828 2719 1647 2520 2930257 259893
829 2721 1645 2520 2932680 260103
830 2724 1643 2520 2935053 260409
831 2730 1643 2520 2937568 260650
832 2732 1641 2520 2940038 260846
833 2732 1640 2520 2942438 261058
834 2736 1640 2520 2944870 261277
835 2738 1639 2520 2947346 261502
836 2740 1638 2520 2949750 261768
837 2742 1638 2520 2952083 261896
838 2743 1636 2520 2954367 262132
839 2746 1636 2520 2956745 262259
840 2746 1635 2520 2958942 262391
841 2746 1635 2520 2961192 262612
842 2746 1635 2520 2963404 262763
843 2746 1635 2520 2965450 262950
844 2751 1635 2520 2967331 263134
845 2753 1634 2520 2969124 263221
846 2756 1630 2520 2971055 263438
847 2757 1630 2520 2973051 263615
848 2757 1627 2520 2975010 263805
849 2760 1627 2520 2976960 263875
850 2761 1625 2520 2978894 264080
851 2763 1623 2520 2980871 264315
852 2767 1623 2520 2982856 264509
853 2768 1623 2520 2984850 264681
854 2770 1622 2520 2986678 264844
855 2772 1620 2520 2988643 265018
856 2774 1618 2520 2990433 265184
857 2776 1618 2520 2992346 265334
858 2776 1616 2520 2994252 265601
859 2776 1614 2520 2996208 265737
860 2778 1613 2520 2998061 265915
861 2780 1611 2520 2999783 266013
862 2781 1611 2520 3001494 266231
863 2786 1611 2520 3003197 266395
864 2786 1610 2520 3004939 266554
865 2786 1609 2520 3006538 266805
866 2787 1607 2520 3008196 266976
867 2789 1606 2520 3009809 267215
868 2789 1606 2520 3011380 267289
869 2792 1603 2520 3013042 267538
870 2796 1602 2520 3014667 267742
871 2797 1602 2520 3016279 267915
872 2799 1601 2520 3017998 268061
873 2801 1601 2520 3019555 268109
874 2801 1600 2520 3021177 268294
875 2801 1597 2520 3022696 268472
876 2801 1595 2520 3024347 268604
877 2801 1594 2520 3025903 268735
878 2805 1592 2520 3027362 268823
879 2805 1592 2520 3028795 269023
880 2807 1591 2520 3030256 269158
881 2808 1591 2520 3031494 269290
882 2809 1590 2520 3032783 269409
883 2809 1589 2520 3034118 269528
884 2812 1589 2520 3035309 269690
885 2812 1588 2520 3036554 269709
886 2813 1588 2520 3037790 269885
887 2814 1587 2520 3038924 269972
888 2816 1587 2520 3040134 270081
889 2816 1587 2520 3041270 270163
890 2819 1586 2520 3042471 270275
891 2819 1586 2520 3043580 270445
892 2820 1585 2520 3044732 270589
893 2820 1584 2520 3045892 270699
894 2821 1584 2520 3047134 270906
895 2821 1584 2520 3048273 270996
896 2823 1583 2520 3049398 271061
897 2826 1583 2520 3050475 271097
898 2828 1583 2520 3051546 271208
899 2830 1583 2520 3052654 271296
900 2830 1583 2520 3053777 271459
901 2830 1583 2520 3054838 271696
902 2830 1582 2520 3055809 271802
903 2831 1582 2520 3056776 271914
904 2832 1582 2520 3057726 272051
905 2832 1582 2520 3058740 272126
906 2834 1581 2520 3059687 272212
907 2835 1581 2520 3060683 272292
908 2835 1580 2520 3061615 272395
909 2836 1579 2520 3062492 272534
910 2836 1579 2520 3063454 272612
911 2837 1579 2520 3064272 272729
912 2837 1579 2520 3065127 272867
913 2838 1579 2520 3065961 272914
914 2840 1579 2520 3066820 273012
915 2841 1578 2520 3067675 273081
916 2842 1576 2520 3068534 273198
917 2843 1575 2520 3069348 273300
918 2843 1575 2520 3070311 273398
919 2843 1575 2520 3071116 273472
920 2843 1573 2520 3071872 273530
921 2843 1572 2520 3072651 273571
922 2844 1572 2520 3073410 273697
923 2846 1572 2520 3074104 273722
924 2847 1572 2520 3074819 273744
925 2848 1570 2520 3075512 273857
926 2848 1570 2520 3076293 273926
927 2848 1570 2520 3077045 273981
928 2848 1569 2520 3077780 274078
929 2848 1568 2520 3078432 274121
930 2850 1568 2520 3079123 274191
931 2850 1565 2520 3079739 274242
932 2850 1565 2520 3080473 274314
933 2850 1565 2520 3081045 274445
934 2850 1564 2520 3081630 274526
935 2850 1563 2520 3082131 274588
936 2850 1562 2520 3082703 274637
937 2852 1562 2520 3083243 274785
938 2854 1561 2520 3083737 274857
939 2854 1561 2520 3084347 274954
940 2854 1560 2520 3084899 274972
941 2854 1560 2520 3085406 274984
942 2855 1560 2520 3085938 275034
943 2856 1558 2520 3086534 275090
944 2856 1558 2520 3087051 275160
945 2858 1558 2520 3087652 275260
946 2858 1558 2520 3088132 275315
947 2859 1558 2520 3088581 275386
948 2860 1558 2520 3089085 275426
949 2862 1557 2520 3089581 275473
950 2863 1557 2520 3090042 275533
951 2863 1556 2520 3090614 275567
952 2863 1555 2520 3091184 275704
953 2863 1555 2520 3091694 275737
954 2863 1554 2520 3092201 275806
955 2863 1554 2520 3092736 275812
956 2863 1554 2520 3093195 275874
957 2863 1553 2520 3093656 275895
958 2863 1553 2520 3094032 275929
959 2863 1553 2520 3094420 275960
960 2863 1553 2520 3094758 275994
961 2863 1553 2520 3095091 276068
962 2864 1553 2520 3095382 276089
963 2864 1553 2520 3095720 276149
964 2864 1553 2520 3096051 276179
965 2864 1553 2520 3096325 276211
966 2865 1553 2520 3096587 276214
967 2865 1553 2520 3096804 276212
968 2865 1553 2520 3097093 276300
969 2865 1553 2520 3097310 276375
970 2865 1553 2520 3097498 276386
971 2865 1552 2520 3097730 276372
972 2865 1552 2520 3098029 276448
973 2866 1552 2520 3098256 276472
974 2866 1552 2520 3098469 276490
975 2866 1552 2520 3098724 276507
976 2866 1552 2520 3098928 276516
977 2866 1552 2520 3099074 276520
978 2866 1551 2520 3099269 276555
979 2866 1551 2520 3099539 276550
980 2866 1551 2520 3099765 276569
981 2866 1551 2520 3099978 276598
982 2866 1551 2520 3100134 276604
983 2866 1551 2520 3100314 276648
984 2866 1551 2520 3100506 276620
985 2866 1551 2520 3100701 276612
986 2866 1551 2520 3100907 276653
987 2866 1551 2520 3101046 276631
988 2867 1551 2520 3101216 276668
989 2868 1550 2520 3101394 276683
990 2868 1550 2520 3101621 276723
991 2868 1550 2520 3101835 276807
992 2868 1549 2520 3101982 276815
993 2868 1549 2520 3102122 276863
994 2868 1549 2520 3102281 276887
995 2868 1549 2520 3102434 276952
996 2868 1549 2520 3102598 276982
997 2868 1548 2520 3102826 277047
998 2868 1548 2520 3102967 277001
999 2868 1548 2520 3103109 277067
1000 2868 1548 2520 3103275 277091
