0 1 2519 2520 795 499
1 1 2519 2520 843 529
2 1 2519 2520 923 575
3 1 2519 2520 1002 615
4 1 2519 2520 1107 669
5 1 2519 2520 1168 699
6 1 2519 2520 1213 708
7 1 2519 2520 1261 718
8 1 2519 2520 1296 725
9 1 2519 2520 1330 742
10 1 2519 2520 1368 757
11 1 2519 2520 1396 766
12 1 2519 2520 1414 772
13 1 2519 2520 1419 766
14 1 2519 2520 1437 766
15 1 2519 2520 1451 769
16 1 2519 2520 1458 771
17 1 2519 2520 1454 762
18 1 2519 2520 1466 770
19 1 2519 2520 1478 766
20 1 2519 2520 1482 768
21 1 2519 2520 1493 771
22 1 2519 2520 1498 779
23 2 2519 2520 1503 780
24 2 2519 2520 1515 781
25 2 2519 2520 1637 838
26 2 2519 2520 1767 884
27 2 2519 2520 1921 935
28 2 2519 2520 2040 983
29 2 2519 2520 2168 1026
30 2 2519 2520 2274 1060
31 2 2519 2520 2372 1086
32 2 2519 2520 2445 1102
33 2 2519 2520 2508 1113
34 2 2519 2520 2581 1125
35 2 2519 2520 2634 1138
36 2 2519 2520 2693 1153
37 2 2519 2520 2739 1161
38 3 2519 2520 2770 1165
39 3 2519 2520 2821 1186
40 3 2519 2520 2949 1235
41 3 2519 2520 3080 1266
42 3 2519 2520 3224 1327
43 4 2519 2520 3387 1369
44 4 2519 2520 3541 1421
45 4 2519 2520 3770 1490
46 4 2519 2520 4012 1556
47 4 2519 2520 4210 1607
48 4 2519 2520 4413 1644
49 4 2519 2520 4595 1684
50 4 2519 2520 4751 1729
51 4 2519 2520 4893 1773
52 4 2519 2520 5005 1799
53 4 2519 2520 5104 1826
54 4 2519 2520 5205 1854
55 4 2519 2520 5294 1867
56 4 2519 2520 5368 1911
57 4 2519 2520 5415 1923
58 5 2519 2520 5488 1922
59 6 2519 2520 5563 1950
60 6 2519 2520 5696 1987
61 6 2519 2520 5947 2079
62 6 2519 2520 6212 2158
63 6 2519 2520 6474 2241
64 6 2519 2520 6715 2299
65 6 2519 2520 6914 2344
66 7 2519 2520 7138 2384
67 7 2519 2520 7322 2393
68 8 2519 2520 7562 2442
69 8 2519 2520 7824 2486
70 8 2519 2520 8172 2576
71 8 2519 2520 8487 2661
72 8 2519 2520 8772 2708
73 8 2517 2520 9033 2764
74 8 2517 2520 9376 2823
75 8 2517 2520 9632 2872
76 8 2517 2520 9887 2895
77 9 2517 2520 10087 2910
78 9 2517 2520 10297 2953
79 10 2517 2520 10510 2992
80 10 2517 2520 10758 3032
81 11 2517 2520 11016 3061
82 11 2517 2520 11284 3114
83 11 2517 2520 11635 3202
84 12 2517 2520 11973 3301
85 12 2517 2520 12328 3354
86 12 2517 2520 12715 3452
87 13 2517 2520 13067 3540
88 14 2517 2520 13406 3605
89 15 2517 2520 13762 3660
90 15 2517 2520 14198 3754
91 15 2517 2520 14676 3880
92 16 2517 2520 15143 3964
93 16 2517 2520 15604 4018
94 16 2516 2520 16088 4102
95 16 2516 2520 16562 4204
96 16 2516 2520 17055 4280
97 16 2516 2520 17544 4327
98 17 2516 2520 17933 4387
99 17 2515 2520 18303 4410
100 17 2515 2520 18665 4500
101 19 2515 2520 19042 4575
102 21 2515 2520 19428 4628
103 21 2515 2520 20000 4733
104 22 2515 2520 20543 4855
105 23 2515 2520 21153 4985
106 23 2515 2520 21846 5153
107 23 2515 2520 22472 5277
108 24 2515 2520 23169 5357
109 24 2515 2520 23853 5464
110 25 2515 2520 24498 5541
111 27 2515 2520 25134 5659
112 27 2515 2520 25760 5762
113 28 2515 2520 26555 5917
114 28 2515 2520 27256 6045
115 28 2514 2520 27933 6141
116 29 2514 2520 28610 6256
117 29 2514 2520 29291 6356
118 29 2514 2520 29971 6465
119 29 2514 2520 30633 6554
120 30 2514 2520 31203 6630
121 31 2513 2520 31812 6719
122 31 2513 2520 32483 6851
123 32 2513 2520 33173 6963
124 33 2513 2520 33800 7086
125 33 2513 2520 34416 7203
126 34 2513 2520 35098 7304
127 37 2513 2520 35800 7420
128 37 2513 2520 36569 7592
129 38 2513 2520 37386 7756
130 38 2513 2520 38180 7907
131 38 2513 2520 39002 8085
132 40 2513 2520 39796 8219
133 40 2512 2520 40527 8319
134 42 2512 2520 41355 8489
135 42 2512 2520 42176 8607
136 43 2512 2520 43055 8722
137 45 2511 2520 43868 8781
138 47 2511 2520 44753 8908
139 47 2511 2520 45764 9128
140 47 2510 2520 46793 9315
141 47 2510 2520 47780 9495
142 48 2510 2520 48815 9609
143 49 2510 2520 49731 9731
144 49 2510 2520 50666 9867
145 49 2510 2520 51621 10003
146 50 2510 2520 52480 10175
147 50 2508 2520 53271 10282
148 51 2508 2520 54113 10425
149 53 2508 2520 54930 10548
150 55 2508 2520 55823 10680
151 56 2507 2520 56759 10839
152 56 2507 2520 57651 10968
153 56 2507 2520 58527 11119
154 61 2507 2520 59412 11249
155 61 2507 2520 60267 11419
156 61 2507 2520 61371 11617
157 64 2507 2520 62429 11778
158 64 2507 2520 63464 11963
159 64 2507 2520 64538 12150
160 65 2507 2520 65614 12284
161 66 2506 2520 66750 12500
162 69 2506 2520 67905 12612
163 70 2506 2520 69034 12805
164 70 2506 2520 70312 12981
165 70 2506 2520 71518 13163
166 71 2506 2520 72702 13401
167 71 2506 2520 73869 13547
168 72 2506 2520 75033 13757
169 72 2506 2520 76216 13937
170 74 2506 2520 77344 14065
171 76 2506 2520 78469 14238
172 78 2506 2520 79662 14467
173 80 2505 2520 80823 14623
174 80 2505 2520 82075 14796
175 81 2504 2520 83305 14997
176 82 2503 2520 84595 15183
177 84 2503 2520 85855 15372
178 86 2503 2520 87175 15549
179 89 2502 2520 88527 15756
180 89 2501 2520 89978 15920
181 90 2501 2520 91417 16156
182 91 2501 2520 92823 16296
183 93 2501 2520 94258 16422
184 95 2501 2520 95638 16601
185 96 2500 2520 97092 16781
186 96 2500 2520 98557 17026
187 96 2500 2520 100008 17284
188 96 2499 2520 101376 17487
189 98 2499 2520 102629 17644
190 99 2499 2520 103908 17765
191 101 2498 2520 105217 17969
192 103 2497 2520 106524 18157
193 106 2497 2520 107958 18368
194 109 2497 2520 109359 18519
195 109 2496 2520 110983 18758
196 110 2495 2520 112466 19024
197 110 2494 2520 114035 19242
198 112 2492 2520 115571 19420
199 112 2491 2520 117120 19650
200 113 2490 2520 118670 19880
201 116 2489 2520 120224 20050
202 116 2488 2520 121744 20162
203 121 2488 2520 123315 20350
204 121 2486 2520 124886 20473
205 121 2486 2520 126567 20685
206 124 2485 2520 128169 20845
207 124 2485 2520 129764 21018
208 124 2485 2520 131334 21216
209 126 2485 2520 132843 21337
210 130 2485 2520 134330 21426
211 132 2485 2520 135818 21669
212 135 2485 2520 137458 21881
213 138 2485 2520 139201 22150
214 138 2484 2520 140967 22369
215 139 2483 2520 142752 22579
216 141 2480 2520 144465 22735
217 142 2480 2520 146335 22943
218 144 2480 2520 148139 23148
219 145 2479 2520 149909 23373
220 146 2478 2520 151677 23615
221 147 2478 2520 153356 23792
222 150 2478 2520 155099 24028
223 152 2478 2520 156817 24160
224 154 2478 2520 158697 24379
225 154 2478 2520 160625 24685
226 155 2478 2520 162533 24924
227 156 2477 2520 164254 25097
228 156 2476 2520 166009 25320
229 158 2475 2520 167661 25544
230 161 2475 2520 169342 25604
231 161 2475 2520 171005 25804
232 162 2474 2520 172714 25957
233 164 2474 2520 174409 26154
234 166 2474 2520 176029 26295
235 167 2474 2520 177644 26476
236 172 2472 2520 179290 26618
237 176 2472 2520 181056 26780
238 178 2472 2520 182872 26989
239 182 2472 2520 184753 27301
240 183 2471 2520 186713 27570
241 184 2470 2520 188715 27838
242 187 2470 2520 190922 28117
243 189 2470 2520 193050 28401
244 190 2469 2520 195268 28711
245 190 2469 2520 197494 29077
246 192 2469 2520 199711 29377
247 196 2468 2520 201908 29734
248 198 2468 2520 204128 29951
249 199 2468 2520 206324 30254
250 200 2468 2520 208517 30465
251 202 2468 2520 210645 30664
252 202 2468 2520 212697 30868
253 203 2467 2520 214744 31096
254 204 2467 2520 216822 31382
255 205 2465 2520 218743 31562
256 207 2465 2520 220644 31750
257 208 2465 2520 222557 32014
258 210 2465 2520 224499 32206
259 213 2465 2520 226399 32396
260 216 2465 2520 228327 32613
261 223 2464 2520 230301 32789
262 223 2463 2520 232404 33130
263 226 2463 2520 234661 33400
264 229 2463 2520 236983 33707
265 231 2463 2520 239332 34044
266 235 2462 2520 241632 34376
267 236 2461 2520 244109 34764
268 237 2460 2520 246667 35160
269 240 2460 2520 249199 35454
270 242 2460 2520 251691 35806
271 243 2460 2520 254099 36082
272 244 2458 2520 256496 36281
273 245 2458 2520 258775 36506
274 246 2458 2520 261044 36790
275 249 2458 2520 263182 36979
276 253 2456 2520 265268 37198
277 254 2456 2520 267473 37428
278 257 2455 2520 269768 37658
279 258 2455 2520 271972 37933
280 259 2455 2520 274192 38115
281 260 2454 2520 276465 38426
282 262 2454 2520 278709 38669
283 264 2454 2520 280934 38929
284 266 2454 2520 283195 39126
285 269 2452 2520 285409 39433
286 271 2451 2520 287747 39787
287 272 2451 2520 289986 40033
288 277 2448 2520 292306 40276
289 279 2448 2520 294710 40635
290 281 2448 2520 297282 40950
291 287 2447 2520 299845 41141
292 290 2446 2520 302416 41466
293 292 2446 2520 305180 41775
294 295 2446 2520 307916 42109
295 300 2445 2520 310626 42453
296 301 2445 2520 313426 42745
297 303 2444 2520 316271 42953
298 305 2443 2520 318981 43219
299 305 2442 2520 321730 43550
300 307 2442 2520 324436 43878
301 312 2441 2520 327103 44091
302 316 2439 2520 329812 44386
303 317 2437 2520 332455 44769
304 318 2435 2520 335313 45107
305 323 2435 2520 338028 45393
306 324 2435 2520 340769 45635
307 327 2433 2520 343424 45950
308 328 2433 2520 346280 46195
309 335 2433 2520 349044 46450
310 335 2430 2520 351810 46716
311 336 2429 2520 354912 47093
312 341 2428 2520 357738 47335
313 345 2426 2520 360620 47621
314 347 2423 2520 363717 47969
315 351 2419 2520 366738 48309
316 354 2417 2520 369889 48603
317 355 2417 2520 373115 49000
318 355 2417 2520 376243 49359
319 360 2417 2520 379309 49624
320 364 2415 2520 382280 49905
321 366 2413 2520 385310 50235
322 367 2413 2520 388187 50463
323 370 2412 2520 391101 50713
324 375 2411 2520 394099 51002
325 376 2411 2520 397053 51292
326 377 2410 2520 400029 51566
327 384 2410 2520 402965 51895
328 386 2408 2520 405745 52146
329 389 2406 2520 408736 52469
330 392 2405 2520 411620 52757
331 395 2405 2520 414729 53044
332 399 2405 2520 417801 53464
333 402 2405 2520 420918 53784
334 405 2405 2520 423949 54035
335 410 2405 2520 427045 54401
336 412 2403 2520 430284 54759
337 413 2401 2520 433548 55161
338 415 2401 2520 436910 55515
339 418 2401 2520 440030 55805
340 419 2400 2520 443182 56097
341 422 2398 2520 446285 56376
342 424 2397 2520 449405 56631
343 424 2397 2520 452501 56949
344 425 2396 2520 455481 57209
345 430 2396 2520 458464 57533
346 432 2396 2520 461381 57766
347 435 2396 2520 464338 58036
348 437 2395 2520 467350 58334
349 442 2395 2520 470315 58715
350 445 2393 2520 473325 58979
351 449 2392 2520 476304 59365
352 450 2392 2520 479495 59722
353 452 2392 2520 482558 60106
354 457 2391 2520 485692 60412
355 463 2391 2520 488866 60745
356 467 2389 2520 491949 61076
357 470 2389 2520 495246 61412
358 479 2388 2520 498509 61731
359 482 2386 2520 501943 62132
360 483 2385 2520 505527 62462
361 485 2384 2520 509235 62872
362 486 2384 2520 512682 63147
363 491 2381 2520 516194 63521
364 494 2378 2520 519657 63879
365 497 2377 2520 523221 64285
366 502 2377 2520 526601 64561
367 505 2374 2520 530197 64940
368 507 2373 2520 533807 65218
369 512 2372 2520 537580 65533
370 513 2371 2520 541185 65960
371 517 2369 2520 544807 66314
372 519 2363 2520 548459 66687
373 520 2362 2520 552280 66999
374 521 2362 2520 555905 67373
375 525 2362 2520 559337 67607
376 528 2361 2520 562737 67996
377 530 2358 2520 566149 68289
378 538 2356 2520 569563 68695
379 544 2354 2520 573166 69032
380 546 2352 2520 576868 69550
381 551 2351 2520 580654 69869
382 554 2349 2520 584445 70257
383 554 2349 2520 588190 70602
384 562 2348 2520 591894 71008
385 563 2346 2520 595745 71401
386 570 2346 2520 599787 71818
387 572 2345 2520 603687 72247
388 576 2343 2520 607647 72691
389 577 2343 2520 611591 73033
390 581 2343 2520 615317 73395
391 582 2342 2520 619203 73739
392 589 2341 2520 622878 74128
393 593 2340 2520 626580 74484
394 596 2339 2520 630163 74874
395 601 2337 2520 633901 75230
396 603 2336 2520 637744 75711
397 604 2335 2520 641628 76051
398 608 2335 2520 645445 76522
399 610 2334 2520 649214 76914
400 614 2332 2520 653046 77212
401 619 2332 2520 656700 77572
402 624 2330 2520 660581 78001
403 630 2330 2520 664483 78369
404 636 2330 2520 668403 78670
405 640 2325 2520 672555 79126
406 643 2323 2520 676807 79574
407 644 2321 2520 681082 79872
408 647 2318 2520 685332 80268
409 652 2317 2520 689529 80655
410 653 2317 2520 693658 81114
411 657 2315 2520 697710 81495
412 658 2315 2520 701796 81823
413 661 2314 2520 705769 82098
414 665 2313 2520 709785 82363
415 668 2311 2520 713690 82695
416 677 2311 2520 717688 82952
417 678 2310 2520 721901 83358
418 681 2309 2520 725910 83885
419 689 2308 2520 729895 84187
420 692 2307 2520 733988 84636
421 693 2306 2520 738199 85096
422 695 2304 2520 742257 85471
423 699 2303 2520 746277 85787
424 701 2300 2520 750333 86116
425 704 2299 2520 754418 86425
426 708 2299 2520 758414 86818
427 713 2298 2520 762401 87180
428 718 2295 2520 766497 87463
429 721 2294 2520 770578 87833
430 724 2293 2520 774493 88249
431 730 2291 2520 778483 88513
432 734 2291 2520 782542 88939
433 738 2289 2520 786585 89321
434 741 2288 2520 790816 89669
435 747 2287 2520 795165 90044
436 752 2287 2520 799436 90444
437 760 2287 2520 803911 90927
438 762 2286 2520 808316 91373
439 766 2283 2520 812722 91809
440 769 2282 2520 817183 92324
441 774 2280 2520 821773 92716
442 777 2278 2520 826283 93146
443 781 2278 2520 830863 93676
444 786 2275 2520 835514 94092
445 791 2274 2520 840039 94469
446 793 2271 2520 844549 94847
447 795 2271 2520 849172 95296
448 800 2270 2520 853593 95673
449 806 2270 2520 858028 96158
450 810 2268 2520 862501 96551
451 815 2267 2520 866998 96911
452 817 2267 2520 871375 97292
453 820 2266 2520 875718 97659
454 823 2263 2520 880015 98056
455 827 2262 2520 884231 98455
456 830 2259 2520 888367 98691
457 837 2258 2520 892496 99125
458 846 2258 2520 896635 99473
459 852 2256 2520 900909 99959
460 858 2256 2520 905316 100431
461 863 2255 2520 909980 100935
462 870 2253 2520 914774 101392
463 873 2252 2520 919564 101785
464 875 2250 2520 924570 102369
465 881 2249 2520 929490 102949
466 885 2248 2520 934599 103418
467 886 2246 2520 939558 103820
468 887 2244 2520 944572 104475
469 891 2240 2520 949369 104828
470 895 2239 2520 954429 105260
471 896 2239 2520 959225 105668
472 897 2238 2520 964021 106118
473 901 2237 2520 968608 106463
474 909 2237 2520 973122 106856
475 913 2235 2520 977687 107230
476 918 2234 2520 982265 107580
477 920 2233 2520 986809 108049
478 922 2231 2520 991456 108461
479 930 2229 2520 996132 108873
480 936 2227 2520 1000733 109374
481 941 2226 2520 1005656 109801
482 947 2225 2520 1010520 110218
483 955 2224 2520 1015454 110632
484 963 2220 2520 1020471 111170
485 964 2220 2520 1025646 111701
486 967 2218 2520 1030969 112235
487 971 2217 2520 1036011 112676
488 971 2215 2520 1041174 113113
489 975 2214 2520 1046321 113578
490 980 2214 2520 1051239 113924
491 984 2209 2520 1055963 114289
492 989 2207 2520 1060839 114710
493 995 2206 2520 1065837 115026
494 1000 2205 2520 1070715 115423
495 1004 2203 2520 1075451 115749
496 1009 2202 2520 1080177 116206
497 1013 2201 2520 1085142 116580
498 1020 2200 2520 1090009 116950
499 1025 2196 2520 1094841 117371
500 1032 2193 2520 1099900 117796
501 1037 2191 2520 1105052 118241
502 1042 2190 2520 1110418 118724
503 1046 2188 2520 1115623 119068
504 1053 2187 2520 1121046 119461
505 1057 2186 2520 1126342 120010
506 1061 2185 2520 1131845 120572
507 1072 2182 2520 1137247 120971
508 1074 2181 2520 1142894 121455
509 1078 2181 2520 1148378 121926
510 1081 2179 2520 1153848 122344
511 1084 2178 2520 1159310 122742
512 1088 2176 2520 1164591 123163
513 1093 2173 2520 1169811 123637
514 1099 2172 2520 1175184 124106
515 1101 2171 2520 1180544 124615
516 1104 2169 2520 1185785 125039
517 1112 2168 2520 1191020 125358
518 1118 2166 2520 1196283 125734
519 1125 2165 2520 1201533 126245
520 1130 2163 2520 1206770 126675
521 1132 2161 2520 1212004 127281
522 1137 2161 2520 1217098 127785
523 1143 2161 2520 1222452 128314
524 1146 2159 2520 1227778 128750
525 1151 2158 2520 1232990 129176
526 1155 2158 2520 1238234 129573
527 1159 2158 2520 1243436 130069
528 1164 2154 2520 1248639 130528
529 1170 2151 2520 1253903 131014
530 1176 2148 2520 1259029 131480
531 1180 2143 2520 1264234 131996
532 1187 2143 2520 1269505 132523
533 1192 2141 2520 1274892 132962
534 1200 2139 2520 1280170 133528
535 1203 2139 2520 1285632 133950
536 1207 2138 2520 1291239 134458
537 1209 2136 2520 1296620 135052
538 1213 2135 2520 1302220 135544
539 1222 2133 2520 1307704 136018
540 1228 2132 2520 1313140 136476
541 1236 2131 2520 1318715 136961
542 1246 2130 2520 1324433 137426
543 1249 2127 2520 1330200 137981
544 1251 2124 2520 1336121 138653
545 1259 2121 2520 1342151 139050
546 1264 2121 2520 1347992 139695
547 1267 2118 2520 1353742 140306
548 1273 2116 2520 1359377 140856
549 1278 2113 2520 1365170 141328
550 1285 2113 2520 1371021 141809
551 1290 2113 2520 1376856 142257
552 1298 2108 2520 1382728 142868
553 1301 2107 2520 1388618 143341
554 1306 2106 2520 1394430 143758
555 1311 2106 2520 1400455 144221
556 1313 2104 2520 1406253 144709
557 1318 2101 2520 1412138 145252
558 1324 2101 2520 1417931 145718
559 1330 2100 2520 1423643 146110
560 1336 2099 2520 1429405 146681
561 1342 2098 2520 1435354 147151
562 1348 2095 2520 1441102 147553
563 1356 2092 2520 1446854 148079
564 1360 2088 2520 1453039 148582
565 1367 2086 2520 1459089 149013
566 1370 2081 2520 1465116 149453
567 1376 2079 2520 1471167 149994
568 1380 2078 2520 1477264 150396
569 1390 2077 2520 1483044 150921
570 1394 2076 2520 1489098 151479
571 1399 2076 2520 1495241 151970
572 1402 2073 2520 1501388 152402
573 1407 2072 2520 1507471 152820
574 1410 2072 2520 1513493 153232
575 1415 2070 2520 1519303 153800
576 1420 2067 2520 1525120 154299
577 1424 2066 2520 1530965 154818
578 1433 2065 2520 1536784 155282
579 1444 2063 2520 1542655 155695
580 1448 2061 2520 1548654 156301
581 1452 2057 2520 1554860 156998
582 1457 2056 2520 1561260 157501
583 1465 2054 2520 1567518 157994
584 1472 2053 2520 1573875 158525
585 1477 2050 2520 1580306 159114
586 1484 2048 2520 1586765 159764
587 1495 2045 2520 1593209 160378
588 1500 2044 2520 1599803 160816
589 1505 2044 2520 1606540 161499
590 1512 2041 2520 1613223 162143
591 1520 2040 2520 1619942 162776
592 1522 2038 2520 1626653 163363
593 1527 2035 2520 1633196 164059
594 1534 2034 2520 1639720 164395
595 1540 2033 2520 1646196 165013
596 1548 2028 2520 1652874 165669
597 1555 2028 2520 1659406 166184
598 1555 2025 2520 1666159 166838
599 1564 2022 2520 1672683 167392
600 1572 2021 2520 1679306 167937
601 1573 2018 2520 1686036 168486
602 1579 2016 2520 1692690 168970
603 1584 2015 2520 1699314 169506
604 1589 2013 2520 1705773 169878
605 1596 2012 2520 1712004 170287
606 1602 2011 2520 1718488 170754
607 1610 2009 2520 1725134 171315
608 1619 2009 2520 1731487 171760
609 1622 2007 2520 1738125 172370
610 1631 2004 2520 1744812 172824
611 1634 2004 2520 1751329 173411
612 1639 2002 2520 1757718 173921
613 1643 2000 2520 1764131 174422
614 1651 1998 2520 1770498 175104
615 1662 1997 2520 1777098 175652
616 1665 1995 2520 1783849 176335
617 1670 1992 2520 1790594 176870
618 1672 1989 2520 1797263 177298
619 1680 1989 2520 1803908 177917
620 1688 1989 2520 1810333 178320
621 1691 1985 2520 1816922 178834
622 1697 1983 2520 1823515 179333
623 1705 1982 2520 1829789 179789
624 1711 1980 2520 1836138 180248
625 1715 1980 2520 1842673 180793
626 1716 1977 2520 1849056 181371
627 1720 1975 2520 1855310 181794
628 1731 1972 2520 1861472 182230
629 1738 1972 2520 1868012 182666
630 1744 1970 2520 1874354 183302
631 1750 1968 2520 1881030 183698
632 1760 1967 2520 1887656 184259
633 1768 1963 2520 1894204 184833
634 1775 1962 2520 1900739 185408
635 1781 1960 2520 1907474 186006
636 1785 1957 2520 1914235 186514
637 1790 1954 2520 1921143 186981
638 1792 1952 2520 1927881 187626
639 1800 1948 2520 1934553 188095
640 1807 1948 2520 1941110 188549
641 1816 1947 2520 1947600 189067
642 1818 1947 2520 1954270 189467
643 1824 1947 2520 1960922 189908
644 1832 1946 2520 1967437 190339
645 1846 1942 2520 1974004 190840
646 1851 1940 2520 1980610 191517
647 1856 1938 2520 1987475 192040
648 1864 1937 2520 1994329 192515
649 1872 1937 2520 2001061 193179
650 1877 1936 2520 2007971 193833
651 1882 1934 2520 2014709 194377
652 1886 1931 2520 2021507 194844
653 1892 1929 2520 2028082 195291
654 1898 1926 2520 2034771 195754
655 1904 1924 2520 2041523 196286
656 1910 1922 2520 2048181 196646
657 1911 1918 2520 2054747 197173
658 1918 1918 2520 2061368 197618
659 1925 1916 2520 2067777 198161
660 1931 1914 2520 2074409 198433
661 1939 1913 2520 2080971 199011
662 1953 1910 2520 2087446 199493
663 1956 1907 2520 2093870 200038
664 1962 1905 2520 2100554 200732
665 1970 1902 2520 2107189 201270
666 1977 1901 2520 2113868 201877
667 1983 1898 2520 2120880 202554
668 1988 1896 2520 2127704 203100
669 1996 1894 2520 2134747 203738
670 2008 1891 2520 2141565 204319
671 2010 1891 2520 2148637 205091
672 2013 1886 2520 2155631 205501
673 2016 1884 2520 2162474 206118
674 2023 1882 2520 2169361 206679
675 2028 1882 2520 2176136 207160
676 2034 1880 2520 2182870 207593
677 2042 1878 2520 2189553 208107
678 2048 1876 2520 2195962 208458
679 2055 1874 2520 2202486 208901
680 2062 1872 2520 2209019 209500
681 2066 1871 2520 2215687 210007
682 2068 1867 2520 2222390 210478
683 2079 1867 2520 2228972 210954
684 2085 1864 2520 2235408 211475
685 2091 1860 2520 2241918 211927
686 2099 1859 2520 2248384 212432
687 2106 1858 2520 2255012 212976
688 2112 1854 2520 2261747 213567
689 2122 1852 2520 2268378 214144
690 2125 1850 2520 2275149 214664
691 2134 1848 2520 2282082 215252
692 2143 1847 2520 2288692 215612
693 2148 1847 2520 2295393 216078
694 2152 1847 2520 2302083 216535
695 2158 1844 2520 2308562 216999
696 2166 1843 2520 2315050 217391
697 2170 1842 2520 2321919 217761
698 2173 1842 2520 2328766 218257
699 2176 1841 2520 2335018 218719
700 2180 1840 2520 2341241 219214
701 2183 1836 2520 2347388 219667
702 2186 1835 2520 2353170 220096
703 2191 1835 2520 2358881 220540
704 2199 1833 2520 2364610 221031
705 2204 1830 2520 2370152 221276
706 2217 1830 2520 2375998 221742
707 2224 1827 2520 2381918 222299
708 2231 1825 2520 2387856 222832
709 2237 1822 2520 2393804 223350
710 2243 1822 2520 2399928 223806
711 2251 1815 2520 2406082 224304
712 2254 1811 2520 2412354 224810
713 2258 1810 2520 2418534 225352
714 2267 1808 2520 2424653 225731
715 2274 1807 2520 2430805 226145
716 2282 1805 2520 2436933 226608
717 2285 1805 2520 2443216 227147
718 2287 1804 2520 2449298 227777
719 2291 1801 2520 2455226 228227
720 2295 1797 2520 2461239 228700
721 2297 1796 2520 2467073 229066
722 2301 1793 2520 2472740 229636
723 2304 1792 2520 2478409 229972
724 2311 1791 2520 2483694 230148
725 2315 1790 2520 2488998 230447
726 2327 1789 2520 2494351 230817
727 2334 1788 2520 2499829 231258
728 2338 1787 2520 2505356 231750
729 2341 1786 2520 2510903 232209
730 2349 1783 2520 2516447 232635
731 2352 1783 2520 2522072 233129
732 2354 1782 2520 2527651 233628
733 2358 1781 2520 2533230 234075
734 2361 1781 2520 2538627 234613
735 2364 1777 2520 2543861 235040
736 2375 1773 2520 2549092 235538
737 2382 1771 2520 2554352 235873
738 2388 1769 2520 2559824 236339
739 2391 1767 2520 2565432 236848
740 2394 1766 2520 2570898 237103
741 2398 1763 2520 2576474 237554
742 2404 1760 2520 2581713 237894
743 2410 1759 2520 2587194 238263
744 2414 1757 2520 2592535 238660
745 2418 1756 2520 2597823 239019
746 2420 1755 2520 2603063 239421
747 2426 1753 2520 2608220 239760
748 2432 1751 2520 2613233 240023
749 2439 1749 2520 2618290 240465
750 2443 1747 2520 2623432 240833
751 2448 1744 2520 2628544 241039
752 2457 1744 2520 2633694 241458
753 2463 1743 2520 2638903 241864
754 2464 1742 2520 2644222 242232
755 2469 1741 2520 2649415 242626
756 2476 1740 2520 2654360 243067
757 2478 1740 2520 2659438 243368
758 2481 1739 2520 2664339 243820
759 2481 1738 2520 2669149 244142
760 2486 1738 2520 2673889 244556
761 2492 1738 2520 2678394 244811
762 2498 1738 2520 2682991 245103
763 2503 1735 2520 2687751 245431
764 2504 1735 2520 2692319 245808
765 2509 1733 2520 2696876 246208
766 2510 1730 2520 2701457 246566
767 2514 1729 2520 2705976 246907
768 2517 1724 2520 2710406 247150
769 2521 1724 2520 2714844 247426
770 2527 1722 2520 2719327 247794
771 2530 1721 2520 2723700 248108
772 2539 1719 2520 2728102 248551
773 2545 1716 2520 2732377 248873
774 2548 1716 2520 2736906 249246
775 2554 1716 2520 2741607 249745
776 2555 1715 2520 2746108 250115
777 2559 1714 2520 2750570 250553
778 2561 1714 2520 2754806 250843
779 2564 1711 2520 2759256 251111
780 2567 1708 2520 2763335 251491
781 2570 1708 2520 2767430 251758
782 2572 1705 2520 2771478 252068
783 2576 1704 2520 2775562 252342
784 2581 1703 2520 2779408 252678
785 2587 1703 2520 2783423 252901
786 2593 1701 2520 2787379 253372
787 2597 1701 2520 2791356 253740
788 2603 1700 2520 2795186 254155
789 2607 1700 2520 2799071 254507
790 2611 1698 2520 2803050 254861
791 2613 1698 2520 2807049 255163
792 2617 1697 2520 2810836 255488
793 2618 1695 2520 2814660 255809
794 2621 1693 2520 2818423 256177
795 2625 1693 2520 2822165 256433
796 2629 1693 2520 2825816 256788
797 2631 1691 2520 2829647 257151
798 2634 1689 2520 2833130 257393
799 2635 1686 2520 2836605 257741
800 2640 1685 2520 2840019 257892
801 2644 1685 2520 2843539 258214
802 2649 1685 2520 2847040 258393
803 2651 1684 2520 2850337 258649
804 2654 1684 2520 2853768 258984
805 2656 1683 2520 2857169 259220
806 2661 1682 2520 2860565 259501
807 2662 1678 2520 2863925 259804
808 2666 1675 2520 2867237 260100
809 2667 1674 2520 2870511 260321
810 2671 1672 2520 2873705 260653
811 2674 1671 2520 2876806 260915
812 2678 1668 2520 2879895 261178
813 2681 1667 2520 2882872 261465
814 2684 1665 2520 2886092 261749
815 2686 1664 2520 2889282 262014
816 2691 1660 2520 2892323 262276
817 2695 1660 2520 2895421 262485
818 2696 1659 2520 2898509 262784
819 2697 1658 2520 2901601 263129
820 2698 1658 2520 2904634 263488
821 2701 1656 2520 2907547 263681
822 2705 1655 2520 2910321 263789
823 2707 1654 2520 2913113 264058
824 2708 1651 2520 2915871 264259
825 2711 1650 2520 2918572 264471
826 2713 1650 2520 2921272 264717
827 2714 1648 2520 2923969 264952
828 2715 1646 2520 2926576 265193
829 2719 1646 2520 2929125 265411
830 2723 1646 2520 2931626 265572
831 2726 1646 2520 2934274 265719
832 2730 1644 2520 2936910 265911
833 2731 1643 2520 2939521 266215
834 2731 1643 2520 2942136 266425
835 2732 1642 2520 2944630 266567
836 2732 1641 2520 2947018 266706
837 2733 1640 2520 2949386 266886
838 2734 1638 2520 2951651 267110
839 2737 1637 2520 2953813 267272
840 2740 1637 2520 2955903 267386
841 2741 1637 2520 2957997 267556
842 2742 1636 2520 2960227 267766
843 2744 1635 2520 2962336 268017
844 2744 1635 2520 2964210 268227
845 2749 1632 2520 2966083 268381
846 2749 1632 2520 2967959 268532
847 2751 1631 2520 2969893 268738
848 2754 1630 2520 2971792 268912
849 2759 1630 2520 2973687 269060
850 2760 1628 2520 2975729 269334
851 2768 1627 2520 2977856 269553
852 2769 1627 2520 2979859 269725
853 2771 1626 2520 2981954 269984
854 2772 1625 2520 2984095 270240
855 2774 1624 2520 2986319 270378
856 2774 1621 2520 2988456 270677
857 2775 1621 2520 2990552 270931
858 2775 1621 2520 2992600 271086
859 2775 1621 2520 2994504 271222
860 2776 1619 2520 2996340 271385
861 2777 1617 2520 2998167 271582
862 2779 1617 2520 2999984 271797
863 2780 1617 2520 3001717 271996
864 2781 1614 2520 3003204 272187
865 2783 1614 2520 3004922 272321
866 2785 1609 2520 3006429 272436
867 2786 1608 2520 3008128 272551
868 2787 1607 2520 3009737 272687
869 2788 1606 2520 3011332 272846
870 2794 1606 2520 3012945 272966
871 2795 1606 2520 3014441 273089
872 2795 1606 2520 3016009 273207
873 2797 1606 2520 3017800 273414
874 2798 1606 2520 3019426 273628
875 2799 1606 2520 3021089 273812
876 2800 1606 2520 3022679 273914
877 2803 1606 2520 3024169 274111
878 2805 1605 2520 3025720 274184
879 2807 1605 2520 3027217 274388
880 2807 1603 2520 3028684 274528
881 2807 1603 2520 3030113 274641
882 2810 1602 2520 3031626 274816
883 2811 1602 2520 3032933 274913
884 2812 1600 2520 3034334 275062
885 2813 1600 2520 3035617 275164
886 2813 1600 2520 3037047 275323
887 2813 1599 2520 3038352 275446
888 2814 1599 2520 3039670 275630
889 2814 1599 2520 3040843 275778
890 2815 1599 2520 3042019 275838
891 2819 1596 2520 3043124 275935
892 2819 1594 2520 3044294 276050
893 2823 1593 2520 3045421 276166
894 2825 1593 2520 3046564 276346
895 2826 1591 2520 3047895 276509
896 2827 1590 2520 3049256 276663
897 2829 1590 2520 3050603 276802
898 2831 1588 2520 3051826 276984
899 2831 1587 2520 3053042 277179
900 2831 1584 2520 3054425 277267
901 2831 1584 2520 3055777 277456
902 2832 1583 2520 3056971 277552
903 2832 1581 2520 3058130 277637
904 2832 1581 2520 3059283 277739
905 2833 1581 2520 3060454 277824
906 2834 1579 2520 3061535 277914
907 2836 1579 2520 3062562 278029
908 2836 1578 2520 3063600 278199
909 2838 1576 2520 3064564 278325
910 2838 1575 2520 3065464 278369
911 2839 1574 2520 3066407 278481
912 2842 1573 2520 3067389 278603
913 2842 1572 2520 3068424 278768
914 2842 1572 2520 3069431 278812
915 2843 1572 2520 3070304 278846
916 2843 1570 2520 3071149 278965
917 2843 1568 2520 3072068 279062
918 2843 1567 2520 3072923 279155
919 2845 1567 2520 3073756 279190
920 2847 1566 2520 3074530 279280
921 2849 1566 2520 3075278 279384
922 2849 1566 2520 3076106 279464
923 2850 1566 2520 3076935 279552
924 2852 1566 2520 3077632 279620
925 2853 1566 2520 3078353 279653
926 2854 1566 2520 3079062 279764
927 2854 1564 2520 3079783 279870
928 2854 1564 2520 3080612 280014
929 2854 1563 2520 3081324 280089
930 2854 1561 2520 3081973 280163
931 2855 1561 2520 3082624 280177
932 2856 1561 2520 3083270 280221
933 2857 1559 2520 3083920 280354
934 2857 1558 2520 3084574 280440
935 2857 1558 2520 3085239 280483
936 2857 1558 2520 3085853 280540
937 2857 1557 2520 3086403 280607
938 2857 1557 2520 3086893 280637
939 2857 1557 2520 3087427 280645
940 2859 1556 2520 3087882 280725
941 2860 1556 2520 3088354 280770
942 2860 1556 2520 3088829 280751
943 2860 1556 2520 3089308 280808
944 2861 1555 2520 3089760 280868
945 2861 1554 2520 3090251 280913
946 2861 1554 2520 3090758 281013
947 2861 1554 2520 3091193 281058
948 2861 1554 2520 3091614 281078
949 2862 1554 2520 3092065 281154
950 2862 1554 2520 3092482 281207
951 2862 1554 2520 3092804 281204
952 2865 1554 2520 3093204 281223
953 2865 1553 2520 3093545 281291
954 2865 1553 2520 3093994 281360
955 2865 1553 2520 3094390 281427
956 2865 1553 2520 3094742 281473
957 2865 1552 2520 3095101 281486
958 2866 1552 2520 3095450 281551
959 2866 1551 2520 3095782 281574
960 2867 1551 2520 3096160 281642
961 2867 1551 2520 3096504 281701
962 2868 1551 2520 3096778 281754
963 2868 1550 2520 3097059 281780
964 2868 1550 2520 3097329 281809
965 2868 1550 2520 3097572 281833
966 2868 1550 2520 3097912 281839
967 2868 1550 2520 3098134 281828
968 2869 1550 2520 3098356 281859
969 2869 1550 2520 3098570 281892
970 2869 1550 2520 3098808 281948
971 2870 1550 2520 3099013 281943
972 2870 1550 2520 3099228 281964
973 2870 1550 2520 3099490 282002
974 2871 1549 2520 3099746 282043
975 2871 1549 2520 3099957 282072
976 2871 1547 2520 3100182 282052
977 2871 1547 2520 3100430 282083
978 2872 1547 2520 3100670 282101
979 2872 1546 2520 3100884 282088
980 2872 1546 2520 3101072 282055
981 2872 1546 2520 3101344 282130
982 2873 1546 2520 3101513 282124
983 2873 1546 2520 3101731 282170
984 2873 1546 2520 3101943 282173
985 2873 1546 2520 3102089 282190
986 2873 1546 2520 3102235 282267
987 2873 1546 2520 3102354 282279
988 2874 1546 2520 3102539 282296
989 2874 1546 2520 3102644 282312
990 2874 1546 2520 3102826 282347
991 2874 1546 2520 3102993 282405
992 2874 1546 2520 3103156 282379
993 2874 1546 2520 3103389 282465
994 2874 1546 2520 3103501 282479
995 2874 1546 2520 3103619 282494
996 2874 1546 2520 3103758 282522
997 2874 1546 2520 3103907 282556
998 2874 1545 2520 3103952 282525
999 2874 1545 2520 3104031 282551
1000 2874 1545 2520 3104193 282577
