0 1 2519 2520 796 500
1 1 2519 2520 846 535
2 1 2519 2520 892 566
3 1 2519 2520 976 613
4 1 2519 2520 1062 656
5 1 2519 2520 1166 699
6 1 2519 2520 1218 710
7 1 2519 2520 1274 732
8 1 2519 2520 1315 741
9 1 2519 2520 1338 748
10 1 2519 2520 1363 754
11 1 2519 2520 1388 761
12 1 2519 2520 1405 765
13 1 2519 2520 1425 770
14 1 2519 2520 1428 766
15 1 2519 2520 1448 772
16 1 2519 2520 1465 777
17 1 2519 2520 1465 775
18 2 2519 2520 1478 779
19 2 2519 2520 1495 785
20 2 2519 2520 1614 829
21 2 2519 2520 1747 869
22 2 2519 2520 1882 923
23 2 2519 2520 2022 967
24 2 2519 2520 2161 1011
25 2 2519 2520 2268 1046
26 2 2519 2520 2367 1075
27 2 2519 2520 2468 1099
28 2 2519 2520 2544 1112
29 2 2519 2520 2606 1116
30 2 2519 2520 2667 1138
31 2 2519 2520 2715 1147
32 2 2519 2520 2744 1157
33 2 2519 2520 2789 1164
34 2 2519 2520 2822 1170
35 3 2519 2520 2836 1172
36 3 2519 2520 2888 1187
37 3 2519 2520 3007 1247
38 3 2519 2520 3134 1287
39 3 2519 2520 3270 1336
40 3 2519 2520 3410 1383
41 3 2519 2520 3536 1406
42 3 2519 2520 3638 1439
43 3 2519 2520 3760 1461
44 3 2519 2520 3844 1461
45 4 2519 2520 3929 1484
46 4 2519 2520 3992 1490
47 4 2519 2520 4146 1535
48 4 2519 2520 4324 1615
49 4 2519 2520 4464 1660
50 4 2519 2520 4637 1699
51 4 2519 2520 4792 1735
52 4 2519 2520 4947 1783
53 4 2519 2520 5063 1809
54 4 2519 2520 5159 1824
55 4 2519 2520 5242 1840
56 4 2519 2520 5319 1856
57 5 2519 2520 5392 1856
58 5 2519 2520 5471 1895
59 5 2519 2520 5634 1941
60 6 2519 2520 5777 1987
61 6 2519 2520 5966 2036
62 6 2519 2520 6192 2099
63 6 2519 2520 6451 2188
64 6 2519 2520 6702 2255
65 6 2519 2520 6927 2297
66 6 2519 2520 7083 2336
67 7 2519 2520 7274 2360
68 7 2519 2520 7453 2408
69 7 2519 2520 7667 2461
70 8 2519 2520 7880 2519
71 8 2519 2520 8111 2559
72 8 2517 2520 8397 2612
73 8 2517 2520 8732 2687
74 8 2517 2520 9030 2749
75 9 2517 2520 9335 2817
76 10 2517 2520 9619 2865
77 11 2517 2520 9873 2896
78 12 2517 2520 10240 2999
79 12 2517 2520 10692 3074
80 12 2517 2520 11180 3218
81 12 2517 2520 11642 3330
82 12 2517 2520 12090 3396
83 12 2517 2520 12492 3470
84 13 2517 2520 12865 3518
85 14 2517 2520 13232 3584
86 14 2517 2520 13615 3632
87 14 2517 2520 14012 3728
88 14 2517 2520 14420 3790
89 14 2517 2520 14771 3851
90 15 2517 2520 15143 3911
91 15 2516 2520 15558 3968
92 16 2515 2520 15974 4049
93 17 2515 2520 16353 4127
94 17 2515 2520 16855 4236
95 17 2515 2520 17315 4291
96 19 2515 2520 17764 4341
97 19 2515 2520 18221 4432
98 20 2515 2520 18788 4536
99 20 2515 2520 19270 4609
100 20 2515 2520 19807 4665
101 20 2515 2520 20289 4791
102 21 2515 2520 20855 4903
103 21 2515 2520 21366 4966
104 22 2515 2520 21850 5075
105 23 2515 2520 22396 5170
106 23 2515 2520 22927 5258
107 23 2514 2520 23488 5334
108 23 2514 2520 24087 5407
109 23 2513 2520 24628 5494
110 23 2513 2520 25180 5610
111 23 2513 2520 25715 5632
112 23 2513 2520 26189 5668
113 27 2513 2520 26637 5727
114 28 2513 2520 27109 5763
115 30 2513 2520 27720 5890
116 32 2513 2520 28309 6004
117 32 2513 2520 29024 6115
118 33 2513 2520 29819 6317
119 33 2513 2520 30677 6449
120 33 2513 2520 31523 6628
121 35 2513 2520 32379 6763
122 35 2513 2520 33237 6884
123 35 2513 2520 34153 7104
124 35 2513 2520 34972 7183
125 36 2513 2520 35737 7348
126 36 2513 2520 36460 7501
127 38 2512 2520 37239 7630
128 38 2512 2520 38048 7746
129 39 2512 2520 38791 7833
130 39 2512 2520 39551 7989
131 39 2512 2520 40372 8127
132 40 2512 2520 41112 8251
133 41 2512 2520 41934 8338
134 41 2512 2520 42762 8455
135 41 2512 2520 43602 8584
136 42 2511 2520 44334 8700
137 43 2511 2520 45086 8777
138 45 2511 2520 45796 8919
139 47 2511 2520 46613 9032
140 47 2511 2520 47528 9199
141 49 2511 2520 48478 9420
142 49 2511 2520 49370 9536
143 49 2511 2520 50301 9691
144 49 2511 2520 51278 9827
145 49 2511 2520 52165 9994
146 49 2508 2520 52950 10097
147 51 2508 2520 53799 10257
148 52 2508 2520 54620 10393
149 54 2508 2520 55456 10499
150 54 2506 2520 56330 10657
151 54 2506 2520 57243 10829
152 56 2506 2520 58164 10959
153 58 2506 2520 59115 11123
154 58 2506 2520 60167 11308
155 58 2506 2520 61200 11439
156 61 2506 2520 62139 11553
157 61 2506 2520 63183 11792
158 62 2506 2520 64213 11971
159 62 2505 2520 65300 12152
160 63 2505 2520 66336 12351
161 65 2505 2520 67434 12546
162 66 2505 2520 68535 12683
163 69 2504 2520 69696 12903
164 70 2504 2520 70864 13090
165 70 2504 2520 72029 13284
166 71 2504 2520 73213 13434
167 72 2504 2520 74252 13580
168 73 2504 2520 75349 13708
169 73 2504 2520 76414 13903
170 73 2504 2520 77563 14084
171 75 2504 2520 78650 14245
172 78 2504 2520 79713 14433
173 79 2503 2520 80857 14562
174 82 2503 2520 82155 14781
175 84 2501 2520 83476 14994
176 84 2500 2520 84877 15229
177 86 2500 2520 86322 15447
178 88 2500 2520 87785 15662
179 89 2497 2520 89315 15901
180 90 2497 2520 90933 16115
181 90 2496 2520 92523 16263
182 91 2496 2520 94024 16435
183 93 2496 2520 95496 16576
184 94 2494 2520 96945 16770
185 95 2494 2520 98473 16938
186 95 2494 2520 99918 17140
187 96 2494 2520 101342 17330
188 97 2493 2520 102712 17475
189 98 2493 2520 103966 17592
190 99 2493 2520 105254 17678
191 102 2493 2520 106445 17845
192 103 2491 2520 107729 17996
193 103 2491 2520 109093 18166
194 103 2491 2520 110388 18241
195 105 2490 2520 111660 18403
196 109 2489 2520 112912 18542
197 113 2488 2520 114222 18731
198 113 2485 2520 115685 18917
199 117 2485 2520 117185 19119
200 119 2485 2520 118732 19233
201 119 2485 2520 120508 19515
202 120 2485 2520 122264 19723
203 123 2484 2520 123948 19939
204 124 2484 2520 125574 20121
205 126 2484 2520 127329 20411
206 126 2484 2520 129045 20625
207 126 2483 2520 130768 20880
208 126 2482 2520 132518 21065
209 126 2482 2520 134134 21269
210 126 2482 2520 135660 21457
211 126 2481 2520 137143 21542
212 126 2481 2520 138520 21581
213 127 2481 2520 139902 21710
214 132 2481 2520 141036 21784
215 138 2481 2520 142316 21905
216 138 2480 2520 143685 22072
217 141 2480 2520 145323 22306
218 144 2480 2520 146943 22515
219 147 2480 2520 148595 22750
220 151 2479 2520 150329 23005
221 153 2479 2520 152147 23266
222 154 2478 2520 154177 23525
223 157 2476 2520 156367 23861
224 157 2475 2520 158594 24098
225 157 2475 2520 160731 24376
226 157 2475 2520 162662 24610
227 158 2475 2520 164527 24736
228 160 2475 2520 166331 24866
229 160 2474 2520 168000 25080
230 160 2473 2520 169748 25266
231 160 2472 2520 171444 25465
232 161 2472 2520 173024 25570
233 163 2472 2520 174511 25696
234 165 2472 2520 176097 25918
235 166 2472 2520 177640 26110
236 166 2471 2520 179179 26276
237 175 2470 2520 180584 26455
238 178 2469 2520 182282 26712
239 180 2468 2520 184219 27062
240 182 2467 2520 186181 27362
241 183 2464 2520 188231 27674
242 185 2463 2520 190371 27948
243 187 2463 2520 192495 28242
244 189 2463 2520 194582 28466
245 191 2463 2520 196657 28752
246 192 2463 2520 198846 28977
247 193 2462 2520 200924 29209
248 198 2462 2520 203062 29373
249 198 2461 2520 205133 29568
250 200 2460 2520 207219 29788
251 202 2460 2520 209361 30007
252 204 2460 2520 211389 30318
253 206 2460 2520 213393 30526
254 208 2460 2520 215354 30780
255 209 2460 2520 217364 30975
256 210 2459 2520 219338 31264
257 214 2457 2520 221358 31496
258 216 2457 2520 223433 31757
259 218 2456 2520 225734 32018
260 219 2455 2520 227966 32345
261 221 2454 2520 230155 32663
262 222 2454 2520 232424 32907
263 224 2453 2520 234586 33152
264 226 2451 2520 236818 33338
265 227 2450 2520 238994 33527
266 230 2449 2520 241131 33740
267 232 2449 2520 243378 34022
268 233 2448 2520 245499 34350
269 236 2448 2520 247680 34662
270 236 2448 2520 249773 34961
271 238 2447 2520 252048 35209
272 238 2447 2520 254150 35414
273 239 2446 2520 256317 35637
274 241 2445 2520 258484 35821
275 243 2445 2520 260501 36011
276 249 2445 2520 262573 36266
277 249 2445 2520 264701 36468
278 253 2443 2520 266889 36644
279 256 2442 2520 269079 36948
280 262 2441 2520 271358 37251
281 263 2438 2520 273814 37581
282 265 2438 2520 276363 37908
283 267 2437 2520 278941 38219
284 272 2437 2520 281430 38408
285 274 2435 2520 283964 38685
286 276 2435 2520 286528 38959
287 279 2434 2520 289055 39278
288 283 2434 2520 291643 39629
289 286 2434 2520 294289 39876
290 287 2434 2520 297020 40208
291 290 2434 2520 299693 40486
292 293 2433 2520 302344 40742
293 295 2433 2520 305053 41051
294 296 2431 2520 307713 41326
295 296 2430 2520 310499 41697
296 296 2430 2520 313157 42005
297 297 2428 2520 315662 42173
298 298 2428 2520 318084 42421
299 300 2427 2520 320478 42653
300 301 2426 2520 322805 42888
301 307 2426 2520 325042 43024
302 307 2426 2520 327277 43163
303 309 2425 2520 329601 43472
304 312 2424 2520 331856 43730
305 314 2424 2520 334178 43993
306 316 2423 2520 336586 44271
307 318 2421 2520 338927 44516
308 320 2419 2520 341319 44751
309 327 2417 2520 343831 44933
310 333 2417 2520 346311 45251
311 340 2417 2520 349132 45462
312 344 2417 2520 351856 45761
313 347 2416 2520 354820 46135
314 347 2415 2520 357874 46467
315 348 2415 2520 360930 46777
316 352 2415 2520 363914 47047
317 356 2415 2520 366722 47248
318 357 2414 2520 369621 47538
319 359 2413 2520 372645 47920
320 363 2412 2520 375670 48201
321 364 2411 2520 378742 48553
322 364 2409 2520 381771 48933
323 366 2408 2520 384611 49206
324 368 2408 2520 387510 49440
325 373 2408 2520 390432 49656
326 377 2407 2520 393146 49974
327 382 2405 2520 395898 50306
328 382 2405 2520 398941 50700
329 382 2403 2520 402102 51106
330 383 2403 2520 405067 51374
331 384 2403 2520 407967 51605
332 386 2402 2520 410827 51890
333 387 2402 2520 413644 52133
334 391 2402 2520 416252 52262
335 395 2402 2520 418901 52522
336 397 2402 2520 421600 52793
337 401 2400 2520 424258 53088
338 404 2399 2520 427092 53325
339 407 2399 2520 429857 53607
340 410 2397 2520 432616 53875
341 412 2397 2520 435525 54234
342 418 2396 2520 438379 54646
343 425 2396 2520 441399 54949
344 429 2396 2520 444647 55346
345 430 2396 2520 447960 55794
346 432 2391 2520 451379 56209
347 434 2391 2520 454716 56567
348 436 2390 2520 458111 56961
349 439 2389 2520 461433 57239
350 439 2389 2520 464670 57564
351 442 2389 2520 467945 57947
352 446 2387 2520 471009 58241
353 448 2386 2520 474066 58506
354 450 2385 2520 477160 58819
355 451 2385 2520 480151 59102
356 451 2384 2520 483165 59337
357 453 2384 2520 486154 59557
358 456 2382 2520 488981 59813
359 462 2382 2520 491725 60052
360 463 2381 2520 494590 60357
361 467 2381 2520 497504 60593
362 471 2380 2520 500500 60889
363 473 2376 2520 503619 61147
364 478 2376 2520 506780 61576
365 484 2376 2520 509970 61901
366 486 2374 2520 513443 62317
367 489 2372 2520 516792 62690
368 490 2369 2520 520046 62887
369 492 2368 2520 523438 63327
370 494 2368 2520 526686 63682
371 498 2367 2520 529946 63992
372 505 2367 2520 533186 64261
373 508 2366 2520 536606 64667
374 511 2366 2520 539961 65066
375 512 2363 2520 543361 65308
376 512 2361 2520 546888 65711
377 515 2361 2520 550239 65970
378 519 2361 2520 553483 66230
379 522 2360 2520 556680 66552
380 527 2359 2520 559814 66845
381 531 2356 2520 563103 67146
382 533 2355 2520 566478 67389
383 540 2354 2520 569876 67718
384 542 2353 2520 573245 68006
385 548 2352 2520 576914 68344
386 553 2352 2520 580729 68787
387 560 2350 2520 584592 69194
388 565 2349 2520 588423 69617
389 569 2347 2520 592334 69993
390 573 2345 2520 596366 70369
391 575 2345 2520 600567 70832
392 580 2342 2520 604783 71364
393 583 2338 2520 609053 71782
394 584 2335 2520 613226 72153
395 585 2334 2520 617389 72531
396 588 2333 2520 621435 72922
397 590 2333 2520 625240 73150
398 593 2332 2520 629059 73399
399 595 2331 2520 632712 73719
400 599 2330 2520 636248 74061
401 602 2330 2520 639799 74372
402 604 2330 2520 643327 74712
403 606 2329 2520 646766 74987
404 609 2329 2520 650241 75173
405 612 2327 2520 653609 75442
406 614 2327 2520 656994 75692
407 620 2326 2520 660304 76007
408 627 2324 2520 663826 76316
409 629 2323 2520 667334 76645
410 632 2322 2520 670966 77012
411 634 2322 2520 674557 77410
412 636 2317 2520 678316 77831
413 640 2315 2520 682060 78115
414 644 2313 2520 685865 78521
415 649 2312 2520 689727 78951
416 652 2309 2520 693538 79297
417 657 2307 2520 697391 79662
418 661 2304 2520 701513 80044
419 666 2303 2520 705469 80427
420 670 2303 2520 709593 80850
421 670 2303 2520 713682 81284
422 674 2303 2520 717469 81636
423 678 2303 2520 721336 81920
424 680 2302 2520 725241 82260
425 685 2301 2520 729147 82591
426 687 2299 2520 732914 82955
427 691 2297 2520 736761 83374
428 696 2295 2520 740405 83702
429 700 2295 2520 744119 84027
430 705 2294 2520 748079 84427
431 715 2293 2520 752080 84757
432 720 2292 2520 755978 85186
433 724 2292 2520 760113 85610
434 725 2291 2520 764366 85957
435 729 2291 2520 768653 86437
436 735 2288 2520 772781 86856
437 739 2287 2520 777133 87295
438 742 2285 2520 781599 87673
439 743 2284 2520 786175 88195
440 747 2283 2520 790674 88670
441 749 2282 2520 794881 89064
442 752 2282 2520 799222 89393
443 755 2280 2520 803343 89671
444 761 2278 2520 807695 89940
445 762 2276 2520 811907 90285
446 765 2275 2520 816070 90634
447 767 2272 2520 820317 90990
448 769 2269 2520 824279 91359
449 775 2269 2520 828204 91646
450 776 2268 2520 832142 92023
451 783 2266 2520 835976 92310
452 792 2265 2520 839897 92648
453 800 2264 2520 843998 92953
454 805 2262 2520 848263 93349
455 809 2261 2520 852682 93832
456 814 2260 2520 857130 94261
457 817 2258 2520 861886 94790
458 821 2258 2520 866481 95269
459 825 2255 2520 871232 95687
460 827 2255 2520 875878 96124
461 831 2253 2520 880518 96662
462 836 2252 2520 885117 97154
463 837 2252 2520 889721 97645
464 840 2250 2520 894298 98082
465 844 2250 2520 898621 98454
466 850 2249 2520 903008 98858
467 852 2248 2520 907373 99226
468 854 2244 2520 911717 99532
469 856 2240 2520 916085 99873
470 860 2239 2520 920333 100133
471 866 2236 2520 924809 100563
472 868 2234 2520 929088 100901
473 873 2233 2520 933364 101306
474 885 2230 2520 937660 101692
475 889 2229 2520 942203 102084
476 893 2227 2520 946785 102556
477 900 2226 2520 951565 103028
478 907 2226 2520 956382 103595
479 911 2223 2520 961260 104123
480 913 2220 2520 966336 104631
481 916 2217 2520 971518 105114
482 919 2216 2520 976555 105531
483 924 2216 2520 981597 105869
484 925 2215 2520 986497 106249
485 931 2214 2520 991310 106608
486 935 2212 2520 995921 107033
487 939 2212 2520 1000678 107342
488 939 2210 2520 1005427 107625
489 942 2208 2520 1009989 108002
490 947 2207 2520 1014278 108268
491 952 2206 2520 1018826 108661
492 957 2205 2520 1023210 109041
493 961 2204 2520 1027793 109359
494 965 2204 2520 1032343 109734
495 966 2200 2520 1037100 110128
496 974 2200 2520 1041612 110525
497 981 2200 2520 1046183 110954
498 988 2200 2520 1050926 111374
499 990 2200 2520 1055786 111909
500 993 2199 2520 1060892 112466
501 1001 2195 2520 1065641 112788
502 1004 2193 2520 1070571 113330
503 1009 2192 2520 1075486 113857
504 1018 2191 2520 1080285 114385
505 1022 2190 2520 1085294 114889
506 1024 2190 2520 1090368 115398
507 1026 2189 2520 1095579 115854
508 1031 2187 2520 1100551 116272
509 1036 2186 2520 1105556 116693
510 1041 2184 2520 1110501 117113
511 1045 2183 2520 1115516 117643
512 1048 2182 2520 1120550 118128
513 1054 2179 2520 1125515 118615
514 1061 2178 2520 1130678 119025
515 1066 2177 2520 1135605 119450
516 1073 2176 2520 1140517 119833
517 1076 2174 2520 1145555 120372
518 1084 2173 2520 1150807 120863
519 1087 2173 2520 1155981 121383
520 1088 2172 2520 1161274 121738
521 1095 2171 2520 1166732 122118
522 1100 2171 2520 1171882 122587
523 1102 2170 2520 1177218 123120
524 1108 2169 2520 1182388 123665
525 1114 2166 2520 1187582 124045
526 1121 2166 2520 1192808 124591
527 1127 2165 2520 1198065 125007
528 1130 2164 2520 1203503 125487
529 1133 2160 2520 1208849 125956
530 1136 2156 2520 1214177 126395
531 1138 2156 2520 1219505 126810
532 1147 2155 2520 1224695 127234
533 1152 2155 2520 1229883 127637
534 1153 2153 2520 1234956 127987
535 1157 2153 2520 1239986 128252
536 1160 2150 2520 1245125 128670
537 1166 2149 2520 1250116 129095
538 1170 2147 2520 1255099 129473
539 1178 2146 2520 1260178 129792
540 1185 2144 2520 1265162 130191
541 1193 2143 2520 1270372 130705
542 1200 2142 2520 1275634 131216
543 1203 2139 2520 1280980 131760
544 1211 2139 2520 1286542 132298
545 1216 2137 2520 1292079 132699
546 1224 2132 2520 1297732 133236
547 1227 2130 2520 1303439 133816
548 1235 2128 2520 1309265 134430
549 1238 2125 2520 1314956 134963
550 1242 2123 2520 1320557 135541
551 1244 2122 2520 1326250 136016
552 1247 2121 2520 1331903 136486
553 1247 2119 2520 1337273 136750
554 1253 2117 2520 1342777 137172
555 1261 2116 2520 1347907 137529
556 1265 2116 2520 1353278 137983
557 1270 2115 2520 1358571 138370
558 1274 2113 2520 1363812 138797
559 1276 2112 2520 1369010 139310
560 1287 2108 2520 1374378 139729
561 1296 2105 2520 1379717 140086
562 1305 2105 2520 1385324 140560
563 1308 2104 2520 1391103 141076
564 1308 2103 2520 1396954 141663
565 1317 2101 2520 1402625 142285
566 1322 2101 2520 1408511 142779
567 1328 2101 2520 1414332 143253
568 1335 2098 2520 1420169 143663
569 1338 2096 2520 1426225 144081
570 1347 2095 2520 1432219 144718
571 1350 2094 2520 1437995 145164
572 1352 2091 2520 1443700 145721
573 1357 2085 2520 1449486 146220
574 1360 2083 2520 1455272 146776
575 1367 2081 2520 1460949 147127
576 1371 2081 2520 1466654 147562
577 1376 2078 2520 1472383 147986
578 1379 2078 2520 1477875 148364
579 1383 2078 2520 1483430 148780
580 1390 2077 2520 1489009 149232
581 1393 2076 2520 1494528 149598
582 1397 2075 2520 1500034 150148
583 1407 2073 2520 1505552 150624
584 1419 2070 2520 1510957 151026
585 1429 2067 2520 1516790 151594
586 1435 2066 2520 1522870 152108
587 1441 2065 2520 1529195 152708
588 1450 2064 2520 1535342 153279
589 1453 2062 2520 1541763 153858
590 1461 2060 2520 1548163 154430
591 1463 2059 2520 1554804 155036
592 1468 2059 2520 1561308 155616
593 1474 2059 2520 1567772 156105
594 1478 2057 2520 1574127 156602
595 1483 2056 2520 1580529 157256
596 1484 2055 2520 1586791 157695
597 1493 2053 2520 1593025 158122
598 1495 2053 2520 1599072 158654
599 1500 2049 2520 1605109 159080
600 1502 2045 2520 1611084 159600
601 1507 2040 2520 1617026 159974
602 1515 2039 2520 1622776 160570
603 1521 2036 2520 1628718 161165
604 1525 2032 2520 1634734 161677
605 1530 2030 2520 1640437 162188
606 1537 2030 2520 1646310 162698
607 1546 2029 2520 1652227 163198
608 1552 2027 2520 1658288 163544
609 1559 2026 2520 1664452 164110
610 1567 2024 2520 1670594 164665
611 1573 2023 2520 1676927 165127
612 1579 2022 2520 1683273 165712
613 1584 2018 2520 1689535 166161
614 1591 2014 2520 1695896 166763
615 1594 2013 2520 1702285 167218
616 1598 2012 2520 1708848 167805
617 1604 2011 2520 1715133 168344
618 1613 2010 2520 1721513 168822
619 1618 2009 2520 1728003 169370
620 1621 2007 2520 1734355 169928
621 1627 2006 2520 1740584 170509
622 1638 2005 2520 1746743 171060
623 1644 2003 2520 1752908 171525
624 1647 2002 2520 1759263 172174
625 1653 2002 2520 1765613 172670
626 1654 1999 2520 1772057 173278
627 1658 1994 2520 1778606 173802
628 1665 1992 2520 1784895 174349
629 1675 1990 2520 1791396 174974
630 1688 1990 2520 1797584 175408
631 1697 1988 2520 1804059 175911
632 1700 1985 2520 1810765 176410
633 1703 1983 2520 1817630 177145
634 1713 1982 2520 1824291 177598
635 1715 1979 2520 1831091 178192
636 1726 1978 2520 1837760 178758
637 1728 1975 2520 1844468 179315
638 1736 1971 2520 1851391 179882
639 1738 1969 2520 1858249 180390
640 1745 1968 2520 1865216 180932
641 1748 1966 2520 1872037 181432
642 1754 1965 2520 1878642 182117
643 1761 1963 2520 1885319 182604
644 1764 1962 2520 1891976 183033
645 1773 1957 2520 1898619 183564
646 1778 1956 2520 1904983 184039
647 1783 1955 2520 1911574 184538
648 1787 1953 2520 1918143 185155
649 1792 1953 2520 1924663 185547
650 1800 1952 2520 1931063 185988
651 1807 1950 2520 1937372 186395
652 1815 1948 2520 1943427 186803
653 1822 1945 2520 1949876 187347
654 1830 1944 2520 1956383 187738
655 1840 1942 2520 1962821 188238
656 1850 1941 2520 1969326 188737
657 1860 1937 2520 1976170 189374
658 1874 1934 2520 1983112 189853
659 1881 1933 2520 1990302 190443
660 1886 1930 2520 1997822 191153
661 1889 1927 2520 2005171 191889
662 1897 1923 2520 2012405 192491
663 1904 1921 2520 2019721 193071
664 1906 1918 2520 2026991 193658
665 1910 1913 2520 2034515 194311
666 1916 1912 2520 2041787 194784
667 1920 1909 2520 2048849 195222
668 1923 1907 2520 2055958 195896
669 1927 1906 2520 2062966 196453
670 1931 1903 2520 2069649 196925
671 1934 1899 2520 2076278 197272
672 1940 1896 2520 2082811 197788
673 1947 1894 2520 2089232 198207
674 1956 1891 2520 2095652 198677
675 1965 1888 2520 2102196 199146
676 1973 1888 2520 2108563 199598
677 1982 1884 2520 2115075 200137
678 1993 1883 2520 2121700 200641
679 2001 1880 2520 2128688 201245
680 2007 1878 2520 2135750 201767
681 2013 1877 2520 2142833 202313
682 2023 1874 2520 2149735 202956
683 2031 1872 2520 2156881 203515
684 2038 1869 2520 2164226 204138
685 2043 1868 2520 2171473 204868
686 2049 1867 2520 2178732 205442
687 2053 1862 2520 2186081 206033
688 2059 1860 2520 2193495 206699
689 2062 1859 2520 2200455 207196
690 2066 1858 2520 2207474 207620
691 2073 1858 2520 2214216 207967
692 2077 1855 2520 2221083 208564
693 2079 1853 2520 2227796 209135
694 2085 1847 2520 2234350 209543
695 2092 1847 2520 2240753 209963
696 2094 1844 2520 2247316 210585
697 2100 1842 2520 2253750 210960
698 2108 1841 2520 2260339 211420
699 2117 1841 2520 2266720 211932
700 2127 1839 2520 2273241 212368
701 2132 1835 2520 2279924 212921
702 2140 1835 2520 2286469 213421
703 2145 1834 2520 2293054 213986
704 2150 1834 2520 2299770 214536
705 2155 1833 2520 2306317 215047
706 2163 1830 2520 2312778 215457
707 2171 1829 2520 2319228 215956
708 2178 1825 2520 2325751 216444
709 2182 1824 2520 2332284 217047
710 2185 1820 2520 2339009 217554
711 2186 1818 2520 2345649 218106
712 2190 1811 2520 2352183 218511
713 2197 1808 2520 2358606 218947
714 2202 1806 2520 2364855 219390
715 2205 1805 2520 2371047 219907
716 2210 1803 2520 2377270 220366
717 2218 1801 2520 2383287 220610
718 2228 1800 2520 2389322 221077
719 2233 1800 2520 2395431 221470
720 2244 1800 2520 2401508 221853
721 2253 1795 2520 2407674 222536
722 2259 1792 2520 2414073 222861
723 2270 1790 2520 2420608 223296
724 2278 1788 2520 2427234 223943
725 2287 1788 2520 2433973 224441
726 2293 1785 2520 2440938 225031
727 2297 1783 2520 2447820 225585
728 2303 1783 2520 2454690 226168
729 2310 1781 2520 2461454 226769
730 2316 1779 2520 2468124 227207
731 2323 1777 2520 2474924 227772
732 2327 1772 2520 2481688 228318
733 2329 1770 2520 2488270 228812
734 2331 1767 2520 2494872 229278
735 2335 1766 2520 2501419 229782
736 2341 1762 2520 2507819 230179
737 2349 1762 2520 2513789 230686
738 2351 1759 2520 2519818 231235
739 2356 1758 2520 2525725 231549
740 2360 1757 2520 2531545 231894
741 2365 1756 2520 2537130 232239
742 2369 1755 2520 2542808 232541
743 2377 1754 2520 2548451 232888
744 2383 1753 2520 2553935 233214
745 2389 1751 2520 2559418 233562
746 2397 1750 2520 2564988 233925
747 2399 1749 2520 2570653 234270
748 2404 1748 2520 2576446 234725
749 2408 1745 2520 2581888 235109
750 2416 1745 2520 2587329 235559
751 2419 1742 2520 2592736 236002
752 2422 1741 2520 2598330 236367
753 2428 1740 2520 2603842 236758
754 2435 1736 2520 2609388 237082
755 2439 1734 2520 2614804 237394
756 2445 1734 2520 2620062 237697
757 2456 1733 2520 2625554 238011
758 2459 1731 2520 2630994 238316
759 2461 1730 2520 2636479 238721
760 2465 1727 2520 2641837 239095
761 2468 1723 2520 2647089 239406
762 2476 1723 2520 2652294 239826
763 2481 1723 2520 2657676 240244
764 2487 1723 2520 2662959 240722
765 2490 1721 2520 2668120 241040
766 2492 1720 2520 2673448 241336
767 2496 1719 2520 2678467 241698
768 2501 1717 2520 2683420 241923
769 2507 1717 2520 2688325 242327
770 2516 1716 2520 2693117 242756
771 2518 1715 2520 2697986 243080
772 2523 1714 2520 2702724 243482
773 2527 1713 2520 2707442 243883
774 2530 1713 2520 2712235 244205
775 2535 1712 2520 2716797 244659
776 2539 1712 2520 2721450 244921
777 2541 1709 2520 2726160 245240
778 2548 1705 2520 2730835 245595
779 2549 1704 2520 2735412 245997
780 2554 1703 2520 2739869 246356
781 2556 1702 2520 2744283 246712
782 2558 1700 2520 2748679 246957
783 2563 1700 2520 2752911 247201
784 2570 1698 2520 2757009 247503
785 2575 1696 2520 2761287 247784
786 2578 1693 2520 2765440 248057
787 2587 1692 2520 2769666 248422
788 2590 1691 2520 2773829 248657
789 2595 1690 2520 2778055 248927
790 2599 1690 2520 2782383 249267
791 2607 1688 2520 2786634 249595
792 2609 1687 2520 2790873 249922
793 2611 1686 2520 2795343 250359
794 2613 1686 2520 2799656 250577
795 2614 1684 2520 2803753 250831
796 2617 1683 2520 2807663 251086
797 2618 1683 2520 2811585 251333
798 2620 1682 2520 2815507 251583
799 2621 1680 2520 2819182 251838
800 2626 1679 2520 2822767 252060
801 2630 1679 2520 2826330 252372
802 2634 1677 2520 2829902 252707
803 2638 1677 2520 2833334 252858
804 2642 1677 2520 2836852 253224
805 2647 1675 2520 2840252 253495
806 2651 1672 2520 2843595 253784
807 2654 1671 2520 2847106 254076
808 2658 1670 2520 2850457 254381
809 2660 1669 2520 2854014 254597
810 2661 1668 2520 2857341 254923
811 2666 1666 2520 2860855 255206
812 2670 1664 2520 2864163 255447
813 2673 1664 2520 2867541 255788
814 2673 1664 2520 2870980 256057
815 2675 1663 2520 2874311 256351
816 2676 1663 2520 2877486 256608
817 2680 1662 2520 2880420 256801
818 2685 1661 2520 2883447 257046
819 2687 1661 2520 2886392 257297
820 2688 1660 2520 2889335 257580
821 2691 1660 2520 2892196 257767
822 2695 1658 2520 2895051 257991
823 2696 1658 2520 2897838 258165
824 2698 1657 2520 2900538 258457
825 2699 1657 2520 2903314 258706
826 2704 1657 2520 2905901 258845
827 2706 1654 2520 2908522 259025
828 2710 1653 2520 2911127 259268
829 2714 1653 2520 2913769 259426
830 2717 1653 2520 2916496 259740
831 2721 1651 2520 2919040 259954
832 2722 1647 2520 2921754 260263
833 2726 1643 2520 2924384 260599
834 2727 1642 2520 2927226 260894
835 2729 1641 2520 2929966 261161
836 2731 1641 2520 2932687 261427
837 2731 1641 2520 2935430 261700
838 2733 1641 2520 2937927 261868
839 2738 1641 2520 2940371 262079
840 2740 1641 2520 2942718 262262
841 2742 1640 2520 2945117 262427
842 2744 1640 2520 2947414 262604
843 2745 1637 2520 2949570 262825
844 2749 1636 2520 2951859 262958
845 2752 1635 2520 2954078 263136
846 2753 1635 2520 2956212 263366
847 2755 1634 2520 2958533 263590
848 2755 1634 2520 2960772 263787
849 2759 1631 2520 2962898 264024
850 2761 1628 2520 2964958 264222
851 2763 1627 2520 2967112 264548
852 2764 1627 2520 2969219 264732
853 2767 1626 2520 2971317 264933
854 2769 1625 2520 2973366 265198
855 2770 1625 2520 2975338 265414
856 2772 1624 2520 2977363 265486
857 2776 1624 2520 2979324 265635
858 2777 1621 2520 2981253 265787
859 2779 1619 2520 2983249 266138
860 2783 1619 2520 2985130 266348
861 2783 1618 2520 2987228 266579
862 2783 1618 2520 2989282 266824
863 2783 1618 2520 2991298 267076
864 2786 1617 2520 2993144 267182
865 2790 1616 2520 2994935 267309
866 2790 1615 2520 2996718 267432
867 2792 1611 2520 2998554 267549
868 2793 1610 2520 3000421 267684
869 2796 1606 2520 3002274 267886
870 2798 1602 2520 3004108 268016
871 2800 1601 2520 3005978 268223
872 2802 1601 2520 3007956 268455
873 2804 1601 2520 3009741 268578
874 2805 1600 2520 3011540 268668
875 2808 1598 2520 3013340 268845
876 2811 1598 2520 3015025 268978
877 2812 1596 2520 3016813 269199
878 2813 1594 2520 3018636 269307
879 2815 1593 2520 3020390 269450
880 2817 1593 2520 3022044 269679
881 2818 1592 2520 3023649 269838
882 2822 1591 2520 3025268 269899
883 2823 1591 2520 3026912 270036
884 2824 1590 2520 3028623 270180
885 2825 1589 2520 3030190 270341
886 2826 1589 2520 3031786 270519
887 2830 1589 2520 3033184 270638
888 2830 1588 2520 3034713 270783
889 2830 1588 2520 3036307 270938
890 2830 1588 2520 3037757 271045
891 2831 1587 2520 3039113 271120
892 2832 1587 2520 3040473 271204
893 2833 1586 2520 3041680 271330
894 2833 1585 2520 3043024 271464
895 2834 1584 2520 3044267 271591
896 2834 1583 2520 3045510 271654
897 2837 1582 2520 3046635 271770
898 2839 1582 2520 3047671 271787
899 2840 1582 2520 3048843 271948
900 2842 1581 2520 3050028 272031
901 2843 1580 2520 3051175 272078
902 2844 1579 2520 3052347 272243
903 2847 1578 2520 3053411 272357
904 2848 1577 2520 3054593 272480
905 2848 1577 2520 3055756 272600
906 2848 1577 2520 3056849 272656
907 2848 1576 2520 3057952 272798
908 2849 1576 2520 3059005 272938
909 2850 1576 2520 3060055 273016
910 2850 1576 2520 3061029 273111
911 2850 1575 2520 3062080 273192
912 2851 1575 2520 3062983 273254
913 2852 1574 2520 3063966 273340
914 2853 1574 2520 3064850 273462
915 2854 1571 2520 3065807 273545
916 2855 1570 2520 3066822 273660
917 2857 1570 2520 3067781 273729
918 2858 1570 2520 3068792 273870
919 2858 1569 2520 3069709 273989
920 2858 1569 2520 3070559 274085
921 2858 1569 2520 3071399 274167
922 2858 1568 2520 3072205 274234
923 2858 1567 2520 3072969 274248
924 2860 1567 2520 3073755 274354
925 2861 1567 2520 3074553 274436
926 2861 1567 2520 3075251 274550
927 2862 1566 2520 3075945 274618
928 2865 1566 2520 3076635 274662
929 2866 1566 2520 3077389 274733
930 2867 1566 2520 3078080 274884
931 2867 1565 2520 3078813 274966
932 2867 1565 2520 3079502 274974
933 2868 1564 2520 3080237 274980
934 2868 1563 2520 3080917 275044
935 2869 1562 2520 3081662 275167
936 2869 1562 2520 3082344 275299
937 2869 1560 2520 3082959 275321
938 2869 1558 2520 3083735 275361
939 2869 1558 2520 3084474 275424
940 2869 1558 2520 3085087 275423
941 2869 1557 2520 3085767 275537
942 2869 1557 2520 3086329 275527
943 2869 1557 2520 3086983 275552
944 2870 1557 2520 3087542 275596
945 2871 1557 2520 3088081 275596
946 2871 1557 2520 3088629 275657
947 2871 1556 2520 3089045 275745
948 2871 1556 2520 3089639 275830
949 2871 1556 2520 3090105 275891
950 2871 1556 2520 3090574 275943
951 2872 1555 2520 3090983 275963
952 2873 1554 2520 3091423 275947
953 2873 1554 2520 3091835 276008
954 2873 1553 2520 3092334 276115
955 2874 1553 2520 3092843 276148
956 2874 1553 2520 3093192 276194
957 2874 1553 2520 3093577 276248
958 2875 1553 2520 3093956 276292
959 2876 1552 2520 3094273 276309
960 2876 1552 2520 3094731 276336
961 2876 1552 2520 3095188 276412
962 2876 1552 2520 3095593 276493
963 2877 1552 2520 3096016 276542
964 2878 1552 2520 3096330 276579
965 2878 1552 2520 3096731 276667
966 2879 1551 2520 3097116 276707
967 2879 1551 2520 3097536 276718
968 2880 1550 2520 3097857 276768
969 2880 1550 2520 3098192 276796
970 2880 1550 2520 3098607 276850
971 2880 1550 2520 3099025 276884
972 2880 1550 2520 3099330 276921
973 2880 1550 2520 3099670 277009
974 2880 1549 2520 3100039 277009
975 2880 1548 2520 3100354 277139
976 2880 1548 2520 3100677 277151
977 2882 1548 2520 3100937 277193
978 2882 1548 2520 3101223 277211
979 2882 1548 2520 3101471 277208
980 2883 1548 2520 3101683 277198
981 2883 1548 2520 3102006 277263
982 2883 1548 2520 3102357 277268
983 2883 1547 2520 3102547 277245
984 2883 1547 2520 3102781 277271
985 2883 1547 2520 3103079 277332
986 2883 1547 2520 3103327 277420
987 2883 1547 2520 3103553 277442
988 2884 1546 2520 3103733 277392
989 2885 1546 2520 3103952 277432
990 2885 1546 2520 3104187 277491
991 2885 1546 2520 3104393 277528
992 2885 1546 2520 3104570 277573
993 2885 1546 2520 3104853 277564
994 2885 1546 2520 3104997 277579
995 2885 1546 2520 3105229 277614
996 2885 1546 2520 3105398 277589
997 2885 1546 2520 3105584 277661
998 2885 1546 2520 3105678 277693
999 2885 1546 2520 3105774 277716
1000 2885 1546 2520 3105963 277722
