0 1 2519 2520 796 500
1 1 2519 2520 808 509
2 1 2519 2520 819 515
3 1 2519 2520 832 520
4 1 2519 2520 851 533
5 1 2519 2520 867 544
6 1 2519 2520 892 559
7 1 2519 2520 906 566
8 1 2519 2520 923 577
9 1 2519 2520 942 586
10 1 2519 2520 952 593
11 1 2519 2520 972 600
12 1 2519 2520 981 605
13 1 2519 2520 994 606
14 1 2519 2520 1012 617
15 1 2519 2520 1039 628
16 1 2519 2520 1049 630
17 1 2519 2520 1060 636
18 1 2519 2520 1072 641
19 1 2519 2520 1088 646
20 1 2519 2520 1088 645
21 1 2519 2520 1109 655
22 1 2519 2520 1119 657
23 1 2519 2520 1128 663
24 1 2519 2520 1142 666
25 1 2519 2520 1147 665
26 1 2519 2520 1159 666
27 1 2519 2520 1166 668
28 1 2519 2520 1175 673
29 1 2519 2520 1175 675
30 1 2519 2520 1189 678
31 2 2519 2520 1202 685
32 2 2519 2520 1231 693
33 2 2519 2520 1276 708
34 2 2519 2520 1330 725
35 2 2519 2520 1378 737
36 2 2519 2520 1430 747
37 2 2519 2520 1477 767
38 2 2519 2520 1527 789
39 2 2519 2520 1565 797
40 2 2519 2520 1627 809
41 2 2519 2520 1665 821
42 2 2519 2520 1710 839
43 2 2519 2520 1758 856
44 2 2519 2520 1797 871
45 2 2519 2520 1830 877
46 2 2519 2520 1869 881
47 2 2519 2520 1914 890
48 2 2519 2520 1947 900
49 2 2519 2520 1988 909
50 2 2519 2520 2022 918
51 2 2519 2520 2051 931
52 2 2519 2520 2080 943
53 2 2519 2520 2099 946
54 2 2519 2520 2137 956
55 2 2519 2520 2161 966
56 2 2519 2520 2183 972
57 2 2519 2520 2210 973
58 2 2519 2520 2229 977
59 2 2519 2520 2245 982
60 2 2519 2520 2274 989
61 2 2519 2520 2287 990
62 2 2519 2520 2308 996
63 2 2519 2520 2317 1000
64 2 2519 2520 2328 1002
65 2 2519 2520 2343 1005
66 2 2519 2520 2357 1008
67 3 2519 2520 2371 1016
68 3 2519 2520 2394 1022
69 4 2519 2520 2445 1043
70 4 2519 2520 2493 1062
71 4 2519 2520 2562 1071
72 4 2519 2520 2614 1091
73 4 2519 2520 2686 1115
74 4 2519 2520 2753 1141
75 4 2519 2520 2821 1153
76 4 2519 2520 2892 1169
77 4 2519 2520 2961 1191
78 4 2519 2520 3032 1210
79 4 2519 2520 3102 1240
80 4 2519 2520 3162 1255
81 4 2519 2520 3234 1273
82 4 2519 2520 3288 1287
83 4 2519 2520 3354 1311
84 4 2519 2520 3428 1330
85 4 2519 2520 3483 1345
86 4 2519 2520 3547 1358
87 4 2519 2520 3627 1385
88 4 2519 2520 3690 1402
89 4 2519 2520 3733 1410
90 4 2519 2520 3768 1420
91 4 2519 2520 3817 1428
92 4 2519 2520 3867 1446
93 4 2519 2520 3917 1469
94 4 2519 2520 3954 1473
95 4 2519 2520 4000 1485
96 4 2519 2520 4025 1489
97 4 2519 2520 4058 1496
98 4 2519 2520 4086 1507
99 4 2519 2520 4120 1516
100 4 2519 2520 4152 1521
101 4 2519 2520 4186 1525
102 4 2519 2520 4222 1538
103 4 2519 2520 4246 1546
104 4 2519 2520 4276 1555
105 4 2519 2520 4293 1560
106 4 2519 2520 4302 1566
107 4 2519 2520 4330 1568
108 4 2519 2520 4349 1572
109 4 2519 2520 4382 1582
110 4 2519 2520 4410 1584
111 4 2519 2520 4438 1591
112 4 2519 2520 4457 1589
113 4 2519 2520 4480 1602
114 4 2519 2520 4504 1603
115 4 2519 2520 4531 1615
116 4 2519 2520 4555 1616
117 4 2519 2520 4578 1623
118 4 2519 2520 4590 1631
119 5 2519 2520 4606 1634
120 5 2519 2520 4646 1635
121 5 2519 2520 4697 1650
122 5 2519 2520 4734 1667
123 5 2519 2520 4790 1682
124 5 2519 2520 4821 1686
125 5 2519 2520 4875 1699
126 5 2519 2520 4910 1715
127 6 2519 2520 4948 1727
128 6 2519 2520 4995 1742
129 6 2519 2520 5042 1759
130 6 2519 2520 5109 1771
131 6 2519 2520 5145 1780
132 6 2519 2520 5203 1793
133 6 2519 2520 5254 1803
134 6 2519 2520 5316 1826
135 6 2519 2520 5368 1824
136 6 2519 2520 5428 1842
137 6 2519 2520 5481 1843
138 6 2519 2520 5542 1860
139 6 2519 2520 5608 1866
140 6 2519 2520 5679 1871
141 6 2519 2520 5731 1883
142 6 2519 2520 5803 1900
143 6 2519 2520 5852 1908
144 6 2519 2520 5906 1919
145 6 2519 2520 5946 1921
146 6 2519 2520 5997 1925
147 6 2519 2520 6058 1934
148 6 2519 2520 6108 1944
149 6 2519 2520 6161 1953
150 6 2519 2520 6205 1955
151 6 2519 2520 6251 1970
152 6 2519 2520 6272 1980
153 6 2519 2520 6301 1987
154 6 2519 2520 6327 1993
155 6 2519 2520 6362 2004
156 6 2519 2520 6383 2008
157 6 2519 2520 6411 2014
158 6 2519 2520 6436 2011
159 7 2519 2520 6458 2018
160 7 2519 2520 6501 2020
161 7 2519 2520 6541 2036
162 7 2519 2520 6598 2053
163 7 2519 2520 6639 2060
164 7 2519 2520 6673 2062
165 7 2519 2520 6714 2083
166 7 2519 2520 6760 2093
167 7 2519 2520 6784 2097
168 7 2519 2520 6810 2099
169 7 2519 2520 6849 2101
170 7 2519 2520 6895 2118
171 7 2519 2520 6935 2129
172 7 2519 2520 6962 2135
173 7 2519 2520 7005 2145
174 7 2519 2520 7060 2154
175 7 2519 2520 7096 2161
176 7 2519 2520 7135 2172
177 7 2519 2520 7157 2180
178 7 2519 2520 7184 2191
179 7 2519 2520 7214 2202
180 7 2519 2520 7241 2206
181 7 2519 2520 7269 2214
182 7 2519 2520 7296 2231
183 7 2519 2520 7314 2231
184 7 2519 2520 7351 2243
185 7 2519 2520 7360 2247
186 7 2519 2520 7382 2247
187 7 2519 2520 7400 2255
188 7 2519 2520 7425 2255
189 7 2519 2520 7450 2258
190 7 2519 2520 7475 2273
191 7 2519 2520 7514 2288
192 8 2519 2520 7526 2290
193 8 2519 2520 7554 2303
194 8 2519 2520 7602 2320
195 8 2519 2520 7640 2334
196 8 2519 2520 7694 2349
197 8 2519 2520 7744 2363
198 8 2519 2520 7780 2372
199 8 2519 2520 7826 2382
200 8 2519 2520 7873 2382
201 8 2519 2520 7912 2391
202 8 2519 2520 7971 2401
203 8 2519 2520 8019 2412
204 8 2519 2520 8075 2424
205 8 2519 2520 8128 2439
206 8 2519 2520 8174 2457
207 8 2519 2520 8222 2471
208 8 2519 2520 8278 2493
209 8 2519 2520 8323 2498
210 8 2519 2520 8371 2501
211 8 2519 2520 8401 2500
212 8 2519 2520 8434 2515
213 9 2519 2520 8466 2527
214 9 2519 2520 8495 2528
215 9 2519 2520 8540 2542
216 9 2519 2520 8579 2550
217 9 2519 2520 8616 2556
218 9 2519 2520 8666 2558
219 9 2519 2520 8723 2558
220 9 2519 2520 8762 2568
221 9 2519 2520 8823 2587
222 9 2519 2520 8871 2600
223 9 2519 2520 8931 2619
224 9 2519 2520 8977 2624
225 9 2519 2520 9021 2630
226 9 2519 2520 9064 2643
227 9 2519 2520 9112 2648
228 9 2519 2520 9165 2671
229 9 2519 2520 9198 2684
230 9 2519 2520 9235 2701
231 9 2519 2520 9273 2709
232 9 2519 2520 9311 2713
233 9 2519 2520 9359 2734
234 9 2519 2520 9386 2745
235 9 2519 2520 9411 2752
236 9 2519 2520 9454 2760
237 9 2519 2520 9499 2778
238 9 2519 2520 9529 2785
239 9 2519 2520 9545 2783
240 9 2519 2520 9567 2792
241 9 2519 2520 9600 2803
242 9 2519 2520 9616 2806
243 9 2519 2520 9645 2811
244 9 2519 2520 9674 2812
245 9 2519 2520 9694 2809
246 9 2519 2520 9722 2825
247 9 2519 2520 9746 2826
248 9 2519 2520 9768 2835
249 9 2519 2520 9788 2840
250 9 2519 2520 9808 2840
251 9 2519 2520 9823 2839
252 9 2519 2520 9846 2838
253 9 2519 2520 9858 2844
254 9 2519 2520 9875 2847
255 9 2519 2520 9889 2850
256 9 2519 2520 9906 2853
257 9 2519 2520 9918 2850
258 9 2519 2520 9933 2864
259 9 2519 2520 9950 2869
260 9 2519 2520 9963 2870
261 9 2519 2520 9977 2876
262 9 2519 2520 9990 2876
263 9 2519 2520 10004 2882
264 9 2519 2520 10020 2884
265 9 2519 2520 10034 2890
266 9 2519 2520 10041 2891
267 9 2519 2520 10051 2893
268 9 2519 2520 10060 2900
269 9 2519 2520 10071 2901
270 9 2519 2520 10080 2902
271 9 2519 2520 10086 2913
272 9 2519 2520 10102 2918
273 9 2519 2520 10121 2921
274 9 2519 2520 10125 2928
275 9 2519 2520 10135 2928
276 10 2519 2520 10147 2931
277 10 2519 2520 10166 2932
278 10 2519 2520 10186 2937
279 10 2519 2520 10199 2944
280 10 2519 2520 10222 2944
281 10 2519 2520 10252 2954
282 10 2519 2520 10280 2964
283 10 2519 2520 10295 2970
284 10 2519 2520 10312 2967
285 10 2519 2520 10330 2977
286 10 2519 2520 10346 2982
287 10 2519 2520 10385 2989
288 10 2519 2520 10421 2993
289 10 2519 2520 10468 3002
290 10 2519 2520 10506 3008
291 10 2519 2520 10535 3010
292 10 2519 2520 10576 3005
293 10 2519 2520 10619 3023
294 10 2519 2520 10640 3021
295 10 2519 2520 10679 3024
296 10 2519 2520 10718 3031
297 10 2519 2520 10745 3031
298 10 2519 2520 10765 3034
299 10 2519 2520 10799 3033
300 11 2519 2520 10827 3038
301 11 2519 2520 10873 3050
302 11 2519 2520 10916 3062
303 11 2519 2520 10956 3073
304 11 2519 2520 10997 3078
305 11 2519 2520 11052 3088
306 11 2519 2520 11075 3100
307 11 2519 2520 11133 3109
308 11 2519 2520 11192 3118
309 11 2519 2520 11239 3124
310 11 2519 2520 11299 3142
311 11 2519 2520 11350 3157
312 11 2519 2520 11393 3170
313 11 2519 2520 11450 3187
314 11 2519 2520 11492 3188
315 11 2519 2520 11543 3202
316 11 2519 2520 11595 3207
317 11 2519 2520 11641 3220
318 11 2519 2520 11682 3225
319 11 2519 2520 11713 3232
320 11 2519 2520 11759 3242
321 11 2519 2520 11800 3247
322 11 2519 2520 11838 3261
323 11 2519 2520 11867 3275
324 11 2519 2520 11895 3282
325 11 2519 2520 11936 3290
326 11 2519 2520 11967 3299
327 11 2519 2520 11983 3303
328 11 2519 2520 12014 3312
329 12 2519 2520 12040 3316
330 12 2519 2520 12067 3323
331 12 2519 2520 12097 3331
332 12 2519 2520 12131 3344
333 12 2519 2520 12153 3342
334 12 2519 2520 12184 3346
335 12 2519 2520 12215 3358
336 12 2519 2520 12244 3364
337 12 2519 2520 12262 3367
338 13 2519 2520 12302 3380
339 13 2519 2520 12330 3389
340 13 2519 2520 12362 3402
341 13 2519 2520 12394 3412
342 13 2519 2520 12434 3425
343 13 2519 2520 12468 3432
344 13 2519 2520 12508 3446
345 13 2519 2520 12547 3447
346 13 2519 2520 12586 3454
347 13 2519 2520 12630 3468
348 13 2519 2520 12689 3478
349 13 2519 2520 12726 3488
350 13 2519 2520 12764 3490
351 13 2519 2520 12807 3492
352 13 2519 2520 12849 3496
353 13 2519 2520 12879 3506
354 13 2519 2520 12918 3511
355 13 2519 2520 12935 3517
356 13 2519 2520 12991 3533
357 13 2519 2520 13027 3539
358 13 2519 2520 13055 3540
359 13 2519 2520 13096 3551
360 13 2519 2520 13134 3556
361 13 2519 2520 13181 3565
362 13 2519 2520 13219 3582
363 13 2519 2520 13263 3591
364 13 2519 2520 13308 3591
365 13 2519 2520 13346 3604
366 13 2519 2520 13393 3615
367 13 2519 2520 13430 3618
368 13 2519 2520 13455 3618
369 13 2519 2520 13506 3625
370 13 2519 2520 13536 3634
371 13 2519 2520 13595 3645
372 13 2519 2520 13641 3654
373 13 2519 2520 13684 3663
374 13 2519 2520 13721 3685
375 13 2519 2520 13744 3699
376 13 2519 2520 13792 3714
377 13 2519 2520 13814 3720
378 13 2519 2520 13839 3723
379 13 2519 2520 13859 3727
380 13 2519 2520 13871 3732
381 13 2519 2520 13897 3742
382 13 2519 2520 13923 3744
383 13 2519 2520 13947 3753
384 13 2519 2520 13965 3760
385 13 2519 2520 13987 3768
386 13 2519 2520 14007 3776
387 13 2519 2520 14016 3777
388 13 2519 2520 14035 3784
389 13 2519 2520 14049 3794
390 13 2519 2520 14065 3800
391 13 2519 2520 14077 3803
392 13 2519 2520 14085 3807
393 13 2519 2520 14091 3805
394 13 2519 2520 14108 3810
395 13 2519 2520 14127 3814
396 13 2519 2520 14145 3821
397 13 2519 2520 14158 3826
398 13 2519 2520 14150 3825
399 13 2519 2520 14167 3825
400 13 2519 2520 14189 3836
401 13 2519 2520 14204 3841
402 13 2519 2520 14229 3849
403 13 2519 2520 14243 3853
404 13 2519 2520 14252 3858
405 13 2519 2520 14265 3870
406 13 2519 2520 14274 3876
407 13 2519 2520 14301 3888
408 13 2519 2520 14313 3894
409 14 2519 2520 14327 3889
410 14 2519 2520 14347 3887
411 14 2519 2520 14368 3889
412 14 2519 2520 14389 3894
413 14 2519 2520 14404 3892
414 14 2519 2520 14447 3897
415 14 2519 2520 14473 3901
416 14 2519 2520 14503 3908
417 14 2519 2520 14533 3917
418 14 2519 2520 14561 3919
419 14 2519 2520 14603 3925
420 14 2519 2520 14654 3933
421 14 2519 2520 14685 3937
422 14 2519 2520 14728 3944
423 16 2519 2520 14771 3950
424 16 2519 2520 14813 3956
425 16 2519 2520 14861 3967
426 16 2519 2520 14930 3981
427 16 2519 2520 14982 3993
428 16 2519 2520 15044 4008
429 16 2519 2520 15092 4020
430 16 2519 2520 15151 4039
431 16 2519 2520 15211 4048
432 16 2519 2520 15273 4062
433 16 2519 2520 15336 4082
434 16 2519 2520 15375 4091
435 16 2519 2520 15420 4109
436 16 2519 2520 15482 4121
437 16 2519 2520 15525 4126
438 16 2519 2520 15567 4152
439 16 2519 2520 15606 4153
440 16 2519 2520 15646 4158
441 16 2519 2520 15683 4171
442 16 2519 2520 15735 4187
443 16 2519 2520 15791 4197
444 16 2519 2520 15811 4191
445 16 2519 2520 15860 4200
446 16 2519 2520 15893 4218
447 16 2519 2520 15930 4233
448 16 2519 2520 15960 4238
449 16 2519 2520 15991 4246
450 16 2519 2520 16022 4265
451 16 2519 2520 16055 4274
452 16 2519 2520 16089 4275
453 16 2519 2520 16121 4282
454 16 2519 2520 16151 4291
455 16 2519 2520 16180 4303
456 16 2519 2520 16200 4303
457 16 2519 2520 16233 4306
458 16 2519 2520 16260 4314
459 16 2519 2520 16287 4322
460 16 2519 2520 16318 4327
461 16 2519 2520 16340 4342
462 16 2519 2520 16359 4340
463 16 2519 2520 16384 4342
464 16 2519 2520 16414 4341
465 16 2519 2520 16434 4351
466 16 2519 2520 16451 4352
467 16 2519 2520 16482 4355
468 16 2519 2520 16512 4367
469 16 2519 2520 16533 4365
470 16 2519 2520 16547 4367
471 16 2519 2520 16564 4367
472 16 2519 2520 16585 4371
473 16 2519 2520 16609 4379
474 16 2519 2520 16622 4387
475 16 2519 2520 16631 4390
476 16 2519 2520 16643 4391
477 16 2519 2520 16662 4392
478 16 2519 2520 16676 4400
479 16 2519 2520 16692 4407
480 16 2519 2520 16706 4411
481 16 2519 2520 16719 4415
482 16 2519 2520 16743 4425
483 16 2519 2520 16752 4432
484 16 2519 2520 16772 4440
485 16 2519 2520 16781 4442
486 16 2519 2520 16805 4448
487 16 2519 2520 16828 4450
488 16 2519 2520 16845 4448
489 16 2519 2520 16861 4453
490 16 2519 2520 16883 4460
491 16 2519 2520 16901 4460
492 16 2519 2520 16917 4468
493 16 2519 2520 16926 4471
494 16 2519 2520 16936 4472
495 16 2519 2520 16940 4471
496 16 2519 2520 16941 4471
497 16 2519 2520 16958 4472
498 16 2519 2520 16978 4477
499 16 2519 2520 16986 4476
500 16 2519 2520 16999 4484
501 16 2519 2520 17015 4485
502 16 2519 2520 17034 4482
503 16 2519 2520 17049 4490
504 16 2519 2520 17064 4488
505 16 2519 2520 17085 4488
506 16 2519 2520 17104 4493
507 17 2519 2520 17119 4494
508 17 2519 2520 17134 4498
509 17 2519 2520 17164 4510
510 17 2519 2520 17202 4514
511 17 2519 2520 17242 4521
512 17 2519 2520 17277 4534
513 17 2519 2520 17314 4543
514 17 2519 2520 17346 4544
515 17 2519 2520 17376 4547
516 17 2519 2520 17395 4553
517 17 2519 2520 17429 4561
518 18 2519 2520 17445 4566
519 18 2519 2520 17484 4576
520 18 2519 2520 17518 4586
521 18 2519 2520 17559 4599
522 18 2519 2520 17599 4607
523 18 2519 2520 17625 4616
524 18 2519 2520 17663 4627
525 18 2519 2520 17703 4644
526 18 2519 2520 17741 4654
527 18 2519 2520 17786 4672
528 18 2519 2520 17816 4676
529 18 2519 2520 17863 4691
530 18 2519 2520 17903 4700
531 18 2519 2520 17920 4696
532 19 2519 2520 17958 4705
533 19 2519 2520 18013 4721
534 19 2519 2520 18062 4734
535 19 2519 2520 18110 4755
536 19 2519 2520 18168 4769
537 19 2519 2520 18214 4778
538 19 2519 2520 18266 4783
539 19 2519 2520 18307 4797
540 19 2519 2520 18361 4807
541 19 2519 2520 18410 4816
542 19 2519 2520 18473 4833
543 19 2519 2520 18513 4845
544 19 2519 2520 18572 4839
545 19 2519 2520 18616 4847
546 19 2519 2520 18646 4846
547 19 2519 2520 18692 4859
548 19 2519 2520 18731 4873
549 19 2519 2520 18760 4878
550 19 2519 2520 18787 4884
551 19 2519 2520 18826 4889
552 19 2519 2520 18856 4899
553 19 2519 2520 18899 4909
554 19 2519 2520 18942 4919
555 19 2519 2520 18988 4927
556 19 2519 2520 19016 4920
557 19 2519 2520 19048 4929
558 19 2519 2520 19076 4934
559 19 2519 2520 19112 4937
560 19 2519 2520 19146 4942
561 19 2519 2520 19190 4958
562 19 2519 2520 19227 4956
563 19 2519 2520 19253 4961
564 19 2519 2520 19284 4963
565 19 2519 2520 19318 4970
566 19 2519 2520 19350 4966
567 19 2519 2520 19368 4976
568 19 2519 2520 19385 4986
569 19 2519 2520 19396 4982
570 19 2519 2520 19405 4985
571 19 2519 2520 19421 4989
572 19 2519 2520 19445 4995
573 19 2519 2520 19466 4996
574 19 2519 2520 19480 5005
575 19 2519 2520 19492 5010
576 19 2519 2520 19509 5010
577 19 2519 2520 19511 5014
578 19 2519 2520 19534 5009
579 19 2519 2520 19548 5001
580 19 2519 2520 19557 5014
581 19 2519 2520 19564 5003
582 19 2519 2520 19589 4997
583 19 2519 2520 19613 4999
584 19 2519 2520 19633 5002
585 19 2519 2520 19654 5004
586 20 2519 2520 19682 5010
587 20 2519 2520 19728 5024
588 20 2519 2520 19773 5038
589 20 2519 2520 19809 5048
590 20 2519 2520 19853 5057
591 20 2519 2520 19898 5068
592 20 2519 2520 19926 5075
593 20 2519 2520 19970 5081
594 20 2519 2520 20014 5090
595 20 2519 2520 20050 5103
596 20 2519 2520 20077 5106
597 20 2519 2520 20104 5108
598 20 2519 2520 20134 5115
599 20 2519 2520 20175 5126
600 20 2519 2520 20198 5132
601 20 2519 2520 20224 5138
602 20 2519 2520 20252 5135
603 20 2519 2520 20292 5141
604 20 2519 2520 20315 5146
605 20 2519 2520 20342 5149
606 20 2519 2520 20377 5152
607 20 2519 2520 20406 5160
608 20 2519 2520 20438 5168
609 20 2519 2520 20475 5172
610 20 2519 2520 20488 5174
611 20 2519 2520 20525 5171
612 20 2519 2520 20547 5169
613 20 2519 2520 20575 5175
614 20 2519 2520 20601 5175
615 20 2519 2520 20625 5185
616 20 2519 2520 20646 5188
617 20 2519 2520 20680 5191
618 20 2519 2520 20688 5197
619 20 2519 2520 20708 5205
620 20 2519 2520 20717 5200
621 20 2519 2520 20723 5202
622 20 2519 2520 20738 5205
623 21 2519 2520 20777 5220
624 21 2519 2520 20805 5232
625 21 2519 2520 20836 5243
626 21 2519 2520 20873 5245
627 21 2519 2520 20921 5259
628 21 2519 2520 20963 5272
629 21 2519 2520 20991 5285
630 21 2519 2520 21017 5293
631 21 2519 2520 21058 5303
632 21 2519 2520 21101 5309
633 21 2519 2520 21127 5320
634 21 2519 2520 21166 5332
635 21 2519 2520 21215 5344
636 21 2519 2520 21237 5354
637 21 2519 2520 21271 5355
638 21 2519 2520 21296 5356
639 21 2519 2520 21332 5362
640 21 2519 2520 21370 5369
641 21 2519 2520 21398 5373
642 21 2519 2520 21431 5380
643 21 2519 2520 21451 5390
644 21 2519 2520 21474 5397
645 21 2519 2520 21497 5400
646 21 2519 2520 21535 5402
647 21 2519 2520 21568 5407
648 21 2519 2520 21595 5412
649 21 2519 2520 21625 5417
650 21 2519 2520 21652 5425
651 21 2519 2520 21670 5427
652 21 2519 2520 21691 5434
653 21 2519 2520 21711 5428
654 21 2519 2520 21722 5434
655 21 2519 2520 21755 5441
656 21 2519 2520 21782 5446
657 21 2519 2520 21807 5446
658 21 2519 2520 21833 5451
659 21 2519 2520 21879 5453
660 21 2519 2520 21900 5449
661 21 2519 2520 21919 5465
662 21 2519 2520 21947 5474
663 21 2519 2520 21970 5483
664 21 2519 2520 22000 5494
665 21 2519 2520 22021 5500
666 21 2519 2520 22035 5508
667 21 2519 2520 22046 5511
668 21 2519 2520 22070 5513
669 21 2519 2520 22087 5515
670 21 2519 2520 22102 5526
671 21 2519 2520 22110 5525
672 21 2519 2520 22126 5527
673 21 2519 2520 22146 5534
674 21 2519 2520 22171 5541
675 21 2519 2520 22181 5542
676 21 2519 2520 22206 5546
677 21 2519 2520 22224 5555
678 21 2519 2520 22240 5563
679 21 2519 2520 22251 5559
680 21 2519 2520 22270 5572
681 21 2519 2520 22284 5578
682 21 2519 2520 22302 5582
683 21 2519 2520 22311 5588
684 21 2519 2520 22318 5591
685 21 2519 2520 22329 5599
686 21 2519 2520 22342 5602
687 21 2519 2520 22351 5607
688 21 2519 2520 22356 5607
689 21 2519 2520 22371 5610
690 21 2519 2520 22379 5608
691 21 2519 2520 22393 5613
692 21 2519 2520 22407 5615
693 21 2519 2520 22417 5624
694 21 2519 2520 22425 5625
695 21 2519 2520 22431 5631
696 21 2519 2520 22442 5634
697 21 2519 2520 22449 5637
698 21 2519 2520 22452 5634
699 21 2519 2520 22461 5639
700 21 2519 2520 22459 5634
701 21 2519 2520 22468 5631
702 21 2519 2520 22482 5637
703 21 2519 2520 22486 5639
704 21 2519 2520 22500 5645
705 21 2519 2520 22510 5647
706 21 2519 2520 22514 5645
707 21 2519 2520 22521 5642
708 21 2519 2520 22536 5650
709 21 2519 2520 22539 5647
710 21 2519 2520 22544 5651
711 21 2519 2520 22538 5645
712 21 2519 2520 22545 5647
713 21 2519 2520 22551 5649
714 21 2519 2520 22566 5648
715 21 2519 2520 22587 5655
716 21 2519 2520 22595 5661
717 21 2519 2520 22608 5667
718 21 2519 2520 22620 5669
719 21 2519 2520 22624 5672
720 21 2519 2520 22630 5668
721 21 2519 2520 22645 5673
722 21 2519 2520 22655 5680
723 21 2519 2520 22663 5681
724 21 2519 2520 22656 5685
725 21 2519 2520 22667 5690
726 21 2519 2520 22677 5695
727 21 2519 2520 22698 5701
728 21 2519 2520 22701 5700
729 21 2519 2520 22704 5701
730 21 2519 2520 22713 5703
731 21 2519 2520 22727 5709
732 21 2519 2520 22736 5708
733 21 2519 2520 22738 5710
734 21 2519 2520 22749 5714
735 21 2519 2520 22764 5715
736 21 2519 2520 22773 5719
737 21 2519 2520 22790 5718
738 21 2519 2520 22797 5722
739 21 2519 2520 22797 5723
740 21 2519 2520 22804 5724
741 21 2519 2520 22809 5725
742 21 2519 2520 22815 5734
743 21 2519 2520 22825 5735
744 21 2519 2520 22838 5741
745 21 2519 2520 22840 5740
746 21 2519 2520 22846 5746
747 21 2519 2520 22858 5745
748 21 2519 2520 22862 5750
749 21 2519 2520 22876 5756
750 21 2519 2520 22872 5752
751 21 2519 2520 22887 5756
752 21 2519 2520 22892 5761
753 21 2519 2520 22901 5765
754 21 2519 2520 22899 5763
755 21 2519 2520 22905 5764
756 21 2519 2520 22908 5763
757 21 2519 2520 22913 5763
758 21 2519 2520 22922 5764
759 21 2519 2520 22924 5769
760 21 2519 2520 22936 5765
761 21 2519 2520 22948 5767
762 21 2519 2520 22954 5771
763 21 2519 2520 22962 5778
764 21 2519 2520 22971 5783
765 21 2519 2520 22971 5782
766 21 2519 2520 22973 5779
767 21 2519 2520 22986 5783
768 21 2519 2520 22993 5790
769 21 2519 2520 23004 5795
770 21 2519 2520 23004 5796
771 21 2519 2520 23009 5798
772 21 2519 2520 23020 5800
773 21 2519 2520 23022 5798
774 21 2519 2520 23033 5801
775 21 2519 2520 23037 5801
776 21 2519 2520 23044 5809
777 21 2519 2520 23046 5810
778 21 2519 2520 23062 5812
779 21 2519 2520 23071 5814
780 21 2519 2520 23080 5823
781 21 2519 2520 23085 5822
782 21 2519 2520 23093 5819
783 21 2519 2520 23098 5823
784 21 2519 2520 23110 5826
785 21 2519 2520 23120 5823
786 21 2519 2520 23128 5832
787 21 2519 2520 23130 5829
788 21 2519 2520 23140 5828
789 21 2519 2520 23145 5833
790 21 2519 2520 23147 5831
791 21 2519 2520 23161 5831
792 21 2519 2520 23163 5835
793 22 2519 2520 23166 5834
794 22 2519 2520 23172 5837
795 22 2519 2520 23180 5842
796 22 2519 2520 23189 5846
797 22 2519 2520 23193 5847
798 22 2519 2520 23199 5848
799 22 2519 2520 23209 5850
800 22 2519 2520 23220 5856
801 22 2519 2520 23236 5862
802 22 2519 2520 23253 5868
803 22 2519 2520 23264 5865
804 22 2519 2520 23273 5867
805 22 2519 2520 23286 5874
806 22 2519 2520 23299 5880
807 22 2519 2520 23327 5884
808 22 2519 2520 23347 5890
809 22 2519 2520 23353 5896
810 22 2519 2520 23368 5890
811 22 2519 2520 23381 5893
812 22 2519 2520 23402 5897
813 22 2519 2520 23427 5902
814 22 2519 2520 23439 5905
815 22 2519 2520 23458 5912
816 22 2519 2520 23480 5915
817 22 2519 2520 23484 5918
818 22 2519 2520 23504 5922
819 22 2519 2520 23516 5922
820 22 2519 2520 23544 5932
821 22 2519 2520 23569 5932
822 22 2519 2520 23583 5930
823 22 2519 2520 23598 5939
824 22 2519 2520 23613 5944
825 22 2519 2520 23621 5946
826 22 2519 2520 23632 5943
827 22 2519 2520 23641 5938
828 22 2519 2520 23660 5933
829 22 2519 2520 23675 5938
830 22 2519 2520 23677 5940
831 22 2519 2520 23694 5940
832 22 2519 2520 23700 5940
833 22 2519 2520 23719 5946
834 22 2519 2520 23725 5948
835 22 2519 2520 23733 5953
836 22 2519 2520 23751 5962
837 22 2519 2520 23764 5962
838 22 2519 2520 23779 5956
839 22 2519 2520 23791 5967
840 22 2519 2520 23803 5971
841 22 2519 2520 23811 5967
842 22 2519 2520 23833 5968
843 22 2519 2520 23850 5973
844 22 2519 2520 23873 5982
845 22 2519 2520 23892 5988
846 22 2519 2520 23905 5991
847 22 2519 2520 23920 5995
848 22 2519 2520 23935 6008
849 22 2519 2520 23948 6006
850 22 2519 2520 23964 6007
851 22 2519 2520 23988 6015
852 22 2519 2520 24003 6022
853 22 2519 2520 24011 6031
854 22 2519 2520 24022 6033
855 22 2519 2520 24032 6034
856 22 2519 2520 24049 6037
857 22 2519 2520 24068 6041
858 22 2519 2520 24075 6043
859 22 2519 2520 24075 6044
860 22 2519 2520 24077 6042
861 22 2519 2520 24082 6040
862 22 2519 2520 24082 6041
863 22 2519 2520 24097 6049
864 22 2519 2520 24101 6040
865 22 2519 2520 24120 6046
866 22 2519 2520 24126 6044
867 22 2519 2520 24134 6048
868 22 2519 2520 24139 6048
869 22 2519 2520 24155 6050
870 22 2519 2520 24164 6060
871 22 2519 2520 24166 6063
872 22 2519 2520 24163 6065
873 22 2519 2520 24172 6070
874 22 2519 2520 24183 6075
875 22 2519 2520 24187 6076
876 22 2519 2520 24196 6071
877 22 2519 2520 24206 6075
878 22 2519 2520 24212 6073
879 22 2519 2520 24220 6076
880 22 2519 2520 24238 6084
881 22 2519 2520 24251 6087
882 22 2519 2520 24265 6096
883 22 2519 2520 24284 6096
884 23 2519 2520 24299 6101
885 23 2519 2520 24318 6104
886 23 2519 2520 24346 6111
887 23 2519 2520 24359 6114
888 23 2519 2520 24380 6111
889 23 2519 2520 24408 6119
890 23 2519 2520 24436 6120
891 23 2519 2520 24471 6131
892 23 2519 2520 24508 6145
893 23 2519 2520 24535 6148
894 23 2519 2520 24551 6154
895 23 2519 2520 24569 6159
896 23 2519 2520 24598 6167
897 23 2519 2520 24630 6176
898 23 2519 2520 24667 6188
899 23 2519 2520 24709 6204
900 23 2519 2520 24729 6193
901 23 2519 2520 24757 6196
902 23 2519 2520 24779 6208
903 23 2519 2520 24812 6204
904 23 2519 2520 24842 6207
905 23 2519 2520 24874 6216
906 23 2519 2520 24897 6228
907 23 2519 2520 24916 6232
908 23 2519 2520 24934 6245
909 24 2519 2520 24946 6244
910 24 2519 2520 24978 6250
911 24 2519 2520 25013 6265
912 24 2519 2520 25045 6271
913 24 2519 2520 25090 6281
914 24 2519 2520 25122 6291
915 24 2519 2520 25150 6301
916 24 2519 2520 25177 6304
917 24 2519 2520 25207 6306
918 25 2519 2520 25243 6299
919 25 2519 2520 25286 6313
920 25 2519 2520 25342 6322
921 25 2519 2520 25380 6337
922 25 2519 2520 25411 6345
923 25 2519 2520 25459 6357
924 25 2519 2520 25505 6365
925 25 2519 2520 25539 6372
926 25 2519 2520 25576 6380
927 25 2519 2520 25613 6388
928 25 2519 2520 25633 6390
929 25 2519 2520 25677 6387
930 25 2519 2520 25719 6392
931 25 2519 2520 25770 6412
932 25 2519 2520 25796 6414
933 25 2519 2520 25829 6420
934 25 2519 2520 25862 6425
935 25 2519 2520 25905 6416
936 25 2519 2520 25947 6416
937 25 2519 2520 25973 6416
938 25 2519 2520 26015 6414
939 25 2519 2520 26051 6419
940 25 2519 2520 26080 6424
941 25 2519 2520 26110 6432
942 25 2519 2520 26142 6433
943 25 2519 2520 26178 6444
944 26 2519 2520 26202 6448
945 26 2519 2520 26239 6459
946 26 2519 2520 26275 6459
947 26 2519 2520 26332 6476
948 26 2519 2520 26381 6493
949 26 2519 2520 26409 6499
950 26 2519 2520 26449 6508
951 26 2519 2520 26492 6522
952 26 2519 2520 26523 6525
953 26 2519 2520 26560 6525
954 26 2519 2520 26593 6538
955 27 2519 2520 26632 6537
956 27 2519 2520 26684 6546
957 27 2519 2520 26746 6559
958 27 2519 2520 26811 6573
959 27 2519 2520 26861 6579
960 27 2519 2520 26912 6596
961 27 2519 2520 26983 6619
962 27 2519 2520 27050 6625
963 27 2519 2520 27122 6642
964 27 2519 2520 27177 6657
965 27 2519 2520 27239 6668
966 27 2519 2520 27296 6682
967 27 2519 2520 27360 6712
968 27 2519 2520 27426 6721
969 27 2519 2520 27471 6723
970 27 2519 2520 27529 6731
971 27 2519 2520 27601 6733
972 27 2519 2520 27636 6747
973 27 2519 2520 27685 6753
974 27 2519 2520 27739 6767
975 27 2519 2520 27776 6774
976 27 2519 2520 27832 6786
977 27 2519 2520 27882 6787
978 27 2519 2520 27937 6803
979 27 2519 2520 27990 6807
980 27 2519 2520 28052 6812
981 27 2519 2520 28101 6820
982 27 2519 2520 28133 6825
983 27 2519 2520 28169 6846
984 27 2519 2520 28196 6845
985 27 2519 2520 28239 6850
986 27 2519 2520 28259 6856
987 27 2519 2520 28272 6863
988 27 2519 2520 28305 6868
989 27 2519 2520 28310 6875
990 27 2519 2520 28349 6894
991 27 2519 2520 28378 6899
992 27 2519 2520 28410 6902
993 27 2519 2520 28437 6900
994 27 2519 2520 28464 6903
995 27 2519 2520 28494 6900
996 28 2519 2520 28528 6911
997 28 2519 2520 28556 6918
998 28 2519 2520 28588 6915
999 28 2519 2520 28606 6916
1000 28 2519 2520 28632 6921
