0 1 2519 2520 795 500
1 1 2519 2520 803 504
2 1 2519 2520 820 518
3 1 2519 2520 834 525
4 1 2519 2520 854 538
5 1 2519 2520 873 551
6 1 2519 2520 893 558
7 1 2519 2520 910 568
8 1 2519 2520 938 582
9 1 2519 2520 962 590
10 1 2519 2520 975 596
11 1 2519 2520 991 600
12 1 2519 2520 1005 608
13 1 2519 2520 1024 615
14 1 2519 2520 1037 621
15 1 2519 2520 1056 630
16 1 2519 2520 1064 632
17 1 2519 2520 1071 635
18 1 2519 2520 1080 641
19 1 2519 2520 1090 646
20 1 2519 2520 1100 653
21 1 2519 2520 1112 658
22 1 2519 2520 1120 660
23 1 2519 2520 1136 664
24 1 2519 2520 1150 671
25 1 2519 2520 1155 671
26 1 2519 2520 1165 674
27 1 2519 2520 1171 677
28 1 2519 2520 1177 679
29 1 2519 2520 1185 679
30 1 2519 2520 1190 677
31 2 2519 2520 1194 677
32 2 2519 2520 1220 688
33 2 2519 2520 1267 709
34 2 2519 2520 1315 723
35 2 2519 2520 1375 735
36 2 2519 2520 1419 750
37 2 2519 2520 1476 775
38 2 2519 2520 1534 800
39 2 2519 2520 1576 815
40 2 2519 2520 1627 837
41 2 2519 2520 1665 843
42 2 2519 2520 1713 856
43 2 2519 2520 1759 871
44 2 2519 2520 1808 885
45 2 2519 2520 1857 897
46 2 2519 2520 1896 908
47 2 2519 2520 1933 919
48 2 2519 2520 1959 922
49 2 2519 2520 1983 923
50 2 2519 2520 2010 932
51 2 2519 2520 2037 936
52 2 2519 2520 2063 944
53 2 2519 2520 2090 952
54 2 2519 2520 2114 956
55 2 2519 2520 2132 961
56 2 2519 2520 2147 962
57 2 2519 2520 2157 964
58 2 2519 2520 2177 968
59 2 2519 2520 2203 977
60 2 2519 2520 2216 980
61 2 2519 2520 2236 989
62 2 2519 2520 2249 989
63 2 2519 2520 2260 989
64 2 2519 2520 2272 992
65 2 2519 2520 2281 995
66 2 2519 2520 2290 998
67 2 2519 2520 2302 1005
68 2 2519 2520 2310 1008
69 2 2519 2520 2324 1010
70 3 2519 2520 2334 1013
71 3 2519 2520 2352 1021
72 3 2519 2520 2393 1032
73 3 2519 2520 2437 1034
74 3 2519 2520 2479 1043
75 3 2519 2520 2519 1054
76 3 2519 2520 2565 1071
77 3 2519 2520 2615 1080
78 3 2519 2520 2660 1097
79 3 2519 2520 2708 1114
80 3 2519 2520 2745 1116
81 3 2519 2520 2781 1130
82 3 2519 2520 2811 1142
83 3 2519 2520 2849 1151
84 3 2519 2520 2879 1155
85 4 2519 2520 2919 1172
86 4 2519 2520 2948 1177
87 4 2519 2520 3007 1189
88 4 2519 2520 3058 1198
89 4 2519 2520 3089 1209
90 4 2519 2520 3142 1228
91 4 2519 2520 3210 1249
92 4 2519 2520 3275 1276
93 4 2519 2520 3348 1297
94 4 2519 2520 3401 1308
95 4 2519 2520 3454 1326
96 4 2519 2520 3520 1343
97 4 2519 2520 3580 1364
98 4 2519 2520 3647 1378
99 4 2519 2520 3694 1385
100 4 2519 2520 3754 1402
101 4 2519 2520 3809 1413
102 4 2519 2520 3864 1436
103 4 2519 2520 3904 1439
104 4 2519 2520 3954 1453
105 4 2519 2520 4012 1471
106 4 2519 2520 4056 1490
107 4 2519 2520 4099 1509
108 4 2519 2520 4125 1516
109 4 2519 2520 4151 1525
110 4 2519 2520 4175 1530
111 4 2519 2520 4203 1535
112 4 2519 2520 4224 1536
113 4 2519 2520 4260 1553
114 4 2519 2520 4281 1560
115 4 2519 2520 4306 1564
116 4 2519 2520 4321 1566
117 4 2519 2520 4341 1573
118 4 2519 2520 4363 1587
119 4 2519 2520 4381 1596
120 4 2519 2520 4403 1602
121 4 2519 2520 4420 1610
122 4 2519 2520 4433 1613
123 4 2519 2520 4446 1614
124 4 2519 2520 4458 1616
125 4 2519 2520 4467 1620
126 4 2519 2520 4476 1624
127 4 2519 2520 4480 1627
128 4 2519 2520 4481 1627
129 4 2519 2520 4489 1631
130 4 2519 2520 4494 1633
131 4 2519 2520 4502 1634
132 4 2519 2520 4510 1640
133 4 2519 2520 4517 1641
134 4 2519 2520 4517 1644
135 4 2519 2520 4521 1646
136 4 2519 2520 4526 1652
137 4 2519 2520 4531 1650
138 4 2519 2520 4540 1656
139 4 2519 2520 4544 1653
140 4 2519 2520 4552 1657
141 4 2519 2520 4555 1652
142 4 2519 2520 4558 1655
143 4 2519 2520 4563 1655
144 4 2519 2520 4576 1660
145 4 2519 2520 4582 1657
146 4 2519 2520 4585 1653
147 4 2519 2520 4593 1656
148 4 2519 2520 4589 1652
149 4 2519 2520 4599 1654
150 4 2519 2520 4616 1661
151 4 2519 2520 4624 1662
152 4 2519 2520 4630 1664
153 4 2519 2520 4644 1666
154 4 2519 2520 4655 1670
155 4 2519 2520 4662 1673
156 4 2519 2520 4664 1672
157 4 2519 2520 4671 1673
158 4 2519 2520 4672 1680
159 5 2519 2520 4686 1678
160 5 2519 2520 4700 1679
161 5 2519 2520 4728 1679
162 5 2519 2520 4751 1680
163 5 2519 2520 4773 1682
164 5 2519 2520 4812 1686
165 5 2519 2520 4835 1692
166 5 2519 2520 4871 1692
167 5 2519 2520 4901 1702
168 5 2519 2520 4933 1709
169 5 2519 2520 4970 1716
170 5 2519 2520 5005 1718
171 5 2519 2520 5041 1724
172 5 2519 2520 5088 1730
173 5 2519 2520 5143 1742
174 6 2519 2520 5172 1753
175 6 2519 2520 5200 1756
176 6 2519 2520 5235 1760
177 6 2519 2520 5285 1772
178 6 2519 2520 5326 1782
179 6 2519 2520 5367 1784
180 6 2519 2520 5417 1792
181 6 2519 2520 5472 1808
182 6 2519 2520 5507 1816
183 6 2519 2520 5551 1824
184 6 2519 2520 5582 1836
185 6 2519 2520 5625 1853
186 6 2519 2520 5685 1873
187 6 2519 2520 5723 1880
188 6 2519 2520 5754 1885
189 6 2519 2520 5802 1895
190 6 2519 2520 5862 1915
191 6 2519 2520 5898 1929
192 6 2519 2520 5934 1941
193 6 2519 2520 5988 1959
194 6 2519 2520 6025 1971
195 6 2519 2520 6070 1991
196 6 2519 2520 6126 2012
197 6 2519 2520 6164 2016
198 6 2519 2520 6202 2017
199 6 2519 2520 6234 2026
200 6 2519 2520 6256 2034
201 6 2519 2520 6279 2040
202 6 2519 2520 6313 2051
203 6 2519 2520 6331 2056
204 6 2519 2520 6345 2055
205 6 2519 2520 6365 2064
206 6 2519 2520 6388 2066
207 6 2519 2520 6406 2071
208 6 2519 2520 6418 2072
209 6 2519 2520 6445 2069
210 6 2519 2520 6468 2079
211 6 2519 2520 6488 2086
212 6 2519 2520 6510 2094
213 6 2519 2520 6527 2102
214 6 2519 2520 6536 2104
215 6 2519 2520 6555 2103
216 6 2519 2520 6580 2105
217 6 2519 2520 6598 2108
218 6 2519 2520 6617 2111
219 6 2519 2520 6636 2121
220 6 2519 2520 6647 2124
221 6 2519 2520 6662 2133
222 6 2519 2520 6670 2141
223 6 2519 2520 6685 2143
224 6 2519 2520 6690 2148
225 6 2519 2520 6703 2156
226 6 2519 2520 6710 2155
227 6 2519 2520 6724 2157
228 6 2519 2520 6736 2157
229 6 2519 2520 6746 2162
230 6 2519 2520 6764 2169
231 6 2519 2520 6777 2173
232 6 2519 2520 6789 2180
233 6 2519 2520 6802 2179
234 6 2519 2520 6804 2182
235 7 2519 2520 6812 2187
236 7 2519 2520 6827 2194
237 7 2519 2520 6851 2203
238 7 2519 2520 6869 2214
239 7 2519 2520 6896 2228
240 7 2519 2520 6922 2245
241 7 2519 2520 6952 2252
242 7 2519 2520 6995 2262
243 7 2519 2520 7032 2265
244 7 2519 2520 7072 2277
245 7 2519 2520 7107 2281
246 7 2519 2520 7141 2292
247 7 2519 2520 7166 2292
248 7 2519 2520 7217 2301
249 7 2519 2520 7242 2318
250 7 2519 2520 7274 2326
251 7 2519 2520 7319 2334
252 7 2519 2520 7354 2341
253 7 2519 2520 7383 2345
254 7 2519 2520 7422 2357
255 7 2519 2520 7460 2367
256 7 2519 2520 7490 2366
257 8 2519 2520 7520 2373
258 8 2519 2520 7552 2375
259 8 2519 2520 7600 2392
260 8 2519 2520 7647 2408
261 8 2519 2520 7687 2409
262 8 2519 2520 7726 2417
263 8 2519 2520 7761 2421
264 8 2519 2520 7798 2437
265 8 2519 2520 7825 2450
266 8 2519 2520 7849 2458
267 8 2519 2520 7867 2461
268 8 2519 2520 7904 2473
269 8 2519 2520 7937 2479
270 8 2519 2520 7965 2487
271 8 2519 2520 8011 2492
272 8 2519 2520 8047 2503
273 8 2519 2520 8082 2518
274 8 2519 2520 8110 2518
275 8 2519 2520 8138 2529
276 8 2519 2520 8180 2534
277 8 2519 2520 8208 2544
278 8 2519 2520 8239 2552
279 8 2519 2520 8265 2562
280 8 2519 2520 8300 2563
281 8 2519 2520 8327 2566
282 8 2519 2520 8362 2576
283 8 2519 2520 8403 2588
284 8 2519 2520 8435 2596
285 8 2519 2520 8454 2596
286 8 2519 2520 8476 2605
287 8 2519 2520 8495 2613
288 8 2519 2520 8522 2617
289 8 2519 2520 8546 2623
290 8 2519 2520 8567 2624
291 8 2519 2520 8594 2631
292 8 2519 2520 8612 2636
293 8 2519 2520 8629 2637
294 8 2519 2520 8651 2642
295 8 2519 2520 8665 2649
296 8 2519 2520 8685 2649
297 8 2519 2520 8710 2662
298 8 2519 2520 8732 2667
299 8 2519 2520 8753 2676
300 8 2519 2520 8765 2678
301 8 2519 2520 8783 2689
302 8 2519 2520 8785 2686
303 8 2519 2520 8810 2692
304 9 2519 2520 8826 2700
305 9 2519 2520 8850 2709
306 9 2519 2520 8872 2716
307 9 2519 2520 8897 2720
308 9 2519 2520 8913 2722
309 9 2519 2520 8945 2726
310 9 2519 2520 8980 2736
311 9 2519 2520 9009 2739
312 9 2519 2520 9037 2741
313 9 2519 2520 9060 2747
314 9 2519 2520 9088 2751
315 9 2519 2520 9112 2754
316 9 2519 2520 9144 2763
317 9 2519 2520 9172 2778
318 9 2519 2520 9198 2781
319 9 2519 2520 9224 2792
320 9 2519 2520 9260 2802
321 9 2519 2520 9287 2816
322 9 2519 2520 9312 2815
323 9 2519 2520 9341 2821
324 9 2519 2520 9371 2830
325 9 2519 2520 9399 2839
326 9 2519 2520 9427 2843
327 9 2519 2520 9464 2853
328 9 2519 2520 9491 2853
329 9 2519 2520 9527 2862
330 9 2519 2520 9560 2870
331 9 2519 2520 9581 2868
332 9 2519 2520 9607 2872
333 9 2519 2520 9636 2877
334 9 2519 2520 9650 2887
335 9 2519 2520 9679 2897
336 9 2519 2520 9702 2905
337 9 2519 2520 9732 2911
338 9 2519 2520 9752 2921
339 9 2519 2520 9758 2924
340 9 2519 2520 9782 2932
341 10 2519 2520 9810 2938
342 10 2519 2520 9836 2951
343 10 2519 2520 9854 2956
344 10 2519 2520 9878 2968
345 10 2519 2520 9910 2974
346 10 2519 2520 9937 2979
347 10 2519 2520 9976 2980
348 10 2519 2520 10016 2989
349 10 2519 2520 10051 3002
350 10 2519 2520 10091 3003
351 10 2519 2520 10138 3018
352 10 2519 2520 10182 3028
353 10 2519 2520 10208 3032
354 10 2519 2520 10241 3042
355 10 2519 2520 10277 3046
356 10 2519 2520 10315 3058
357 10 2519 2520 10360 3069
358 10 2519 2520 10385 3079
359 10 2519 2520 10406 3087
360 10 2519 2520 10442 3100
361 10 2519 2520 10468 3107
362 10 2519 2520 10500 3111
363 10 2519 2520 10526 3116
364 10 2519 2520 10553 3117
365 10 2519 2520 10577 3122
366 10 2519 2520 10602 3131
367 10 2519 2520 10620 3136
368 10 2519 2520 10643 3138
369 10 2519 2520 10666 3138
370 10 2519 2520 10680 3141
371 10 2519 2520 10704 3139
372 10 2519 2520 10715 3146
373 10 2519 2520 10741 3154
374 10 2519 2520 10761 3164
375 10 2519 2520 10775 3158
376 10 2519 2520 10797 3167
377 10 2519 2520 10817 3163
378 10 2519 2520 10836 3172
379 10 2519 2520 10868 3177
380 10 2519 2520 10884 3175
381 10 2519 2520 10910 3177
382 10 2519 2520 10928 3181
383 10 2519 2520 10961 3178
384 10 2519 2520 10994 3186
385 10 2519 2520 11020 3194
386 10 2519 2520 11050 3198
387 10 2519 2520 11070 3206
388 10 2519 2520 11101 3206
389 10 2519 2520 11123 3207
390 10 2519 2520 11153 3212
391 10 2519 2520 11173 3211
392 10 2519 2520 11195 3218
393 10 2519 2520 11209 3234
394 10 2519 2520 11224 3231
395 10 2519 2520 11229 3233
396 10 2519 2520 11244 3238
397 10 2519 2520 11261 3239
398 10 2519 2520 11283 3244
399 10 2519 2520 11298 3246
400 10 2519 2520 11320 3253
401 11 2519 2520 11336 3253
402 11 2519 2520 11365 3264
403 11 2519 2520 11396 3267
404 11 2519 2520 11427 3264
405 11 2519 2520 11454 3274
406 11 2519 2520 11482 3279
407 11 2519 2520 11513 3287
408 11 2519 2520 11546 3294
409 11 2519 2520 11577 3305
410 11 2519 2520 11596 3316
411 11 2519 2520 11614 3325
412 11 2519 2520 11643 3327
413 11 2519 2520 11671 3327
414 11 2519 2520 11705 3337
415 11 2519 2520 11724 3341
416 11 2519 2520 11768 3349
417 11 2519 2520 11801 3356
418 11 2519 2520 11832 3374
419 11 2519 2520 11862 3379
420 11 2519 2520 11901 3386
421 11 2519 2520 11924 3389
422 11 2519 2520 11950 3398
423 11 2519 2520 11968 3403
424 11 2519 2520 12002 3418
425 11 2519 2520 12033 3423
426 11 2519 2520 12050 3426
427 11 2519 2520 12078 3435
428 11 2519 2520 12105 3445
429 11 2519 2520 12121 3450
430 11 2519 2520 12140 3449
431 11 2519 2520 12162 3450
432 11 2519 2520 12182 3454
433 11 2519 2520 12208 3457
434 12 2519 2520 12231 3452
435 12 2519 2520 12266 3474
436 12 2519 2520 12298 3484
437 12 2519 2520 12333 3502
438 12 2519 2520 12362 3510
439 12 2519 2520 12394 3512
440 12 2519 2520 12429 3514
441 12 2519 2520 12455 3520
442 12 2519 2520 12495 3529
443 12 2519 2520 12527 3530
444 12 2519 2520 12557 3536
445 12 2519 2520 12580 3537
446 12 2519 2520 12620 3540
447 12 2519 2520 12651 3547
448 12 2519 2520 12680 3560
449 12 2519 2520 12721 3569
450 12 2519 2520 12744 3575
451 12 2519 2520 12792 3583
452 12 2519 2520 12830 3590
453 12 2519 2520 12860 3595
454 12 2519 2520 12901 3613
455 12 2519 2520 12929 3616
456 12 2519 2520 12960 3624
457 12 2519 2520 12993 3620
458 12 2519 2520 13023 3624
459 12 2519 2520 13045 3625
460 12 2519 2520 13067 3639
461 12 2519 2520 13087 3644
462 12 2519 2520 13099 3658
463 12 2519 2520 13130 3662
464 12 2519 2520 13151 3663
465 12 2519 2520 13169 3669
466 12 2519 2520 13181 3675
467 12 2519 2520 13198 3678
468 12 2519 2520 13214 3686
469 12 2519 2520 13227 3697
470 12 2519 2520 13243 3695
471 12 2519 2520 13259 3703
472 12 2519 2520 13278 3709
473 12 2519 2520 13282 3715
474 12 2519 2520 13296 3720
475 12 2519 2520 13304 3722
476 12 2519 2520 13310 3719
477 12 2519 2520 13325 3731
478 12 2519 2520 13342 3740
479 12 2519 2520 13355 3749
480 12 2519 2520 13363 3760
481 12 2519 2520 13379 3763
482 12 2519 2520 13389 3760
483 12 2519 2520 13394 3763
484 12 2519 2520 13402 3764
485 12 2519 2520 13413 3766
486 12 2519 2520 13428 3772
487 12 2519 2520 13436 3764
488 12 2519 2520 13445 3768
489 12 2519 2520 13450 3772
490 12 2519 2520 13450 3768
491 12 2519 2520 13467 3772
492 12 2519 2520 13466 3772
493 12 2519 2520 13481 3770
494 12 2519 2520 13487 3773
495 12 2519 2520 13497 3770
496 12 2519 2520 13505 3771
497 12 2519 2520 13519 3774
498 12 2519 2520 13521 3769
499 12 2519 2520 13525 3768
500 12 2519 2520 13530 3776
501 12 2519 2520 13536 3780
502 12 2519 2520 13539 3783
503 12 2519 2520 13543 3786
504 12 2519 2520 13546 3781
505 12 2519 2520 13542 3778
506 12 2519 2520 13554 3778
507 12 2519 2520 13556 3782
508 12 2519 2520 13558 3780
509 13 2519 2520 13573 3788
510 13 2519 2520 13590 3788
511 14 2519 2520 13617 3797
512 14 2519 2520 13640 3805
513 14 2519 2520 13672 3820
514 14 2519 2520 13708 3828
515 14 2519 2520 13754 3833
516 14 2519 2520 13786 3847
517 14 2519 2520 13827 3860
518 14 2519 2520 13880 3871
519 14 2519 2520 13924 3878
520 14 2519 2520 13976 3891
521 14 2519 2520 14031 3899
522 14 2519 2520 14074 3905
523 14 2519 2520 14113 3904
524 14 2519 2520 14149 3908
525 14 2519 2520 14189 3917
526 14 2519 2520 14229 3917
527 14 2519 2520 14267 3919
528 14 2519 2520 14310 3921
529 14 2519 2520 14347 3923
530 14 2519 2520 14383 3940
531 14 2519 2520 14431 3954
532 14 2519 2520 14463 3958
533 14 2519 2520 14510 3964
534 14 2519 2520 14550 3966
535 14 2519 2520 14591 3969
536 14 2519 2520 14637 3983
537 14 2519 2520 14673 3995
538 14 2519 2520 14705 4001
539 14 2519 2520 14747 4013
540 14 2519 2520 14779 4024
541 14 2519 2520 14816 4028
542 14 2519 2520 14851 4028
543 14 2519 2520 14883 4038
544 14 2519 2520 14922 4041
545 14 2519 2520 14952 4045
546 14 2519 2520 14978 4044
547 14 2519 2520 15002 4046
548 14 2519 2520 15020 4048
549 14 2519 2520 15043 4039
550 14 2519 2520 15073 4042
551 14 2519 2520 15108 4039
552 14 2519 2520 15144 4049
553 14 2519 2520 15163 4046
554 14 2519 2520 15166 4050
555 14 2519 2520 15188 4053
556 14 2519 2520 15210 4063
557 14 2519 2520 15227 4065
558 14 2519 2520 15250 4067
559 14 2519 2520 15284 4069
560 14 2519 2520 15297 4073
561 14 2519 2520 15321 4075
562 14 2519 2520 15347 4082
563 14 2519 2520 15359 4082
564 14 2519 2520 15373 4081
565 14 2519 2520 15379 4085
566 14 2519 2520 15388 4086
567 14 2519 2520 15397 4091
568 14 2519 2520 15411 4094
569 14 2519 2520 15431 4101
570 15 2519 2520 15430 4099
571 15 2519 2520 15463 4104
572 15 2519 2520 15484 4107
573 15 2519 2520 15516 4108
574 15 2519 2520 15554 4114
575 15 2519 2520 15592 4117
576 15 2519 2520 15622 4129
577 15 2519 2520 15653 4129
578 15 2519 2520 15690 4128
579 15 2519 2520 15727 4134
580 15 2519 2520 15777 4139
581 15 2519 2520 15814 4140
582 15 2519 2520 15844 4139
583 15 2519 2520 15888 4142
584 16 2519 2520 15922 4139
585 16 2519 2520 15983 4152
586 16 2519 2520 16041 4160
587 16 2519 2520 16090 4168
588 16 2519 2520 16147 4190
589 16 2519 2520 16208 4201
590 16 2519 2520 16252 4206
591 16 2519 2520 16307 4225
592 16 2519 2520 16362 4234
593 16 2519 2520 16419 4234
594 16 2519 2520 16475 4244
595 16 2519 2520 16534 4258
596 16 2519 2520 16597 4269
597 16 2519 2520 16639 4288
598 16 2519 2520 16694 4297
599 16 2519 2520 16740 4302
600 16 2519 2520 16800 4325
601 16 2519 2520 16853 4341
602 16 2519 2520 16905 4356
603 16 2519 2520 16962 4369
604 16 2519 2520 16996 4370
605 16 2519 2520 17036 4378
606 16 2519 2520 17064 4389
607 16 2519 2520 17107 4393
608 16 2519 2520 17134 4405
609 16 2519 2520 17161 4404
610 16 2519 2520 17200 4414
611 16 2519 2520 17240 4416
612 16 2519 2520 17272 4415
613 16 2519 2520 17302 4431
614 16 2519 2520 17338 4436
615 16 2519 2520 17364 4448
616 16 2519 2520 17391 4456
617 16 2519 2520 17411 4472
618 16 2519 2520 17437 4479
619 16 2519 2520 17463 4484
620 16 2519 2520 17494 4494
621 16 2519 2520 17519 4503
622 16 2519 2520 17537 4507
623 16 2519 2520 17572 4509
624 16 2519 2520 17599 4522
625 16 2519 2520 17625 4526
626 16 2519 2520 17649 4528
627 16 2519 2520 17665 4531
628 16 2519 2520 17684 4538
629 16 2519 2520 17699 4540
630 16 2519 2520 17731 4548
631 16 2519 2520 17742 4558
632 16 2519 2520 17770 4567
633 16 2519 2520 17786 4580
634 16 2519 2520 17812 4581
635 16 2519 2520 17831 4584
636 16 2519 2520 17855 4584
637 16 2519 2520 17868 4584
638 16 2519 2520 17895 4590
639 16 2519 2520 17922 4590
640 16 2519 2520 17952 4601
641 17 2519 2520 17979 4603
642 17 2519 2520 17994 4607
643 17 2519 2520 18013 4603
644 18 2519 2520 18037 4610
645 18 2519 2520 18062 4612
646 18 2519 2520 18094 4620
647 18 2519 2520 18121 4628
648 18 2519 2520 18152 4637
649 18 2519 2520 18185 4638
650 18 2519 2520 18231 4643
651 18 2519 2520 18277 4651
652 18 2519 2520 18320 4659
653 18 2519 2520 18381 4661
654 18 2519 2520 18435 4678
655 18 2519 2520 18485 4690
656 18 2519 2520 18530 4703
657 18 2519 2520 18604 4717
658 18 2519 2520 18651 4730
659 18 2519 2520 18700 4745
660 18 2519 2520 18752 4749
661 18 2519 2520 18798 4762
662 19 2519 2520 18843 4763
663 19 2519 2520 18884 4778
664 19 2519 2520 18949 4791
665 19 2519 2520 19016 4803
666 19 2519 2520 19079 4818
667 19 2519 2520 19140 4838
668 19 2519 2520 19199 4842
669 19 2519 2520 19255 4848
670 19 2519 2520 19326 4869
671 19 2519 2520 19379 4878
672 20 2519 2520 19449 4886
673 20 2519 2520 19511 4896
674 20 2519 2520 19602 4917
675 20 2519 2520 19681 4942
676 20 2519 2520 19762 4962
677 20 2519 2520 19847 4986
678 20 2519 2520 19931 4999
679 20 2519 2520 20000 5001
680 20 2519 2520 20059 5011
681 20 2519 2520 20145 5033
682 20 2519 2520 20225 5049
683 20 2519 2520 20314 5067
684 20 2519 2520 20374 5072
685 20 2519 2520 20442 5075
686 20 2519 2520 20513 5092
687 20 2519 2520 20557 5111
688 20 2519 2520 20629 5117
689 20 2519 2520 20673 5133
690 20 2519 2520 20743 5151
691 20 2519 2520 20806 5174
692 20 2519 2520 20854 5187
693 20 2519 2520 20896 5188
694 20 2519 2520 20947 5200
695 20 2519 2520 21022 5213
696 20 2519 2520 21064 5219
697 20 2519 2520 21106 5225
698 20 2519 2520 21149 5238
699 20 2519 2520 21204 5242
700 20 2519 2520 21257 5251
701 20 2519 2520 21312 5263
702 20 2519 2520 21375 5274
703 20 2519 2520 21417 5299
704 20 2519 2520 21459 5300
705 20 2519 2520 21514 5309
706 20 2519 2520 21583 5316
707 20 2519 2520 21640 5320
708 20 2519 2520 21687 5325
709 20 2519 2520 21730 5325
710 20 2519 2520 21763 5332
711 20 2519 2520 21795 5328
712 21 2519 2520 21828 5336
713 21 2519 2520 21864 5344
714 21 2519 2520 21945 5372
715 21 2519 2520 21998 5385
716 21 2519 2520 22029 5394
717 21 2519 2520 22061 5401
718 21 2519 2520 22099 5396
719 22 2519 2520 22129 5405
720 22 2519 2520 22196 5418
721 22 2519 2520 22247 5434
722 22 2519 2520 22309 5459
723 22 2519 2520 22359 5475
724 22 2519 2520 22404 5484
725 22 2519 2520 22458 5495
726 22 2519 2520 22524 5498
727 22 2519 2520 22607 5523
728 22 2519 2520 22677 5541
729 22 2519 2520 22732 5555
730 22 2519 2520 22798 5574
731 22 2519 2520 22864 5588
732 22 2519 2520 22906 5592
733 22 2519 2520 22957 5605
734 22 2519 2520 23021 5619
735 22 2519 2520 23080 5625
736 22 2519 2520 23138 5638
737 22 2519 2520 23199 5650
738 22 2519 2520 23234 5667
739 22 2519 2520 23268 5674
740 22 2519 2520 23303 5679
741 22 2519 2520 23356 5695
742 22 2519 2520 23395 5717
743 22 2519 2520 23443 5725
744 22 2519 2520 23480 5737
745 22 2519 2520 23513 5748
746 22 2519 2520 23549 5751
747 22 2519 2520 23584 5759
748 22 2519 2520 23628 5775
749 22 2519 2520 23666 5791
750 22 2519 2520 23697 5798
751 22 2519 2520 23726 5815
752 22 2519 2520 23743 5820
753 22 2519 2520 23770 5821
754 22 2519 2520 23803 5829
755 22 2519 2520 23836 5837
756 22 2519 2520 23869 5840
757 22 2519 2520 23891 5838
758 22 2519 2520 23915 5847
759 22 2519 2520 23941 5856
760 22 2519 2520 23965 5861
761 22 2519 2520 23983 5859
762 22 2519 2520 24004 5871
763 22 2519 2520 24017 5880
764 22 2519 2520 24038 5874
765 22 2519 2520 24064 5885
766 22 2519 2520 24077 5891
767 22 2519 2520 24083 5893
768 22 2519 2520 24105 5896
769 22 2519 2520 24127 5900
770 22 2519 2520 24154 5914
771 22 2519 2520 24177 5928
772 22 2519 2520 24208 5940
773 22 2519 2520 24227 5941
774 22 2519 2520 24251 5941
775 22 2519 2520 24262 5941
776 22 2519 2520 24283 5939
777 22 2519 2520 24304 5947
778 22 2519 2520 24314 5939
779 22 2519 2520 24342 5947
780 22 2519 2520 24373 5949
781 22 2519 2520 24382 5951
782 22 2519 2520 24401 5952
783 22 2519 2520 24420 5961
784 22 2519 2520 24428 5961
785 22 2519 2520 24444 5964
786 22 2519 2520 24451 5965
787 22 2519 2520 24464 5964
788 22 2519 2520 24473 5965
789 22 2519 2520 24488 5972
790 22 2519 2520 24494 5974
791 22 2519 2520 24513 5982
792 22 2519 2520 24527 5975
793 22 2519 2520 24546 5969
794 22 2519 2520 24556 5968
795 22 2519 2520 24558 5966
796 23 2519 2520 24565 5965
797 24 2519 2520 24589 5977
798 24 2519 2520 24614 5990
799 24 2519 2520 24668 6001
800 24 2519 2520 24707 6007
801 24 2519 2520 24754 6020
802 24 2519 2520 24787 6027
803 24 2519 2520 24833 6022
804 24 2519 2520 24879 6035
805 24 2519 2520 24920 6047
806 24 2519 2520 24971 6059
807 24 2519 2520 25017 6064
808 24 2519 2520 25065 6073
809 24 2519 2520 25116 6082
810 24 2519 2520 25167 6082
811 24 2519 2520 25218 6096
812 24 2519 2520 25264 6103
813 24 2519 2520 25312 6110
814 24 2519 2520 25366 6119
815 24 2519 2520 25411 6136
816 24 2519 2520 25462 6145
817 24 2519 2520 25503 6151
818 24 2519 2520 25554 6158
819 24 2519 2520 25589 6172
820 24 2519 2520 25626 6174
821 24 2519 2520 25679 6188
822 24 2519 2520 25718 6202
823 24 2519 2520 25768 6215
824 24 2519 2520 25806 6225
825 24 2519 2520 25853 6229
826 24 2519 2520 25898 6239
827 24 2519 2520 25929 6239
828 24 2519 2520 25951 6239
829 24 2519 2520 25970 6248
830 24 2519 2520 26006 6266
831 24 2519 2520 26033 6272
832 24 2519 2520 26071 6280
833 25 2519 2520 26088 6284
834 25 2519 2520 26126 6296
835 25 2519 2520 26186 6306
836 25 2519 2520 26236 6305
837 25 2519 2520 26282 6315
838 25 2519 2520 26313 6323
839 25 2519 2520 26351 6345
840 25 2519 2520 26392 6346
841 25 2519 2520 26446 6352
842 25 2519 2520 26476 6347
843 25 2519 2520 26517 6352
844 25 2519 2520 26542 6354
845 25 2519 2520 26575 6362
846 25 2519 2520 26619 6369
847 25 2519 2520 26650 6374
848 25 2519 2520 26673 6370
849 25 2519 2520 26705 6371
850 25 2519 2520 26711 6376
851 25 2519 2520 26728 6387
852 25 2519 2520 26758 6389
853 25 2519 2520 26792 6395
854 25 2519 2520 26825 6399
855 26 2519 2520 26853 6404
856 26 2519 2520 26869 6411
857 26 2519 2520 26923 6416
858 26 2519 2520 26969 6423
859 26 2519 2520 27026 6429
860 26 2519 2520 27078 6431
861 26 2519 2520 27111 6432
862 26 2519 2520 27153 6433
863 26 2519 2520 27206 6446
864 26 2519 2520 27271 6461
865 26 2519 2520 27331 6473
866 26 2519 2520 27377 6473
867 26 2519 2520 27444 6485
868 26 2519 2520 27498 6489
869 26 2519 2520 27542 6493
870 26 2519 2520 27603 6499
871 26 2519 2520 27649 6503
872 27 2519 2520 27688 6513
873 27 2519 2520 27738 6520
874 27 2519 2520 27793 6526
875 27 2519 2520 27828 6527
876 27 2519 2520 27871 6519
877 27 2519 2520 27928 6524
878 27 2519 2520 27984 6534
879 27 2519 2520 28026 6544
880 27 2519 2520 28080 6557
881 27 2519 2520 28138 6563
882 28 2519 2520 28191 6575
883 28 2519 2520 28234 6580
884 28 2519 2520 28282 6598
885 28 2519 2520 28333 6609
886 28 2519 2520 28419 6616
887 28 2519 2520 28486 6634
888 28 2519 2520 28560 6632
889 28 2519 2520 28626 6649
890 28 2519 2520 28705 6669
891 28 2519 2520 28783 6683
892 28 2519 2520 28831 6680
893 28 2519 2520 28886 6686
894 28 2519 2520 28952 6698
895 28 2519 2520 28994 6707
896 28 2519 2520 29056 6713
897 28 2519 2520 29104 6720
898 28 2519 2520 29158 6723
899 28 2519 2520 29198 6741
900 28 2519 2520 29236 6748
901 28 2519 2520 29277 6762
902 28 2519 2520 29333 6775
903 28 2519 2520 29396 6795
904 28 2519 2520 29431 6798
905 28 2519 2520 29465 6815
906 28 2519 2520 29507 6820
907 29 2519 2520 29556 6835
908 29 2519 2520 29595 6839
909 29 2519 2520 29643 6852
910 29 2519 2520 29693 6864
911 29 2519 2520 29745 6868
912 29 2519 2520 29806 6881
913 29 2519 2520 29882 6895
914 29 2519 2520 29921 6896
915 29 2519 2520 29960 6911
916 29 2519 2520 29987 6913
917 29 2519 2520 30031 6917
918 29 2519 2520 30083 6928
919 29 2519 2520 30135 6938
920 29 2519 2520 30168 6951
921 29 2519 2520 30212 6962
922 29 2519 2520 30241 6970
923 29 2519 2520 30288 6979
924 29 2519 2520 30319 6984
925 30 2519 2520 30348 6994
926 30 2519 2520 30393 7010
927 30 2519 2520 30451 7020
928 30 2519 2520 30494 7016
929 30 2519 2520 30535 7026
930 30 2519 2520 30563 7028
931 30 2519 2520 30591 7031
932 30 2519 2520 30634 7033
933 30 2519 2520 30674 7035
934 30 2519 2520 30719 7043
935 30 2519 2520 30767 7055
936 30 2519 2520 30808 7050
937 30 2519 2520 30854 7058
938 30 2519 2520 30909 7074
939 30 2519 2520 30947 7083
940 30 2519 2520 30995 7091
941 30 2519 2520 31050 7093
942 30 2519 2520 31108 7113
943 30 2519 2520 31162 7120
944 30 2519 2520 31180 7120
945 30 2519 2520 31224 7126
946 30 2519 2520 31265 7134
947 30 2519 2520 31307 7150
948 30 2519 2520 31361 7158
949 30 2519 2520 31411 7171
950 30 2519 2520 31436 7172
951 30 2519 2520 31482 7174
952 30 2519 2520 31542 7184
953 30 2519 2520 31589 7184
954 30 2519 2520 31621 7189
955 30 2519 2520 31683 7195
956 30 2519 2520 31715 7198
957 30 2519 2520 31766 7207
958 30 2519 2520 31798 7211
959 30 2519 2520 31831 7216
960 30 2519 2520 31863 7226
961 30 2519 2520 31906 7230
962 30 2519 2520 31958 7237
963 30 2519 2520 31997 7243
964 30 2519 2520 32046 7257
965 30 2519 2520 32084 7266
966 30 2519 2520 32109 7276
967 30 2519 2520 32140 7268
968 30 2519 2520 32174 7276
969 30 2519 2520 32200 7282
970 30 2519 2520 32227 7281
971 30 2519 2520 32264 7288
972 30 2519 2520 32296 7294
973 30 2519 2520 32331 7298
974 30 2519 2520 32355 7309
975 30 2519 2520 32376 7311
976 30 2519 2520 32408 7317
977 30 2519 2520 32442 7314
978 30 2519 2520 32472 7330
979 30 2519 2520 32516 7331
980 30 2519 2520 32560 7337
981 30 2519 2520 32605 7354
982 30 2519 2520 32635 7355
983 30 2519 2520 32664 7362
984 30 2519 2520 32685 7373
985 30 2519 2520 32716 7385
986 30 2519 2520 32740 7388
987 30 2519 2520 32761 7389
988 30 2519 2520 32775 7400
989 30 2519 2520 32791 7391
990 30 2519 2520 32814 7403
991 30 2519 2520 32842 7408
992 30 2519 2520 32870 7414
993 30 2519 2520 32884 7421
994 30 2519 2520 32915 7424
995 30 2519 2520 32928 7431
996 30 2519 2520 32952 7431
997 30 2519 2520 32967 7431
998 30 2519 2520 32964 7427
999 30 2519 2520 32991 7427
1000 30 2519 2520 33017 7424
