0 1 2519 2520 795 499
1 1 2519 2520 804 505
2 1 2519 2520 815 511
3 1 2519 2520 835 523
4 1 2519 2520 849 532
5 1 2519 2520 854 536
6 1 2519 2520 862 539
7 1 2519 2520 875 543
8 1 2519 2520 887 550
9 1 2519 2520 904 560
10 1 2519 2520 917 570
11 1 2519 2520 932 575
12 1 2519 2520 950 583
13 1 2519 2520 965 592
14 1 2519 2520 978 599
15 1 2519 2520 989 607
16 1 2519 2520 1005 615
17 1 2519 2520 1025 625
18 1 2519 2520 1038 631
19 1 2519 2520 1047 637
20 1 2519 2520 1056 643
21 1 2519 2520 1069 647
22 1 2519 2520 1077 649
23 1 2519 2520 1088 653
24 1 2519 2520 1097 655
25 1 2519 2520 1103 657
26 1 2519 2520 1111 659
27 1 2519 2520 1119 662
28 1 2519 2520 1123 664
29 1 2519 2520 1131 666
30 1 2519 2520 1137 665
31 1 2519 2520 1148 670
32 1 2519 2520 1157 674
33 1 2519 2520 1158 672
34 1 2519 2520 1167 676
35 1 2519 2520 1174 678
36 1 2519 2520 1182 679
37 1 2519 2520 1192 685
38 2 2519 2520 1196 685
39 2 2519 2520 1220 693
40 2 2519 2520 1267 714
41 2 2519 2520 1309 726
42 2 2519 2520 1352 743
43 2 2519 2520 1438 775
44 2 2519 2520 1505 803
45 2 2519 2520 1567 816
46 2 2519 2520 1630 833
47 2 2519 2520 1685 850
48 2 2519 2520 1740 861
49 2 2519 2520 1785 871
50 2 2519 2520 1812 877
51 2 2519 2520 1843 887
52 2 2519 2520 1871 895
53 2 2519 2520 1908 903
54 2 2519 2520 1935 911
55 2 2519 2520 1960 912
56 2 2519 2520 1995 915
57 2 2519 2520 2035 924
58 2 2519 2520 2070 934
59 2 2519 2520 2096 939
60 2 2519 2520 2120 940
61 2 2519 2520 2145 948
62 2 2519 2520 2167 957
63 2 2519 2520 2190 961
64 2 2519 2520 2206 969
65 2 2519 2520 2222 971
66 2 2519 2520 2241 977
67 2 2519 2520 2263 983
68 2 2519 2520 2268 982
69 2 2519 2520 2277 989
70 2 2519 2520 2295 996
71 2 2519 2520 2300 993
72 2 2519 2520 2314 995
73 3 2519 2520 2323 1000
74 3 2519 2520 2342 1005
75 3 2519 2520 2376 1019
76 3 2519 2520 2411 1026
77 3 2519 2520 2464 1045
78 3 2519 2520 2501 1055
79 3 2519 2520 2545 1066
80 3 2519 2520 2607 1083
81 3 2519 2520 2645 1097
82 3 2519 2520 2687 1106
83 3 2519 2520 2736 1121
84 3 2519 2520 2774 1138
85 3 2519 2520 2828 1146
86 3 2519 2520 2871 1161
87 3 2519 2520 2910 1166
88 3 2519 2520 2949 1172
89 3 2519 2520 3001 1193
90 3 2519 2520 3030 1204
91 3 2519 2520 3063 1213
92 3 2519 2520 3096 1219
93 3 2519 2520 3123 1228
94 3 2519 2520 3156 1239
95 3 2519 2520 3186 1256
96 3 2519 2520 3211 1264
97 3 2519 2520 3226 1261
98 3 2519 2520 3241 1265
99 3 2519 2520 3279 1279
100 4 2519 2520 3312 1281
101 4 2519 2520 3338 1289
102 4 2519 2520 3375 1291
103 4 2519 2520 3420 1310
104 4 2519 2520 3446 1314
105 4 2519 2520 3486 1329
106 4 2519 2520 3539 1345
107 4 2519 2520 3578 1353
108 4 2519 2520 3623 1368
109 4 2519 2520 3665 1383
110 4 2519 2520 3696 1394
111 4 2519 2520 3739 1402
112 4 2519 2520 3783 1412
113 4 2519 2520 3840 1425
114 4 2519 2520 3891 1439
115 4 2519 2520 3935 1456
116 4 2519 2520 3988 1474
117 4 2519 2520 4009 1480
118 4 2519 2520 4058 1501
119 4 2519 2520 4094 1507
120 4 2519 2520 4141 1516
121 4 2519 2520 4184 1525
122 4 2519 2520 4208 1531
123 4 2519 2520 4267 1542
124 5 2519 2520 4305 1553
125 5 2519 2520 4361 1569
126 5 2519 2520 4419 1590
127 5 2519 2520 4479 1595
128 5 2519 2520 4543 1613
129 5 2519 2520 4605 1627
130 5 2519 2520 4667 1645
131 5 2519 2520 4727 1657
132 5 2519 2520 4782 1666
133 5 2519 2520 4843 1685
134 5 2519 2520 4886 1700
135 5 2519 2520 4940 1713
136 5 2519 2520 4984 1720
137 5 2519 2520 5022 1730
138 5 2519 2520 5079 1749
139 5 2519 2520 5118 1754
140 5 2519 2520 5150 1757
141 5 2519 2520 5192 1774
142 5 2519 2520 5233 1787
143 5 2519 2520 5258 1787
144 5 2519 2520 5291 1798
145 5 2519 2520 5320 1801
146 5 2519 2520 5361 1814
147 5 2519 2520 5389 1822
148 5 2519 2520 5411 1826
149 5 2519 2520 5452 1845
150 5 2519 2520 5478 1852
151 5 2519 2520 5508 1862
152 6 2519 2520 5531 1861
153 6 2519 2520 5566 1870
154 6 2519 2520 5593 1877
155 6 2519 2520 5629 1882
156 6 2519 2520 5668 1895
157 6 2519 2520 5704 1903
158 6 2519 2520 5738 1911
159 6 2519 2520 5770 1920
160 6 2519 2520 5798 1926
161 6 2519 2520 5826 1941
162 6 2519 2520 5868 1954
163 6 2519 2520 5901 1963
164 6 2519 2520 5935 1975
165 6 2519 2520 5962 1980
166 6 2519 2520 6002 1990
167 6 2519 2520 6031 1996
168 6 2519 2520 6075 2012
169 6 2519 2520 6110 2034
170 7 2519 2520 6151 2040
171 7 2519 2520 6188 2063
172 7 2519 2520 6255 2084
173 7 2519 2520 6291 2093
174 7 2519 2520 6340 2109
175 7 2519 2520 6388 2118
176 7 2519 2520 6440 2118
177 7 2519 2520 6488 2131
178 7 2519 2520 6536 2137
179 7 2519 2520 6587 2153
180 7 2519 2520 6628 2159
181 7 2519 2520 6679 2173
182 7 2519 2520 6727 2187
183 7 2519 2520 6789 2205
184 7 2519 2520 6836 2218
185 7 2519 2520 6883 2228
186 7 2519 2520 6940 2236
187 7 2519 2520 6977 2238
188 7 2519 2520 7019 2247
189 7 2519 2520 7071 2253
190 7 2519 2520 7121 2255
191 7 2519 2520 7155 2263
192 7 2519 2520 7202 2272
193 7 2519 2520 7240 2288
194 7 2519 2520 7287 2289
195 7 2519 2520 7320 2293
196 7 2519 2520 7344 2295
197 7 2519 2520 7370 2298
198 7 2519 2520 7410 2306
199 7 2519 2520 7435 2310
200 7 2519 2520 7472 2311
201 7 2519 2520 7504 2319
202 8 2519 2520 7529 2326
203 8 2519 2520 7550 2328
204 8 2519 2520 7588 2341
205 8 2519 2520 7613 2346
206 8 2519 2520 7655 2365
207 8 2519 2520 7685 2378
208 8 2519 2520 7719 2384
209 8 2519 2520 7743 2392
210 8 2519 2520 7774 2402
211 8 2519 2520 7812 2406
212 8 2519 2520 7862 2421
213 8 2519 2520 7912 2435
214 8 2519 2520 7966 2450
215 8 2519 2520 8012 2463
216 8 2519 2520 8033 2467
217 8 2519 2520 8067 2483
218 8 2519 2520 8097 2490
219 8 2519 2520 8122 2492
220 9 2519 2520 8158 2507
221 9 2519 2520 8207 2520
222 9 2519 2520 8254 2534
223 9 2519 2520 8282 2535
224 9 2519 2520 8331 2549
225 9 2519 2520 8365 2564
226 9 2519 2520 8417 2579
227 9 2519 2520 8449 2592
228 9 2519 2520 8499 2598
229 9 2519 2520 8557 2612
230 9 2519 2520 8597 2625
231 9 2519 2520 8631 2640
232 9 2519 2520 8677 2651
233 9 2519 2520 8733 2651
234 9 2519 2520 8778 2665
235 9 2519 2520 8812 2660
236 9 2519 2520 8851 2669
237 9 2519 2520 8909 2672
238 9 2519 2520 8956 2681
239 9 2519 2520 8999 2700
240 9 2519 2520 9029 2712
241 9 2519 2520 9061 2722
242 9 2519 2520 9091 2722
243 9 2519 2520 9136 2725
244 9 2519 2520 9178 2734
245 9 2519 2520 9209 2741
246 9 2519 2520 9245 2752
247 9 2519 2520 9279 2764
248 9 2519 2520 9311 2768
249 9 2519 2520 9346 2784
250 9 2519 2520 9371 2789
251 9 2519 2520 9388 2793
252 9 2519 2520 9405 2801
253 9 2519 2520 9426 2813
254 9 2519 2520 9459 2817
255 9 2519 2520 9482 2827
256 9 2519 2520 9517 2841
257 9 2519 2520 9543 2846
258 9 2519 2520 9571 2856
259 9 2519 2520 9597 2862
260 9 2519 2520 9620 2866
261 9 2519 2520 9631 2865
262 9 2519 2520 9656 2869
263 9 2519 2520 9675 2877
264 9 2519 2520 9698 2886
265 9 2519 2520 9716 2896
266 9 2519 2520 9733 2902
267 9 2519 2520 9753 2899
268 9 2519 2520 9767 2901
269 9 2519 2520 9788 2904
270 9 2519 2520 9809 2906
271 9 2519 2520 9821 2912
272 9 2519 2520 9839 2911
273 9 2519 2520 9857 2916
274 9 2519 2520 9873 2919
275 9 2519 2520 9888 2925
276 9 2519 2520 9915 2929
277 9 2519 2520 9936 2937
278 9 2519 2520 9955 2940
279 9 2519 2520 9967 2944
280 9 2519 2520 9974 2947
281 9 2519 2520 9981 2943
282 9 2519 2520 9989 2949
283 9 2519 2520 9997 2954
284 9 2519 2520 10001 2956
285 9 2519 2520 10001 2951
286 9 2519 2520 10006 2946
287 9 2519 2520 10031 2957
288 9 2519 2520 10029 2954
289 9 2519 2520 10048 2961
290 9 2519 2520 10060 2967
291 9 2519 2520 10074 2968
292 9 2519 2520 10086 2971
293 9 2519 2520 10094 2970
294 9 2519 2520 10094 2973
295 9 2519 2520 10106 2978
296 9 2519 2520 10115 2979
297 9 2519 2520 10129 2986
298 9 2519 2520 10139 2990
299 9 2519 2520 10146 2991
300 11 2519 2520 10150 2989
301 11 2519 2520 10158 2990
302 11 2519 2520 10181 2992
303 11 2519 2520 10218 2999
304 11 2519 2520 10257 3003
305 11 2519 2520 10310 3012
306 11 2519 2520 10353 3022
307 11 2519 2520 10397 3024
308 11 2519 2520 10442 3029
309 11 2519 2520 10477 3035
310 11 2519 2520 10516 3041
311 11 2519 2520 10573 3060
312 11 2519 2520 10620 3064
313 11 2519 2520 10672 3077
314 11 2519 2520 10719 3092
315 11 2519 2520 10763 3094
316 11 2519 2520 10808 3101
317 11 2519 2520 10851 3111
318 11 2519 2520 10907 3106
319 11 2519 2520 10948 3110
320 11 2519 2520 10985 3114
321 11 2519 2520 11017 3127
322 11 2519 2520 11049 3136
323 11 2519 2520 11078 3138
324 11 2519 2520 11113 3150
325 11 2519 2520 11145 3150
326 11 2519 2520 11182 3164
327 11 2519 2520 11213 3172
328 11 2519 2520 11243 3178
329 11 2519 2520 11262 3184
330 11 2519 2520 11279 3178
331 11 2519 2520 11311 3186
332 11 2519 2520 11347 3194
333 11 2519 2520 11379 3202
334 11 2519 2520 11410 3205
335 11 2519 2520 11443 3205
336 11 2519 2520 11481 3213
337 11 2519 2520 11512 3217
338 11 2519 2520 11548 3225
339 11 2519 2520 11574 3229
340 11 2519 2520 11603 3236
341 11 2519 2520 11639 3242
342 11 2519 2520 11670 3257
343 11 2519 2520 11695 3273
344 11 2519 2520 11719 3277
345 11 2519 2520 11747 3278
346 11 2519 2520 11771 3283
347 11 2519 2520 11796 3284
348 11 2519 2520 11824 3285
349 11 2519 2520 11835 3282
350 11 2519 2520 11865 3286
351 11 2519 2520 11895 3296
352 11 2519 2520 11924 3293
353 11 2519 2520 11946 3299
354 11 2519 2520 11953 3301
355 11 2519 2520 11970 3305
356 11 2519 2520 11987 3313
357 11 2519 2520 12008 3306
358 11 2519 2520 12031 3310
359 11 2519 2520 12057 3316
360 11 2519 2520 12075 3326
361 11 2519 2520 12089 3330
362 12 2519 2520 12106 3337
363 12 2519 2520 12123 3340
364 12 2519 2520 12166 3340
365 12 2519 2520 12214 3345
366 12 2519 2520 12274 3366
367 12 2519 2520 12306 3364
368 12 2519 2520 12343 3366
369 12 2519 2520 12370 3374
370 12 2519 2520 12402 3383
371 12 2519 2520 12428 3387
372 12 2519 2520 12478 3400
373 12 2519 2520 12514 3403
374 12 2519 2520 12547 3413
375 12 2519 2520 12576 3424
376 12 2519 2520 12607 3427
377 12 2519 2520 12646 3430
378 12 2519 2520 12664 3435
379 12 2519 2520 12703 3437
380 12 2519 2520 12734 3448
381 12 2519 2520 12751 3452
382 12 2519 2520 12772 3461
383 12 2519 2520 12801 3460
384 12 2519 2520 12821 3471
385 12 2519 2520 12861 3479
386 12 2519 2520 12894 3481
387 12 2519 2520 12922 3486
388 12 2519 2520 12951 3494
389 12 2519 2520 12973 3500
390 12 2519 2520 13005 3513
391 12 2519 2520 13025 3523
392 12 2519 2520 13047 3527
393 12 2519 2520 13064 3529
394 12 2519 2520 13071 3535
395 12 2519 2520 13082 3545
396 12 2519 2520 13096 3546
397 12 2519 2520 13108 3555
398 12 2519 2520 13125 3564
399 12 2519 2520 13144 3569
400 12 2519 2520 13152 3569
401 12 2519 2520 13156 3568
402 12 2519 2520 13164 3574
403 12 2519 2520 13171 3576
404 12 2519 2520 13184 3584
405 12 2519 2520 13193 3584
406 12 2519 2520 13201 3587
407 12 2519 2520 13206 3590
408 12 2519 2520 13206 3592
409 12 2519 2520 13225 3591
410 12 2519 2520 13234 3601
411 12 2519 2520 13235 3608
412 12 2519 2520 13240 3605
413 12 2519 2520 13241 3605
414 12 2519 2520 13243 3608
415 12 2519 2520 13249 3607
416 12 2519 2520 13267 3611
417 12 2519 2520 13270 3605
418 12 2519 2520 13274 3610
419 12 2519 2520 13283 3613
420 12 2519 2520 13282 3613
421 12 2519 2520 13288 3617
422 12 2519 2520 13296 3618
423 12 2519 2520 13296 3615
424 12 2519 2520 13290 3609
425 12 2519 2520 13296 3609
426 12 2519 2520 13305 3604
427 12 2519 2520 13317 3602
428 13 2519 2520 13318 3607
429 13 2519 2520 13324 3606
430 13 2519 2520 13355 3615
431 13 2519 2520 13377 3619
432 13 2519 2520 13422 3626
433 13 2519 2520 13474 3636
434 13 2519 2520 13519 3644
435 13 2519 2520 13550 3646
436 13 2519 2520 13594 3649
437 13 2519 2520 13636 3657
438 13 2519 2520 13689 3664
439 13 2519 2520 13734 3666
440 13 2519 2520 13777 3672
441 13 2519 2520 13812 3683
442 13 2519 2520 13856 3683
443 13 2519 2520 13886 3693
444 13 2519 2520 13914 3704
445 13 2519 2520 13949 3713
446 13 2519 2520 13965 3713
447 13 2519 2520 13989 3717
448 13 2519 2520 13997 3718
449 13 2519 2520 14022 3725
450 13 2519 2520 14056 3734
451 13 2519 2520 14077 3739
452 13 2519 2520 14095 3744
453 13 2519 2520 14105 3747
454 14 2519 2520 14126 3755
455 14 2519 2520 14148 3760
456 14 2519 2520 14164 3770
457 14 2519 2520 14194 3774
458 14 2519 2520 14218 3773
459 14 2518 2520 14239 3774
460 14 2518 2520 14285 3778
461 14 2518 2520 14320 3780
462 14 2518 2520 14362 3786
463 14 2518 2520 14396 3791
464 14 2518 2520 14417 3803
465 14 2518 2520 14446 3802
466 14 2518 2520 14482 3809
467 14 2518 2520 14509 3815
468 14 2518 2520 14538 3807
469 14 2518 2520 14554 3816
470 14 2518 2520 14574 3815
471 14 2518 2520 14598 3822
472 14 2518 2520 14619 3824
473 14 2518 2520 14628 3818
474 14 2518 2520 14643 3819
475 14 2518 2520 14648 3819
476 14 2518 2520 14652 3824
477 14 2518 2520 14664 3826
478 14 2518 2520 14675 3828
479 14 2518 2520 14680 3828
480 14 2518 2520 14681 3830
481 14 2518 2520 14689 3831
482 14 2518 2520 14700 3836
483 14 2518 2520 14705 3836
484 14 2518 2520 14707 3838
485 14 2518 2520 14715 3845
486 14 2518 2520 14719 3843
487 14 2518 2520 14717 3845
488 14 2518 2520 14722 3849
489 14 2518 2520 14727 3850
490 14 2518 2520 14734 3852
491 14 2518 2520 14741 3854
492 14 2518 2520 14743 3856
493 14 2518 2520 14750 3863
494 14 2518 2520 14749 3862
495 14 2518 2520 14749 3862
496 14 2518 2520 14750 3864
497 14 2518 2520 14751 3866
498 14 2518 2520 14761 3865
499 14 2518 2520 14768 3868
500 14 2518 2520 14769 3868
501 14 2518 2520 14777 3871
502 14 2518 2520 14773 3871
503 14 2518 2520 14771 3870
504 14 2518 2520 14775 3871
505 14 2518 2520 14778 3873
506 14 2518 2520 14788 3873
507 14 2518 2520 14791 3873
508 14 2518 2520 14793 3869
509 14 2518 2520 14796 3862
510 14 2518 2520 14803 3865
511 14 2518 2520 14810 3866
512 14 2518 2520 14818 3867
513 14 2518 2520 14817 3869
514 14 2518 2520 14829 3873
515 14 2518 2520 14834 3876
516 14 2518 2520 14832 3879
517 14 2518 2520 14834 3878
518 14 2518 2520 14837 3874
519 14 2518 2520 14847 3870
520 14 2518 2520 14857 3868
521 14 2518 2520 14860 3869
522 14 2518 2520 14873 3872
523 14 2518 2520 14874 3873
524 14 2518 2520 14879 3877
525 14 2518 2520 14886 3877
526 14 2518 2520 14891 3874
527 14 2518 2520 14897 3871
528 14 2518 2520 14900 3874
529 14 2518 2520 14899 3875
530 14 2518 2520 14902 3875
531 14 2518 2520 14904 3877
532 14 2518 2520 14901 3877
533 14 2518 2520 14905 3874
534 14 2518 2520 14911 3875
535 14 2518 2520 14924 3879
536 14 2518 2520 14930 3882
537 14 2518 2520 14943 3879
538 14 2518 2520 14946 3883
539 14 2518 2520 14945 3885
540 14 2518 2520 14951 3884
541 14 2518 2520 14949 3885
542 14 2518 2520 14951 3892
543 14 2518 2520 14955 3895
544 14 2518 2520 14957 3896
545 14 2518 2520 14961 3896
546 14 2518 2520 14971 3895
547 14 2518 2520 14978 3893
548 14 2518 2520 14980 3891
549 14 2518 2520 14986 3898
550 14 2518 2520 14989 3896
551 14 2518 2520 14998 3898
552 14 2518 2520 15003 3901
553 14 2518 2520 15003 3897
554 14 2518 2520 14999 3897
555 14 2518 2520 15009 3899
556 14 2518 2520 15013 3900
557 14 2518 2520 15018 3896
558 14 2518 2520 15025 3896
559 14 2518 2520 15028 3898
560 14 2518 2520 15033 3894
561 14 2518 2520 15039 3896
562 14 2518 2520 15040 3895
563 14 2518 2520 15048 3897
564 14 2518 2520 15050 3900
565 14 2518 2520 15055 3899
566 14 2518 2520 15055 3896
567 14 2518 2520 15055 3890
568 14 2518 2520 15066 3891
569 14 2518 2520 15073 3895
570 14 2518 2520 15083 3892
571 14 2518 2520 15086 3892
572 14 2518 2520 15098 3889
573 14 2518 2520 15104 3890
574 14 2518 2520 15106 3892
575 14 2518 2520 15114 3892
576 14 2518 2520 15115 3888
577 14 2518 2520 15122 3891
578 14 2518 2520 15130 3890
579 14 2518 2520 15144 3895
580 14 2518 2520 15145 3894
581 14 2518 2520 15153 3896
582 14 2518 2520 15156 3894
583 14 2518 2520 15163 3894
584 14 2518 2520 15165 3898
585 14 2518 2520 15166 3899
586 14 2518 2520 15177 3901
587 14 2518 2520 15178 3900
588 14 2518 2520 15181 3900
589 14 2518 2520 15189 3908
590 14 2518 2520 15200 3904
591 14 2518 2520 15195 3911
592 14 2518 2520 15199 3913
593 14 2518 2520 15208 3912
594 14 2518 2520 15212 3911
595 14 2518 2520 15218 3910
596 14 2518 2520 15215 3915
597 14 2518 2520 15214 3915
598 14 2518 2520 15208 3914
599 14 2518 2520 15216 3919
600 14 2518 2520 15217 3918
601 14 2518 2520 15222 3920
602 14 2518 2520 15226 3920
603 15 2518 2520 15235 3920
604 15 2518 2520 15247 3927
605 15 2518 2520 15256 3928
606 15 2518 2520 15265 3931
607 15 2518 2520 15278 3931
608 15 2518 2520 15292 3939
609 15 2518 2520 15304 3941
610 15 2518 2520 15324 3949
611 15 2518 2520 15336 3952
612 15 2518 2520 15359 3958
613 15 2518 2520 15368 3963
614 15 2518 2520 15387 3971
615 15 2518 2520 15415 3974
616 15 2518 2520 15429 3975
617 15 2518 2520 15444 3975
618 15 2518 2520 15464 3974
619 15 2518 2520 15485 3975
620 15 2518 2520 15518 3982
621 15 2518 2520 15530 3983
622 15 2518 2520 15552 3979
623 15 2518 2520 15582 3986
624 15 2518 2520 15604 3988
625 15 2518 2520 15628 3998
626 15 2518 2520 15658 4009
627 15 2518 2520 15687 4011
628 15 2518 2520 15704 4020
629 15 2518 2520 15721 4023
630 15 2518 2520 15752 4032
631 15 2518 2520 15777 4040
632 15 2518 2520 15799 4040
633 15 2518 2520 15822 4042
634 15 2518 2520 15838 4046
635 15 2518 2520 15855 4047
636 15 2518 2520 15890 4047
637 15 2518 2520 15902 4049
638 15 2518 2520 15920 4057
639 15 2518 2520 15940 4059
640 15 2518 2520 15949 4062
641 15 2518 2520 15955 4059
642 15 2518 2520 15961 4057
643 15 2518 2520 15981 4064
644 15 2518 2520 15986 4064
645 15 2518 2520 15993 4061
646 15 2518 2520 15994 4060
647 15 2518 2520 15998 4060
648 15 2518 2520 16012 4065
649 15 2518 2520 16030 4069
650 15 2518 2520 16037 4071
651 15 2518 2520 16051 4071
652 15 2518 2520 16052 4065
653 15 2518 2520 16059 4062
654 15 2518 2520 16069 4066
655 15 2518 2520 16084 4067
656 15 2518 2520 16092 4070
657 15 2518 2520 16095 4068
658 15 2518 2520 16112 4073
659 15 2518 2520 16127 4079
660 15 2518 2520 16142 4082
661 15 2518 2520 16145 4082
662 15 2518 2520 16153 4083
663 15 2518 2520 16161 4085
664 15 2518 2520 16172 4087
665 15 2518 2520 16183 4083
666 15 2518 2520 16188 4085
667 15 2518 2520 16192 4086
668 15 2518 2520 16201 4084
669 15 2518 2520 16210 4088
670 15 2518 2520 16217 4091
671 15 2518 2520 16225 4092
672 15 2518 2520 16249 4104
673 15 2518 2520 16267 4106
674 15 2518 2520 16272 4106
675 15 2518 2520 16276 4111
676 15 2518 2520 16274 4111
677 15 2518 2520 16283 4114
678 15 2518 2520 16289 4116
679 15 2518 2520 16307 4117
680 15 2518 2520 16320 4121
681 15 2518 2520 16334 4127
682 15 2518 2520 16348 4137
683 15 2518 2520 16359 4138
684 15 2518 2520 16361 4135
685 15 2518 2520 16368 4141
686 15 2518 2520 16377 4144
687 15 2518 2520 16374 4141
688 15 2518 2520 16378 4139
689 15 2518 2520 16382 4143
690 15 2518 2520 16386 4146
691 15 2518 2520 16391 4148
692 15 2518 2520 16397 4151
693 15 2518 2520 16404 4151
694 15 2518 2520 16413 4153
695 15 2518 2520 16419 4153
696 15 2518 2520 16422 4155
697 15 2518 2520 16425 4158
698 15 2518 2520 16430 4158
699 15 2518 2520 16436 4158
700 15 2518 2520 16440 4157
701 15 2518 2520 16450 4156
702 15 2518 2520 16451 4153
703 15 2518 2520 16451 4147
704 15 2518 2520 16453 4153
705 15 2518 2520 16460 4157
706 15 2518 2520 16470 4159
707 15 2518 2520 16479 4160
708 15 2518 2520 16499 4168
709 15 2518 2520 16514 4173
710 15 2518 2520 16522 4175
711 15 2518 2520 16533 4177
712 15 2518 2520 16533 4175
713 15 2518 2520 16539 4175
714 15 2518 2520 16541 4176
715 15 2518 2520 16543 4172
716 15 2518 2520 16544 4171
717 15 2518 2520 16553 4171
718 15 2518 2520 16555 4172
719 15 2518 2520 16554 4169
720 15 2518 2520 16558 4168
721 15 2518 2520 16563 4165
722 15 2518 2520 16572 4165
723 15 2518 2520 16578 4172
724 15 2518 2520 16580 4174
725 15 2518 2520 16583 4176
726 15 2518 2520 16590 4179
727 15 2518 2520 16606 4182
728 15 2518 2520 16617 4183
729 15 2518 2520 16631 4189
730 15 2518 2520 16639 4194
731 15 2518 2520 16646 4195
732 16 2518 2520 16652 4193
733 16 2518 2520 16664 4196
734 16 2518 2520 16672 4195
735 16 2518 2520 16682 4196
736 16 2518 2520 16700 4197
737 16 2518 2520 16722 4198
738 16 2518 2520 16745 4201
739 16 2518 2520 16772 4213
740 16 2518 2520 16790 4216
741 16 2518 2520 16824 4217
742 16 2518 2520 16840 4223
743 16 2518 2520 16872 4233
744 16 2518 2520 16903 4238
745 16 2518 2520 16929 4242
746 16 2518 2520 16950 4245
747 16 2518 2520 16969 4250
748 16 2518 2520 17003 4258
749 16 2518 2520 17036 4260
750 16 2518 2520 17059 4270
751 16 2518 2520 17080 4267
752 16 2518 2520 17105 4275
753 16 2518 2520 17130 4280
754 16 2518 2520 17144 4290
755 16 2518 2520 17174 4299
756 16 2518 2520 17207 4302
757 17 2518 2520 17236 4315
758 17 2518 2520 17245 4316
759 17 2518 2520 17285 4321
760 17 2518 2520 17323 4330
761 17 2518 2520 17354 4334
762 17 2518 2520 17392 4340
763 17 2518 2520 17431 4348
764 17 2518 2520 17462 4358
765 17 2518 2520 17505 4367
766 17 2518 2520 17532 4368
767 17 2518 2520 17574 4370
768 17 2518 2520 17608 4382
769 17 2518 2520 17643 4385
770 17 2518 2520 17667 4389
771 17 2518 2520 17687 4395
772 17 2518 2520 17728 4400
773 17 2518 2520 17757 4402
774 17 2518 2520 17775 4408
775 17 2518 2520 17806 4406
776 17 2518 2520 17846 4421
777 17 2518 2520 17884 4439
778 17 2518 2520 17907 4448
779 17 2518 2520 17931 4460
780 17 2518 2520 17971 4471
781 17 2518 2520 17993 4472
782 17 2518 2520 18013 4482
783 17 2518 2520 18032 4486
784 17 2518 2520 18047 4492
785 17 2518 2520 18063 4493
786 17 2518 2520 18094 4494
787 17 2518 2520 18110 4501
788 17 2518 2520 18131 4501
789 17 2518 2520 18157 4510
790 17 2518 2520 18176 4520
791 17 2518 2520 18198 4519
792 17 2518 2520 18216 4518
793 17 2518 2520 18228 4522
794 17 2518 2520 18234 4516
795 17 2518 2520 18247 4524
796 17 2518 2520 18267 4534
797 17 2518 2520 18282 4541
798 17 2518 2520 18298 4548
799 17 2518 2520 18310 4554
800 17 2518 2520 18327 4555
801 17 2518 2520 18354 4565
802 17 2518 2520 18366 4566
803 17 2518 2520 18373 4568
804 17 2518 2520 18379 4566
805 17 2518 2520 18383 4560
806 17 2518 2520 18393 4562
807 17 2518 2520 18404 4566
808 17 2518 2520 18401 4568
809 17 2518 2520 18408 4566
810 17 2518 2520 18426 4572
811 17 2518 2520 18437 4577
812 17 2518 2520 18444 4575
813 17 2518 2520 18456 4584
814 17 2518 2520 18460 4589
815 17 2518 2520 18466 4581
816 17 2518 2520 18469 4579
817 17 2518 2520 18479 4582
818 17 2518 2520 18497 4588
819 17 2518 2520 18503 4586
820 17 2518 2520 18506 4587
821 17 2518 2520 18520 4588
822 17 2518 2520 18538 4593
823 17 2518 2520 18552 4597
824 17 2518 2520 18568 4602
825 17 2518 2520 18576 4604
826 17 2518 2520 18585 4604
827 17 2518 2520 18594 4607
828 17 2518 2520 18608 4606
829 17 2518 2520 18625 4608
830 17 2518 2520 18634 4614
831 17 2518 2520 18642 4620
832 17 2518 2520 18650 4621
833 17 2518 2520 18662 4625
834 17 2518 2520 18673 4630
835 17 2518 2520 18691 4636
836 17 2518 2520 18706 4636
837 17 2518 2520 18709 4635
838 17 2518 2520 18716 4638
839 17 2518 2520 18723 4644
840 17 2518 2520 18730 4646
841 17 2518 2520 18732 4642
842 17 2518 2520 18748 4652
843 17 2518 2520 18759 4654
844 17 2518 2520 18761 4653
845 17 2518 2520 18774 4655
846 17 2518 2520 18779 4653
847 17 2518 2520 18788 4659
848 17 2518 2520 18792 4662
849 17 2518 2520 18798 4667
850 17 2518 2520 18808 4666
851 17 2518 2520 18817 4666
852 17 2518 2520 18822 4667
853 17 2518 2520 18832 4670
854 17 2518 2520 18853 4681
855 17 2518 2520 18863 4691
856 17 2518 2520 18872 4691
857 17 2518 2520 18887 4698
858 17 2518 2520 18900 4702
859 17 2518 2520 18911 4705
860 17 2518 2520 18918 4709
861 17 2518 2520 18920 4715
862 17 2518 2520 18929 4721
863 17 2518 2520 18938 4724
864 17 2518 2520 18953 4729
865 17 2518 2520 18963 4734
866 17 2518 2520 18970 4738
867 17 2518 2520 18977 4741
868 17 2518 2520 18991 4743
869 17 2518 2520 18998 4738
870 18 2518 2520 18998 4740
871 18 2518 2520 19011 4745
872 18 2518 2520 19024 4748
873 18 2518 2520 19046 4750
874 18 2518 2520 19063 4753
875 18 2518 2520 19084 4761
876 18 2518 2520 19107 4759
877 18 2518 2520 19137 4772
878 18 2518 2520 19152 4766
879 18 2518 2520 19175 4770
880 18 2518 2520 19191 4768
881 18 2518 2520 19222 4773
882 18 2518 2520 19234 4767
883 18 2518 2520 19253 4768
884 18 2518 2520 19273 4767
885 18 2518 2520 19310 4773
886 18 2518 2520 19328 4780
887 19 2518 2520 19354 4782
888 19 2518 2520 19390 4784
889 19 2518 2520 19437 4795
890 19 2518 2520 19471 4802
891 19 2518 2520 19498 4810
892 19 2518 2520 19537 4816
893 19 2518 2520 19574 4822
894 19 2518 2520 19616 4821
895 19 2518 2520 19668 4830
896 19 2518 2520 19715 4837
897 19 2518 2520 19758 4847
898 19 2518 2520 19801 4857
899 19 2518 2520 19821 4850
900 19 2518 2520 19857 4842
901 19 2518 2520 19887 4853
902 19 2518 2520 19912 4867
903 19 2518 2520 19952 4875
904 19 2518 2520 19999 4889
905 19 2518 2520 20038 4903
906 19 2518 2520 20078 4910
907 20 2518 2520 20120 4916
908 20 2518 2520 20156 4926
909 20 2518 2520 20191 4931
910 20 2518 2520 20218 4938
911 20 2518 2520 20248 4947
912 20 2518 2520 20287 4962
913 20 2518 2520 20323 4963
914 20 2518 2520 20364 4974
915 20 2518 2520 20386 4983
916 20 2518 2520 20418 4988
917 20 2518 2520 20468 4992
918 20 2518 2520 20518 5011
919 20 2518 2520 20548 5014
920 20 2518 2520 20606 5029
921 20 2518 2520 20635 5040
922 20 2518 2520 20671 5049
923 20 2518 2520 20696 5057
924 20 2518 2520 20734 5074
925 20 2518 2520 20761 5079
926 20 2518 2520 20792 5089
927 20 2518 2520 20809 5094
928 20 2518 2520 20850 5100
929 20 2518 2520 20871 5118
930 20 2518 2520 20903 5126
931 20 2518 2520 20936 5132
932 20 2518 2520 20961 5140
933 20 2518 2520 20993 5140
934 20 2518 2520 21033 5138
935 20 2518 2520 21062 5135
936 20 2518 2520 21084 5135
937 20 2518 2520 21109 5136
938 20 2518 2520 21124 5145
939 20 2518 2520 21156 5154
940 20 2518 2520 21194 5153
941 20 2518 2520 21213 5149
942 20 2518 2520 21245 5157
943 20 2518 2520 21274 5164
944 20 2518 2520 21291 5155
945 20 2518 2520 21324 5151
946 20 2518 2520 21368 5165
947 20 2518 2520 21404 5169
948 20 2518 2520 21432 5178
949 20 2518 2520 21456 5177
950 20 2518 2520 21486 5169
951 20 2518 2520 21507 5168
952 20 2518 2520 21531 5168
953 20 2518 2520 21551 5166
954 20 2518 2520 21576 5171
955 20 2518 2520 21593 5176
956 20 2518 2520 21610 5177
957 20 2518 2520 21645 5177
958 20 2518 2520 21651 5181
959 20 2518 2520 21659 5186
960 20 2518 2520 21680 5182
961 20 2518 2520 21698 5187
962 20 2518 2520 21721 5193
963 20 2518 2520 21728 5190
964 20 2518 2520 21745 5189
965 20 2518 2520 21752 5182
966 20 2518 2520 21758 5185
967 20 2518 2520 21767 5187
968 20 2518 2520 21772 5189
969 20 2518 2520 21782 5195
970 20 2518 2520 21791 5197
971 20 2518 2520 21799 5202
972 20 2518 2520 21804 5197
973 20 2518 2520 21813 5198
974 20 2518 2520 21824 5205
975 20 2518 2520 21828 5207
976 20 2518 2520 21826 5205
977 20 2518 2520 21842 5214
978 20 2518 2520 21848 5209
979 20 2518 2520 21852 5212
980 20 2518 2520 21872 5216
981 20 2518 2520 21875 5211
982 20 2518 2520 21883 5212
983 20 2518 2520 21890 5214
984 20 2518 2520 21898 5216
985 20 2518 2520 21901 5219
986 20 2518 2520 21904 5224
987 20 2518 2520 21915 5222
988 20 2518 2520 21929 5223
989 20 2518 2520 21938 5222
990 20 2518 2520 21949 5226
991 20 2518 2520 21962 5227
992 20 2518 2520 21969 5233
993 20 2518 2520 21973 5233
994 20 2518 2520 21991 5238
995 20 2518 2520 22010 5238
996 20 2518 2520 22025 5238
997 20 2518 2520 22040 5237
998 20 2518 2520 22056 5234
999 20 2518 2520 22073 5237
1000 20 2518 2520 22090 5236
