0 1 2519 2520 796 500
1 1 2519 2520 808 509
2 1 2519 2520 830 524
3 1 2519 2520 849 536
4 1 2519 2520 871 551
5 1 2519 2520 896 564
6 1 2519 2520 922 579
7 1 2519 2520 951 595
8 1 2519 2520 984 617
9 1 2519 2520 999 626
10 1 2519 2520 1020 635
11 1 2519 2520 1038 641
12 1 2519 2520 1063 655
13 1 2519 2520 1088 660
14 1 2519 2520 1111 668
15 1 2519 2520 1137 679
16 1 2519 2520 1153 688
17 1 2519 2520 1180 700
18 1 2519 2520 1193 702
19 1 2519 2520 1204 703
20 2 2519 2520 1209 703
21 2 2519 2520 1246 718
22 2 2519 2520 1312 736
23 2 2519 2520 1377 764
24 2 2519 2520 1450 806
25 2 2519 2520 1527 830
26 2 2519 2520 1600 853
27 2 2519 2520 1687 877
28 2 2519 2520 1766 905
29 2 2519 2520 1842 926
30 2 2519 2520 1917 942
31 2 2519 2520 1985 954
32 2 2519 2520 2058 965
33 2 2519 2520 2103 978
34 2 2519 2520 2141 985
35 2 2519 2520 2185 1002
36 2 2519 2520 2229 1013
37 2 2519 2520 2256 1023
38 2 2519 2520 2284 1036
39 2 2519 2520 2312 1041
40 2 2519 2520 2336 1047
41 2 2519 2520 2369 1056
42 2 2519 2520 2400 1063
43 2 2519 2520 2435 1077
44 2 2519 2520 2470 1085
45 2 2519 2520 2489 1097
46 4 2519 2520 2517 1104
47 4 2519 2520 2570 1124
48 4 2519 2520 2664 1164
49 4 2519 2520 2768 1198
50 4 2519 2520 2869 1217
51 4 2519 2520 2990 1252
52 4 2519 2520 3118 1282
53 4 2519 2520 3228 1314
54 4 2519 2520 3348 1334
55 4 2519 2520 3456 1361
56 4 2519 2520 3561 1397
57 4 2519 2520 3686 1421
58 4 2519 2520 3799 1449
59 4 2519 2520 3896 1478
60 4 2519 2520 3981 1511
61 4 2519 2520 4072 1542
62 4 2519 2520 4159 1556
63 4 2519 2520 4239 1579
64 4 2519 2520 4318 1597
65 4 2519 2520 4387 1621
66 4 2519 2520 4472 1635
67 4 2519 2520 4531 1657
68 5 2519 2520 4581 1668
69 5 2519 2520 4662 1690
70 6 2519 2520 4748 1716
71 6 2519 2520 4853 1750
72 6 2519 2520 4983 1784
73 6 2519 2520 5107 1819
74 6 2519 2520 5230 1844
75 6 2519 2520 5362 1871
76 6 2519 2520 5462 1892
77 6 2519 2520 5590 1915
78 6 2519 2520 5714 1949
79 7 2519 2520 5836 1982
80 7 2518 2520 5983 2014
81 7 2518 2520 6120 2038
82 7 2518 2520 6271 2063
83 7 2518 2520 6420 2092
84 8 2518 2520 6566 2113
85 8 2518 2520 6702 2135
86 8 2518 2520 6842 2166
87 8 2518 2520 6999 2203
88 8 2518 2520 7131 2227
89 8 2518 2520 7246 2244
90 8 2518 2520 7384 2256
91 8 2518 2520 7508 2286
92 8 2518 2520 7614 2306
93 8 2518 2520 7727 2331
94 8 2518 2520 7831 2348
95 8 2517 2520 7941 2385
96 9 2517 2520 8069 2421
97 9 2517 2520 8194 2434
98 9 2517 2520 8339 2465
99 11 2517 2520 8522 2496
100 11 2517 2520 8669 2531
101 11 2517 2520 8841 2567
102 11 2517 2520 9042 2603
103 11 2517 2520 9221 2621
104 11 2517 2520 9387 2650
105 11 2517 2520 9553 2692
106 11 2517 2520 9719 2727
107 11 2517 2520 9874 2764
108 11 2517 2520 10030 2788
109 11 2517 2520 10183 2820
110 11 2517 2520 10312 2840
111 11 2517 2520 10432 2856
112 11 2517 2520 10577 2889
113 11 2517 2520 10718 2917
114 11 2517 2520 10845 2953
115 11 2517 2520 10992 2981
116 11 2517 2520 11110 3006
117 12 2517 2520 11219 3039
118 12 2517 2520 11329 3062
119 12 2517 2520 11439 3093
120 12 2517 2520 11535 3111
121 12 2517 2520 11621 3138
122 12 2517 2520 11712 3156
123 12 2517 2520 11804 3183
124 12 2517 2520 11896 3196
125 12 2517 2520 12007 3220
126 12 2517 2520 12119 3242
127 13 2517 2520 12229 3271
128 13 2517 2520 12354 3296
129 13 2517 2520 12476 3330
130 13 2517 2520 12611 3360
131 13 2517 2520 12737 3402
132 14 2517 2520 12860 3441
133 14 2517 2520 12974 3477
134 14 2517 2520 13128 3531
135 14 2517 2520 13256 3557
136 14 2517 2520 13389 3585
137 15 2517 2520 13515 3632
138 15 2517 2520 13666 3666
139 15 2517 2520 13803 3688
140 15 2517 2520 13913 3719
141 15 2517 2520 14053 3750
142 15 2517 2520 14188 3770
143 15 2517 2520 14321 3781
144 15 2517 2520 14448 3799
145 15 2517 2520 14594 3826
146 15 2517 2520 14736 3853
147 15 2517 2520 14877 3872
148 15 2517 2520 15000 3902
149 15 2517 2520 15103 3920
150 16 2517 2520 15222 3963
151 16 2517 2520 15320 3989
152 16 2517 2520 15458 4004
153 16 2517 2520 15567 4020
154 16 2517 2520 15693 4040
155 16 2517 2520 15786 4069
156 16 2517 2520 15917 4102
157 16 2517 2520 16007 4121
158 16 2517 2520 16113 4141
159 16 2517 2520 16215 4168
160 16 2517 2520 16303 4201
161 16 2516 2520 16402 4229
162 16 2516 2520 16501 4242
163 17 2516 2520 16605 4239
164 17 2516 2520 16711 4260
165 17 2516 2520 16817 4272
166 17 2516 2520 16945 4289
167 17 2516 2520 17078 4308
168 17 2516 2520 17184 4320
169 17 2516 2520 17293 4331
170 17 2516 2520 17409 4342
171 17 2516 2520 17517 4364
172 17 2516 2520 17624 4373
173 18 2516 2520 17723 4408
174 18 2516 2520 17837 4432
175 18 2516 2520 17952 4462
176 18 2516 2520 18075 4481
177 18 2516 2520 18206 4489
178 18 2516 2520 18302 4505
179 18 2516 2520 18432 4530
180 18 2516 2520 18550 4549
181 18 2516 2520 18662 4565
182 19 2516 2520 18797 4597
183 19 2516 2520 18921 4630
184 19 2516 2520 19035 4651
185 19 2516 2520 19154 4676
186 20 2516 2520 19268 4701
187 21 2516 2520 19391 4740
188 21 2516 2520 19574 4784
189 21 2516 2520 19756 4817
190 21 2516 2520 19911 4860
191 21 2516 2520 20090 4901
192 21 2516 2520 20270 4951
193 21 2516 2520 20421 4978
194 21 2516 2520 20598 5017
195 21 2516 2520 20746 5023
196 21 2516 2520 20874 5030
197 21 2516 2520 21047 5055
198 21 2516 2520 21187 5079
199 21 2516 2520 21316 5094
200 21 2516 2520 21419 5112
201 21 2516 2520 21530 5133
202 21 2516 2520 21675 5169
203 21 2516 2520 21799 5203
204 21 2516 2520 21918 5228
205 21 2516 2520 22012 5249
206 21 2516 2520 22110 5264
207 21 2516 2520 22214 5285
208 21 2516 2520 22309 5302
209 21 2516 2520 22387 5309
210 21 2516 2520 22488 5315
211 21 2516 2520 22568 5325
212 21 2516 2520 22665 5328
213 22 2516 2520 22763 5351
214 22 2516 2520 22859 5380
215 22 2516 2520 22977 5392
216 22 2516 2520 23072 5425
217 22 2516 2520 23184 5448
218 22 2516 2520 23299 5485
219 22 2516 2520 23400 5521
220 22 2516 2520 23477 5535
221 23 2516 2520 23555 5556
222 23 2516 2520 23638 5563
223 23 2516 2520 23723 5579
224 23 2516 2520 23792 5591
225 23 2516 2520 23898 5617
226 23 2516 2520 23987 5643
227 23 2516 2520 24088 5671
228 23 2516 2520 24174 5699
229 23 2516 2520 24286 5720
230 23 2516 2520 24386 5750
231 23 2516 2520 24468 5771
232 23 2516 2520 24563 5787
233 23 2516 2520 24676 5819
234 24 2516 2520 24763 5824
235 24 2516 2520 24848 5837
236 24 2516 2520 24928 5853
237 24 2516 2520 25034 5863
238 24 2516 2520 25151 5904
239 24 2516 2520 25258 5922
240 24 2516 2520 25346 5945
241 24 2516 2520 25438 5960
242 24 2516 2520 25527 5984
243 24 2516 2520 25618 6024
244 25 2516 2520 25697 6047
245 25 2516 2520 25788 6053
246 25 2516 2520 25869 6071
247 25 2516 2520 25946 6092
248 25 2516 2520 26031 6104
249 26 2516 2520 26149 6124
250 26 2516 2520 26273 6137
251 26 2516 2520 26373 6153
252 26 2516 2520 26501 6171
253 26 2515 2520 26602 6191
254 26 2515 2520 26720 6209
255 26 2515 2520 26829 6213
256 26 2515 2520 26952 6233
257 26 2515 2520 27060 6266
258 27 2515 2520 27173 6285
259 27 2515 2520 27254 6312
260 27 2515 2520 27350 6332
261 27 2515 2520 27464 6341
262 27 2515 2520 27578 6354
263 27 2515 2520 27701 6373
264 27 2515 2520 27827 6384
265 27 2515 2520 27959 6410
266 27 2515 2520 28100 6426
267 27 2515 2520 28229 6439
268 28 2515 2520 28336 6456
269 28 2515 2520 28424 6478
270 28 2515 2520 28559 6496
271 28 2515 2520 28692 6522
272 28 2515 2520 28802 6539
273 28 2515 2520 28914 6552
274 28 2515 2520 29022 6582
275 28 2515 2520 29120 6597
276 28 2515 2520 29214 6617
277 28 2515 2520 29324 6645
278 28 2515 2520 29404 6655
279 28 2515 2520 29499 6667
280 29 2515 2520 29591 6699
281 29 2515 2520 29658 6702
282 29 2515 2520 29766 6713
283 29 2515 2520 29877 6723
284 29 2515 2520 29989 6745
285 29 2515 2520 30115 6761
286 29 2515 2520 30204 6790
287 29 2515 2520 30308 6818
288 29 2515 2520 30394 6829
289 29 2515 2520 30480 6851
290 29 2515 2520 30582 6877
291 29 2515 2520 30647 6888
292 29 2515 2520 30719 6893
293 30 2515 2520 30811 6905
294 30 2515 2520 30909 6917
295 30 2515 2520 31010 6948
296 31 2515 2520 31122 6969
297 31 2515 2520 31225 6997
298 31 2515 2520 31321 7013
299 31 2515 2520 31431 7039
300 31 2515 2520 31521 7062
301 31 2515 2520 31608 7079
302 31 2515 2520 31724 7115
303 31 2515 2520 31827 7124
304 32 2515 2520 31921 7158
305 32 2515 2520 32011 7167
306 32 2515 2520 32117 7191
307 32 2515 2520 32230 7203
308 32 2515 2520 32336 7235
309 32 2515 2520 32439 7244
310 32 2515 2520 32557 7265
311 32 2515 2520 32641 7285
312 33 2515 2520 32743 7289
313 33 2515 2520 32878 7329
314 33 2515 2520 32971 7354
315 33 2515 2520 33085 7380
316 33 2515 2520 33174 7410
317 35 2515 2520 33299 7451
318 35 2515 2520 33418 7474
319 35 2515 2520 33533 7479
320 35 2515 2520 33668 7507
321 35 2515 2520 33795 7546
322 35 2515 2520 33934 7538
323 35 2515 2520 34065 7555
324 35 2515 2520 34185 7576
325 35 2515 2520 34311 7597
326 35 2515 2520 34435 7618
327 35 2515 2520 34541 7642
328 35 2515 2520 34652 7654
329 35 2515 2520 34762 7671
330 35 2515 2520 34889 7696
331 35 2515 2520 35002 7704
332 35 2515 2520 35094 7725
333 35 2515 2520 35211 7748
334 35 2515 2520 35321 7773
335 35 2515 2520 35430 7779
336 35 2515 2520 35508 7797
337 35 2515 2520 35600 7822
338 35 2515 2520 35692 7838
339 35 2515 2520 35761 7866
340 35 2515 2520 35851 7886
341 35 2515 2520 35927 7921
342 35 2515 2520 36001 7928
343 35 2515 2520 36071 7943
344 35 2515 2520 36144 7949
345 35 2515 2520 36207 7974
346 35 2515 2520 36274 7985
347 35 2515 2520 36330 7997
348 35 2515 2520 36387 8018
349 35 2515 2520 36448 8029
350 35 2515 2520 36499 8039
351 35 2515 2520 36556 8043
352 35 2515 2520 36642 8064
353 35 2515 2520 36695 8068
354 35 2515 2520 36756 8088
355 36 2515 2520 36825 8086
356 36 2515 2520 36908 8118
357 36 2515 2520 36996 8140
358 36 2515 2520 37082 8153
359 36 2515 2520 37185 8184
360 36 2515 2520 37249 8207
361 36 2515 2520 37323 8222
362 36 2515 2520 37443 8241
363 36 2515 2520 37534 8260
364 36 2515 2520 37605 8271
365 36 2515 2520 37681 8279
366 36 2515 2520 37768 8299
367 36 2515 2520 37849 8324
368 36 2515 2520 37917 8343
369 36 2515 2520 37981 8367
370 36 2515 2520 38053 8381
371 36 2515 2520 38111 8375
372 36 2515 2520 38165 8387
373 36 2515 2520 38211 8395
374 36 2515 2520 38257 8407
375 36 2515 2520 38296 8416
376 36 2515 2520 38350 8424
377 36 2515 2520 38408 8445
378 36 2515 2520 38469 8452
379 36 2515 2520 38538 8466
380 37 2515 2520 38592 8486
381 37 2515 2520 38672 8504
382 37 2515 2520 38728 8523
383 37 2515 2520 38796 8538
384 37 2515 2520 38889 8570
385 38 2515 2520 38979 8570
386 38 2515 2520 39057 8565
387 38 2515 2520 39145 8593
388 38 2515 2520 39229 8598
389 38 2515 2520 39311 8601
390 38 2515 2520 39387 8612
391 38 2515 2520 39458 8630
392 38 2515 2520 39569 8655
393 39 2515 2520 39645 8653
394 39 2515 2520 39733 8652
395 39 2515 2520 39847 8666
396 39 2515 2520 39968 8671
397 39 2515 2520 40085 8696
398 39 2515 2520 40199 8718
399 39 2515 2520 40334 8722
400 40 2515 2520 40448 8728
401 40 2515 2520 40533 8745
402 40 2515 2520 40659 8772
403 40 2515 2520 40785 8805
404 40 2515 2520 40901 8826
405 40 2515 2520 41020 8830
406 40 2515 2520 41117 8865
407 40 2515 2520 41231 8875
408 41 2515 2520 41340 8893
409 42 2515 2520 41467 8928
410 42 2515 2520 41610 8950
411 42 2515 2520 41739 8999
412 42 2515 2520 41886 9041
413 42 2515 2520 42011 9071
414 42 2515 2520 42151 9095
415 42 2515 2520 42273 9124
416 42 2515 2520 42411 9156
417 42 2515 2520 42528 9169
418 42 2515 2520 42657 9199
419 42 2515 2520 42772 9218
420 42 2515 2520 42888 9239
421 42 2515 2520 43016 9259
422 42 2515 2520 43138 9287
423 42 2515 2520 43250 9321
424 43 2515 2520 43343 9331
425 43 2515 2520 43460 9366
426 43 2515 2520 43574 9387
427 43 2515 2520 43726 9415
428 43 2515 2520 43861 9448
429 43 2515 2520 43991 9476
430 43 2515 2520 44107 9494
431 43 2515 2520 44223 9504
432 43 2515 2520 44326 9524
433 43 2515 2520 44447 9556
434 43 2515 2520 44558 9566
435 44 2515 2520 44669 9581
436 44 2515 2520 44798 9596
437 44 2515 2520 44909 9621
438 44 2515 2520 45052 9645
439 44 2515 2520 45210 9668
440 44 2515 2520 45350 9695
441 44 2515 2520 45472 9716
442 44 2515 2520 45634 9735
443 44 2515 2520 45749 9755
444 44 2515 2520 45856 9771
445 44 2515 2520 45977 9791
446 44 2515 2520 46092 9805
447 44 2515 2520 46185 9789
448 44 2515 2520 46287 9815
449 45 2515 2520 46416 9836
450 45 2515 2520 46537 9840
451 46 2515 2520 46654 9872
452 46 2515 2520 46753 9899
453 46 2515 2520 46869 9928
454 47 2515 2520 47013 9943
455 47 2515 2520 47135 9960
456 47 2515 2520 47257 9972
457 47 2515 2520 47412 9997
458 47 2515 2520 47535 10023
459 47 2515 2520 47675 10046
460 48 2515 2520 47787 10060
461 48 2515 2520 47909 10087
462 48 2515 2520 48074 10126
463 48 2515 2520 48212 10143
464 48 2515 2520 48318 10167
465 48 2515 2520 48463 10202
466 48 2515 2520 48603 10241
467 48 2515 2520 48739 10271
468 48 2515 2520 48861 10277
469 48 2515 2520 48983 10295
470 48 2515 2520 49103 10307
471 48 2515 2520 49224 10325
472 48 2515 2520 49366 10367
473 48 2515 2520 49501 10389
474 48 2515 2520 49608 10394
475 48 2515 2520 49704 10407
476 48 2515 2520 49812 10427
477 48 2515 2520 49906 10444
478 48 2515 2520 50024 10466
479 48 2515 2520 50100 10478
480 48 2515 2520 50203 10507
481 48 2515 2520 50302 10518
482 48 2515 2520 50390 10539
483 48 2515 2520 50482 10557
484 48 2515 2520 50563 10570
485 48 2515 2520 50617 10587
486 48 2515 2520 50710 10615
487 48 2515 2520 50803 10634
488 49 2515 2520 50874 10644
489 49 2515 2520 50961 10656
490 49 2515 2520 51041 10677
491 49 2515 2520 51150 10699
492 49 2515 2520 51221 10734
493 49 2515 2520 51302 10766
494 49 2515 2520 51379 10789
495 50 2515 2520 51455 10797
496 50 2515 2520 51569 10829
497 50 2515 2520 51667 10841
498 50 2515 2520 51765 10862
499 50 2515 2520 51849 10879
500 50 2515 2520 51954 10891
501 50 2515 2520 52043 10918
502 50 2515 2520 52158 10931
503 50 2515 2520 52229 10951
504 50 2515 2520 52338 10980
505 50 2515 2520 52417 10995
506 50 2515 2520 52492 11016
507 50 2515 2520 52584 11023
508 50 2515 2520 52671 11035
509 51 2515 2520 52772 11044
510 51 2515 2520 52863 11054
511 51 2515 2520 52976 11075
512 51 2515 2520 53085 11088
513 51 2515 2520 53167 11105
514 51 2515 2520 53279 11133
515 51 2515 2520 53410 11168
516 51 2515 2520 53514 11179
517 51 2515 2520 53622 11204
518 51 2515 2520 53732 11236
519 51 2515 2520 53819 11253
520 51 2515 2520 53922 11275
521 52 2515 2520 54044 11297
522 52 2515 2520 54155 11322
523 52 2515 2520 54253 11345
524 52 2515 2520 54352 11360
525 52 2515 2520 54456 11378
526 52 2515 2520 54555 11411
527 52 2515 2520 54641 11426
528 52 2515 2520 54722 11432
529 52 2515 2520 54821 11467
530 52 2515 2520 54925 11498
531 52 2515 2520 55021 11528
532 52 2515 2520 55104 11542
533 52 2515 2520 55185 11558
534 52 2515 2520 55277 11598
535 52 2515 2520 55355 11598
536 53 2515 2520 55436 11624
537 53 2515 2520 55531 11626
538 53 2515 2520 55638 11647
539 53 2515 2520 55736 11676
540 53 2515 2520 55851 11697
541 54 2515 2520 55945 11722
542 54 2515 2520 56064 11729
543 54 2515 2520 56160 11745
544 54 2515 2520 56270 11777
545 54 2515 2520 56410 11799
546 54 2515 2520 56525 11828
547 55 2515 2520 56640 11843
548 55 2515 2520 56756 11867
549 55 2515 2520 56899 11909
550 55 2515 2520 57028 11924
551 55 2515 2520 57162 11933
552 55 2515 2520 57305 11968
553 55 2515 2520 57456 11999
554 55 2515 2520 57577 12013
555 55 2515 2520 57701 12048
556 55 2515 2520 57816 12060
557 56 2515 2520 57931 12072
558 56 2515 2520 58048 12077
559 56 2515 2520 58204 12109
560 56 2515 2520 58301 12141
561 56 2515 2520 58407 12148
562 56 2515 2520 58541 12165
563 56 2515 2520 58645 12179
564 56 2515 2520 58763 12204
565 56 2515 2520 58887 12227
566 56 2515 2520 59011 12239
567 56 2515 2520 59101 12263
568 56 2515 2520 59225 12275
569 57 2515 2520 59340 12292
570 57 2515 2520 59447 12321
571 57 2515 2520 59554 12353
572 57 2515 2520 59702 12393
573 57 2515 2520 59817 12419
574 57 2515 2520 59931 12437
575 57 2515 2520 60021 12459
576 57 2515 2520 60118 12483
577 57 2515 2520 60223 12510
578 58 2515 2520 60305 12541
579 58 2515 2520 60382 12574
580 58 2515 2520 60488 12583
581 58 2515 2520 60590 12602
582 58 2515 2520 60700 12630
583 58 2515 2520 60788 12642
584 58 2515 2520 60869 12664
585 58 2515 2520 60962 12676
586 58 2515 2520 61063 12685
587 58 2515 2520 61158 12704
588 58 2515 2520 61253 12725
589 59 2515 2520 61337 12740
590 59 2515 2520 61454 12760
591 60 2515 2520 61566 12790
592 60 2515 2520 61673 12806
593 61 2515 2520 61775 12831
594 61 2515 2520 61871 12850
595 61 2515 2520 62002 12859
596 61 2515 2520 62136 12879
597 61 2515 2520 62256 12887
598 61 2515 2520 62386 12899
599 61 2515 2520 62517 12906
600 61 2515 2520 62656 12931
601 61 2515 2520 62741 12936
602 61 2515 2520 62860 12960
603 61 2515 2520 62945 12981
604 61 2515 2520 63048 12980
605 61 2515 2520 63163 12998
606 61 2515 2520 63269 13027
607 61 2515 2520 63396 13038
608 61 2515 2520 63522 13050
609 61 2515 2520 63632 13073
610 62 2515 2520 63745 13082
611 62 2515 2520 63861 13112
612 62 2515 2520 63997 13128
613 62 2515 2520 64087 13139
614 62 2515 2520 64183 13148
615 63 2515 2520 64291 13172
616 63 2515 2520 64412 13203
617 63 2515 2520 64539 13219
618 63 2515 2520 64656 13244
619 63 2515 2520 64764 13273
620 63 2515 2520 64870 13276
621 63 2515 2520 64983 13296
622 63 2515 2520 65078 13321
623 63 2515 2520 65171 13323
624 63 2515 2520 65299 13338
625 63 2515 2520 65378 13362
626 64 2515 2520 65472 13395
627 64 2515 2520 65550 13407
628 64 2515 2520 65690 13434
629 64 2515 2520 65815 13447
630 64 2515 2520 65942 13471
631 65 2515 2520 66065 13503
632 65 2515 2520 66196 13509
633 66 2515 2520 66324 13539
634 66 2515 2520 66467 13571
635 66 2515 2520 66606 13573
636 66 2515 2520 66780 13598
637 66 2515 2520 66928 13618
638 67 2515 2520 67091 13654
639 67 2515 2520 67233 13662
640 67 2515 2520 67406 13700
641 67 2515 2520 67560 13722
642 67 2515 2520 67683 13736
643 67 2515 2520 67814 13750
644 67 2515 2520 67940 13792
645 67 2515 2520 68077 13822
646 67 2515 2520 68209 13866
647 67 2515 2520 68348 13859
648 67 2515 2520 68462 13884
649 67 2515 2520 68580 13915
650 67 2515 2520 68705 13946
651 67 2515 2520 68853 13971
652 67 2515 2520 68968 13998
653 67 2515 2520 69076 14002
654 67 2515 2520 69221 14036
655 67 2515 2520 69341 14065
656 67 2515 2520 69484 14074
657 67 2515 2520 69615 14116
658 67 2515 2520 69734 14154
659 67 2515 2520 69807 14157
660 67 2515 2520 69901 14169
661 67 2515 2520 69987 14192
662 67 2515 2520 70092 14195
663 67 2515 2520 70179 14224
664 67 2515 2520 70276 14244
665 67 2515 2520 70345 14255
666 67 2515 2520 70434 14272
667 67 2515 2520 70524 14285
668 67 2515 2520 70609 14304
669 67 2515 2520 70687 14315
670 67 2515 2520 70747 14322
671 67 2515 2520 70838 14340
672 67 2515 2520 70919 14364
673 67 2515 2520 70997 14388
674 67 2515 2520 71074 14397
675 67 2515 2520 71149 14425
676 67 2515 2520 71230 14438
677 67 2515 2520 71301 14465
678 67 2514 2520 71359 14487
679 67 2514 2520 71436 14503
680 67 2514 2520 71516 14523
681 67 2514 2520 71566 14533
682 67 2514 2520 71629 14532
683 67 2514 2520 71691 14560
684 67 2514 2520 71760 14559
685 68 2514 2520 71831 14556
686 68 2514 2520 71908 14571
687 68 2514 2520 72011 14598
688 68 2514 2520 72076 14603
689 68 2514 2520 72173 14611
690 68 2514 2520 72268 14614
691 68 2514 2520 72373 14631
692 68 2514 2520 72478 14630
693 69 2514 2520 72577 14661
694 69 2514 2520 72679 14691
695 70 2514 2520 72772 14710
696 70 2514 2520 72891 14718
697 70 2514 2520 73005 14741
698 70 2514 2520 73103 14758
699 70 2514 2520 73212 14781
700 70 2514 2520 73274 14775
701 70 2514 2520 73359 14792
702 70 2514 2520 73483 14831
703 70 2514 2520 73569 14835
704 70 2514 2520 73632 14865
705 70 2514 2520 73707 14882
706 70 2514 2520 73803 14900
707 71 2514 2520 73895 14916
708 71 2514 2520 73989 14925
709 71 2514 2520 74106 14931
710 71 2514 2520 74212 14950
711 72 2514 2520 74303 14973
712 72 2514 2520 74450 14985
713 72 2514 2520 74603 14993
714 72 2514 2520 74726 15012
715 72 2514 2520 74855 15039
716 72 2514 2520 74973 15044
717 72 2514 2520 75111 15074
718 72 2514 2520 75232 15095
719 72 2514 2520 75360 15119
720 72 2514 2520 75481 15133
721 72 2514 2520 75629 15173
722 72 2514 2520 75717 15185
723 72 2514 2520 75822 15207
724 72 2514 2520 75916 15231
725 72 2514 2520 76026 15252
726 72 2514 2520 76121 15273
727 72 2514 2520 76218 15304
728 72 2514 2520 76329 15337
729 72 2514 2520 76420 15351
730 72 2514 2520 76530 15353
731 72 2514 2520 76658 15386
732 72 2514 2520 76749 15399
733 72 2514 2520 76832 15414
734 72 2514 2520 76903 15422
735 72 2514 2520 76969 15420
736 72 2514 2520 77047 15431
737 72 2514 2520 77146 15441
738 72 2514 2520 77223 15449
739 73 2514 2520 77309 15447
740 73 2514 2520 77404 15467
741 73 2514 2520 77500 15494
742 73 2514 2520 77593 15522
743 73 2514 2520 77678 15541
744 73 2514 2520 77731 15538
745 73 2514 2520 77787 15538
746 73 2514 2520 77870 15548
747 74 2514 2520 77992 15583
748 74 2514 2520 78122 15608
749 74 2514 2520 78233 15623
750 74 2514 2520 78350 15636
751 74 2514 2520 78467 15665
752 74 2514 2520 78591 15668
753 74 2514 2520 78738 15694
754 74 2514 2520 78843 15719
755 74 2514 2520 78949 15744
756 74 2514 2520 79038 15744
757 74 2514 2520 79139 15765
758 75 2514 2520 79239 15779
759 75 2514 2520 79346 15785
760 75 2514 2520 79470 15808
761 75 2514 2520 79596 15828
762 75 2514 2520 79693 15846
763 76 2514 2520 79811 15871
764 77 2514 2520 79940 15885
765 77 2514 2520 80065 15908
766 77 2514 2520 80215 15939
767 77 2514 2520 80386 15971
768 77 2514 2520 80524 16023
769 77 2514 2520 80659 16050
770 77 2514 2520 80766 16074
771 78 2514 2520 80891 16098
772 78 2514 2520 81021 16133
773 79 2514 2520 81206 16174
774 79 2514 2520 81330 16203
775 79 2514 2520 81461 16224
776 79 2514 2520 81641 16245
777 79 2514 2520 81788 16265
778 79 2514 2520 81950 16294
779 79 2514 2520 82116 16322
780 79 2514 2520 82253 16354
781 79 2514 2520 82378 16360
782 79 2514 2520 82535 16387
783 79 2514 2520 82687 16435
784 79 2514 2520 82828 16461
785 79 2514 2520 82977 16472
786 79 2514 2520 83122 16500
787 79 2514 2520 83263 16535
788 79 2514 2520 83399 16568
789 79 2514 2520 83512 16604
790 79 2514 2520 83642 16640
791 79 2514 2520 83758 16665
792 79 2514 2520 83847 16676
793 79 2514 2520 83930 16676
794 79 2514 2520 84026 16689
795 79 2514 2520 84107 16693
796 79 2514 2520 84168 16719
797 79 2514 2520 84266 16755
798 79 2514 2520 84321 16751
799 79 2514 2520 84398 16764
800 79 2514 2520 84496 16791
801 79 2514 2520 84578 16804
802 79 2514 2520 84667 16831
803 79 2514 2520 84755 16872
804 79 2514 2520 84816 16875
805 79 2514 2520 84887 16907
806 79 2514 2520 84959 16924
807 79 2514 2520 85043 16935
808 79 2514 2520 85120 16953
809 79 2514 2520 85199 16969
810 79 2514 2520 85276 16986
811 79 2514 2520 85342 16996
812 79 2514 2520 85426 17008
813 79 2514 2520 85475 17019
814 79 2514 2520 85521 17034
815 79 2514 2520 85563 17037
816 79 2514 2520 85647 17048
817 79 2514 2520 85702 17061
818 79 2514 2520 85767 17056
819 79 2514 2520 85817 17075
820 79 2514 2520 85858 17083
821 79 2513 2520 85910 17090
822 80 2513 2520 85986 17114
823 80 2513 2520 86064 17128
824 80 2513 2520 86144 17149
825 80 2513 2520 86229 17175
826 80 2513 2520 86301 17181
827 80 2513 2520 86384 17213
828 80 2513 2520 86476 17227
829 80 2513 2520 86560 17237
830 80 2513 2520 86657 17251
831 80 2513 2520 86742 17279
832 80 2513 2520 86812 17286
833 81 2513 2520 86904 17309
834 81 2513 2520 86985 17324
835 81 2513 2520 87069 17338
836 81 2513 2520 87145 17355
837 81 2513 2520 87238 17361
838 82 2513 2520 87317 17380
839 82 2513 2520 87402 17391
840 82 2513 2520 87468 17387
841 82 2513 2520 87529 17393
842 82 2513 2520 87603 17410
843 82 2513 2520 87667 17436
844 83 2513 2520 87747 17430
845 83 2513 2520 87842 17451
846 83 2513 2520 87942 17457
847 83 2513 2520 88044 17462
848 83 2513 2520 88157 17482
849 83 2513 2520 88258 17500
850 83 2513 2520 88315 17512
851 83 2513 2520 88390 17524
852 83 2513 2520 88478 17530
853 84 2513 2520 88564 17542
854 84 2513 2520 88633 17554
855 84 2513 2520 88761 17575
856 84 2513 2520 88859 17594
857 84 2513 2520 88959 17615
858 84 2513 2520 89089 17630
859 84 2513 2520 89180 17640
860 84 2513 2520 89293 17658
861 85 2513 2520 89377 17662
862 85 2513 2520 89502 17689
863 85 2513 2520 89619 17693
864 85 2513 2520 89754 17703
865 85 2513 2520 89840 17712
866 87 2513 2520 89936 17723
867 87 2513 2520 90074 17752
868 87 2513 2520 90241 17791
869 87 2513 2520 90377 17819
870 87 2513 2520 90518 17852
871 87 2513 2520 90694 17879
872 87 2513 2520 90836 17906
873 87 2513 2520 90942 17927
874 87 2513 2520 91104 17964
875 87 2513 2520 91240 17999
876 87 2513 2520 91404 18008
877 88 2513 2520 91565 18035
878 88 2513 2520 91715 18062
879 88 2513 2520 91908 18088
880 88 2513 2520 92076 18105
881 88 2513 2520 92224 18116
882 88 2513 2520 92393 18145
883 88 2513 2520 92548 18157
884 88 2513 2520 92655 18179
885 88 2513 2520 92812 18215
886 88 2513 2520 92965 18241
887 88 2513 2520 93091 18249
888 88 2513 2520 93221 18291
889 88 2513 2520 93395 18328
890 88 2513 2520 93547 18345
891 88 2513 2520 93646 18360
892 88 2513 2520 93793 18374
893 88 2513 2520 93922 18394
894 89 2513 2520 94062 18406
895 89 2513 2520 94215 18444
896 89 2513 2520 94357 18483
897 89 2513 2520 94490 18501
898 89 2513 2520 94623 18517
899 89 2513 2520 94793 18552
900 89 2513 2520 94946 18599
901 89 2513 2520 95051 18615
902 89 2513 2520 95219 18642
903 89 2513 2520 95337 18661
904 89 2513 2520 95471 18692
905 89 2513 2520 95580 18699
906 89 2513 2520 95714 18722
907 89 2513 2520 95830 18740
908 89 2513 2520 95955 18768
909 89 2513 2520 96050 18786
910 89 2513 2520 96175 18818
911 89 2513 2520 96285 18842
912 89 2513 2520 96393 18848
913 90 2513 2520 96506 18849
914 90 2513 2520 96616 18882
915 90 2513 2520 96765 18914
916 90 2513 2520 96900 18952
917 90 2513 2520 97089 18989
918 90 2513 2520 97250 19008
919 91 2513 2520 97396 19028
920 91 2513 2520 97527 19052
921 92 2513 2520 97712 19081
922 92 2513 2520 97855 19096
923 92 2513 2520 98015 19132
924 92 2513 2520 98163 19156
925 93 2513 2520 98303 19162
926 93 2513 2520 98461 19190
927 93 2513 2520 98636 19203
928 94 2513 2520 98787 19247
929 94 2513 2520 98965 19278
930 94 2513 2520 99140 19310
931 95 2513 2520 99303 19334
932 95 2513 2520 99480 19370
933 95 2513 2520 99625 19404
934 95 2513 2520 99816 19441
935 95 2513 2520 100010 19437
936 96 2513 2520 100162 19455
937 96 2513 2520 100331 19505
938 96 2513 2520 100510 19546
939 96 2513 2520 100673 19569
940 96 2513 2520 100824 19586
941 96 2513 2520 100993 19611
942 96 2513 2520 101141 19624
943 96 2513 2520 101296 19644
944 96 2513 2520 101476 19705
945 96 2513 2520 101642 19730
946 96 2513 2520 101787 19743
947 96 2513 2520 101921 19758
948 96 2513 2520 102071 19784
949 96 2513 2520 102223 19822
950 97 2513 2520 102372 19844
951 97 2513 2520 102467 19875
952 98 2513 2520 102625 19892
953 99 2513 2520 102786 19940
954 99 2513 2520 102885 19954
955 99 2513 2520 103039 19988
956 99 2513 2520 103186 19995
957 99 2513 2520 103365 20004
958 99 2513 2520 103522 20012
959 99 2513 2520 103687 20041
960 99 2513 2520 103825 20072
961 99 2513 2520 104018 20102
962 99 2513 2520 104227 20133
963 99 2513 2520 104389 20150
964 99 2513 2520 104554 20166
965 99 2513 2520 104709 20174
966 99 2513 2520 104855 20189
967 99 2513 2520 105025 20199
968 99 2513 2520 105162 20227
969 99 2513 2520 105341 20254
970 100 2513 2520 105476 20266
971 100 2513 2520 105623 20270
972 100 2513 2520 105770 20288
973 101 2513 2520 105942 20303
974 101 2513 2520 106133 20332
975 101 2513 2520 106288 20363
976 101 2513 2520 106436 20428
977 102 2513 2520 106588 20459
978 102 2513 2520 106799 20492
979 102 2513 2520 106980 20541
980 102 2513 2520 107221 20565
981 102 2513 2520 107412 20591
982 102 2513 2520 107609 20651
983 103 2513 2520 107771 20660
984 103 2513 2520 107951 20693
985 103 2513 2520 108106 20720
986 103 2513 2520 108307 20724
987 103 2513 2520 108532 20757
988 103 2513 2520 108702 20793
989 103 2513 2520 108904 20813
990 103 2513 2520 109052 20845
991 104 2513 2520 109232 20862
992 104 2513 2520 109395 20880
993 104 2513 2520 109557 20921
994 104 2513 2520 109698 20942
995 104 2513 2520 109858 20970
996 104 2513 2520 110002 21011
997 104 2513 2520 110160 21029
998 104 2513 2520 110327 21043
999 104 2513 2520 110536 21082
1000 104 2513 2520 110694 21097
