0 1 2519 2520 795 499
1 1 2519 2520 804 506
2 1 2519 2520 825 521
3 1 2519 2520 852 538
4 1 2519 2520 872 550
5 1 2519 2520 908 568
6 1 2519 2520 937 583
7 1 2519 2520 982 596
8 1 2519 2520 1014 607
9 1 2519 2520 1040 626
10 1 2519 2520 1076 645
11 1 2519 2520 1113 656
12 1 2519 2520 1145 671
13 1 2519 2520 1169 686
14 1 2519 2520 1193 697
15 1 2519 2520 1219 700
16 1 2519 2520 1234 707
17 2 2519 2520 1250 714
18 2 2519 2520 1294 738
19 2 2519 2520 1371 771
20 2 2519 2520 1483 810
21 2 2519 2520 1582 843
22 2 2519 2520 1672 873
23 2 2519 2520 1781 906
24 2 2519 2520 1863 917
25 2 2519 2520 1932 941
26 2 2519 2520 2016 969
27 2 2519 2520 2085 985
28 2 2519 2520 2148 999
29 2 2519 2520 2198 1014
30 2 2519 2520 2253 1030
31 2 2519 2520 2292 1038
32 2 2519 2520 2331 1048
33 2 2519 2520 2391 1062
34 2 2519 2520 2424 1070
35 2 2519 2520 2452 1077
36 2 2519 2520 2471 1076
37 2 2519 2520 2495 1082
38 2 2519 2520 2518 1088
39 2 2519 2520 2543 1089
40 3 2519 2520 2557 1095
41 4 2519 2520 2575 1107
42 4 2519 2520 2648 1135
43 4 2519 2520 2753 1174
44 4 2519 2520 2889 1206
45 4 2519 2520 2997 1233
46 4 2519 2520 3140 1272
47 4 2519 2520 3254 1309
48 4 2519 2520 3376 1335
49 4 2519 2520 3497 1357
50 4 2519 2520 3613 1390
51 4 2519 2520 3730 1424
52 4 2519 2520 3838 1448
53 4 2519 2520 3934 1460
54 4 2519 2520 4033 1493
55 4 2519 2520 4113 1505
56 4 2519 2520 4200 1522
57 4 2519 2520 4306 1555
58 4 2519 2520 4374 1565
59 4 2519 2520 4455 1592
60 4 2519 2520 4535 1606
61 4 2519 2520 4591 1607
62 4 2519 2520 4655 1628
63 5 2519 2520 4714 1653
64 5 2519 2520 4804 1671
65 6 2519 2520 4906 1707
66 7 2519 2520 5002 1741
67 7 2519 2520 5157 1782
68 7 2519 2520 5341 1834
69 7 2519 2520 5496 1877
70 8 2519 2520 5683 1942
71 8 2519 2520 5888 1993
72 8 2519 2520 6109 2063
73 8 2519 2520 6268 2083
74 8 2519 2520 6425 2114
75 8 2519 2520 6622 2145
76 8 2519 2520 6778 2169
77 8 2519 2520 6932 2206
78 8 2518 2520 7120 2247
79 8 2518 2520 7300 2277
80 8 2518 2520 7456 2299
81 8 2518 2520 7640 2323
82 8 2517 2520 7817 2346
83 8 2517 2520 7992 2343
84 8 2517 2520 8135 2368
85 8 2517 2520 8284 2377
86 8 2517 2520 8449 2395
87 8 2517 2520 8572 2420
88 8 2517 2520 8678 2430
89 9 2517 2520 8785 2455
90 9 2517 2520 8892 2479
91 10 2517 2520 9034 2508
92 11 2517 2520 9202 2538
93 11 2517 2520 9397 2613
94 11 2517 2520 9571 2666
95 11 2517 2520 9743 2695
96 11 2517 2520 9907 2747
97 11 2517 2520 10059 2793
98 11 2517 2520 10210 2812
99 11 2517 2520 10368 2826
100 11 2517 2520 10532 2879
101 11 2517 2520 10677 2907
102 11 2517 2520 10800 2940
103 12 2517 2520 10940 2981
104 12 2517 2520 11059 3003
105 12 2517 2520 11217 3021
106 12 2517 2520 11369 3060
107 12 2517 2520 11518 3106
108 12 2517 2520 11680 3144
109 12 2517 2520 11856 3162
110 12 2517 2520 11982 3192
111 13 2517 2520 12131 3210
112 13 2517 2520 12260 3237
113 13 2517 2520 12448 3272
114 13 2517 2520 12595 3296
115 13 2517 2520 12756 3322
116 13 2517 2520 12919 3349
117 13 2517 2520 13063 3388
118 13 2517 2520 13175 3411
119 13 2517 2520 13316 3445
120 13 2517 2520 13458 3475
121 13 2517 2520 13552 3495
122 13 2517 2520 13674 3537
123 14 2517 2520 13795 3569
124 15 2517 2520 13929 3612
125 15 2517 2520 14082 3643
126 15 2517 2520 14247 3673
127 15 2517 2520 14375 3693
128 15 2517 2520 14541 3715
129 16 2517 2520 14701 3758
130 16 2517 2520 14845 3779
131 16 2517 2520 15023 3822
132 16 2517 2520 15203 3856
133 16 2517 2520 15379 3897
134 16 2517 2520 15568 3930
135 17 2516 2520 15760 3966
136 17 2516 2520 15943 3982
137 17 2516 2520 16148 4038
138 17 2516 2520 16315 4073
139 17 2516 2520 16469 4105
140 17 2516 2520 16615 4103
141 17 2516 2520 16763 4134
142 17 2516 2520 16918 4156
143 17 2516 2520 17079 4165
144 17 2516 2520 17251 4197
145 17 2516 2520 17391 4205
146 18 2516 2520 17517 4224
147 18 2516 2520 17649 4244
148 18 2516 2520 17813 4283
149 18 2516 2520 17944 4294
150 18 2516 2520 18066 4323
151 19 2516 2520 18218 4361
152 19 2516 2520 18373 4394
153 19 2516 2520 18575 4430
154 19 2516 2520 18731 4458
155 19 2516 2520 18885 4481
156 19 2516 2520 19071 4536
157 19 2516 2520 19223 4562
158 19 2516 2520 19352 4605
159 19 2516 2520 19506 4633
160 19 2516 2520 19629 4670
161 19 2516 2520 19793 4717
162 19 2516 2520 19945 4748
163 19 2516 2520 20094 4779
164 20 2516 2520 20210 4810
165 20 2516 2520 20332 4831
166 20 2516 2520 20485 4863
167 20 2516 2520 20639 4877
168 20 2516 2520 20758 4904
169 20 2516 2520 20905 4938
170 20 2516 2520 21035 4975
171 20 2516 2520 21154 4984
172 21 2516 2520 21296 5022
173 21 2516 2520 21442 5055
174 21 2516 2520 21580 5088
175 22 2516 2520 21690 5116
176 22 2516 2520 21833 5140
177 22 2516 2520 21961 5176
178 22 2516 2520 22143 5230
179 22 2516 2520 22272 5262
180 23 2516 2520 22415 5297
181 24 2516 2520 22585 5323
182 24 2516 2520 22751 5364
183 24 2516 2520 22944 5408
184 24 2516 2520 23142 5448
185 24 2516 2520 23331 5483
186 24 2516 2520 23510 5499
187 25 2516 2520 23700 5537
188 25 2516 2520 23913 5588
189 26 2516 2520 24135 5638
190 26 2516 2520 24312 5673
191 26 2516 2520 24499 5720
192 26 2516 2520 24721 5772
193 26 2516 2520 24913 5806
194 26 2516 2520 25124 5844
195 26 2516 2520 25297 5867
196 26 2516 2520 25473 5910
197 26 2516 2520 25626 5937
198 26 2516 2520 25798 5957
199 26 2516 2520 25987 5997
200 26 2516 2520 26130 6022
201 26 2516 2520 26294 6061
202 27 2516 2520 26467 6082
203 27 2516 2520 26611 6130
204 27 2516 2520 26775 6168
205 28 2516 2520 26955 6212
206 28 2516 2520 27132 6251
207 28 2516 2520 27332 6283
208 29 2516 2520 27514 6321
209 29 2516 2520 27708 6352
210 29 2516 2520 27939 6389
211 29 2516 2520 28180 6443
212 29 2516 2520 28364 6485
213 29 2516 2520 28581 6519
214 29 2516 2520 28784 6576
215 30 2516 2520 28968 6606
216 30 2516 2520 29213 6660
217 30 2516 2520 29414 6704
218 30 2516 2520 29617 6743
219 30 2516 2520 29841 6786
220 31 2516 2520 30029 6844
221 31 2516 2520 30257 6911
222 31 2516 2520 30458 6971
223 31 2516 2520 30697 6990
224 31 2516 2520 30934 7043
225 31 2516 2520 31123 7095
226 31 2516 2520 31299 7107
227 31 2516 2520 31504 7154
228 31 2516 2520 31685 7198
229 32 2516 2520 31882 7268
230 32 2516 2520 32051 7305
231 33 2516 2520 32253 7346
232 33 2516 2520 32487 7378
233 33 2516 2520 32720 7445
234 33 2516 2520 32981 7502
235 33 2516 2520 33197 7545
236 33 2516 2520 33424 7579
237 33 2516 2520 33638 7628
238 33 2516 2520 33849 7655
239 33 2516 2520 34053 7717
240 33 2516 2520 34250 7757
241 33 2516 2520 34460 7788
242 33 2516 2520 34612 7806
243 33 2516 2520 34802 7867
244 33 2516 2520 34963 7883
245 33 2516 2520 35124 7921
246 33 2516 2520 35297 7950
247 34 2516 2520 35450 7966
248 34 2516 2520 35609 7995
249 35 2516 2520 35764 8022
250 35 2516 2520 35952 8062
251 35 2516 2520 36107 8075
252 35 2516 2520 36290 8115
253 35 2516 2520 36467 8160
254 35 2516 2520 36647 8208
255 35 2516 2520 36822 8236
256 35 2516 2520 36987 8272
257 35 2516 2520 37108 8294
258 37 2516 2520 37286 8336
259 37 2516 2520 37475 8346
260 37 2516 2520 37666 8379
261 37 2516 2520 37870 8426
262 39 2516 2520 38082 8456
263 40 2516 2520 38310 8493
264 40 2516 2520 38555 8552
265 41 2516 2520 38840 8600
266 42 2516 2520 39120 8625
267 42 2516 2520 39408 8669
268 42 2516 2520 39724 8748
269 42 2515 2520 40044 8816
270 42 2515 2520 40382 8885
271 42 2515 2520 40673 8908
272 42 2515 2520 40971 8974
273 43 2515 2520 41320 9028
274 43 2515 2520 41639 9065
275 43 2515 2520 41912 9080
276 43 2515 2520 42184 9108
277 43 2515 2520 42443 9120
278 43 2515 2520 42722 9196
279 43 2514 2520 43001 9239
280 43 2514 2520 43303 9266
281 43 2514 2520 43539 9291
282 43 2514 2520 43832 9338
283 43 2514 2520 44056 9379
284 44 2514 2520 44263 9411
285 44 2514 2520 44485 9442
286 44 2514 2520 44705 9468
287 44 2514 2520 44919 9502
288 44 2514 2520 45143 9531
289 44 2514 2520 45324 9583
290 44 2514 2520 45534 9635
291 45 2514 2520 45758 9627
292 45 2514 2520 45953 9662
293 45 2514 2520 46182 9724
294 45 2514 2520 46415 9761
295 45 2514 2520 46599 9785
296 45 2514 2520 46843 9821
297 45 2514 2520 47066 9873
298 45 2514 2520 47278 9907
299 45 2514 2520 47484 9952
300 46 2514 2520 47647 9964
301 46 2514 2520 47866 9979
302 46 2514 2520 48056 10003
303 46 2514 2520 48230 10043
304 46 2514 2520 48439 10087
305 47 2514 2520 48623 10141
306 47 2514 2520 48799 10179
307 47 2514 2520 48995 10243
308 47 2514 2520 49216 10283
309 48 2514 2520 49428 10330
310 48 2514 2520 49647 10363
311 49 2514 2520 49875 10416
312 49 2514 2520 50106 10486
313 49 2514 2520 50341 10542
314 49 2513 2520 50585 10596
315 49 2513 2520 50817 10635
316 49 2513 2520 51038 10674
317 49 2513 2520 51222 10727
318 49 2513 2520 51454 10780
319 49 2513 2520 51655 10779
320 50 2513 2520 51867 10823
321 50 2513 2520 52070 10835
322 50 2513 2520 52291 10894
323 50 2513 2520 52531 10921
324 50 2513 2520 52755 10956
325 52 2513 2520 53000 10979
326 52 2513 2520 53225 11043
327 53 2513 2520 53464 11100
328 54 2513 2520 53722 11138
329 54 2513 2520 54034 11216
330 54 2513 2520 54311 11268
331 54 2513 2520 54580 11307
332 54 2513 2520 54859 11372
333 54 2513 2520 55139 11397
334 54 2513 2520 55427 11430
335 54 2513 2520 55671 11469
336 55 2513 2520 55924 11488
337 55 2513 2520 56193 11553
338 55 2513 2520 56451 11606
339 57 2513 2520 56716 11672
340 58 2513 2520 57014 11726
341 58 2513 2520 57316 11777
342 58 2513 2520 57623 11855
343 59 2513 2520 57923 11921
344 59 2513 2520 58258 11972
345 59 2513 2520 58547 12008
346 59 2513 2520 58815 12033
347 59 2513 2520 59090 12087
348 59 2512 2520 59359 12136
349 59 2512 2520 59672 12170
350 59 2512 2520 60001 12195
351 59 2512 2520 60316 12230
352 59 2512 2520 60599 12258
353 60 2512 2520 60856 12303
354 60 2512 2520 61134 12352
355 60 2512 2520 61435 12422
356 60 2512 2520 61739 12464
357 60 2512 2520 61999 12492
358 60 2512 2520 62242 12533
359 60 2512 2520 62492 12590
360 61 2512 2520 62728 12627
361 61 2512 2520 62978 12671
362 61 2512 2520 63217 12728
363 61 2512 2520 63489 12793
364 61 2512 2520 63700 12836
365 62 2512 2520 63895 12903
366 62 2512 2520 64145 12932
367 63 2512 2520 64404 12998
368 63 2512 2520 64694 13056
369 63 2512 2520 64987 13123
370 63 2512 2520 65222 13159
371 63 2512 2520 65451 13178
372 63 2512 2520 65696 13234
373 63 2512 2520 65954 13281
374 64 2512 2520 66175 13302
375 65 2512 2520 66414 13362
376 66 2512 2520 66657 13426
377 66 2512 2520 66937 13477
378 66 2512 2520 67226 13547
379 67 2512 2520 67483 13596
380 67 2512 2520 67785 13644
381 67 2512 2520 68111 13710
382 69 2512 2520 68411 13780
383 69 2512 2520 68756 13862
384 69 2512 2520 69096 13923
385 69 2512 2520 69439 13988
386 69 2512 2520 69741 14071
387 69 2512 2520 70039 14155
388 69 2512 2520 70352 14228
389 69 2512 2520 70654 14302
390 69 2512 2520 70997 14388
391 69 2512 2520 71318 14446
392 70 2512 2520 71621 14497
393 70 2512 2520 71891 14544
394 70 2512 2520 72165 14600
395 70 2512 2520 72420 14646
396 70 2512 2520 72695 14720
397 70 2512 2520 72970 14757
398 70 2512 2520 73232 14816
399 70 2511 2520 73450 14850
400 70 2511 2520 73686 14881
401 70 2511 2520 73950 14963
402 71 2511 2520 74190 14993
403 71 2511 2520 74435 15044
404 71 2511 2520 74652 15081
405 71 2511 2520 74857 15124
406 71 2511 2520 75094 15145
407 71 2511 2520 75319 15177
408 72 2511 2520 75547 15222
409 72 2511 2520 75734 15251
410 73 2511 2520 75973 15294
411 73 2511 2520 76193 15317
412 73 2511 2520 76441 15362
413 73 2511 2520 76641 15415
414 73 2511 2520 76882 15467
415 75 2511 2520 77158 15508
416 75 2511 2520 77414 15560
417 76 2511 2520 77686 15610
418 76 2511 2520 77941 15639
419 76 2511 2520 78233 15706
420 77 2511 2520 78518 15778
421 78 2511 2520 78791 15834
422 79 2511 2520 79063 15883
423 79 2511 2520 79356 15936
424 80 2511 2520 79659 15984
425 80 2511 2520 79980 16067
426 81 2511 2520 80347 16117
427 81 2511 2520 80706 16153
428 81 2511 2520 81071 16205
429 81 2511 2520 81479 16299
430 81 2511 2520 81841 16361
431 81 2511 2520 82174 16436
432 81 2511 2520 82540 16493
433 81 2511 2520 82873 16546
434 81 2511 2520 83175 16594
435 81 2511 2520 83453 16657
436 81 2511 2520 83774 16722
437 81 2511 2520 84025 16739
438 81 2511 2520 84279 16798
439 82 2511 2520 84539 16843
440 82 2511 2520 84796 16885
441 82 2511 2520 85070 16908
442 82 2510 2520 85379 16955
443 83 2510 2520 85667 17004
444 84 2510 2520 85998 17072
445 84 2510 2520 86277 17121
446 84 2510 2520 86546 17193
447 84 2510 2520 86826 17196
448 84 2510 2520 87112 17258
449 84 2510 2520 87406 17314
450 84 2510 2520 87695 17363
451 84 2510 2520 87952 17410
452 84 2510 2520 88234 17472
453 86 2510 2520 88501 17525
454 86 2510 2520 88771 17579
455 86 2510 2520 89092 17634
456 86 2510 2520 89421 17678
457 86 2510 2520 89735 17702
458 86 2510 2520 90038 17760
459 86 2510 2520 90327 17826
460 87 2510 2520 90636 17871
461 87 2510 2520 90927 17887
462 87 2510 2520 91258 17955
463 87 2510 2520 91596 18017
464 88 2510 2520 91860 18061
465 88 2510 2520 92183 18112
466 88 2510 2520 92481 18177
467 88 2510 2520 92766 18239
468 89 2510 2520 93067 18310
469 89 2510 2520 93361 18379
470 89 2510 2520 93646 18415
471 89 2510 2520 93912 18467
472 90 2510 2520 94178 18526
473 90 2510 2520 94471 18587
474 90 2510 2520 94754 18636
475 90 2510 2520 95027 18705
476 90 2510 2520 95298 18730
477 90 2510 2520 95539 18776
478 90 2510 2520 95774 18823
479 90 2510 2520 96028 18847
480 90 2510 2520 96252 18913
481 90 2510 2520 96484 18955
482 90 2510 2520 96664 19006
483 91 2510 2520 96854 19034
484 93 2510 2520 97016 19057
485 93 2510 2520 97246 19097
486 93 2510 2520 97501 19156
487 95 2510 2520 97758 19216
488 96 2510 2520 98010 19262
489 96 2510 2520 98275 19308
490 96 2510 2520 98620 19334
491 96 2510 2520 98943 19391
492 96 2510 2520 99238 19439
493 96 2510 2520 99599 19499
494 97 2510 2520 99946 19549
495 97 2510 2520 100299 19622
496 97 2510 2520 100647 19657
497 98 2510 2520 100957 19743
498 98 2510 2520 101319 19851
499 99 2510 2520 101677 19947
500 99 2510 2520 102000 20010
501 99 2510 2520 102402 20070
502 99 2510 2520 102761 20138
503 99 2510 2520 103065 20185
504 100 2510 2520 103359 20250
505 100 2510 2520 103754 20293
506 100 2510 2520 104112 20359
507 101 2510 2520 104455 20428
508 101 2510 2520 104818 20460
509 101 2510 2520 105159 20508
510 103 2510 2520 105535 20574
511 103 2509 2520 105918 20659
512 103 2509 2520 106332 20729
513 103 2509 2520 106722 20767
514 103 2509 2520 107122 20809
515 103 2509 2520 107464 20830
516 103 2509 2520 107800 20886
517 103 2509 2520 108166 20917
518 103 2509 2520 108535 20934
519 104 2509 2520 108912 20998
520 104 2509 2520 109190 21030
521 105 2509 2520 109535 21069
522 105 2509 2520 109866 21135
523 105 2509 2520 110186 21156
524 105 2509 2520 110531 21207
525 106 2509 2520 110899 21293
526 106 2509 2520 111278 21348
527 106 2509 2520 111652 21403
528 106 2509 2520 112025 21449
529 106 2509 2520 112425 21495
530 106 2509 2520 112783 21534
531 107 2509 2520 113136 21564
532 107 2509 2520 113522 21603
533 107 2509 2520 113818 21648
534 107 2509 2520 114129 21673
535 108 2509 2520 114472 21718
536 108 2509 2520 114794 21760
537 110 2508 2520 115101 21806
538 110 2508 2520 115448 21871
539 111 2508 2520 115779 21963
540 112 2508 2520 116092 22044
541 115 2508 2520 116433 22101
542 115 2508 2520 116814 22151
543 115 2508 2520 117192 22223
544 116 2508 2520 117629 22257
545 117 2508 2520 118024 22315
546 117 2508 2520 118459 22371
547 118 2508 2520 118889 22459
548 118 2508 2520 119335 22556
549 118 2508 2520 119841 22644
550 118 2508 2520 120333 22729
551 118 2508 2520 120796 22809
552 118 2508 2520 121207 22859
553 118 2508 2520 121652 22945
554 118 2508 2520 122114 23035
555 118 2508 2520 122555 23122
556 119 2508 2520 122953 23177
557 119 2508 2520 123321 23222
558 120 2508 2520 123719 23306
559 120 2508 2520 124102 23368
560 120 2508 2520 124550 23438
561 121 2508 2520 124937 23504
562 121 2508 2520 125376 23559
563 121 2508 2520 125760 23606
564 123 2508 2520 126125 23678
565 124 2508 2520 126491 23703
566 124 2508 2520 126920 23791
567 124 2508 2520 127321 23858
568 124 2508 2520 127730 23894
569 126 2508 2520 128070 23941
570 126 2508 2520 128511 23931
571 126 2508 2520 128947 23993
572 126 2508 2520 129383 24038
573 126 2508 2520 129763 24059
574 126 2508 2520 130219 24132
575 126 2508 2520 130629 24235
576 126 2508 2520 131026 24276
577 126 2508 2520 131403 24345
578 127 2508 2520 131768 24424
579 128 2508 2520 132100 24453
580 128 2508 2520 132425 24500
581 128 2507 2520 132817 24544
582 128 2507 2520 133246 24593
583 128 2507 2520 133656 24610
584 129 2507 2520 134043 24669
585 129 2507 2520 134434 24721
586 129 2507 2520 134824 24760
587 129 2507 2520 135242 24801
588 129 2507 2520 135622 24888
589 129 2507 2520 135936 24924
590 129 2507 2520 136293 24945
591 129 2507 2520 136659 24988
592 129 2507 2520 136994 25009
593 129 2506 2520 137353 25065
594 130 2506 2520 137681 25118
595 131 2506 2520 138038 25183
596 132 2506 2520 138375 25235
597 132 2506 2520 138766 25294
598 134 2506 2520 139182 25355
599 134 2506 2520 139597 25438
600 134 2506 2520 139995 25511
601 134 2506 2520 140375 25572
602 134 2506 2520 140733 25637
603 135 2506 2520 141166 25719
604 135 2506 2520 141617 25782
605 135 2505 2520 142002 25846
606 135 2505 2520 142426 25926
607 135 2505 2520 142815 25963
608 135 2505 2520 143214 26013
609 135 2505 2520 143601 26091
610 136 2505 2520 143928 26154
611 136 2505 2520 144365 26215
612 136 2505 2520 144737 26254
613 136 2505 2520 145096 26285
614 137 2505 2520 145468 26346
615 139 2505 2520 145811 26428
616 139 2505 2520 146144 26447
617 139 2505 2520 146499 26475
618 140 2505 2520 146868 26538
619 140 2505 2520 147235 26580
620 140 2505 2520 147646 26646
621 140 2505 2520 147985 26718
622 140 2505 2520 148387 26774
623 140 2505 2520 148679 26843
624 141 2505 2520 149044 26906
625 142 2505 2520 149421 26960
626 142 2505 2520 149765 27039
627 142 2505 2520 150150 27074
628 143 2505 2520 150493 27153
629 144 2505 2520 150844 27213
630 144 2505 2520 151248 27298
631 144 2505 2520 151605 27330
632 144 2505 2520 151951 27360
633 145 2505 2520 152284 27396
634 145 2505 2520 152645 27463
635 145 2505 2520 153056 27526
636 146 2505 2520 153327 27577
637 146 2505 2520 153698 27650
638 146 2505 2520 154058 27732
639 146 2505 2520 154407 27802
640 147 2505 2520 154743 27891
641 148 2505 2520 155099 27956
642 148 2505 2520 155439 28000
643 149 2505 2520 155825 28035
644 149 2505 2520 156198 28093
645 149 2505 2520 156613 28145
646 149 2505 2520 156999 28229
647 149 2505 2520 157396 28281
648 149 2505 2520 157775 28343
649 149 2505 2520 158115 28372
650 149 2505 2520 158475 28398
651 149 2505 2520 158788 28473
652 150 2504 2520 159127 28507
653 150 2504 2520 159473 28576
654 150 2504 2520 159810 28642
655 152 2504 2520 160113 28683
656 152 2504 2520 160475 28763
657 152 2504 2520 160860 28773
658 153 2504 2520 161253 28830
659 153 2504 2520 161636 28878
660 153 2504 2520 162010 28939
661 153 2504 2520 162326 28973
662 153 2504 2520 162685 29008
663 153 2504 2520 163084 29068
664 153 2504 2520 163403 29134
665 153 2504 2520 163739 29183
666 154 2504 2520 164070 29219
667 154 2504 2520 164377 29274
668 154 2504 2520 164739 29309
669 155 2504 2520 165035 29356
670 155 2504 2520 165375 29428
671 155 2504 2520 165749 29460
672 155 2504 2520 166112 29526
673 156 2504 2520 166441 29576
674 156 2504 2520 166776 29627
675 157 2504 2520 167125 29674
676 157 2504 2520 167470 29714
677 157 2504 2520 167881 29769
678 159 2504 2520 168243 29810
679 159 2504 2520 168593 29879
680 160 2504 2520 168945 29944
681 160 2504 2520 169361 30034
682 160 2504 2520 169751 30106
683 160 2504 2520 170064 30167
684 162 2504 2520 170466 30232
685 162 2504 2520 170814 30273
686 164 2504 2520 171223 30347
687 165 2504 2520 171615 30408
688 166 2504 2520 172081 30483
689 166 2504 2520 172501 30523
690 167 2504 2520 172941 30565
691 167 2504 2520 173382 30629
692 167 2504 2520 173829 30649
693 168 2504 2520 174243 30723
694 168 2504 2520 174702 30822
695 168 2504 2520 175158 30890
696 168 2504 2520 175613 30954
697 168 2504 2520 176010 31006
698 168 2504 2520 176430 31071
699 169 2504 2520 176817 31126
700 169 2504 2520 177163 31181
701 170 2504 2520 177615 31234
702 171 2504 2520 177979 31307
703 171 2504 2520 178361 31336
704 172 2504 2520 178744 31377
705 172 2504 2520 179195 31435
706 173 2504 2520 179614 31482
707 173 2504 2520 180009 31551
708 174 2504 2520 180513 31637
709 174 2504 2520 180942 31677
710 174 2504 2520 181375 31736
711 174 2504 2520 181772 31751
712 174 2504 2520 182189 31772
713 175 2504 2520 182581 31801
714 175 2504 2520 183017 31878
715 175 2504 2520 183428 31965
716 175 2504 2520 183825 32038
717 175 2504 2520 184225 32091
718 176 2504 2520 184577 32125
719 178 2504 2520 184929 32138
720 180 2504 2520 185312 32200
721 180 2504 2520 185741 32239
722 180 2504 2520 186191 32313
723 180 2504 2520 186601 32367
724 180 2504 2520 186993 32430
725 180 2504 2520 187411 32458
726 180 2504 2520 187767 32524
727 181 2504 2520 188137 32569
728 181 2504 2520 188550 32604
729 182 2504 2520 188953 32691
730 182 2504 2520 189354 32702
731 182 2504 2520 189760 32738
732 182 2504 2520 190127 32815
733 182 2504 2520 190523 32885
734 182 2504 2520 190952 32940
735 182 2504 2520 191354 33005
736 182 2504 2520 191727 33104
737 182 2504 2520 192113 33159
738 182 2504 2520 192498 33237
739 182 2504 2520 192870 33289
740 182 2504 2520 193231 33318
741 182 2503 2520 193636 33378
742 182 2503 2520 193979 33425
743 182 2503 2520 194270 33449
744 182 2503 2520 194599 33492
745 182 2503 2520 194903 33509
746 183 2503 2520 195213 33557
747 184 2503 2520 195499 33633
748 184 2503 2520 195820 33652
749 184 2503 2520 196154 33721
750 184 2503 2520 196444 33768
751 184 2503 2520 196752 33825
752 184 2503 2520 197054 33906
753 184 2503 2520 197411 33940
754 185 2503 2520 197760 34029
755 185 2503 2520 198020 34093
756 186 2503 2520 198283 34123
757 186 2503 2520 198554 34172
758 187 2503 2520 198858 34245
759 189 2503 2520 199161 34292
760 189 2503 2520 199507 34316
761 189 2503 2520 199823 34376
762 189 2503 2520 200166 34419
763 190 2503 2520 200521 34458
764 190 2503 2520 200812 34501
765 191 2503 2520 201166 34538
766 192 2503 2520 201505 34547
767 192 2503 2520 201850 34599
768 192 2503 2520 202239 34675
769 193 2503 2520 202554 34701
770 193 2503 2520 202871 34766
771 193 2503 2520 203194 34798
772 193 2502 2520 203557 34837
773 193 2502 2520 203983 34899
774 193 2502 2520 204402 34955
775 193 2502 2520 204807 35008
776 193 2502 2520 205214 35096
777 193 2502 2520 205565 35144
778 193 2502 2520 205926 35227
779 193 2502 2520 206283 35256
780 194 2502 2520 206677 35328
781 194 2502 2520 207018 35375
782 194 2502 2520 207444 35426
783 194 2502 2520 207785 35487
784 194 2502 2520 208158 35546
785 194 2502 2520 208461 35596
786 194 2502 2520 208767 35614
787 194 2502 2520 209071 35679
788 194 2502 2520 209410 35735
789 195 2502 2520 209699 35777
790 195 2502 2520 209955 35816
791 195 2502 2520 210251 35870
792 196 2502 2520 210542 35936
793 196 2502 2520 210861 35965
794 196 2502 2520 211179 36007
795 197 2502 2520 211466 36055
796 197 2502 2520 211745 36095
797 198 2502 2520 212038 36129
798 198 2502 2520 212330 36203
799 198 2502 2520 212635 36216
800 198 2502 2520 212904 36264
801 198 2502 2520 213166 36305
802 198 2502 2520 213432 36366
803 198 2502 2520 213714 36411
804 198 2502 2520 213991 36429
805 199 2502 2520 214220 36432
806 199 2502 2520 214501 36466
807 199 2502 2520 214782 36504
808 199 2502 2520 215058 36550
809 200 2502 2520 215353 36588
810 201 2502 2520 215642 36614
811 202 2502 2520 215962 36671
812 203 2502 2520 216306 36711
813 203 2502 2520 216570 36763
814 204 2502 2520 216817 36799
815 204 2502 2520 217135 36848
816 204 2502 2520 217520 36908
817 204 2502 2520 217853 36932
818 205 2502 2520 218161 36997
819 206 2502 2520 218470 37041
820 207 2502 2520 218878 37110
821 207 2502 2520 219218 37146
822 208 2502 2520 219573 37196
823 208 2501 2520 219931 37251
824 208 2501 2520 220325 37265
825 209 2501 2520 220687 37280
826 209 2501 2520 221104 37327
827 209 2501 2520 221568 37382
828 210 2501 2520 221975 37428
829 210 2500 2520 222371 37488
830 210 2500 2520 222836 37546
831 210 2500 2520 223246 37587
832 210 2500 2520 223641 37638
833 210 2500 2520 224035 37663
834 210 2500 2520 224449 37720
835 210 2500 2520 224807 37757
836 210 2500 2520 225190 37793
837 210 2500 2520 225556 37837
838 210 2500 2520 225945 37875
839 211 2500 2520 226276 37918
840 211 2500 2520 226582 37991
841 212 2500 2520 226860 38030
842 212 2500 2520 227168 38053
843 214 2500 2520 227465 38113
844 214 2500 2520 227738 38168
845 215 2500 2520 228089 38188
846 215 2500 2520 228440 38250
847 215 2500 2520 228793 38312
848 215 2500 2520 229154 38361
849 217 2500 2520 229571 38425
850 218 2500 2520 229985 38509
851 219 2500 2520 230437 38559
852 219 2500 2520 230882 38623
853 219 2500 2520 231378 38681
854 219 2500 2520 231818 38761
855 219 2500 2520 232214 38842
856 219 2500 2520 232627 38920
857 220 2500 2520 233051 38958
858 222 2500 2520 233461 39002
859 222 2500 2520 233865 39067
860 223 2500 2520 234339 39109
861 223 2500 2520 234736 39142
862 223 2500 2520 235152 39174
863 224 2500 2520 235530 39201
864 224 2500 2520 235953 39263
865 224 2500 2520 236392 39323
866 224 2500 2520 236831 39369
867 224 2500 2520 237258 39425
868 224 2500 2520 237674 39463
869 224 2500 2520 238047 39524
870 225 2500 2520 238447 39554
871 225 2500 2520 238833 39639
872 225 2500 2520 239153 39687
873 225 2500 2520 239490 39731
874 225 2500 2520 239813 39799
875 226 2500 2520 240117 39804
876 226 2500 2520 240488 39844
877 226 2500 2520 240882 39902
878 226 2500 2520 241265 39939
879 226 2500 2520 241670 40011
880 228 2500 2520 242031 40114
881 228 2500 2520 242461 40169
882 228 2500 2520 242797 40199
883 228 2500 2520 243156 40272
884 230 2500 2520 243560 40340
885 230 2500 2520 243903 40391
886 231 2500 2520 244289 40483
887 232 2500 2520 244695 40535
888 233 2500 2520 245139 40626
889 233 2500 2520 245624 40707
890 233 2500 2520 246084 40780
891 233 2500 2520 246515 40852
892 233 2500 2520 246966 40920
893 233 2500 2520 247435 40995
894 233 2500 2520 247855 41055
895 233 2500 2520 248276 41161
896 233 2500 2520 248704 41220
897 234 2500 2520 249095 41305
898 235 2500 2520 249411 41364
899 235 2500 2520 249874 41417
900 235 2500 2520 250284 41508
901 235 2500 2520 250710 41543
902 235 2500 2520 251095 41577
903 235 2500 2520 251537 41615
904 235 2500 2520 251902 41624
905 235 2500 2520 252306 41643
906 235 2500 2520 252661 41697
907 236 2500 2520 252982 41751
908 236 2500 2520 253313 41815
909 237 2500 2520 253648 41855
910 237 2500 2520 254023 41930
911 237 2500 2520 254315 41980
912 237 2500 2520 254701 42004
913 238 2500 2520 254984 42027
914 238 2500 2520 255375 42064
915 239 2500 2520 255767 42147
916 241 2500 2520 256131 42190
917 241 2500 2520 256531 42248
918 241 2500 2520 256951 42314
919 241 2500 2520 257369 42357
920 241 2500 2520 257749 42413
921 241 2500 2520 258132 42455
922 241 2500 2520 258481 42512
923 243 2500 2520 258896 42570
924 243 2500 2520 259269 42620
925 243 2500 2520 259658 42686
926 243 2500 2520 260076 42735
927 243 2500 2520 260510 42766
928 243 2500 2520 260947 42825
929 243 2500 2520 261375 42899
930 244 2500 2520 261800 42955
931 245 2500 2520 262205 42966
932 245 2500 2520 262580 43032
933 246 2500 2520 262967 43080
934 246 2500 2520 263319 43106
935 247 2500 2520 263700 43151
936 248 2500 2520 264092 43192
937 248 2500 2520 264510 43221
938 249 2500 2520 264946 43280
939 250 2500 2520 265463 43356
940 250 2500 2520 265740 43420
941 250 2500 2520 266153 43485
942 250 2500 2520 266503 43552
943 251 2500 2520 266885 43582
944 251 2500 2520 267326 43642
945 254 2500 2520 267803 43718
946 255 2500 2520 268243 43801
947 255 2500 2520 268699 43858
948 255 2500 2520 269172 43901
949 255 2500 2520 269662 43990
950 255 2500 2520 270146 44057
951 255 2500 2520 270610 44132
952 256 2500 2520 271055 44207
953 256 2500 2520 271542 44299
954 256 2500 2520 272034 44318
955 256 2500 2520 272416 44371
956 256 2500 2520 272891 44396
957 256 2500 2520 273371 44494
958 256 2500 2520 273801 44562
959 257 2500 2520 274269 44658
960 258 2500 2520 274677 44729
961 258 2499 2520 275094 44783
962 258 2499 2520 275484 44833
963 258 2499 2520 275951 44923
964 259 2499 2520 276334 44981
965 259 2499 2520 276746 45008
966 259 2499 2520 277192 45099
967 259 2499 2520 277688 45146
968 260 2499 2520 278091 45191
969 260 2499 2520 278549 45269
970 261 2499 2520 278987 45328
971 261 2499 2520 279445 45356
972 261 2499 2520 279922 45423
973 261 2499 2520 280376 45466
974 261 2499 2520 280872 45513
975 261 2499 2520 281308 45566
976 261 2499 2520 281710 45617
977 261 2499 2520 282110 45699
978 261 2499 2520 282546 45744
979 261 2499 2520 282972 45793
980 261 2499 2520 283375 45860
981 262 2499 2520 283802 45913
982 262 2498 2520 284125 45981
983 263 2498 2520 284489 46075
984 264 2498 2520 284884 46166
985 264 2498 2520 285246 46209
986 265 2498 2520 285632 46238
987 266 2498 2520 286049 46301
988 268 2498 2520 286510 46356
989 268 2498 2520 286962 46395
990 268 2497 2520 287397 46453
991 268 2497 2520 287878 46527
992 269 2497 2520 288280 46575
993 271 2497 2520 288730 46683
994 271 2497 2520 289201 46736
995 271 2497 2520 289712 46856
996 271 2497 2520 290163 46903
997 271 2497 2520 290692 46989
998 272 2497 2520 291231 47050
999 273 2497 2520 291667 47099
1000 273 2497 2520 292152 47180
