0 1 2519 2520 798 502
1 1 2519 2520 820 516
2 1 2519 2520 849 537
3 1 2519 2520 872 549
4 1 2519 2520 893 558
5 1 2519 2520 918 575
6 1 2519 2520 944 592
7 1 2519 2520 967 606
8 1 2519 2520 988 612
9 1 2519 2520 1018 630
10 1 2519 2520 1048 643
11 1 2519 2520 1071 650
12 1 2519 2520 1113 665
13 1 2519 2520 1147 685
14 1 2519 2520 1168 694
15 1 2519 2520 1186 696
16 1 2519 2520 1196 700
17 1 2519 2520 1207 697
18 1 2519 2520 1232 708
19 1 2519 2520 1242 712
20 2 2519 2520 1248 711
21 2 2519 2520 1290 726
22 2 2519 2520 1368 759
23 2 2519 2520 1457 798
24 2 2519 2520 1551 832
25 2 2519 2520 1642 863
26 2 2519 2520 1733 887
27 2 2519 2520 1815 912
28 2 2519 2520 1884 943
29 2 2519 2520 1952 961
30 2 2519 2520 2013 974
31 2 2519 2520 2077 997
32 2 2519 2520 2150 1024
33 2 2519 2520 2196 1035
34 2 2519 2520 2236 1044
35 2 2519 2520 2277 1052
36 2 2519 2520 2323 1068
37 2 2519 2520 2364 1070
38 2 2519 2520 2408 1085
39 2 2519 2520 2456 1089
40 2 2519 2520 2499 1106
41 2 2519 2520 2526 1109
42 3 2519 2520 2559 1130
43 4 2519 2520 2596 1143
44 4 2519 2520 2674 1173
45 4 2519 2520 2804 1209
46 4 2519 2520 2918 1244
47 4 2519 2520 3061 1311
48 4 2519 2520 3195 1349
49 4 2519 2520 3318 1371
50 4 2519 2520 3431 1396
51 4 2519 2520 3555 1426
52 4 2519 2520 3659 1454
53 4 2519 2520 3770 1501
54 4 2519 2520 3877 1527
55 4 2519 2520 3967 1552
56 4 2519 2520 4053 1572
57 4 2519 2520 4132 1598
58 4 2519 2520 4208 1621
59 4 2519 2520 4268 1626
60 4 2519 2520 4322 1632
61 4 2519 2520 4391 1652
62 4 2519 2520 4439 1664
63 4 2519 2520 4482 1685
64 4 2519 2520 4517 1703
65 5 2519 2520 4563 1713
66 5 2519 2520 4617 1731
67 5 2519 2520 4687 1747
68 5 2519 2520 4756 1766
69 5 2519 2520 4822 1790
70 5 2519 2520 4911 1822
71 6 2519 2520 4992 1860
72 7 2519 2520 5076 1888
73 7 2519 2520 5192 1921
74 7 2519 2520 5335 1943
75 7 2519 2520 5482 1989
76 7 2519 2520 5621 2026
77 7 2519 2520 5763 2063
78 7 2519 2520 5904 2114
79 7 2519 2520 6040 2145
80 7 2519 2520 6162 2178
81 7 2519 2520 6290 2203
82 7 2519 2520 6417 2236
83 7 2519 2520 6519 2264
84 7 2519 2520 6628 2289
85 7 2519 2520 6752 2324
86 7 2519 2520 6884 2359
87 7 2518 2520 7026 2378
88 7 2518 2520 7152 2401
89 7 2518 2520 7311 2436
90 7 2518 2520 7414 2452
91 7 2518 2520 7523 2464
92 7 2518 2520 7622 2487
93 7 2518 2520 7729 2493
94 8 2517 2520 7809 2510
95 8 2517 2520 7951 2549
96 8 2517 2520 8109 2570
97 8 2517 2520 8239 2583
98 10 2517 2520 8366 2600
99 11 2517 2520 8522 2638
100 11 2517 2520 8743 2697
101 11 2517 2520 8968 2741
102 11 2517 2520 9166 2770
103 11 2517 2520 9363 2827
104 11 2517 2520 9549 2865
105 11 2517 2520 9771 2906
106 11 2517 2520 9942 2939
107 11 2517 2520 10104 2951
108 11 2517 2520 10319 2974
109 11 2517 2520 10482 3016
110 11 2517 2520 10670 3035
111 11 2517 2520 10801 3053
112 11 2517 2520 10929 3094
113 11 2517 2520 11060 3114
114 12 2517 2520 11186 3144
115 12 2517 2520 11346 3148
116 12 2517 2520 11484 3160
117 12 2517 2520 11630 3179
118 12 2516 2520 11740 3204
119 12 2516 2520 11862 3200
120 12 2516 2520 11995 3247
121 12 2516 2520 12131 3266
122 12 2516 2520 12262 3273
123 12 2516 2520 12374 3274
124 12 2516 2520 12510 3279
125 12 2516 2520 12677 3301
126 13 2516 2520 12815 3339
127 14 2516 2520 12952 3363
128 14 2516 2520 13104 3386
129 14 2516 2520 13258 3409
130 14 2516 2520 13406 3423
131 14 2516 2520 13563 3456
132 14 2516 2520 13731 3488
133 14 2516 2520 13877 3512
134 14 2516 2520 14033 3535
135 14 2516 2520 14195 3553
136 14 2516 2520 14323 3590
137 14 2516 2520 14451 3621
138 14 2516 2520 14563 3638
139 14 2516 2520 14685 3670
140 14 2516 2520 14776 3687
141 14 2516 2520 14908 3713
142 14 2516 2520 15019 3747
143 14 2516 2520 15116 3767
144 14 2516 2520 15223 3796
145 14 2516 2520 15318 3819
146 14 2516 2520 15394 3816
147 14 2516 2520 15462 3830
148 14 2516 2520 15540 3851
149 14 2516 2520 15627 3867
150 15 2516 2520 15710 3893
151 16 2516 2520 15805 3916
152 16 2516 2520 15882 3938
153 16 2516 2520 15998 3962
154 16 2516 2520 16107 3972
155 16 2516 2520 16219 3986
156 17 2516 2520 16317 4005
157 17 2515 2520 16440 4041
158 17 2515 2520 16584 4068
159 17 2515 2520 16709 4101
160 17 2515 2520 16854 4121
161 17 2515 2520 16974 4148
162 17 2515 2520 17115 4172
163 17 2515 2520 17268 4205
164 17 2515 2520 17409 4225
165 17 2515 2520 17531 4245
166 17 2515 2520 17657 4253
167 17 2515 2520 17797 4267
168 17 2515 2520 17929 4283
169 17 2515 2520 18035 4306
170 18 2515 2520 18149 4339
171 18 2515 2520 18267 4377
172 18 2515 2520 18408 4397
173 18 2515 2520 18518 4411
174 18 2515 2520 18653 4450
175 18 2515 2520 18769 4504
176 19 2515 2520 18876 4508
177 19 2515 2520 18968 4531
178 19 2515 2520 19096 4548
179 19 2515 2520 19224 4580
180 19 2515 2520 19340 4595
181 20 2515 2520 19475 4636
182 20 2515 2520 19597 4671
183 20 2515 2520 19756 4721
184 20 2515 2520 19885 4756
185 20 2515 2520 20004 4788
186 20 2515 2520 20170 4806
187 20 2515 2520 20318 4839
188 21 2515 2520 20438 4873
189 21 2515 2520 20603 4914
190 21 2515 2520 20806 4965
191 21 2515 2520 20965 5014
192 21 2515 2520 21115 5052
193 21 2515 2520 21264 5094
194 21 2515 2520 21395 5129
195 21 2515 2520 21548 5145
196 21 2515 2520 21664 5162
197 21 2515 2520 21822 5194
198 21 2515 2520 21956 5225
199 21 2515 2520 22077 5228
200 21 2515 2520 22194 5258
201 21 2515 2520 22303 5277
202 21 2515 2520 22427 5299
203 21 2515 2520 22545 5309
204 22 2515 2520 22667 5330
205 22 2515 2520 22798 5360
206 22 2515 2520 22941 5384
207 22 2515 2520 23102 5420
208 23 2515 2520 23216 5438
209 23 2515 2520 23373 5480
210 24 2515 2520 23588 5529
211 25 2515 2520 23761 5571
212 25 2515 2520 23996 5600
213 25 2515 2520 24242 5654
214 25 2515 2520 24486 5720
215 25 2515 2520 24734 5762
216 25 2515 2520 24973 5817
217 25 2515 2520 25181 5877
218 25 2515 2520 25340 5903
219 25 2515 2520 25536 5944
220 25 2515 2520 25700 5982
221 25 2515 2520 25876 6027
222 25 2515 2520 26006 6052
223 25 2515 2520 26164 6073
224 25 2515 2520 26304 6117
225 25 2515 2520 26451 6153
226 25 2515 2520 26599 6173
227 25 2515 2520 26716 6203
228 25 2515 2520 26819 6222
229 25 2515 2520 26929 6239
230 26 2515 2520 27031 6250
231 26 2515 2520 27138 6267
232 26 2515 2520 27265 6307
233 26 2515 2520 27359 6334
234 27 2515 2520 27495 6367
235 27 2515 2520 27646 6407
236 27 2515 2520 27789 6443
237 27 2515 2520 27941 6497
238 27 2515 2520 28069 6511
239 27 2515 2520 28228 6531
240 27 2515 2520 28387 6566
241 27 2515 2520 28533 6581
242 27 2515 2520 28690 6593
243 27 2515 2520 28866 6643
244 27 2515 2520 29018 6683
245 27 2515 2520 29127 6716
246 27 2515 2520 29251 6742
247 27 2515 2520 29375 6781
248 27 2515 2520 29464 6794
249 27 2515 2520 29581 6815
250 27 2515 2520 29673 6829
251 27 2515 2520 29766 6853
252 28 2515 2520 29837 6863
253 30 2515 2520 29938 6888
254 31 2515 2520 30086 6935
255 31 2515 2520 30259 6997
256 32 2515 2520 30460 7032
257 32 2515 2520 30676 7066
258 32 2515 2520 30911 7122
259 32 2515 2520 31129 7144
260 33 2515 2520 31423 7174
261 34 2515 2520 31698 7230
262 34 2515 2520 31991 7285
263 34 2515 2520 32276 7329
264 34 2515 2520 32564 7382
265 34 2515 2520 32821 7445
266 34 2515 2520 33125 7507
267 34 2515 2520 33403 7540
268 34 2515 2520 33648 7576
269 34 2515 2520 33860 7606
270 34 2515 2520 34097 7645
271 34 2515 2520 34345 7703
272 34 2515 2520 34535 7719
273 34 2515 2520 34761 7785
274 34 2515 2520 34956 7830
275 35 2515 2520 35149 7874
276 35 2515 2520 35343 7923
277 35 2515 2520 35537 7977
278 35 2515 2520 35743 8006
279 35 2515 2520 35955 8044
280 35 2515 2520 36124 8072
281 35 2515 2520 36324 8099
282 36 2515 2520 36506 8136
283 37 2515 2520 36700 8173
284 37 2515 2520 36888 8212
285 38 2515 2520 37095 8266
286 38 2515 2520 37280 8298
287 38 2515 2520 37478 8334
288 38 2515 2520 37707 8401
289 38 2515 2520 37922 8434
290 38 2515 2520 38149 8486
291 38 2515 2520 38357 8514
292 39 2515 2520 38590 8548
293 39 2515 2520 38772 8585
294 39 2515 2520 38986 8619
295 39 2515 2520 39179 8653
296 40 2515 2520 39366 8679
297 40 2515 2520 39545 8714
298 40 2515 2520 39760 8767
299 40 2515 2520 39989 8809
300 40 2515 2520 40232 8873
301 40 2515 2520 40446 8895
302 40 2515 2520 40628 8923
303 41 2515 2520 40828 8955
304 41 2515 2520 41038 9003
305 41 2515 2520 41250 9039
306 41 2515 2520 41423 9051
307 41 2515 2520 41568 9064
308 41 2515 2520 41738 9081
309 41 2515 2520 41888 9112
310 42 2515 2520 42039 9115
311 42 2515 2520 42181 9146
312 42 2515 2520 42400 9218
313 42 2515 2520 42570 9242
314 42 2515 2520 42717 9264
315 42 2515 2520 42897 9287
316 42 2515 2520 43107 9321
317 42 2515 2520 43279 9354
318 42 2515 2520 43438 9376
319 43 2515 2520 43602 9417
320 43 2515 2520 43753 9448
321 43 2515 2520 43940 9488
322 43 2515 2520 44081 9513
323 43 2515 2520 44268 9577
324 43 2515 2520 44436 9609
325 43 2515 2520 44557 9644
326 43 2515 2520 44705 9661
327 43 2515 2520 44856 9712
328 43 2515 2520 44990 9740
329 43 2515 2520 45107 9757
330 43 2515 2520 45241 9771
331 43 2515 2520 45378 9801
332 43 2515 2520 45492 9823
333 43 2514 2520 45618 9829
334 43 2514 2520 45775 9869
335 43 2514 2520 45914 9879
336 43 2514 2520 46036 9914
337 43 2514 2520 46134 9923
338 43 2514 2520 46260 9924
339 43 2514 2520 46381 9957
340 43 2514 2520 46490 9976
341 43 2513 2520 46597 9974
342 43 2513 2520 46723 9996
343 44 2513 2520 46799 10008
344 44 2513 2520 46937 10018
345 45 2513 2520 47045 10022
346 45 2513 2520 47157 10042
347 45 2513 2520 47305 10056
348 45 2513 2520 47432 10047
349 45 2513 2520 47597 10067
350 47 2513 2520 47771 10105
351 48 2513 2520 47932 10141
352 48 2513 2520 48100 10167
353 49 2513 2520 48333 10224
354 49 2513 2520 48543 10256
355 49 2513 2520 48787 10293
356 49 2513 2520 49030 10359
357 49 2513 2520 49258 10376
358 49 2513 2520 49467 10418
359 49 2513 2520 49719 10460
360 50 2513 2520 49980 10499
361 50 2513 2520 50213 10537
362 51 2513 2520 50454 10576
363 51 2513 2520 50676 10637
364 51 2513 2520 50913 10688
365 52 2513 2520 51158 10742
366 52 2513 2520 51428 10804
367 52 2513 2520 51665 10855
368 52 2513 2520 51900 10880
369 52 2513 2520 52157 10929
370 52 2513 2520 52381 10977
371 52 2513 2520 52649 11026
372 52 2513 2520 52845 11070
373 52 2513 2520 53062 11113
374 52 2513 2520 53288 11173
375 52 2513 2520 53462 11210
376 52 2513 2520 53659 11223
377 52 2513 2520 53862 11271
378 52 2513 2520 54043 11294
379 52 2513 2520 54225 11309
380 53 2513 2520 54385 11356
381 53 2513 2520 54585 11383
382 54 2513 2520 54746 11377
383 54 2513 2520 54972 11430
384 54 2513 2520 55181 11447
385 54 2513 2520 55431 11509
386 54 2513 2520 55643 11560
387 55 2513 2520 55854 11612
388 55 2513 2520 56042 11653
389 55 2513 2520 56249 11679
390 55 2513 2520 56477 11727
391 56 2513 2520 56711 11761
392 56 2513 2520 56921 11798
393 56 2513 2520 57139 11821
394 56 2513 2520 57383 11884
395 56 2513 2520 57581 11919
396 57 2513 2520 57790 11963
397 57 2513 2520 57995 11990
398 57 2513 2520 58265 12036
399 57 2513 2520 58428 12078
400 57 2513 2520 58649 12121
401 57 2513 2520 58835 12169
402 57 2513 2520 59040 12197
403 57 2513 2520 59224 12232
404 58 2513 2520 59409 12270
405 58 2513 2520 59569 12292
406 59 2513 2520 59723 12305
407 61 2513 2520 59905 12339
408 61 2513 2520 60126 12374
409 61 2513 2520 60355 12440
410 61 2513 2520 60642 12510
411 61 2513 2520 60916 12547
412 61 2513 2520 61189 12598
413 62 2513 2520 61441 12629
414 62 2513 2520 61666 12677
415 62 2513 2520 61898 12738
416 62 2513 2520 62150 12774
417 62 2513 2520 62389 12819
418 62 2513 2520 62630 12865
419 62 2513 2520 62872 12898
420 62 2513 2520 63124 12954
421 62 2513 2520 63316 12989
422 62 2513 2520 63532 13045
423 62 2513 2520 63713 13050
424 62 2513 2520 63922 13069
425 62 2512 2520 64140 13101
426 62 2512 2520 64328 13120
427 62 2512 2520 64546 13149
428 62 2512 2520 64709 13173
429 62 2512 2520 64891 13199
430 63 2512 2520 65072 13225
431 63 2512 2520 65255 13243
432 64 2512 2520 65420 13275
433 64 2512 2520 65595 13297
434 64 2512 2520 65786 13325
435 64 2512 2520 65959 13353
436 64 2512 2520 66143 13382
437 64 2512 2520 66329 13401
438 64 2512 2520 66479 13424
439 64 2512 2520 66667 13464
440 64 2512 2520 66826 13490
441 64 2512 2520 66943 13493
442 64 2512 2520 67102 13525
443 64 2512 2520 67244 13530
444 64 2512 2520 67383 13540
445 64 2512 2520 67542 13570
446 64 2512 2520 67722 13616
447 64 2512 2520 67829 13660
448 64 2512 2520 67984 13663
449 64 2512 2520 68098 13670
450 65 2512 2520 68206 13699
451 66 2512 2520 68342 13720
452 67 2512 2520 68530 13743
453 67 2512 2520 68677 13773
454 67 2512 2520 68893 13796
455 67 2512 2520 69102 13828
456 67 2512 2520 69307 13867
457 69 2512 2520 69533 13903
458 69 2512 2520 69715 13962
459 70 2512 2520 69925 14008
460 70 2512 2520 70157 14041
461 70 2512 2520 70398 14092
462 70 2512 2520 70647 14120
463 70 2512 2520 70878 14158
464 71 2512 2520 71114 14205
465 71 2512 2520 71349 14283
466 71 2512 2520 71623 14355
467 71 2512 2520 71875 14421
468 71 2512 2520 72107 14463
469 72 2512 2520 72372 14500
470 72 2512 2520 72624 14556
471 72 2512 2520 72927 14635
472 72 2512 2520 73176 14685
473 72 2512 2520 73407 14746
474 72 2512 2520 73639 14793
475 72 2512 2520 73834 14843
476 72 2512 2520 74096 14896
477 72 2512 2520 74307 14916
478 72 2511 2520 74533 14967
479 72 2511 2520 74801 15014
480 72 2511 2520 75022 15035
481 72 2511 2520 75223 15064
482 72 2511 2520 75397 15097
483 72 2511 2520 75592 15106
484 72 2511 2520 75812 15145
485 72 2511 2520 75993 15178
486 72 2511 2520 76137 15219
487 72 2511 2520 76319 15254
488 72 2511 2520 76462 15275
489 73 2511 2520 76609 15298
490 73 2511 2520 76759 15333
491 73 2511 2520 76921 15363
492 73 2511 2520 77095 15372
493 73 2511 2520 77273 15414
494 73 2511 2520 77442 15431
495 73 2511 2520 77621 15474
496 73 2511 2520 77767 15501
497 73 2511 2520 77916 15531
498 73 2511 2520 78063 15547
499 73 2511 2520 78199 15572
500 73 2511 2520 78338 15599
501 73 2511 2520 78478 15631
502 73 2511 2520 78604 15643
503 73 2511 2520 78738 15667
504 73 2511 2520 78826 15689
505 74 2511 2520 78955 15700
506 74 2511 2520 79064 15728
507 74 2511 2520 79188 15755
508 74 2511 2520 79327 15767
509 74 2511 2520 79507 15794
510 74 2511 2520 79626 15814
511 74 2511 2520 79773 15848
512 74 2511 2520 79951 15890
513 74 2511 2520 80088 15915
514 75 2511 2520 80206 15928
515 76 2511 2520 80354 15941
516 76 2511 2520 80552 15989
517 76 2511 2520 80746 16025
518 76 2511 2520 80941 16081
519 76 2511 2520 81088 16105
520 76 2511 2520 81254 16128
521 76 2511 2520 81438 16167
522 76 2511 2520 81608 16205
523 77 2511 2520 81780 16242
524 77 2510 2520 81946 16280
525 77 2510 2520 82144 16296
526 77 2510 2520 82345 16326
527 77 2510 2520 82511 16374
528 77 2510 2520 82656 16377
529 77 2510 2520 82824 16424
530 77 2510 2520 82981 16444
531 77 2510 2520 83110 16472
532 77 2510 2520 83267 16480
533 78 2510 2520 83419 16514
534 79 2510 2520 83569 16560
535 79 2510 2520 83719 16584
536 79 2510 2520 83913 16610
537 79 2510 2520 84037 16616
538 79 2510 2520 84248 16657
539 80 2510 2520 84429 16700
540 80 2510 2520 84592 16748
541 81 2510 2520 84804 16762
542 82 2510 2520 85019 16811
543 82 2510 2520 85248 16839
544 82 2510 2520 85502 16882
545 82 2510 2520 85780 16967
546 82 2510 2520 86027 16997
547 82 2510 2520 86273 17010
548 82 2510 2520 86546 17068
549 82 2510 2520 86780 17097
550 82 2510 2520 87026 17127
551 82 2510 2520 87263 17166
552 82 2510 2520 87480 17184
553 82 2510 2520 87647 17219
554 82 2510 2520 87872 17252
555 83 2510 2520 88065 17277
556 83 2510 2520 88259 17314
557 83 2510 2520 88461 17354
558 83 2510 2520 88656 17366
559 83 2510 2520 88862 17415
560 83 2510 2520 89043 17454
561 83 2510 2520 89238 17480
562 84 2510 2520 89405 17521
563 84 2510 2520 89571 17555
564 84 2510 2520 89754 17594
565 84 2510 2520 89944 17640
566 85 2510 2520 90138 17660
567 85 2510 2520 90352 17702
568 85 2510 2520 90534 17739
569 87 2510 2520 90787 17773
570 87 2510 2520 91047 17825
571 87 2510 2520 91305 17899
572 87 2510 2520 91548 17961
573 88 2510 2520 91819 18020
574 88 2510 2520 92042 18070
575 88 2510 2520 92292 18114
576 89 2510 2520 92542 18135
577 89 2510 2520 92794 18192
578 89 2510 2520 93068 18253
579 89 2510 2520 93326 18290
580 89 2510 2520 93611 18343
581 90 2510 2520 93873 18403
582 91 2510 2520 94143 18476
583 91 2510 2520 94411 18523
584 91 2510 2520 94679 18586
585 91 2510 2520 94940 18639
586 91 2510 2520 95225 18667
587 91 2510 2520 95473 18686
588 91 2510 2520 95756 18714
589 91 2509 2520 96023 18768
590 91 2509 2520 96286 18815
591 91 2509 2520 96546 18853
592 92 2509 2520 96760 18857
593 92 2509 2520 97001 18906
594 92 2509 2520 97277 18953
595 92 2509 2520 97529 18990
596 92 2509 2520 97792 19041
597 92 2509 2520 98003 19055
598 93 2509 2520 98209 19077
599 93 2509 2520 98423 19133
600 93 2508 2520 98699 19187
601 93 2508 2520 98952 19221
602 94 2508 2520 99180 19223
603 94 2508 2520 99458 19281
604 94 2508 2520 99694 19335
605 94 2508 2520 99928 19372
606 94 2508 2520 100195 19425
607 94 2508 2520 100472 19466
608 94 2508 2520 100721 19527
609 94 2508 2520 100937 19572
610 95 2508 2520 101172 19610
611 95 2508 2520 101367 19635
612 95 2508 2520 101601 19694
613 95 2508 2520 101827 19742
614 95 2508 2520 102070 19787
615 97 2508 2520 102287 19814
616 97 2508 2520 102456 19838
617 98 2508 2520 102688 19890
618 98 2508 2520 102912 19935
619 98 2508 2520 103171 19978
620 98 2508 2520 103408 20016
621 98 2508 2520 103698 20055
622 98 2508 2520 103931 20093
623 98 2508 2520 104152 20134
624 98 2508 2520 104428 20176
625 98 2508 2520 104625 20232
626 98 2508 2520 104865 20273
627 98 2508 2520 105068 20296
628 98 2508 2520 105300 20356
629 98 2508 2520 105544 20417
630 99 2508 2520 105749 20468
631 99 2507 2520 105979 20523
632 100 2507 2520 106209 20541
633 101 2507 2520 106470 20603
634 102 2507 2520 106765 20659
635 103 2507 2520 107017 20714
636 103 2507 2520 107324 20770
637 103 2507 2520 107576 20819
638 103 2507 2520 107841 20840
639 104 2507 2520 108119 20872
640 104 2507 2520 108401 20949
641 104 2507 2520 108717 21005
642 104 2507 2520 108979 21061
643 104 2507 2520 109234 21081
644 104 2507 2520 109476 21126
645 104 2507 2520 109751 21184
646 105 2507 2520 110016 21232
647 106 2507 2520 110261 21285
648 106 2507 2520 110532 21330
649 106 2507 2520 110817 21395
650 106 2507 2520 111113 21441
651 106 2507 2520 111382 21496
652 106 2507 2520 111716 21547
653 106 2507 2520 111998 21618
654 106 2507 2520 112247 21676
655 106 2507 2520 112520 21703
656 106 2507 2520 112814 21763
657 108 2507 2520 113061 21824
658 109 2507 2520 113310 21879
659 109 2506 2520 113593 21949
660 109 2506 2520 113927 22003
661 109 2506 2520 114231 22062
662 109 2506 2520 114560 22130
663 110 2506 2520 114880 22170
664 110 2506 2520 115190 22228
665 110 2506 2520 115531 22276
666 110 2506 2520 115862 22344
667 110 2506 2520 116170 22398
668 110 2506 2520 116504 22449
669 110 2506 2520 116754 22514
670 110 2506 2520 117061 22563
671 110 2506 2520 117325 22605
672 110 2506 2520 117613 22632
673 110 2506 2520 117900 22677
674 110 2506 2520 118183 22737
675 111 2506 2520 118416 22769
676 112 2506 2520 118658 22829
677 112 2506 2520 118902 22858
678 112 2506 2520 119156 22919
679 112 2506 2520 119398 22959
680 113 2506 2520 119660 22981
681 114 2506 2520 119883 23012
682 115 2506 2520 120139 23098
683 115 2506 2520 120463 23150
684 115 2506 2520 120771 23200
685 117 2506 2520 121060 23242
686 118 2506 2520 121355 23299
687 118 2506 2520 121684 23376
688 118 2506 2520 122038 23463
689 118 2506 2520 122401 23527
690 118 2506 2520 122774 23531
691 118 2506 2520 123134 23589
692 118 2506 2520 123508 23650
693 118 2506 2520 123810 23743
694 118 2506 2520 124126 23776
695 118 2506 2520 124465 23824
696 119 2506 2520 124797 23866
697 119 2506 2520 125147 23930
698 119 2506 2520 125479 23937
699 119 2506 2520 125739 23974
700 119 2506 2520 126059 24004
701 119 2506 2520 126325 24060
702 119 2506 2520 126633 24084
703 120 2506 2520 126886 24133
704 120 2506 2520 127168 24219
705 120 2506 2520 127430 24295
706 120 2506 2520 127734 24325
707 120 2506 2520 127969 24364
708 120 2506 2520 128242 24412
709 120 2506 2520 128530 24446
710 120 2506 2520 128802 24504
711 120 2506 2520 129029 24540
712 122 2506 2520 129272 24573
713 122 2506 2520 129524 24637
714 123 2506 2520 129787 24726
715 123 2506 2520 130023 24773
716 124 2506 2520 130315 24809
717 124 2506 2520 130615 24835
718 125 2506 2520 130883 24895
719 125 2506 2520 131211 24966
720 125 2505 2520 131541 25003
721 125 2505 2520 131847 25048
722 126 2505 2520 132154 25083
723 126 2505 2520 132463 25137
724 126 2505 2520 132804 25170
725 127 2505 2520 133096 25229
726 128 2505 2520 133415 25298
727 128 2505 2520 133710 25328
728 128 2505 2520 134020 25385
729 128 2505 2520 134273 25434
730 128 2505 2520 134554 25463
731 128 2505 2520 134892 25512
732 129 2505 2520 135232 25546
733 132 2505 2520 135554 25558
734 132 2505 2520 135873 25576
735 132 2505 2520 136179 25600
736 132 2504 2520 136514 25650
737 132 2504 2520 136924 25698
738 132 2504 2520 137281 25747
739 133 2504 2520 137693 25792
740 134 2504 2520 138065 25848
741 134 2504 2520 138421 25890
742 134 2504 2520 138887 25941
743 134 2504 2520 139273 26010
744 134 2504 2520 139664 26082
745 134 2504 2520 140046 26104
746 134 2504 2520 140381 26135
747 134 2504 2520 140723 26143
748 135 2504 2520 141092 26156
749 135 2504 2520 141427 26187
750 135 2504 2520 141756 26235
751 135 2504 2520 142086 26307
752 135 2504 2520 142449 26349
753 135 2504 2520 142767 26362
754 135 2504 2520 143136 26411
755 135 2504 2520 143475 26462
756 135 2504 2520 143724 26503
757 135 2504 2520 144043 26564
758 135 2504 2520 144353 26593
759 135 2504 2520 144604 26659
760 135 2504 2520 144857 26684
761 135 2504 2520 145158 26754
762 135 2504 2520 145411 26791
763 135 2504 2520 145645 26816
764 136 2504 2520 145879 26877
765 136 2504 2520 146099 26901
766 136 2504 2520 146351 26965
767 138 2504 2520 146624 27005
768 138 2504 2520 146908 27037
769 140 2504 2520 147173 27095
770 140 2504 2520 147446 27146
771 140 2504 2520 147736 27206
772 140 2504 2520 148075 27266
773 140 2503 2520 148372 27307
774 140 2503 2520 148716 27359
775 140 2503 2520 149061 27428
776 141 2503 2520 149326 27471
777 143 2503 2520 149631 27514
778 143 2503 2520 150017 27573
779 143 2503 2520 150391 27636
780 143 2503 2520 150700 27660
781 143 2503 2520 151043 27745
782 143 2503 2520 151365 27772
783 143 2503 2520 151740 27830
784 144 2503 2520 152103 27890
785 144 2503 2520 152452 27924
786 144 2503 2520 152840 28021
787 144 2503 2520 153185 28081
788 144 2503 2520 153510 28139
789 144 2503 2520 153863 28231
790 144 2503 2520 154179 28294
791 145 2503 2520 154495 28330
792 145 2503 2520 154799 28360
793 145 2503 2520 155092 28398
794 145 2503 2520 155364 28412
795 145 2503 2520 155662 28456
796 147 2503 2520 155915 28466
797 147 2502 2520 156170 28554
798 148 2502 2520 156510 28622
799 148 2502 2520 156840 28659
800 148 2502 2520 157155 28693
801 148 2502 2520 157490 28763
802 149 2502 2520 157860 28801
803 149 2502 2520 158150 28813
804 149 2502 2520 158452 28844
805 149 2502 2520 158784 28875
806 150 2502 2520 159088 28903
807 151 2502 2520 159441 28941
808 152 2502 2520 159746 28996
809 152 2502 2520 160104 29058
810 152 2502 2520 160428 29105
811 152 2502 2520 160766 29149
812 152 2502 2520 161037 29191
813 153 2502 2520 161354 29250
814 153 2502 2520 161719 29292
815 153 2502 2520 162004 29346
816 153 2502 2520 162306 29349
817 153 2502 2520 162657 29436
818 154 2502 2520 162979 29477
819 154 2502 2520 163327 29528
820 154 2502 2520 163680 29593
821 154 2502 2520 163923 29634
822 154 2502 2520 164218 29713
823 154 2502 2520 164514 29764
824 154 2502 2520 164848 29877
825 155 2502 2520 165137 29914
826 155 2502 2520 165418 29947
827 156 2502 2520 165735 29982
828 156 2502 2520 166009 30040
829 156 2502 2520 166342 30111
830 156 2502 2520 166639 30182
831 158 2502 2520 166946 30227
832 158 2502 2520 167219 30287
833 158 2502 2520 167542 30320
834 158 2502 2520 167843 30343
835 158 2502 2520 168216 30437
836 158 2502 2520 168548 30523
837 158 2502 2520 168897 30592
838 158 2502 2520 169218 30641
839 159 2502 2520 169505 30676
840 159 2502 2520 169802 30724
841 159 2502 2520 170098 30759
842 159 2502 2520 170360 30785
843 159 2502 2520 170601 30811
844 160 2502 2520 170854 30821
845 161 2502 2520 171113 30888
846 161 2502 2520 171423 30949
847 161 2502 2520 171673 31008
848 161 2502 2520 171919 31024
849 162 2502 2520 172205 31098
850 163 2502 2520 172498 31144
851 163 2502 2520 172774 31166
852 163 2502 2520 173033 31182
853 165 2502 2520 173307 31249
854 165 2502 2520 173552 31277
855 165 2502 2520 173827 31295
856 166 2502 2520 174141 31349
857 168 2502 2520 174459 31340
858 169 2502 2520 174819 31377
859 169 2502 2520 175221 31459
860 169 2502 2520 175582 31513
861 171 2502 2520 175973 31579
862 171 2502 2520 176325 31629
863 171 2502 2520 176731 31672
864 172 2502 2520 177104 31713
865 172 2502 2520 177443 31747
866 172 2502 2520 177834 31778
867 172 2502 2520 178296 31866
868 172 2502 2520 178669 31913
869 172 2502 2520 179059 31961
870 172 2501 2520 179439 32026
871 172 2501 2520 179823 32078
872 172 2499 2520 180191 32127
873 172 2499 2520 180581 32196
874 172 2499 2520 180897 32229
875 172 2499 2520 181327 32302
876 172 2499 2520 181680 32355
877 172 2499 2520 182018 32392
878 172 2499 2520 182319 32454
879 172 2499 2520 182599 32479
880 172 2499 2520 182948 32488
881 172 2499 2520 183247 32500
882 172 2499 2520 183551 32547
883 172 2499 2520 183806 32559
884 172 2499 2520 184077 32578
885 173 2499 2520 184376 32626
886 173 2499 2520 184707 32670
887 173 2499 2520 185010 32734
888 175 2499 2520 185277 32766
889 175 2499 2520 185604 32787
890 175 2499 2520 185940 32847
891 175 2499 2520 186301 32894
892 176 2499 2520 186619 32978
893 177 2499 2520 186924 33013
894 179 2499 2520 187305 33089
895 180 2499 2520 187667 33109
896 180 2499 2520 188031 33168
897 180 2499 2520 188421 33231
898 181 2499 2520 188814 33304
899 182 2499 2520 189224 33360
900 182 2499 2520 189655 33425
901 182 2499 2520 190082 33501
902 182 2498 2520 190469 33545
903 182 2498 2520 190899 33615
904 182 2498 2520 191314 33661
905 182 2498 2520 191759 33731
906 182 2498 2520 192204 33788
907 182 2498 2520 192593 33828
908 182 2498 2520 192988 33859
909 182 2498 2520 193415 33897
910 184 2498 2520 193801 33917
911 185 2498 2520 194212 33967
912 185 2498 2520 194632 34012
913 185 2498 2520 195046 34057
914 185 2498 2520 195470 34108
915 185 2498 2520 195823 34125
916 185 2498 2520 196185 34177
917 185 2498 2520 196583 34230
918 185 2498 2520 196925 34267
919 185 2498 2520 197314 34329
920 186 2498 2520 197693 34388
921 186 2498 2520 198030 34420
922 186 2498 2520 198385 34481
923 187 2498 2520 198712 34522
924 187 2498 2520 199067 34572
925 187 2498 2520 199375 34630
926 188 2498 2520 199685 34707
927 188 2498 2520 200032 34759
928 188 2498 2520 200425 34843
929 188 2498 2520 200773 34909
930 189 2498 2520 201124 35016
931 190 2498 2520 201426 35052
932 190 2498 2520 201779 35066
933 190 2498 2520 202179 35144
934 190 2498 2520 202510 35210
935 190 2498 2520 202896 35247
936 192 2498 2520 203235 35304
937 192 2498 2520 203543 35373
938 194 2497 2520 203925 35397
939 194 2497 2520 204351 35475
940 195 2497 2520 204764 35565
941 196 2497 2520 205136 35627
942 196 2497 2520 205516 35697
943 196 2497 2520 205960 35759
944 196 2497 2520 206374 35814
945 196 2497 2520 206825 35897
946 196 2497 2520 207248 35921
947 196 2497 2520 207675 35993
948 197 2497 2520 208097 36035
949 197 2497 2520 208482 36120
950 197 2497 2520 208926 36213
951 197 2497 2520 209341 36299
952 198 2497 2520 209758 36360
953 198 2497 2520 210128 36435
954 198 2497 2520 210524 36480
955 198 2497 2520 210870 36543
956 198 2497 2520 211240 36582
957 198 2497 2520 211546 36618
958 198 2497 2520 211941 36687
959 198 2497 2520 212288 36750
960 198 2496 2520 212686 36811
961 198 2496 2520 212999 36864
962 198 2496 2520 213343 36963
963 198 2496 2520 213682 36992
964 198 2496 2520 214020 37056
965 198 2496 2520 214310 37097
966 199 2496 2520 214594 37120
967 199 2496 2520 214887 37194
968 201 2496 2520 215249 37234
969 202 2496 2520 215569 37302
970 202 2496 2520 215893 37330
971 202 2496 2520 216281 37350
972 204 2496 2520 216604 37420
973 204 2496 2520 216976 37492
974 204 2496 2520 217380 37555
975 204 2496 2520 217803 37586
976 204 2496 2520 218253 37658
977 204 2496 2520 218641 37685
978 205 2496 2520 218993 37739
979 206 2496 2520 219408 37813
980 206 2495 2520 219803 37859
981 206 2495 2520 220239 37889
982 206 2494 2520 220597 37939
983 206 2494 2520 221036 37967
984 206 2494 2520 221479 38045
985 206 2494 2520 221859 38086
986 207 2494 2520 222186 38120
987 207 2494 2520 222574 38139
988 207 2494 2520 222957 38201
989 207 2494 2520 223356 38232
990 208 2494 2520 223735 38289
991 208 2494 2520 224122 38310
992 208 2494 2520 224453 38372
993 208 2494 2520 224845 38430
994 208 2494 2520 225190 38493
995 209 2494 2520 225470 38516
996 210 2493 2520 225809 38564
997 210 2493 2520 226153 38640
998 211 2493 2520 226521 38645
999 212 2493 2520 226913 38684
1000 212 2493 2520 227311 38705
