0 1 2519 2520 797 501
1 1 2519 2520 814 513
2 1 2519 2520 836 530
3 1 2519 2520 870 544
4 1 2519 2520 899 562
5 1 2519 2520 925 577
6 1 2519 2520 960 591
7 1 2519 2520 995 611
8 1 2519 2520 1014 619
9 1 2519 2520 1051 637
10 1 2519 2520 1086 650
11 1 2519 2520 1118 663
12 1 2519 2520 1149 674
13 1 2519 2520 1188 681
14 1 2519 2520 1204 684
15 1 2519 2520 1229 688
16 1 2519 2520 1239 699
17 1 2519 2520 1257 702
18 1 2519 2520 1272 705
19 1 2519 2520 1285 710
20 2 2519 2520 1301 716
21 2 2519 2520 1329 726
22 2 2519 2520 1427 765
23 2 2519 2520 1516 807
24 2 2519 2520 1589 826
25 2 2519 2520 1663 846
26 2 2519 2520 1760 871
27 2 2519 2520 1833 897
28 2 2519 2520 1898 923
29 2 2519 2520 1978 948
30 2 2519 2520 2052 974
31 2 2519 2520 2112 987
32 2 2519 2520 2163 997
33 2 2519 2520 2211 1011
34 2 2519 2520 2264 1010
35 2 2519 2520 2312 1021
36 2 2519 2520 2356 1033
37 2 2519 2520 2388 1046
38 2 2519 2520 2425 1050
39 2 2519 2520 2442 1050
40 2 2519 2520 2470 1061
41 2 2519 2520 2489 1071
42 2 2519 2520 2523 1087
43 2 2519 2520 2547 1093
44 2 2519 2520 2559 1100
45 2 2519 2520 2565 1108
46 3 2519 2520 2576 1112
47 3 2519 2520 2611 1125
48 4 2519 2520 2665 1145
49 4 2519 2520 2746 1168
50 4 2519 2520 2862 1209
51 4 2519 2520 2980 1254
52 4 2519 2520 3136 1299
53 4 2519 2520 3270 1334
54 4 2519 2520 3381 1353
55 4 2519 2520 3507 1385
56 4 2519 2520 3621 1422
57 4 2519 2520 3693 1444
58 4 2519 2520 3788 1464
59 4 2519 2520 3902 1499
60 4 2519 2520 3973 1516
61 4 2519 2520 4082 1553
62 4 2519 2520 4153 1570
63 4 2519 2520 4213 1573
64 4 2519 2520 4286 1598
65 4 2519 2520 4359 1618
66 4 2519 2520 4457 1643
67 4 2519 2520 4526 1657
68 4 2519 2520 4597 1677
69 4 2519 2520 4639 1697
70 4 2519 2520 4683 1715
71 6 2519 2520 4726 1724
72 7 2519 2520 4823 1772
73 7 2519 2520 4962 1821
74 7 2519 2520 5120 1866
75 7 2519 2520 5298 1911
76 7 2519 2520 5490 1963
77 7 2519 2520 5672 2033
78 7 2519 2520 5848 2073
79 7 2519 2520 6026 2119
80 7 2519 2520 6225 2161
81 7 2519 2520 6372 2189
82 7 2519 2520 6542 2227
83 7 2519 2520 6675 2238
84 7 2519 2520 6814 2271
85 7 2518 2520 6950 2304
86 7 2518 2520 7098 2344
87 7 2518 2520 7247 2363
88 7 2518 2520 7354 2393
89 7 2518 2520 7460 2414
90 7 2518 2520 7592 2448
91 7 2518 2520 7695 2453
92 7 2518 2520 7784 2468
93 8 2518 2520 7865 2495
94 8 2518 2520 7961 2528
95 9 2518 2520 8087 2562
96 9 2518 2520 8248 2605
97 9 2518 2520 8392 2627
98 9 2518 2520 8541 2662
99 9 2518 2520 8671 2692
100 9 2518 2520 8800 2727
101 10 2518 2520 8931 2747
102 11 2518 2520 9084 2783
103 11 2518 2520 9268 2819
104 11 2518 2520 9459 2854
105 11 2518 2520 9645 2902
106 11 2518 2520 9792 2936
107 11 2518 2520 9950 2973
108 11 2518 2520 10110 2991
109 11 2518 2520 10276 3039
110 11 2518 2520 10406 3073
111 11 2518 2520 10547 3118
112 11 2518 2520 10691 3135
113 11 2518 2520 10814 3153
114 11 2518 2520 10924 3182
115 11 2518 2520 11037 3201
116 11 2518 2520 11159 3207
117 12 2518 2520 11295 3235
118 12 2518 2520 11416 3264
119 13 2518 2520 11555 3293
120 13 2518 2520 11724 3339
121 13 2518 2520 11919 3391
122 13 2518 2520 12109 3433
123 13 2518 2520 12258 3462
124 13 2518 2520 12438 3504
125 13 2518 2520 12589 3544
126 13 2518 2520 12768 3586
127 13 2518 2520 12926 3632
128 13 2518 2520 13066 3668
129 13 2518 2520 13199 3696
130 13 2518 2520 13329 3725
131 13 2518 2520 13417 3749
132 13 2518 2520 13518 3765
133 13 2518 2520 13656 3829
134 14 2518 2520 13767 3842
135 14 2518 2520 13874 3874
136 14 2518 2520 13987 3895
137 14 2518 2520 14090 3926
138 14 2518 2520 14206 3956
139 14 2518 2520 14318 3969
140 14 2518 2520 14447 4005
141 14 2518 2520 14566 4038
142 15 2518 2520 14675 4060
143 15 2518 2520 14794 4070
144 15 2518 2520 14950 4104
145 15 2518 2520 15076 4119
146 16 2518 2520 15200 4138
147 16 2518 2520 15367 4180
148 17 2518 2520 15540 4221
149 17 2518 2520 15714 4264
150 17 2518 2520 15943 4332
151 17 2518 2520 16130 4382
152 17 2518 2520 16327 4422
153 18 2518 2520 16528 4478
154 19 2518 2520 16737 4520
155 19 2518 2520 16949 4573
156 19 2518 2520 17187 4630
157 19 2518 2520 17422 4685
158 19 2518 2520 17641 4746
159 19 2518 2520 17831 4799
160 19 2518 2520 18014 4823
161 19 2518 2520 18210 4870
162 19 2518 2520 18390 4925
163 19 2518 2520 18558 4951
164 20 2518 2520 18732 4989
165 21 2518 2520 18926 5040
166 21 2518 2520 19122 5099
167 21 2518 2520 19351 5139
168 21 2518 2520 19554 5216
169 21 2518 2520 19742 5242
170 21 2518 2520 19933 5282
171 21 2518 2520 20149 5310
172 21 2518 2520 20352 5341
173 22 2518 2520 20530 5373
174 22 2518 2520 20750 5403
175 22 2518 2520 21007 5479
176 22 2518 2520 21215 5529
177 23 2518 2520 21456 5554
178 23 2518 2520 21700 5597
179 23 2518 2520 21942 5673
180 23 2518 2520 22159 5737
181 23 2518 2520 22376 5784
182 23 2518 2520 22564 5817
183 23 2518 2520 22743 5872
184 23 2518 2520 22918 5887
185 23 2518 2520 23118 5946
186 23 2518 2520 23303 5984
187 24 2518 2520 23497 6007
188 24 2518 2520 23666 6038
189 25 2518 2520 23858 6069
190 25 2518 2520 24095 6129
191 25 2518 2520 24306 6187
192 25 2518 2520 24478 6206
193 25 2518 2520 24654 6254
194 25 2518 2520 24859 6308
195 25 2518 2520 25051 6333
196 25 2518 2520 25237 6355
197 26 2518 2520 25420 6395
198 26 2518 2520 25612 6453
199 26 2518 2520 25812 6482
200 26 2518 2520 26003 6529
201 26 2518 2520 26199 6601
202 26 2518 2520 26376 6651
203 26 2518 2520 26539 6678
204 26 2518 2520 26684 6705
205 26 2518 2520 26861 6732
206 26 2518 2520 27060 6775
207 26 2518 2520 27219 6802
208 26 2518 2520 27343 6813
209 26 2518 2520 27448 6849
210 26 2518 2520 27573 6875
211 26 2518 2520 27722 6885
212 27 2518 2520 27832 6917
213 28 2518 2520 27958 6946
214 28 2518 2520 28075 6981
215 29 2518 2520 28246 7012
216 29 2518 2520 28405 7067
217 29 2518 2520 28569 7113
218 30 2518 2520 28804 7173
219 31 2518 2520 28996 7221
220 31 2518 2520 29181 7253
221 31 2518 2520 29420 7307
222 33 2518 2520 29623 7354
223 33 2518 2520 29868 7408
224 33 2518 2520 30192 7498
225 33 2518 2520 30454 7527
226 33 2518 2520 30698 7585
227 33 2518 2520 30986 7616
228 33 2518 2520 31230 7667
229 33 2518 2520 31504 7716
230 33 2518 2520 31760 7772
231 33 2518 2520 31985 7834
232 33 2518 2520 32254 7870
233 33 2518 2520 32475 7901
234 33 2517 2520 32746 7954
235 34 2517 2520 32963 7980
236 34 2517 2520 33173 8009
237 34 2517 2520 33421 8062
238 34 2517 2520 33658 8106
239 34 2517 2520 33934 8191
240 34 2517 2520 34154 8216
241 34 2517 2520 34374 8264
242 34 2517 2520 34559 8279
243 34 2517 2520 34744 8326
244 34 2517 2520 34926 8339
245 34 2517 2520 35104 8335
246 34 2517 2520 35304 8375
247 34 2517 2520 35477 8405
248 34 2517 2520 35623 8419
249 34 2517 2520 35782 8446
250 34 2517 2520 35920 8464
251 34 2517 2520 36038 8494
252 34 2517 2520 36168 8510
253 35 2517 2520 36283 8520
254 35 2517 2520 36430 8540
255 36 2517 2520 36590 8563
256 36 2517 2520 36726 8608
257 36 2517 2520 36904 8647
258 36 2517 2520 37091 8717
259 37 2517 2520 37285 8769
260 37 2517 2520 37498 8813
261 38 2517 2520 37682 8842
262 38 2517 2520 37934 8903
263 38 2517 2520 38152 8936
264 38 2517 2520 38372 8985
265 38 2517 2520 38580 9020
266 38 2517 2520 38792 9074
267 38 2517 2520 38944 9100
268 38 2517 2520 39139 9155
269 38 2517 2520 39364 9216
270 38 2517 2520 39505 9250
271 38 2517 2520 39676 9279
272 38 2517 2520 39853 9337
273 38 2517 2520 39980 9353
274 38 2517 2520 40110 9355
275 39 2517 2520 40248 9384
276 39 2517 2520 40429 9436
277 40 2517 2520 40580 9468
278 40 2517 2520 40742 9506
279 40 2517 2520 40928 9545
280 40 2517 2520 41098 9587
281 40 2517 2520 41303 9625
282 40 2517 2520 41485 9631
283 40 2517 2520 41690 9672
284 40 2517 2520 41912 9719
285 40 2517 2520 42065 9748
286 40 2517 2520 42208 9768
287 40 2517 2520 42364 9798
288 41 2517 2520 42505 9844
289 41 2517 2520 42649 9885
290 41 2517 2520 42828 9928
291 41 2517 2520 43040 9960
292 41 2517 2520 43179 9987
293 41 2517 2520 43323 10045
294 41 2517 2520 43454 10074
295 41 2517 2520 43586 10097
296 42 2517 2520 43737 10132
297 42 2517 2520 43879 10146
298 42 2517 2520 44001 10188
299 42 2517 2520 44133 10202
300 42 2517 2520 44282 10255
301 42 2517 2520 44410 10291
302 42 2517 2520 44546 10314
303 42 2517 2520 44686 10330
304 42 2517 2520 44829 10366
305 42 2517 2520 44966 10400
306 42 2517 2520 45080 10418
307 42 2517 2520 45206 10446
308 43 2517 2520 45327 10469
309 43 2517 2520 45457 10494
310 43 2517 2520 45572 10505
311 43 2517 2520 45704 10524
312 43 2517 2520 45832 10540
313 44 2517 2520 45952 10553
314 44 2517 2520 46071 10584
315 45 2517 2520 46255 10626
316 46 2517 2520 46400 10659
317 46 2517 2520 46550 10698
318 46 2517 2520 46712 10721
319 46 2517 2520 46883 10750
320 46 2517 2520 47061 10782
321 46 2517 2520 47248 10803
322 46 2517 2520 47420 10847
323 46 2517 2520 47586 10879
324 46 2517 2520 47791 10907
325 46 2517 2520 48000 10955
326 46 2517 2520 48175 10991
327 46 2517 2520 48327 11039
328 46 2517 2520 48501 11065
329 46 2517 2520 48713 11108
330 46 2517 2520 48892 11150
331 46 2517 2520 49041 11174
332 47 2517 2520 49169 11210
333 47 2517 2520 49323 11239
334 47 2517 2520 49453 11249
335 47 2517 2520 49608 11264
336 47 2517 2520 49763 11300
337 47 2517 2520 49956 11323
338 47 2517 2520 50164 11379
339 47 2517 2520 50318 11426
340 47 2517 2520 50459 11432
341 47 2517 2520 50616 11465
342 48 2517 2520 50746 11495
343 48 2517 2520 50909 11520
344 48 2517 2520 51057 11561
345 48 2517 2520 51185 11600
346 49 2517 2520 51329 11627
347 49 2517 2520 51483 11642
348 49 2517 2520 51685 11682
349 49 2517 2520 51857 11723
350 49 2517 2520 52012 11751
351 50 2517 2520 52166 11791
352 50 2517 2520 52341 11820
353 52 2517 2520 52538 11864
354 52 2517 2520 52765 11900
355 52 2517 2520 52986 11938
356 52 2517 2520 53227 11975
357 52 2517 2520 53451 12028
358 52 2517 2520 53679 12069
359 53 2517 2520 53879 12093
360 53 2517 2520 54103 12118
361 53 2517 2520 54344 12160
362 53 2517 2520 54545 12206
363 53 2517 2520 54764 12221
364 53 2517 2520 54973 12274
365 53 2517 2520 55230 12314
366 53 2517 2520 55404 12323
367 54 2517 2520 55585 12366
368 55 2517 2520 55801 12414
369 55 2517 2520 56000 12447
370 55 2517 2520 56237 12466
371 55 2517 2520 56468 12493
372 55 2517 2520 56682 12532
373 55 2517 2520 56893 12582
374 55 2517 2520 57089 12594
375 55 2517 2520 57299 12652
376 55 2517 2520 57543 12704
377 55 2517 2520 57732 12720
378 55 2517 2520 57945 12737
379 55 2517 2520 58191 12775
380 56 2517 2520 58412 12802
381 56 2517 2520 58592 12843
382 57 2517 2520 58798 12868
383 57 2517 2520 58996 12917
384 57 2517 2520 59230 12943
385 57 2517 2520 59422 13002
386 57 2517 2520 59607 13027
387 58 2517 2520 59805 13068
388 58 2517 2520 60030 13124
389 58 2517 2520 60246 13172
390 58 2517 2520 60504 13217
391 58 2517 2520 60713 13270
392 58 2517 2520 60954 13303
393 58 2517 2520 61187 13341
394 58 2517 2520 61391 13374
395 58 2517 2520 61579 13406
396 58 2517 2520 61765 13477
397 58 2517 2520 61949 13508
398 58 2517 2520 62118 13538
399 58 2517 2520 62297 13569
400 58 2517 2520 62485 13597
401 59 2517 2520 62641 13627
402 59 2517 2520 62810 13686
403 59 2517 2520 63022 13714
404 59 2517 2520 63178 13745
405 59 2517 2520 63374 13787
406 59 2517 2520 63553 13821
407 59 2517 2520 63683 13858
408 60 2517 2520 63825 13867
409 60 2517 2520 64005 13889
410 61 2517 2520 64171 13914
411 61 2517 2520 64330 13935
412 61 2517 2520 64486 13958
413 61 2517 2520 64655 13990
414 62 2517 2520 64853 14033
415 62 2517 2520 65043 14060
416 62 2517 2520 65250 14093
417 63 2517 2520 65414 14138
418 63 2517 2520 65621 14141
419 63 2517 2520 65844 14202
420 63 2517 2520 66012 14238
421 63 2517 2520 66238 14297
422 63 2517 2520 66431 14321
423 64 2517 2520 66655 14364
424 64 2517 2520 66807 14396
425 64 2517 2520 67038 14430
426 64 2517 2520 67262 14460
427 64 2517 2520 67440 14499
428 64 2517 2520 67617 14546
429 65 2517 2520 67806 14558
430 65 2517 2520 68023 14584
431 65 2517 2520 68180 14605
432 65 2517 2520 68378 14641
433 65 2517 2520 68552 14658
434 65 2517 2520 68749 14681
435 65 2517 2520 68906 14715
436 67 2517 2520 69086 14727
437 68 2517 2520 69275 14749
438 69 2517 2520 69483 14776
439 69 2517 2520 69712 14839
440 69 2517 2520 69942 14860
441 69 2517 2520 70188 14848
442 69 2517 2520 70428 14878
443 69 2517 2520 70663 14934
444 69 2517 2520 70887 14965
445 69 2517 2520 71111 14995
446 69 2517 2520 71317 14996
447 69 2517 2520 71496 15016
448 69 2517 2520 71717 15049
449 69 2516 2520 71955 15099
450 69 2516 2520 72198 15155
451 70 2516 2520 72402 15184
452 71 2516 2520 72657 15230
453 71 2516 2520 72942 15277
454 71 2516 2520 73224 15309
455 71 2516 2520 73469 15359
456 72 2516 2520 73759 15422
457 72 2516 2520 74001 15461
458 72 2516 2520 74251 15510
459 72 2516 2520 74482 15534
460 72 2516 2520 74744 15557
461 72 2516 2520 74997 15587
462 72 2515 2520 75221 15642
463 73 2515 2520 75479 15658
464 73 2515 2520 75716 15688
465 73 2515 2520 75980 15717
466 73 2515 2520 76249 15750
467 73 2515 2520 76521 15800
468 73 2515 2520 76805 15805
469 73 2515 2520 77083 15819
470 73 2515 2520 77302 15858
471 74 2515 2520 77535 15909
472 74 2515 2520 77746 15954
473 74 2515 2520 77967 15976
474 74 2515 2520 78229 16042
475 75 2515 2520 78447 16070
476 75 2515 2520 78650 16093
477 75 2515 2520 78852 16147
478 75 2515 2520 79050 16163
479 75 2514 2520 79296 16189
480 76 2514 2520 79496 16201
481 76 2514 2520 79764 16246
482 77 2514 2520 79993 16299
483 77 2514 2520 80236 16359
484 77 2514 2520 80457 16372
485 78 2514 2520 80702 16392
486 78 2514 2520 80992 16399
487 78 2514 2520 81261 16420
488 78 2514 2520 81538 16485
489 78 2514 2520 81792 16542
490 79 2514 2520 82113 16560
491 79 2514 2520 82329 16601
492 80 2514 2520 82562 16648
493 80 2514 2520 82806 16674
494 80 2514 2520 83050 16750
495 81 2514 2520 83333 16800
496 81 2514 2520 83587 16846
497 81 2514 2520 83846 16903
498 81 2514 2520 84143 16946
499 81 2514 2520 84412 17001
500 81 2514 2520 84689 17040
501 81 2514 2520 84942 17071
502 81 2514 2520 85204 17130
503 81 2514 2520 85476 17209
504 81 2514 2520 85740 17245
505 81 2514 2520 86017 17284
506 81 2514 2520 86257 17315
507 81 2514 2520 86506 17355
508 81 2514 2520 86750 17391
509 81 2514 2520 86956 17429
510 81 2514 2520 87174 17481
511 81 2514 2520 87409 17519
512 81 2514 2520 87594 17572
513 81 2514 2520 87774 17605
514 81 2514 2520 87947 17628
515 81 2513 2520 88131 17669
516 81 2513 2520 88314 17703
517 83 2513 2520 88496 17739
518 83 2513 2520 88677 17772
519 83 2513 2520 88935 17806
520 83 2513 2520 89175 17838
521 83 2513 2520 89339 17875
522 83 2513 2520 89586 17945
523 84 2513 2520 89839 17976
524 85 2513 2520 90047 18012
525 85 2513 2520 90254 18076
526 87 2513 2520 90437 18123
527 87 2513 2520 90688 18158
528 87 2513 2520 90945 18195
529 87 2513 2520 91224 18257
530 87 2513 2520 91484 18261
531 88 2513 2520 91716 18297
532 88 2513 2520 92004 18334
533 88 2513 2520 92308 18376
534 88 2513 2520 92595 18417
535 88 2513 2520 92888 18472
536 89 2513 2520 93172 18537
537 90 2513 2520 93440 18566
538 90 2513 2520 93701 18607
539 90 2513 2520 93933 18649
540 90 2513 2520 94228 18684
541 90 2513 2520 94530 18744
542 90 2513 2520 94839 18780
543 90 2513 2520 95114 18798
544 90 2513 2520 95393 18841
545 90 2513 2520 95679 18902
546 90 2513 2520 95911 18944
547 90 2513 2520 96112 18955
548 90 2513 2520 96363 19009
549 90 2513 2520 96578 19060
550 91 2513 2520 96816 19096
551 91 2513 2520 97088 19138
552 91 2513 2520 97320 19157
553 92 2513 2520 97553 19220
554 92 2513 2520 97801 19285
555 93 2513 2520 98023 19300
556 93 2513 2520 98234 19312
557 93 2513 2520 98451 19377
558 94 2513 2520 98665 19398
559 94 2513 2520 98875 19432
560 94 2513 2520 99117 19478
561 95 2513 2520 99372 19533
562 95 2513 2520 99633 19566
563 95 2513 2520 99910 19587
564 96 2513 2520 100161 19644
565 96 2513 2520 100446 19707
566 96 2513 2520 100698 19733
567 96 2513 2520 100949 19797
568 96 2513 2520 101232 19833
569 96 2513 2520 101485 19864
570 96 2513 2520 101733 19880
571 96 2513 2520 102001 19936
572 97 2513 2520 102244 19965
573 97 2513 2520 102494 20020
574 97 2513 2520 102776 20086
575 98 2513 2520 103008 20124
576 98 2513 2520 103279 20174
577 98 2513 2520 103552 20209
578 98 2513 2520 103794 20251
579 98 2513 2520 104026 20297
580 98 2513 2520 104278 20336
581 99 2513 2520 104463 20384
582 99 2513 2520 104673 20429
583 99 2512 2520 104928 20446
584 99 2512 2520 105197 20505
585 99 2512 2520 105440 20541
586 100 2512 2520 105679 20576
587 101 2512 2520 105930 20595
588 101 2512 2520 106212 20649
589 101 2512 2520 106505 20711
590 101 2512 2520 106777 20782
591 101 2512 2520 107020 20799
592 101 2512 2520 107303 20842
593 102 2512 2520 107507 20853
594 102 2512 2520 107729 20907
595 103 2512 2520 107971 20929
596 103 2512 2520 108211 20954
597 104 2512 2520 108530 21031
598 105 2512 2520 108796 21087
599 105 2512 2520 109059 21158
600 105 2512 2520 109356 21210
601 105 2512 2520 109638 21262
602 105 2512 2520 109919 21286
603 105 2512 2520 110179 21333
604 105 2512 2520 110469 21365
605 105 2512 2520 110747 21396
606 105 2512 2520 111002 21444
607 105 2512 2520 111282 21497
608 105 2512 2520 111521 21545
609 105 2512 2520 111785 21605
610 105 2512 2520 112064 21649
611 105 2512 2520 112309 21666
612 106 2512 2520 112512 21717
613 106 2512 2520 112746 21755
614 106 2512 2520 113011 21810
615 107 2512 2520 113245 21843
616 107 2512 2520 113475 21886
617 107 2512 2520 113696 21920
618 107 2512 2520 113903 21951
619 107 2512 2520 114099 21988
620 108 2512 2520 114307 22026
621 110 2512 2520 114492 22069
622 111 2512 2520 114772 22108
623 111 2512 2520 115067 22168
624 111 2512 2520 115342 22224
625 112 2512 2520 115659 22267
626 112 2512 2520 115949 22320
627 113 2512 2520 116223 22331
628 113 2512 2520 116535 22365
629 113 2512 2520 116841 22400
630 113 2512 2520 117145 22463
631 113 2512 2520 117450 22515
632 113 2512 2520 117793 22563
633 113 2512 2520 118094 22634
634 113 2512 2520 118397 22644
635 113 2512 2520 118699 22668
636 113 2512 2520 119011 22680
637 113 2512 2520 119293 22747
638 113 2512 2520 119570 22784
639 114 2511 2520 119893 22814
640 114 2511 2520 120136 22859
641 114 2511 2520 120432 22908
642 115 2511 2520 120736 22945
643 115 2511 2520 121014 22987
644 116 2511 2520 121345 23026
645 116 2510 2520 121645 23075
646 116 2510 2520 121977 23134
647 116 2510 2520 122316 23196
648 116 2510 2520 122597 23207
649 116 2510 2520 122924 23254
650 116 2510 2520 123206 23295
651 116 2510 2520 123481 23343
652 116 2510 2520 123836 23372
653 116 2510 2520 124096 23392
654 116 2510 2520 124357 23439
655 116 2510 2520 124575 23466
656 116 2510 2520 124827 23495
657 116 2509 2520 125053 23530
658 116 2509 2520 125284 23546
659 116 2509 2520 125527 23540
660 116 2509 2520 125753 23576
661 117 2509 2520 125989 23598
662 117 2509 2520 126185 23608
663 117 2509 2520 126420 23669
664 118 2509 2520 126604 23693
665 118 2509 2520 126822 23731
666 118 2509 2520 127088 23778
667 118 2509 2520 127363 23796
668 118 2509 2520 127658 23871
669 118 2509 2520 127877 23894
670 119 2509 2520 128065 23941
671 119 2509 2520 128319 23955
672 120 2509 2520 128622 24040
673 120 2509 2520 128876 24040
674 121 2509 2520 129113 24050
675 122 2509 2520 129400 24088
676 122 2508 2520 129745 24116
677 122 2508 2520 130083 24169
678 122 2508 2520 130372 24186
679 122 2508 2520 130706 24232
680 122 2508 2520 130982 24249
681 124 2508 2520 131304 24297
682 124 2508 2520 131599 24370
683 125 2507 2520 131907 24373
684 126 2507 2520 132249 24397
685 126 2507 2520 132582 24440
686 126 2507 2520 132895 24463
687 126 2507 2520 133223 24525
688 127 2507 2520 133545 24586
689 127 2507 2520 133909 24604
690 127 2507 2520 134231 24620
691 127 2507 2520 134574 24672
692 128 2507 2520 134881 24728
693 128 2506 2520 135210 24748
694 128 2506 2520 135562 24799
695 128 2506 2520 135933 24819
696 128 2506 2520 136279 24846
697 128 2506 2520 136587 24902
698 128 2506 2520 136897 24930
699 129 2506 2520 137209 24971
700 130 2506 2520 137483 24994
701 131 2506 2520 137849 25055
702 131 2506 2520 138230 25080
703 132 2506 2520 138571 25122
704 132 2506 2520 138909 25189
705 132 2506 2520 139268 25246
706 133 2506 2520 139571 25281
707 133 2506 2520 139896 25319
708 133 2506 2520 140241 25365
709 133 2506 2520 140565 25415
710 133 2506 2520 140921 25466
711 133 2506 2520 141234 25519
712 133 2506 2520 141528 25542
713 133 2506 2520 141904 25600
714 133 2506 2520 142174 25601
715 134 2506 2520 142500 25620
716 134 2506 2520 142819 25665
717 134 2506 2520 143163 25708
718 136 2506 2520 143477 25744
719 136 2506 2520 143781 25803
720 136 2506 2520 144151 25856
721 137 2506 2520 144489 25857
722 137 2506 2520 144756 25910
723 137 2506 2520 145082 25955
724 137 2506 2520 145388 26004
725 137 2506 2520 145695 26031
726 137 2506 2520 145968 26102
727 137 2506 2520 146241 26151
728 137 2506 2520 146496 26222
729 137 2506 2520 146739 26255
730 137 2506 2520 147018 26291
731 137 2506 2520 147318 26334
732 137 2506 2520 147542 26353
733 137 2506 2520 147803 26403
734 137 2506 2520 148056 26414
735 137 2506 2520 148271 26434
736 137 2506 2520 148468 26444
737 137 2506 2520 148701 26457
738 137 2506 2520 148935 26482
739 138 2506 2520 149174 26516
740 140 2506 2520 149415 26515
741 141 2506 2520 149687 26585
742 141 2506 2520 150004 26651
743 141 2506 2520 150311 26720
744 142 2506 2520 150626 26734
745 142 2506 2520 151000 26780
746 142 2506 2520 151359 26860
747 142 2506 2520 151721 26901
748 143 2506 2520 152089 26962
749 143 2506 2520 152431 27024
750 143 2506 2520 152818 27097
751 143 2506 2520 153212 27133
752 144 2506 2520 153576 27170
753 144 2506 2520 153915 27213
754 144 2506 2520 154220 27234
755 144 2506 2520 154525 27259
756 144 2506 2520 154874 27290
757 146 2506 2520 155229 27349
758 147 2506 2520 155541 27377
759 147 2506 2520 155903 27436
760 147 2506 2520 156237 27505
761 147 2506 2520 156552 27541
762 147 2506 2520 156860 27570
763 147 2506 2520 157137 27567
764 147 2506 2520 157444 27633
765 147 2506 2520 157738 27653
766 147 2506 2520 158051 27693
767 148 2506 2520 158323 27753
768 148 2506 2520 158606 27783
769 148 2506 2520 158860 27827
770 148 2506 2520 159134 27890
771 148 2506 2520 159441 27916
772 149 2506 2520 159742 27992
773 149 2506 2520 159979 28055
774 150 2506 2520 160248 28070
775 150 2506 2520 160484 28100
776 150 2506 2520 160740 28164
777 152 2506 2520 160975 28199
778 153 2506 2520 161285 28223
779 153 2506 2520 161613 28245
780 153 2506 2520 161909 28290
781 154 2506 2520 162263 28321
782 155 2506 2520 162576 28375
783 155 2506 2520 162935 28416
784 156 2506 2520 163216 28501
785 156 2506 2520 163535 28526
786 156 2506 2520 163838 28578
787 157 2506 2520 164208 28672
788 157 2505 2520 164527 28721
789 157 2505 2520 164911 28750
790 157 2505 2520 165298 28799
791 157 2505 2520 165655 28838
792 157 2505 2520 165983 28836
793 157 2505 2520 166352 28878
794 157 2505 2520 166694 28935
795 157 2505 2520 166995 28981
796 157 2505 2520 167365 29032
797 157 2505 2520 167662 29080
798 157 2504 2520 167985 29104
799 157 2504 2520 168257 29133
800 157 2504 2520 168531 29144
801 157 2504 2520 168865 29198
802 158 2504 2520 169147 29206
803 158 2503 2520 169409 29219
804 159 2503 2520 169673 29242
805 159 2501 2520 169959 29274
806 159 2501 2520 170190 29313
807 159 2501 2520 170471 29329
808 159 2501 2520 170717 29345
809 161 2501 2520 170947 29377
810 163 2501 2520 171271 29448
811 164 2501 2520 171609 29504
812 164 2501 2520 171919 29541
813 164 2501 2520 172204 29601
814 166 2501 2520 172549 29641
815 166 2501 2520 172922 29668
816 166 2501 2520 173258 29733
817 166 2501 2520 173655 29789
818 166 2500 2520 173971 29814
819 166 2500 2520 174358 29864
820 166 2500 2520 174760 29886
821 166 2500 2520 175090 29960
822 166 2500 2520 175396 29982
823 166 2500 2520 175727 30040
824 166 2500 2520 176049 30078
825 166 2500 2520 176362 30122
826 166 2500 2520 176708 30200
827 166 2500 2520 176995 30219
828 166 2500 2520 177287 30269
829 166 2500 2520 177592 30323
830 166 2499 2520 177842 30361
831 166 2498 2520 178108 30393
832 166 2498 2520 178415 30434
833 166 2498 2520 178687 30432
834 166 2498 2520 178999 30482
835 167 2498 2520 179272 30512
836 167 2498 2520 179576 30565
837 168 2498 2520 179857 30612
838 169 2498 2520 180113 30685
839 169 2498 2520 180384 30707
840 170 2498 2520 180675 30755
841 171 2498 2520 180946 30812
842 171 2498 2520 181264 30843
843 172 2498 2520 181562 30889
844 172 2498 2520 181867 30938
845 172 2498 2520 182167 30985
846 173 2498 2520 182442 31043
847 173 2498 2520 182742 31085
848 173 2498 2520 183066 31119
849 173 2498 2520 183409 31142
850 173 2498 2520 183716 31172
851 173 2498 2520 184068 31247
852 173 2498 2520 184437 31303
853 173 2498 2520 184740 31369
854 173 2498 2520 185001 31387
855 174 2498 2520 185318 31439
856 174 2498 2520 185586 31478
857 174 2498 2520 185867 31514
858 175 2498 2520 186163 31561
859 175 2498 2520 186467 31595
860 175 2498 2520 186774 31643
861 176 2498 2520 187033 31695
862 176 2498 2520 187369 31730
863 177 2498 2520 187691 31754
864 177 2498 2520 188004 31830
865 178 2498 2520 188312 31898
866 178 2498 2520 188619 31952
867 179 2497 2520 188928 32017
868 179 2497 2520 189291 32101
869 179 2497 2520 189614 32137
870 179 2497 2520 189889 32205
871 179 2496 2520 190236 32255
872 179 2496 2520 190556 32314
873 179 2496 2520 190874 32393
874 179 2496 2520 191201 32428
875 180 2496 2520 191496 32490
876 180 2496 2520 191797 32545
877 181 2496 2520 192168 32592
878 181 2496 2520 192512 32635
879 181 2496 2520 192886 32716
880 181 2496 2520 193249 32745
881 181 2496 2520 193560 32803
882 181 2496 2520 193941 32858
883 181 2496 2520 194255 32935
884 182 2496 2520 194578 32972
885 183 2496 2520 194921 33019
886 184 2496 2520 195252 33072
887 184 2496 2520 195610 33124
888 184 2496 2520 195942 33190
889 185 2496 2520 196301 33182
890 186 2495 2520 196648 33218
891 186 2495 2520 197003 33260
892 186 2495 2520 197326 33284
893 189 2495 2520 197696 33300
894 189 2495 2520 198067 33332
895 189 2495 2520 198456 33392
896 189 2495 2520 198864 33428
897 189 2495 2520 199285 33494
898 189 2495 2520 199691 33524
899 189 2495 2520 200076 33556
900 189 2495 2520 200430 33583
901 189 2495 2520 200825 33635
902 189 2495 2520 201185 33680
903 189 2495 2520 201558 33700
904 189 2495 2520 201929 33746
905 189 2495 2520 202261 33789
906 190 2495 2520 202607 33858
907 190 2495 2520 202932 33891
908 190 2495 2520 203285 33983
909 190 2495 2520 203575 34034
910 190 2495 2520 203875 34089
911 191 2495 2520 204162 34131
912 191 2495 2520 204445 34167
913 191 2495 2520 204782 34192
914 191 2494 2520 205061 34253
915 191 2494 2520 205332 34277
916 192 2494 2520 205619 34341
917 192 2494 2520 205910 34364
918 192 2492 2520 206221 34401
919 193 2492 2520 206525 34407
920 193 2492 2520 206845 34452
921 193 2492 2520 207196 34470
922 193 2492 2520 207570 34484
923 193 2492 2520 207842 34535
924 193 2492 2520 208195 34566
925 193 2492 2520 208532 34620
926 194 2492 2520 208843 34665
927 196 2492 2520 209139 34695
928 196 2492 2520 209431 34717
929 196 2491 2520 209761 34776
930 196 2491 2520 210122 34804
931 196 2491 2520 210473 34814
932 198 2491 2520 210843 34869
933 198 2491 2520 211183 34881
934 198 2491 2520 211518 34958
935 198 2491 2520 211831 34984
936 198 2491 2520 212151 35032
937 199 2491 2520 212473 35088
938 199 2491 2520 212813 35134
939 199 2491 2520 213250 35193
940 200 2491 2520 213564 35227
941 200 2491 2520 213927 35283
942 200 2491 2520 214272 35335
943 201 2491 2520 214578 35355
944 201 2490 2520 214964 35402
945 201 2490 2520 215313 35436
946 201 2490 2520 215693 35461
947 201 2490 2520 216052 35500
948 201 2490 2520 216385 35543
949 202 2490 2520 216709 35587
950 202 2490 2520 216985 35574
951 202 2490 2520 217277 35611
952 202 2490 2520 217598 35644
953 202 2490 2520 217914 35673
954 202 2490 2520 218205 35707
955 203 2490 2520 218464 35734
956 203 2490 2520 218777 35802
957 203 2490 2520 219100 35812
958 204 2490 2520 219394 35833
959 204 2490 2520 219716 35864
960 204 2490 2520 220024 35921
961 206 2490 2520 220369 35946
962 206 2490 2520 220714 35966
963 208 2490 2520 221106 36009
964 209 2490 2520 221453 36035
965 209 2490 2520 221862 36094
966 211 2490 2520 222299 36168
967 211 2490 2520 222660 36211
968 211 2490 2520 223076 36264
969 212 2490 2520 223511 36335
970 212 2490 2520 223949 36405
971 214 2490 2520 224364 36479
972 214 2490 2520 224817 36529
973 214 2490 2520 225259 36605
974 215 2490 2520 225702 36667
975 215 2490 2520 226127 36689
976 215 2490 2520 226608 36709
977 215 2490 2520 227063 36799
978 215 2490 2520 227493 36858
979 216 2490 2520 227931 36873
980 216 2490 2520 228318 36956
981 217 2490 2520 228741 36996
982 217 2490 2520 229210 37052
983 218 2490 2520 229657 37123
984 218 2490 2520 230086 37191
985 218 2490 2520 230549 37266
986 218 2490 2520 230992 37306
987 218 2490 2520 231417 37403
988 218 2490 2520 231897 37489
989 218 2490 2520 232299 37565
990 219 2490 2520 232721 37624
991 219 2490 2520 233081 37692
992 220 2490 2520 233534 37737
993 220 2490 2520 234002 37809
994 220 2490 2520 234406 37887
995 221 2490 2520 234844 37960
996 221 2490 2520 235234 38023
997 221 2490 2520 235662 38125
998 222 2490 2520 236092 38200
999 224 2490 2520 236481 38253
1000 225 2490 2520 236902 38309
