0 1 2519 2520 795 499
1 1 2519 2520 815 513
2 1 2519 2520 832 526
3 1 2519 2520 854 543
4 1 2519 2520 878 559
5 1 2519 2520 909 580
6 1 2519 2520 939 599
7 1 2519 2520 970 612
8 1 2519 2520 978 616
9 1 2519 2520 1000 628
10 1 2519 2520 1032 639
11 1 2519 2520 1065 654
12 1 2519 2520 1096 657
13 1 2519 2520 1120 662
14 1 2519 2520 1136 674
15 1 2519 2520 1159 684
16 1 2519 2520 1180 690
17 1 2519 2520 1203 695
18 1 2519 2520 1217 706
19 2 2519 2520 1240 716
20 2 2519 2520 1279 733
21 2 2519 2520 1343 767
22 2 2519 2520 1438 813
23 2 2519 2520 1542 841
24 2 2519 2520 1627 874
25 2 2519 2520 1716 898
26 2 2519 2520 1786 909
27 2 2519 2520 1880 934
28 2 2519 2520 1959 969
29 2 2519 2520 2023 988
30 2 2519 2520 2086 994
31 2 2519 2520 2157 1024
32 2 2519 2520 2203 1032
33 2 2519 2520 2271 1069
34 2 2519 2520 2330 1090
35 2 2519 2520 2393 1104
36 2 2519 2520 2433 1115
37 3 2519 2520 2472 1124
38 3 2519 2520 2513 1135
39 3 2519 2520 2616 1153
40 3 2519 2520 2725 1197
41 3 2519 2520 2811 1225
42 3 2519 2520 2913 1256
43 3 2519 2520 3001 1275
44 4 2519 2520 3083 1305
45 4 2519 2520 3199 1333
46 4 2519 2520 3298 1368
47 4 2519 2520 3429 1421
48 4 2519 2520 3569 1443
49 4 2519 2520 3712 1491
50 4 2519 2520 3854 1525
51 4 2519 2520 3980 1533
52 4 2519 2520 4071 1561
53 4 2519 2520 4151 1589
54 4 2519 2520 4245 1607
55 4 2519 2520 4334 1645
56 4 2519 2520 4407 1663
57 5 2519 2520 4471 1676
58 5 2519 2520 4536 1702
59 5 2519 2520 4623 1731
60 6 2519 2520 4713 1759
61 6 2519 2520 4819 1797
62 6 2519 2520 4932 1824
63 6 2519 2520 5079 1867
64 6 2519 2520 5194 1896
65 6 2519 2520 5325 1929
66 6 2519 2520 5443 1954
67 6 2519 2520 5568 1985
68 6 2519 2520 5704 2025
69 6 2519 2520 5831 2045
70 6 2519 2520 5948 2084
71 6 2519 2520 6062 2107
72 7 2519 2520 6156 2130
73 7 2519 2520 6274 2144
74 7 2519 2520 6418 2175
75 7 2519 2520 6547 2202
76 8 2519 2520 6687 2233
77 8 2519 2520 6831 2281
78 8 2519 2520 7004 2311
79 8 2519 2520 7154 2341
80 8 2518 2520 7312 2385
81 8 2518 2520 7476 2418
82 8 2518 2520 7629 2446
83 8 2518 2520 7785 2493
84 8 2518 2520 7933 2504
85 8 2518 2520 8067 2522
86 9 2518 2520 8182 2537
87 9 2518 2520 8332 2557
88 9 2518 2520 8487 2596
89 9 2518 2520 8637 2631
90 9 2517 2520 8805 2660
91 9 2517 2520 8918 2691
92 9 2517 2520 9081 2712
93 9 2517 2520 9243 2751
94 10 2517 2520 9409 2800
95 10 2517 2520 9581 2841
96 10 2517 2520 9741 2873
97 10 2517 2520 9908 2909
98 12 2517 2520 10080 2925
99 12 2517 2520 10259 2958
100 12 2517 2520 10504 3018
101 12 2517 2520 10713 3049
102 12 2517 2520 10902 3092
103 12 2517 2520 11109 3132
104 12 2517 2520 11288 3151
105 12 2517 2520 11481 3192
106 12 2517 2520 11654 3223
107 12 2517 2520 11794 3248
108 12 2517 2520 11947 3281
109 12 2517 2520 12097 3309
110 12 2517 2520 12273 3366
111 12 2517 2520 12407 3416
112 12 2517 2520 12543 3445
113 12 2517 2520 12652 3475
114 12 2517 2520 12783 3492
115 13 2517 2520 12915 3528
116 14 2517 2520 13032 3538
117 14 2517 2520 13204 3573
118 15 2517 2520 13371 3619
119 16 2517 2520 13588 3671
120 17 2517 2520 13817 3735
121 17 2517 2520 14067 3788
122 17 2517 2520 14338 3857
123 17 2517 2520 14652 3883
124 17 2517 2520 14918 3953
125 17 2517 2520 15230 3999
126 17 2516 2520 15488 4058
127 17 2516 2520 15779 4115
128 17 2516 2520 16090 4155
129 17 2516 2520 16294 4184
130 17 2516 2520 16547 4226
131 17 2516 2520 16727 4227
132 17 2516 2520 16899 4272
133 17 2516 2520 17109 4299
134 17 2516 2520 17262 4330
135 17 2516 2520 17451 4338
136 18 2516 2520 17591 4378
137 18 2516 2520 17733 4403
138 18 2516 2520 17859 4422
139 18 2516 2520 18001 4458
140 19 2516 2520 18130 4479
141 19 2516 2520 18278 4512
142 19 2516 2520 18468 4564
143 19 2516 2520 18573 4602
144 19 2516 2520 18739 4647
145 19 2516 2520 18852 4675
146 19 2516 2520 19016 4709
147 19 2516 2520 19184 4753
148 20 2516 2520 19305 4775
149 20 2516 2520 19441 4793
150 20 2516 2520 19581 4826
151 20 2516 2520 19755 4857
152 20 2516 2520 19933 4889
153 20 2516 2520 20067 4932
154 20 2516 2520 20217 4962
155 20 2516 2520 20357 4985
156 20 2516 2520 20497 5015
157 20 2516 2520 20639 5032
158 20 2516 2520 20761 5072
159 20 2516 2520 20882 5104
160 20 2516 2520 20992 5134
161 20 2516 2520 21099 5157
162 20 2516 2520 21195 5189
163 20 2516 2520 21283 5204
164 20 2516 2520 21381 5242
165 20 2516 2520 21461 5255
166 21 2516 2520 21534 5254
167 21 2516 2520 21644 5280
168 21 2516 2520 21739 5305
169 21 2516 2520 21826 5337
170 21 2516 2520 21900 5350
171 21 2516 2520 21993 5373
172 22 2516 2520 22103 5400
173 22 2516 2520 22187 5410
174 22 2516 2520 22294 5431
175 22 2516 2520 22416 5445
176 22 2516 2520 22508 5474
177 22 2516 2520 22621 5492
178 22 2516 2520 22747 5513
179 23 2516 2520 22874 5541
180 23 2516 2520 23011 5568
181 23 2516 2520 23171 5594
182 23 2516 2520 23331 5631
183 24 2516 2520 23468 5667
184 24 2516 2520 23610 5674
185 24 2516 2520 23714 5695
186 24 2516 2520 23840 5720
187 24 2516 2520 23964 5759
188 24 2516 2520 24086 5789
189 24 2516 2520 24224 5833
190 24 2516 2520 24378 5860
191 24 2516 2520 24494 5864
192 24 2516 2520 24628 5912
193 24 2516 2520 24753 5940
194 24 2516 2520 24881 5961
195 24 2516 2520 24977 5991
196 24 2516 2520 25103 6007
197 24 2516 2520 25217 6024
198 24 2516 2520 25320 6042
199 24 2516 2520 25427 6062
200 24 2516 2520 25539 6074
201 24 2516 2520 25622 6104
202 24 2516 2520 25744 6132
203 24 2516 2520 25835 6158
204 25 2516 2520 25915 6184
205 25 2516 2520 26022 6204
206 26 2516 2520 26141 6224
207 27 2516 2520 26255 6261
208 27 2516 2520 26373 6289
209 27 2516 2520 26529 6301
210 27 2516 2520 26676 6323
211 27 2516 2520 26830 6355
212 27 2515 2520 26991 6367
213 27 2515 2520 27190 6399
214 27 2515 2520 27367 6421
215 27 2515 2520 27534 6446
216 27 2515 2520 27714 6459
217 27 2515 2520 27883 6493
218 27 2515 2520 28034 6529
219 27 2515 2520 28156 6534
220 29 2515 2520 28278 6541
221 29 2515 2520 28460 6546
222 29 2515 2520 28645 6583
223 29 2515 2520 28813 6603
224 29 2515 2520 28979 6625
225 29 2515 2520 29155 6659
226 29 2515 2520 29298 6672
227 29 2515 2520 29456 6706
228 29 2515 2520 29631 6749
229 29 2515 2520 29757 6783
230 29 2515 2520 29888 6805
231 29 2514 2520 30035 6844
232 29 2514 2520 30185 6867
233 29 2514 2520 30337 6875
234 29 2514 2520 30460 6893
235 29 2514 2520 30566 6947
236 29 2514 2520 30711 6975
237 30 2514 2520 30820 6989
238 30 2514 2520 30958 7007
239 31 2514 2520 31080 7025
240 32 2514 2520 31195 7056
241 32 2514 2520 31357 7075
242 34 2514 2520 31517 7108
243 34 2514 2520 31723 7147
244 34 2514 2520 31940 7172
245 34 2514 2520 32137 7178
246 34 2514 2520 32365 7217
247 34 2514 2520 32600 7240
248 34 2514 2520 32854 7278
249 34 2514 2520 33082 7332
250 34 2514 2520 33276 7373
251 34 2514 2520 33486 7399
252 34 2514 2520 33665 7426
253 34 2514 2520 33871 7454
254 34 2514 2520 34082 7482
255 34 2514 2520 34293 7509
256 34 2514 2520 34453 7530
257 34 2514 2520 34628 7560
258 34 2514 2520 34786 7598
259 34 2514 2520 34945 7627
260 34 2514 2520 35097 7633
261 34 2514 2520 35252 7648
262 34 2514 2520 35399 7644
263 34 2514 2520 35542 7664
264 34 2514 2520 35703 7697
265 34 2514 2520 35851 7724
266 34 2514 2520 35985 7750
267 34 2514 2520 36098 7769
268 34 2514 2520 36222 7799
269 34 2514 2520 36344 7808
270 34 2514 2520 36463 7821
271 34 2514 2520 36605 7852
272 34 2514 2520 36750 7862
273 34 2514 2520 36876 7894
274 34 2514 2520 36937 7907
275 34 2514 2520 37057 7927
276 34 2514 2520 37142 7924
277 34 2514 2520 37244 7958
278 35 2514 2520 37339 7977
279 35 2514 2520 37454 7999
280 35 2514 2520 37583 8024
281 35 2514 2520 37705 8058
282 36 2514 2520 37849 8110
283 36 2514 2520 37976 8152
284 36 2514 2520 38135 8180
285 37 2514 2520 38267 8210
286 37 2514 2520 38410 8245
287 38 2514 2520 38563 8283
288 39 2514 2520 38724 8298
289 39 2514 2520 38930 8351
290 39 2514 2520 39109 8381
291 39 2514 2520 39292 8406
292 39 2514 2520 39498 8414
293 39 2514 2520 39691 8434
294 39 2514 2520 39895 8466
295 39 2514 2520 40119 8502
296 39 2514 2520 40336 8522
297 39 2514 2520 40525 8571
298 39 2514 2520 40695 8611
299 39 2514 2520 40847 8625
300 40 2514 2520 40994 8667
301 40 2514 2520 41180 8688
302 40 2514 2520 41351 8706
303 40 2514 2520 41536 8732
304 40 2514 2520 41703 8748
305 40 2514 2520 41850 8772
306 40 2514 2520 41984 8789
307 40 2514 2520 42105 8813
308 41 2514 2520 42261 8837
309 42 2514 2520 42392 8851
310 44 2514 2520 42531 8890
311 44 2514 2520 42723 8926
312 44 2514 2520 42942 8962
313 44 2514 2520 43171 9008
314 44 2514 2520 43411 9045
315 44 2514 2520 43656 9087
316 45 2514 2520 43870 9129
317 45 2514 2520 44111 9167
318 45 2514 2520 44292 9196
319 45 2514 2520 44474 9215
320 45 2514 2520 44675 9258
321 45 2514 2520 44871 9290
322 45 2514 2520 45088 9336
323 45 2514 2520 45273 9355
324 45 2514 2520 45490 9393
325 45 2514 2520 45692 9449
326 46 2514 2520 45874 9505
327 46 2514 2520 46049 9506
328 46 2514 2520 46251 9531
329 46 2514 2520 46416 9569
330 46 2514 2520 46593 9602
331 46 2514 2520 46779 9626
332 46 2514 2520 46942 9642
333 46 2514 2520 47092 9651
334 46 2514 2520 47271 9679
335 46 2514 2520 47416 9702
336 46 2514 2520 47550 9724
337 46 2514 2520 47684 9746
338 46 2514 2520 47851 9767
339 46 2514 2520 48020 9803
340 46 2514 2520 48167 9822
341 47 2514 2520 48306 9844
342 47 2514 2520 48460 9886
343 47 2514 2520 48587 9912
344 47 2514 2520 48774 9944
345 48 2514 2520 48894 9962
346 48 2514 2520 49073 9989
347 48 2514 2520 49236 10018
348 48 2514 2520 49392 10049
349 48 2514 2520 49559 10070
350 48 2513 2520 49723 10105
351 48 2513 2520 49885 10124
352 48 2513 2520 50069 10145
353 50 2513 2520 50210 10179
354 50 2513 2520 50361 10202
355 50 2513 2520 50560 10241
356 50 2513 2520 50793 10261
357 50 2513 2520 51004 10267
358 50 2513 2520 51164 10285
359 50 2513 2520 51357 10293
360 50 2513 2520 51502 10324
361 50 2513 2520 51676 10357
362 50 2513 2520 51862 10387
363 50 2513 2520 52018 10391
364 50 2513 2520 52192 10425
365 50 2513 2520 52346 10463
366 50 2513 2520 52495 10495
367 50 2513 2520 52650 10525
368 50 2513 2520 52790 10540
369 50 2513 2520 52927 10580
370 50 2513 2520 53052 10580
371 50 2513 2520 53227 10608
372 50 2512 2520 53353 10642
373 50 2512 2520 53510 10676
374 50 2512 2520 53641 10695
375 51 2512 2520 53759 10685
376 51 2512 2520 53886 10678
377 51 2512 2520 54014 10688
378 51 2512 2520 54139 10719
379 52 2512 2520 54280 10713
380 52 2512 2520 54451 10728
381 53 2512 2520 54657 10773
382 53 2512 2520 54840 10812
383 53 2512 2520 55049 10820
384 54 2512 2520 55243 10857
385 54 2512 2520 55439 10868
386 55 2512 2520 55668 10907
387 55 2512 2520 55896 10924
388 56 2512 2520 56149 10963
389 57 2512 2520 56408 10998
390 57 2512 2520 56661 11032
391 57 2511 2520 56902 11074
392 57 2511 2520 57200 11123
393 58 2511 2520 57463 11142
394 58 2511 2520 57736 11180
395 58 2511 2520 58044 11220
396 58 2511 2520 58332 11274
397 58 2511 2520 58583 11296
398 58 2511 2520 58877 11353
399 58 2511 2520 59132 11360
400 58 2511 2520 59358 11403
401 58 2511 2520 59588 11427
402 58 2511 2520 59794 11449
403 58 2511 2520 59997 11459
404 58 2511 2520 60187 11501
405 60 2511 2520 60372 11517
406 61 2511 2520 60616 11577
407 61 2511 2520 60849 11622
408 61 2511 2520 61118 11638
409 61 2511 2520 61388 11684
410 61 2511 2520 61608 11716
411 61 2511 2520 61863 11757
412 61 2511 2520 62156 11820
413 61 2511 2520 62412 11842
414 61 2511 2520 62618 11904
415 61 2511 2520 62853 11916
416 61 2511 2520 63054 11951
417 61 2511 2520 63252 11994
418 61 2511 2520 63454 12044
419 61 2511 2520 63649 12074
420 61 2511 2520 63833 12113
421 61 2511 2520 64016 12146
422 61 2511 2520 64177 12154
423 61 2511 2520 64371 12203
424 62 2511 2520 64524 12232
425 62 2511 2520 64674 12274
426 62 2511 2520 64846 12318
427 62 2511 2520 65002 12337
428 62 2511 2520 65164 12382
429 62 2511 2520 65283 12426
430 62 2511 2520 65455 12447
431 64 2511 2520 65595 12483
432 64 2511 2520 65759 12514
433 64 2511 2520 65937 12528
434 64 2511 2520 66088 12541
435 64 2511 2520 66242 12561
436 64 2510 2520 66413 12584
437 64 2510 2520 66602 12600
438 64 2510 2520 66768 12620
439 65 2510 2520 66923 12632
440 65 2510 2520 67110 12662
441 65 2510 2520 67291 12715
442 65 2510 2520 67484 12745
443 65 2510 2520 67705 12773
444 65 2510 2520 67917 12780
445 65 2510 2520 68131 12798
446 65 2510 2520 68349 12811
447 66 2510 2520 68511 12825
448 66 2510 2520 68709 12828
449 67 2510 2520 68911 12852
450 67 2510 2520 69114 12881
451 67 2510 2520 69319 12921
452 67 2510 2520 69547 12955
453 67 2510 2520 69754 12997
454 67 2510 2520 69944 13033
455 67 2510 2520 70135 13058
456 68 2510 2520 70327 13117
457 68 2510 2520 70503 13107
458 68 2510 2520 70711 13127
459 68 2510 2520 70915 13167
460 68 2510 2520 71087 13190
461 68 2510 2520 71234 13220
462 68 2510 2520 71417 13240
463 68 2510 2520 71602 13255
464 68 2510 2520 71743 13277
465 68 2510 2520 71917 13280
466 68 2510 2520 72086 13318
467 68 2510 2520 72235 13333
468 69 2510 2520 72406 13339
469 69 2510 2520 72554 13389
470 69 2510 2520 72727 13421
471 70 2510 2520 72900 13453
472 70 2510 2520 73073 13488
473 70 2510 2520 73281 13526
474 70 2510 2520 73464 13567
475 70 2510 2520 73662 13612
476 70 2510 2520 73855 13669
477 70 2510 2520 74011 13695
478 70 2510 2520 74199 13720
479 70 2510 2520 74387 13737
480 70 2510 2520 74545 13757
481 70 2510 2520 74714 13764
482 70 2510 2520 74868 13794
483 70 2510 2520 75019 13829
484 70 2510 2520 75184 13852
485 70 2510 2520 75356 13887
486 70 2510 2520 75506 13897
487 70 2510 2520 75653 13913
488 70 2510 2520 75805 13949
489 70 2510 2520 75982 13965
490 70 2510 2520 76116 13991
491 70 2510 2520 76230 14008
492 70 2510 2520 76359 14034
493 71 2510 2520 76464 14045
494 71 2510 2520 76601 14069
495 71 2510 2520 76706 14084
496 71 2510 2520 76822 14110
497 71 2510 2520 76916 14118
498 72 2510 2520 77037 14134
499 72 2510 2520 77145 14146
500 72 2510 2520 77255 14163
501 72 2510 2520 77365 14188
502 72 2510 2520 77507 14205
503 72 2510 2520 77655 14242
504 72 2510 2520 77767 14284
505 72 2510 2520 77887 14320
506 72 2510 2520 78033 14344
507 72 2510 2520 78142 14364
508 73 2510 2520 78280 14363
509 73 2510 2520 78407 14384
510 73 2510 2520 78590 14398
511 73 2510 2520 78756 14424
512 73 2510 2520 78914 14450
513 73 2510 2520 79075 14464
514 73 2510 2520 79225 14496
515 75 2510 2520 79371 14511
516 76 2510 2520 79554 14536
517 77 2510 2520 79714 14558
518 77 2510 2520 79894 14599
519 77 2510 2520 80118 14626
520 77 2510 2520 80332 14666
521 77 2510 2520 80558 14693
522 77 2510 2520 80789 14735
523 77 2510 2520 81016 14751
524 77 2510 2520 81266 14793
525 77 2510 2520 81433 14787
526 77 2510 2520 81639 14819
527 77 2510 2520 81843 14846
528 77 2510 2520 82047 14868
529 77 2510 2520 82229 14911
530 77 2510 2520 82372 14958
531 77 2510 2520 82556 14986
532 77 2510 2520 82755 15024
533 77 2510 2520 82915 15042
534 77 2510 2520 83089 15070
535 77 2510 2520 83269 15108
536 79 2510 2520 83459 15138
537 80 2510 2520 83644 15170
538 80 2510 2520 83849 15186
539 80 2510 2520 84058 15222
540 80 2510 2520 84274 15278
541 80 2510 2520 84503 15301
542 80 2510 2520 84697 15345
543 80 2510 2520 84895 15371
544 80 2510 2520 85120 15399
545 80 2510 2520 85331 15433
546 80 2510 2520 85548 15459
547 80 2510 2520 85721 15483
548 80 2510 2520 85901 15495
549 80 2510 2520 86079 15522
550 81 2510 2520 86275 15558
551 82 2510 2520 86425 15588
552 82 2510 2520 86618 15623
553 83 2510 2520 86839 15681
554 83 2510 2520 87103 15708
555 84 2510 2520 87381 15770
556 84 2510 2520 87622 15788
557 84 2509 2520 87884 15838
558 84 2509 2520 88138 15873
559 84 2509 2520 88419 15915
560 84 2509 2520 88669 15961
561 84 2509 2520 88894 15958
562 84 2509 2520 89172 16011
563 84 2509 2520 89399 16052
564 85 2509 2520 89626 16101
565 85 2509 2520 89903 16115
566 86 2509 2520 90107 16155
567 86 2509 2520 90397 16201
568 86 2509 2520 90671 16260
569 86 2509 2520 90929 16316
570 86 2509 2520 91164 16353
571 86 2509 2520 91404 16399
572 86 2509 2520 91595 16444
573 86 2509 2520 91795 16458
574 86 2509 2520 92009 16501
575 86 2509 2520 92209 16534
576 86 2509 2520 92400 16582
577 86 2509 2520 92589 16606
578 86 2509 2520 92764 16629
579 87 2509 2520 92939 16655
580 87 2509 2520 93103 16657
581 87 2509 2520 93302 16680
582 87 2509 2520 93457 16711
583 87 2509 2520 93614 16733
584 88 2509 2520 93760 16762
585 88 2509 2520 93968 16793
586 89 2509 2520 94136 16824
587 90 2509 2520 94328 16859
588 90 2509 2520 94534 16894
589 90 2509 2520 94774 16934
590 90 2509 2520 95018 16959
591 91 2509 2520 95266 17004
592 91 2509 2520 95490 17025
593 91 2509 2520 95748 17052
594 91 2509 2520 96012 17091
595 91 2509 2520 96275 17126
596 91 2509 2520 96553 17175
597 91 2509 2520 96793 17210
598 91 2509 2520 97031 17249
599 91 2509 2520 97305 17289
600 91 2509 2520 97553 17339
601 91 2509 2520 97795 17368
602 91 2509 2520 98021 17397
603 91 2509 2520 98226 17428
604 91 2509 2520 98449 17474
605 91 2509 2520 98654 17504
606 91 2509 2520 98813 17536
607 91 2509 2520 99021 17569
608 92 2509 2520 99206 17586
609 92 2509 2520 99398 17638
610 92 2509 2520 99518 17648
611 92 2509 2520 99680 17669
612 92 2509 2520 99821 17691
613 92 2509 2520 99955 17700
614 93 2509 2520 100123 17733
615 93 2509 2520 100245 17760
616 94 2509 2520 100415 17781
617 94 2509 2520 100615 17829
618 94 2509 2520 100828 17884
619 95 2509 2520 101016 17925
620 95 2509 2520 101212 17953
621 95 2509 2520 101401 17972
622 95 2509 2520 101588 18001
623 95 2509 2520 101771 18058
624 96 2509 2520 101968 18095
625 96 2509 2520 102142 18129
626 97 2509 2520 102383 18157
627 97 2509 2520 102630 18182
628 97 2509 2520 102895 18215
629 98 2509 2520 103141 18276
630 98 2509 2520 103403 18323
631 98 2509 2520 103670 18363
632 98 2509 2520 103939 18417
633 98 2509 2520 104199 18467
634 98 2509 2520 104491 18532
635 98 2509 2520 104762 18613
636 98 2509 2520 104997 18633
637 98 2509 2520 105250 18688
638 98 2509 2520 105464 18714
639 99 2509 2520 105687 18747
640 99 2509 2520 105904 18741
641 99 2509 2520 106098 18774
642 99 2509 2520 106328 18803
643 99 2509 2520 106509 18829
644 99 2509 2520 106730 18862
645 99 2509 2520 106955 18880
646 100 2509 2520 107150 18916
647 100 2509 2520 107354 18950
648 100 2509 2520 107577 18966
649 100 2509 2520 107757 18986
650 100 2509 2520 107969 19005
651 100 2509 2520 108176 19037
652 100 2509 2520 108376 19071
653 101 2509 2520 108565 19103
654 101 2509 2520 108821 19141
655 102 2509 2520 109010 19178
656 102 2509 2520 109212 19197
657 102 2509 2520 109422 19235
658 102 2509 2520 109625 19288
659 102 2509 2520 109857 19325
660 102 2509 2520 110047 19334
661 102 2509 2520 110278 19352
662 103 2509 2520 110474 19416
663 103 2509 2520 110669 19449
664 103 2509 2520 110862 19461
665 104 2509 2520 111039 19491
666 104 2509 2520 111248 19537
667 104 2509 2520 111470 19559
668 104 2509 2520 111692 19593
669 105 2509 2520 111873 19617
670 105 2509 2520 112050 19659
671 106 2509 2520 112293 19689
672 107 2509 2520 112512 19712
673 107 2509 2520 112761 19744
674 107 2509 2520 112990 19763
675 107 2509 2520 113197 19778
676 109 2509 2520 113435 19832
677 109 2509 2520 113673 19861
678 110 2509 2520 113980 19893
679 110 2509 2520 114236 19914
680 110 2509 2520 114541 19944
681 110 2509 2520 114826 19964
682 110 2509 2520 115119 20011
683 110 2509 2520 115439 20053
684 110 2508 2520 115722 20071
685 110 2508 2520 115971 20123
686 111 2508 2520 116247 20154
687 111 2508 2520 116483 20191
688 112 2508 2520 116723 20233
689 112 2508 2520 116986 20275
690 112 2508 2520 117262 20310
691 112 2508 2520 117574 20344
692 112 2508 2520 117837 20375
693 112 2508 2520 118080 20396
694 112 2508 2520 118316 20457
695 112 2508 2520 118576 20501
696 112 2508 2520 118865 20568
697 112 2508 2520 119156 20642
698 112 2508 2520 119396 20674
699 112 2508 2520 119640 20727
700 112 2508 2520 119888 20772
701 112 2508 2520 120136 20807
702 112 2508 2520 120381 20859
703 112 2508 2520 120624 20885
704 112 2508 2520 120826 20901
705 112 2508 2520 121009 20920
706 112 2508 2520 121208 20942
707 112 2508 2520 121391 20975
708 112 2508 2520 121595 21020
709 112 2508 2520 121780 21039
710 112 2508 2520 122004 21072
711 113 2508 2520 122196 21086
712 113 2508 2520 122377 21123
713 113 2508 2520 122547 21130
714 113 2508 2520 122768 21150
715 113 2508 2520 122978 21172
716 113 2508 2520 123179 21180
717 113 2508 2520 123357 21173
718 113 2508 2520 123534 21174
719 113 2508 2520 123729 21170
720 114 2508 2520 123902 21214
721 114 2508 2520 124061 21258
722 114 2508 2520 124271 21285
723 114 2508 2520 124446 21323
724 114 2508 2520 124648 21364
725 114 2508 2520 124847 21418
726 114 2508 2520 125040 21455
727 116 2508 2520 125259 21497
728 116 2508 2520 125463 21519
729 116 2508 2520 125681 21565
730 116 2508 2520 125914 21620
731 116 2508 2520 126146 21650
732 116 2508 2520 126371 21681
733 117 2508 2520 126596 21708
734 118 2508 2520 126805 21738
735 118 2508 2520 127047 21768
736 118 2508 2520 127284 21828
737 119 2508 2520 127557 21831
738 121 2508 2520 127782 21884
739 121 2508 2520 128043 21960
740 121 2507 2520 128344 22012
741 121 2507 2520 128617 22054
742 122 2507 2520 128900 22064
743 122 2507 2520 129179 22076
744 123 2507 2520 129461 22103
745 123 2507 2520 129771 22153
746 123 2507 2520 130099 22204
747 123 2507 2520 130472 22234
748 124 2507 2520 130833 22283
749 124 2507 2520 131135 22306
750 124 2507 2520 131466 22347
751 124 2507 2520 131783 22404
752 124 2507 2520 132063 22469
753 125 2507 2520 132333 22486
754 126 2507 2520 132654 22516
755 126 2507 2520 133003 22573
756 126 2507 2520 133368 22627
757 126 2507 2520 133661 22659
758 126 2507 2520 133985 22737
759 126 2507 2520 134294 22777
760 126 2507 2520 134579 22831
761 126 2507 2520 134842 22858
762 126 2507 2520 135108 22910
763 127 2507 2520 135342 22955
764 127 2507 2520 135612 22972
765 127 2507 2520 135853 22997
766 127 2507 2520 136102 23039
767 127 2507 2520 136373 23059
768 127 2507 2520 136593 23091
769 128 2507 2520 136820 23130
770 128 2507 2520 137030 23143
771 128 2507 2520 137333 23170
772 128 2507 2520 137578 23202
773 129 2507 2520 137807 23219
774 130 2507 2520 138060 23252
775 130 2507 2520 138322 23281
776 130 2507 2520 138571 23298
777 132 2507 2520 138843 23349
778 133 2507 2520 139109 23348
779 133 2507 2520 139357 23421
780 133 2507 2520 139643 23474
781 134 2507 2520 140000 23529
782 134 2507 2520 140345 23591
783 134 2507 2520 140721 23645
784 134 2507 2520 141114 23732
785 134 2507 2520 141449 23813
786 135 2507 2520 141770 23871
787 135 2507 2520 142068 23941
788 135 2506 2520 142383 23992
789 135 2506 2520 142722 24059
790 136 2506 2520 143020 24126
791 136 2506 2520 143340 24173
792 136 2506 2520 143672 24221
793 136 2506 2520 144016 24270
794 137 2506 2520 144338 24324
795 137 2506 2520 144662 24355
796 137 2506 2520 145025 24395
797 138 2506 2520 145339 24444
798 138 2506 2520 145611 24461
799 139 2506 2520 146032 24513
800 139 2506 2520 146397 24575
801 139 2506 2520 146726 24625
802 140 2506 2520 147027 24662
803 140 2506 2520 147356 24710
804 140 2506 2520 147675 24762
805 140 2506 2520 148025 24802
806 142 2506 2520 148380 24881
807 142 2506 2520 148771 24923
808 142 2506 2520 149105 24998
809 142 2506 2520 149499 25085
810 142 2506 2520 149843 25137
811 143 2506 2520 150218 25226
812 143 2506 2520 150589 25273
813 143 2506 2520 150966 25346
814 143 2506 2520 151368 25398
815 143 2506 2520 151746 25434
816 143 2506 2520 152109 25509
817 144 2506 2520 152477 25585
818 144 2506 2520 152804 25638
819 144 2506 2520 153116 25677
820 144 2506 2520 153495 25747
821 144 2506 2520 153823 25794
822 144 2506 2520 154156 25838
823 145 2506 2520 154467 25881
824 145 2506 2520 154782 25946
825 146 2506 2520 155069 25990
826 146 2506 2520 155353 26017
827 146 2506 2520 155681 26089
828 147 2506 2520 155981 26090
829 147 2506 2520 156276 26149
830 148 2506 2520 156595 26215
831 149 2506 2520 156925 26277
832 150 2506 2520 157252 26299
833 151 2506 2520 157599 26361
834 151 2506 2520 157975 26426
835 152 2506 2520 158361 26464
836 152 2506 2520 158772 26524
837 154 2506 2520 159203 26605
838 154 2506 2520 159614 26677
839 154 2506 2520 160035 26728
840 154 2506 2520 160445 26782
841 154 2506 2520 160806 26816
842 155 2506 2520 161220 26856
843 156 2506 2520 161700 26915
844 157 2506 2520 162145 26990
845 157 2506 2520 162602 27066
846 157 2506 2520 163076 27176
847 157 2506 2520 163526 27268
848 157 2506 2520 163987 27379
849 157 2506 2520 164410 27448
850 158 2506 2520 164894 27544
851 159 2506 2520 165346 27632
852 159 2506 2520 165761 27713
853 159 2506 2520 166148 27783
854 160 2506 2520 166563 27843
855 160 2506 2520 166982 27897
856 161 2506 2520 167433 27945
857 161 2506 2520 167850 27992
858 161 2506 2520 168270 28090
859 163 2506 2520 168748 28173
860 163 2506 2520 169212 28195
861 163 2506 2520 169625 28273
862 163 2506 2520 170078 28333
863 163 2506 2520 170474 28387
864 165 2506 2520 170900 28434
865 165 2506 2520 171301 28501
866 166 2506 2520 171754 28555
867 166 2506 2520 172198 28613
868 167 2506 2520 172600 28682
869 167 2506 2520 172999 28755
870 167 2506 2520 173435 28813
871 167 2506 2520 173873 28907
872 168 2506 2520 174305 28967
873 168 2506 2520 174722 29022
874 168 2506 2520 175139 29074
875 169 2506 2520 175550 29171
876 169 2506 2520 175919 29212
877 169 2506 2520 176328 29252
878 169 2506 2520 176729 29305
879 169 2505 2520 177040 29351
880 170 2505 2520 177426 29396
881 171 2505 2520 177802 29445
882 171 2505 2520 178204 29488
883 171 2505 2520 178628 29565
884 171 2505 2520 179038 29612
885 171 2505 2520 179373 29643
886 171 2505 2520 179777 29685
887 171 2505 2520 180178 29761
888 172 2505 2520 180554 29838
889 173 2505 2520 180924 29889
890 173 2505 2520 181356 29951
891 174 2505 2520 181828 29995
892 174 2505 2520 182219 30061
893 174 2505 2520 182629 30107
894 174 2505 2520 183019 30172
895 175 2505 2520 183461 30262
896 175 2505 2520 183844 30307
897 175 2505 2520 184246 30369
898 175 2505 2520 184646 30421
899 175 2504 2520 185087 30477
900 177 2504 2520 185477 30519
901 177 2504 2520 185896 30611
902 177 2504 2520 186288 30652
903 177 2504 2520 186672 30710
904 178 2504 2520 187067 30755
905 178 2504 2520 187491 30834
906 179 2504 2520 187940 30922
907 179 2504 2520 188320 30974
908 179 2504 2520 188718 31033
909 179 2504 2520 189156 31102
910 180 2504 2520 189552 31120
911 181 2504 2520 189935 31199
912 181 2504 2520 190285 31237
913 181 2504 2520 190682 31294
914 181 2504 2520 191062 31351
915 181 2504 2520 191436 31387
916 184 2504 2520 191806 31403
917 184 2504 2520 192201 31467
918 185 2504 2520 192589 31467
919 185 2504 2520 193035 31549
920 186 2504 2520 193462 31594
921 186 2504 2520 193895 31654
922 186 2504 2520 194331 31724
923 186 2504 2520 194728 31791
924 186 2504 2520 195128 31866
925 187 2504 2520 195553 31907
926 187 2504 2520 195933 31955
927 187 2504 2520 196358 31995
928 188 2504 2520 196789 32055
929 188 2504 2520 197171 32134
930 188 2504 2520 197575 32154
931 189 2504 2520 197958 32191
932 189 2504 2520 198403 32245
933 189 2504 2520 198831 32334
934 189 2504 2520 199247 32383
935 189 2504 2520 199579 32397
936 190 2504 2520 200052 32428
937 190 2504 2520 200434 32471
938 190 2504 2520 200830 32538
939 191 2504 2520 201250 32559
940 191 2504 2520 201654 32634
941 191 2504 2520 202040 32731
942 191 2504 2520 202386 32768
943 191 2504 2520 202804 32816
944 191 2504 2520 203185 32860
945 192 2504 2520 203535 32924
946 192 2504 2520 203874 32985
947 193 2504 2520 204250 33010
948 193 2504 2520 204666 33076
949 193 2504 2520 205115 33101
950 194 2504 2520 205476 33153
951 195 2504 2520 205850 33181
952 195 2504 2520 206265 33239
953 195 2504 2520 206687 33307
954 195 2504 2520 207090 33379
955 196 2504 2520 207439 33423
956 196 2504 2520 207832 33470
957 196 2504 2520 208250 33565
958 197 2504 2520 208613 33613
959 197 2504 2520 209013 33689
960 197 2504 2520 209384 33762
961 197 2504 2520 209846 33822
962 197 2504 2520 210231 33894
963 198 2504 2520 210606 33935
964 198 2504 2520 211034 34008
965 198 2504 2520 211374 34055
966 199 2504 2520 211772 34124
967 200 2504 2520 212129 34169
968 200 2504 2520 212551 34218
969 201 2503 2520 212972 34275
970 202 2503 2520 213383 34303
971 204 2503 2520 213829 34365
972 204 2503 2520 214308 34412
973 204 2503 2520 214747 34503
974 204 2503 2520 215150 34520
975 206 2503 2520 215597 34592
976 207 2503 2520 216122 34648
977 208 2503 2520 216632 34698
978 209 2503 2520 217083 34744
979 209 2502 2520 217598 34808
980 210 2502 2520 218159 34859
981 210 2502 2520 218745 34969
982 211 2502 2520 219308 35049
983 211 2502 2520 219896 35131
984 211 2502 2520 220402 35191
985 211 2502 2520 220975 35279
986 212 2502 2520 221489 35328
987 212 2502 2520 222028 35402
988 212 2502 2520 222496 35446
989 212 2502 2520 222952 35490
990 213 2502 2520 223395 35519
991 213 2502 2520 223873 35593
992 213 2502 2520 224316 35624
993 213 2502 2520 224825 35724
994 213 2502 2520 225318 35777
995 213 2502 2520 225751 35832
996 213 2502 2520 226167 35875
997 213 2502 2520 226570 35933
998 213 2502 2520 227001 35962
999 214 2502 2520 227421 36043
1000 214 2502 2520 227782 36118
