0 1 2519 2520 795 499
1 1 2519 2520 830 521
2 1 2519 2520 865 540
3 1 2519 2520 901 563
4 1 2519 2520 936 585
5 1 2519 2520 979 602
6 1 2519 2520 1020 625
7 1 2519 2520 1055 636
8 1 2519 2520 1085 657
9 1 2519 2520 1138 687
10 1 2519 2520 1170 702
11 1 2519 2520 1191 700
12 1 2519 2520 1209 710
13 1 2519 2520 1231 712
14 1 2519 2520 1238 719
15 1 2519 2520 1264 732
16 1 2519 2520 1285 738
17 1 2519 2520 1301 744
18 1 2519 2520 1313 747
19 1 2519 2520 1321 751
20 1 2519 2520 1342 759
21 1 2519 2520 1355 759
22 1 2519 2520 1367 763
23 1 2519 2520 1385 767
24 1 2519 2520 1390 768
25 1 2519 2520 1388 768
26 1 2519 2520 1393 769
27 1 2519 2520 1388 766
28 1 2519 2520 1396 767
29 1 2519 2520 1390 763
30 1 2519 2520 1395 762
31 1 2519 2520 1393 762
32 1 2519 2520 1397 765
33 2 2519 2520 1408 767
34 2 2519 2520 1437 774
35 2 2519 2520 1502 803
36 2 2519 2520 1588 837
37 2 2519 2520 1681 871
38 2 2519 2520 1768 907
39 2 2519 2520 1846 926
40 2 2519 2520 1936 962
41 2 2519 2520 2020 987
42 2 2519 2520 2083 1009
43 2 2519 2520 2154 1036
44 2 2519 2520 2214 1049
45 2 2519 2520 2281 1064
46 2 2519 2520 2327 1074
47 2 2519 2520 2370 1082
48 2 2519 2520 2417 1092
49 2 2519 2520 2459 1100
50 2 2519 2520 2508 1116
51 2 2519 2520 2549 1127
52 2 2519 2520 2584 1141
53 2 2519 2520 2604 1150
54 2 2519 2520 2622 1161
55 3 2519 2520 2654 1176
56 3 2519 2520 2698 1190
57 3 2519 2520 2760 1214
58 3 2519 2520 2825 1238
59 3 2519 2520 2914 1274
60 3 2519 2520 3004 1308
61 3 2519 2520 3094 1344
62 4 2519 2520 3185 1369
63 4 2519 2520 3282 1396
64 4 2519 2520 3414 1433
65 4 2519 2520 3548 1476
66 4 2519 2520 3687 1512
67 4 2519 2520 3820 1554
68 4 2519 2520 3945 1582
69 4 2519 2520 4062 1615
70 4 2519 2520 4179 1659
71 4 2519 2520 4261 1681
72 4 2519 2520 4358 1709
73 4 2519 2520 4447 1722
74 4 2519 2520 4536 1743
75 4 2519 2520 4610 1769
76 4 2519 2520 4697 1796
77 4 2519 2520 4771 1802
78 4 2519 2520 4851 1818
79 4 2519 2520 4897 1843
80 4 2519 2520 4949 1862
81 4 2519 2520 4989 1872
82 4 2519 2520 5043 1889
83 4 2519 2520 5076 1904
84 4 2519 2520 5101 1897
85 4 2519 2520 5143 1922
86 4 2519 2520 5156 1937
87 4 2519 2520 5182 1939
88 5 2519 2520 5220 1942
89 6 2519 2520 5273 1962
90 6 2519 2520 5343 1976
91 6 2519 2520 5477 2027
92 6 2519 2520 5599 2078
93 8 2519 2520 5730 2110
94 8 2519 2520 5903 2163
95 8 2519 2520 6130 2214
96 8 2519 2520 6400 2286
97 8 2519 2520 6662 2336
98 8 2519 2520 6914 2395
99 8 2519 2520 7160 2435
100 8 2519 2520 7387 2489
101 8 2519 2520 7623 2540
102 8 2519 2520 7835 2589
103 8 2519 2520 8021 2612
104 8 2519 2520 8221 2667
105 8 2519 2520 8361 2705
106 8 2519 2520 8495 2721
107 8 2519 2520 8651 2751
108 8 2519 2520 8787 2779
109 8 2519 2520 8935 2798
110 8 2519 2520 9063 2827
111 8 2519 2520 9196 2855
112 8 2519 2520 9292 2862
113 8 2519 2520 9390 2873
114 8 2519 2520 9517 2914
115 8 2519 2520 9601 2913
116 8 2519 2520 9700 2937
117 8 2519 2520 9812 2960
118 8 2519 2520 9890 2975
119 9 2519 2520 9959 2996
120 9 2519 2520 10042 3016
121 9 2519 2520 10153 3053
122 10 2519 2520 10200 3067
123 12 2519 2520 10296 3111
124 13 2518 2520 10467 3136
125 13 2518 2520 10707 3182
126 14 2518 2520 10951 3235
127 14 2518 2520 11241 3283
128 15 2518 2520 11501 3321
129 15 2518 2520 11825 3352
130 15 2517 2520 12160 3417
131 15 2517 2520 12490 3461
132 15 2517 2520 12857 3530
133 15 2517 2520 13172 3580
134 15 2517 2520 13452 3600
135 15 2517 2520 13716 3641
136 15 2517 2520 13975 3673
137 15 2517 2520 14203 3702
138 15 2517 2520 14417 3720
139 15 2517 2520 14640 3761
140 15 2517 2520 14849 3772
141 15 2517 2520 15047 3819
142 15 2517 2520 15225 3846
143 15 2517 2520 15418 3875
144 15 2517 2520 15594 3931
145 15 2517 2520 15785 3969
146 15 2517 2520 15935 3996
147 15 2517 2520 16096 4010
148 15 2517 2520 16249 4005
149 16 2516 2520 16397 4033
150 16 2516 2520 16553 4078
151 16 2516 2520 16745 4110
152 16 2516 2520 16904 4149
153 16 2516 2520 17047 4185
154 16 2516 2520 17212 4209
155 16 2516 2520 17388 4259
156 16 2516 2520 17554 4277
157 17 2516 2520 17689 4276
158 18 2516 2520 17865 4290
159 18 2516 2520 18034 4327
160 18 2516 2520 18210 4365
161 18 2516 2520 18376 4394
162 18 2516 2520 18558 4438
163 18 2516 2520 18761 4466
164 18 2516 2520 18930 4481
165 18 2516 2520 19110 4521
166 20 2516 2520 19288 4553
167 20 2516 2520 19495 4581
168 20 2516 2520 19699 4625
169 21 2516 2520 19922 4690
170 21 2516 2520 20136 4755
171 21 2516 2520 20375 4803
172 21 2516 2520 20594 4852
173 21 2516 2520 20823 4886
174 21 2516 2520 21038 4924
175 21 2516 2520 21249 4963
176 21 2516 2520 21475 5024
177 21 2516 2520 21706 5061
178 21 2516 2520 21902 5108
179 21 2516 2520 22078 5137
180 21 2516 2520 22253 5164
181 21 2516 2520 22437 5214
182 21 2516 2520 22567 5235
183 21 2516 2520 22690 5268
184 21 2516 2520 22773 5270
185 21 2516 2520 22899 5288
186 21 2516 2520 23019 5302
187 21 2516 2520 23130 5319
188 22 2516 2520 23272 5326
189 22 2516 2520 23377 5370
190 22 2516 2520 23505 5392
191 22 2516 2520 23683 5436
192 22 2516 2520 23817 5444
193 24 2516 2520 23964 5480
194 24 2516 2520 24130 5519
195 24 2516 2520 24354 5586
196 24 2516 2520 24598 5627
197 24 2516 2520 24808 5672
198 24 2516 2520 25021 5742
199 25 2516 2520 25211 5785
200 25 2516 2520 25425 5824
201 25 2516 2520 25682 5886
202 26 2516 2520 25896 5920
203 27 2516 2520 26140 5978
204 27 2516 2520 26395 6042
205 27 2516 2520 26678 6129
206 27 2516 2520 26918 6178
207 27 2516 2520 27198 6245
208 27 2516 2520 27448 6287
209 27 2516 2520 27733 6334
210 28 2516 2520 27976 6363
211 28 2516 2520 28228 6409
212 28 2516 2520 28453 6475
213 28 2516 2520 28706 6518
214 28 2516 2520 28936 6584
215 28 2516 2520 29139 6603
216 28 2516 2520 29411 6661
217 28 2516 2520 29616 6709
218 28 2516 2520 29834 6751
219 29 2516 2520 30060 6775
220 29 2516 2520 30296 6827
221 29 2516 2520 30513 6848
222 29 2516 2520 30721 6898
223 29 2516 2520 30959 6923
224 30 2516 2520 31141 6942
225 30 2516 2520 31332 6991
226 32 2516 2520 31531 7027
227 32 2516 2520 31778 7071
228 32 2516 2520 32040 7152
229 32 2516 2520 32348 7207
230 32 2516 2520 32590 7268
231 33 2516 2520 32848 7299
232 33 2516 2520 33101 7362
233 34 2516 2520 33330 7402
234 34 2516 2520 33625 7485
235 34 2516 2520 33910 7522
236 34 2516 2520 34165 7560
237 34 2516 2520 34436 7593
238 34 2516 2520 34707 7657
239 35 2516 2520 34955 7687
240 35 2516 2520 35210 7735
241 35 2516 2520 35475 7802
242 35 2516 2520 35724 7843
243 35 2516 2520 35994 7925
244 35 2516 2520 36209 7971
245 35 2516 2520 36468 8020
246 35 2516 2520 36754 8058
247 35 2516 2520 37006 8115
248 35 2516 2520 37240 8161
249 35 2516 2520 37500 8206
250 35 2516 2520 37727 8247
251 35 2516 2520 37899 8261
252 36 2516 2520 38107 8305
253 36 2516 2520 38314 8350
254 37 2516 2520 38520 8389
255 37 2516 2520 38725 8416
256 37 2516 2520 38969 8451
257 38 2516 2520 39207 8493
258 38 2516 2520 39417 8544
259 39 2516 2520 39652 8599
260 39 2516 2520 39902 8685
261 39 2516 2520 40150 8754
262 40 2516 2520 40417 8810
263 41 2516 2520 40698 8901
264 41 2516 2520 40967 8931
265 42 2516 2520 41264 8953
266 42 2516 2520 41603 9034
267 42 2516 2520 41925 9072
268 42 2516 2520 42251 9110
269 43 2516 2520 42561 9136
270 43 2516 2520 42886 9205
271 43 2516 2520 43212 9278
272 44 2516 2520 43554 9338
273 44 2516 2520 43830 9383
274 44 2516 2520 44134 9437
275 44 2516 2520 44475 9487
276 44 2516 2520 44772 9547
277 44 2516 2520 45046 9570
278 44 2516 2520 45362 9634
279 45 2516 2520 45645 9719
280 45 2516 2520 45937 9777
281 45 2516 2520 46263 9835
282 45 2516 2520 46557 9887
283 45 2516 2520 46866 9955
284 45 2516 2520 47147 10008
285 45 2516 2520 47442 10082
286 45 2516 2520 47673 10112
287 45 2516 2520 47948 10150
288 46 2516 2520 48200 10206
289 46 2516 2520 48422 10235
290 47 2516 2520 48657 10293
291 47 2516 2520 48937 10333
292 47 2516 2520 49218 10399
293 48 2516 2520 49513 10433
294 48 2516 2520 49811 10506
295 50 2516 2520 50103 10589
296 51 2516 2520 50380 10655
297 51 2516 2520 50760 10730
298 51 2516 2520 51151 10766
299 51 2516 2520 51512 10829
300 51 2516 2520 51894 10898
301 51 2516 2520 52254 10956
302 51 2516 2520 52595 11006
303 51 2516 2520 52932 11053
304 53 2516 2520 53284 11092
305 54 2516 2520 53645 11150
306 54 2516 2520 54060 11241
307 54 2516 2520 54458 11296
308 55 2516 2520 54849 11378
309 55 2516 2520 55185 11437
310 55 2516 2520 55609 11513
311 55 2516 2520 55976 11553
312 55 2516 2520 56305 11616
313 55 2516 2520 56630 11662
314 55 2516 2520 56977 11729
315 55 2516 2520 57374 11776
316 55 2516 2520 57692 11834
317 55 2516 2520 57993 11922
318 55 2516 2520 58318 11996
319 55 2516 2520 58641 12063
320 55 2516 2520 58968 12103
321 55 2516 2520 59249 12140
322 55 2516 2520 59531 12203
323 57 2516 2520 59811 12251
324 58 2516 2520 60082 12293
325 59 2516 2520 60465 12374
326 59 2516 2520 60796 12434
327 59 2516 2520 61149 12510
328 59 2516 2520 61500 12552
329 59 2516 2520 61851 12596
330 59 2516 2520 62165 12637
331 60 2516 2520 62495 12659
332 60 2516 2520 62847 12718
333 62 2516 2520 63218 12774
334 62 2516 2520 63658 12856
335 63 2516 2520 64096 12915
336 64 2516 2520 64494 12969
337 65 2516 2520 64963 13052
338 65 2516 2520 65402 13124
339 65 2516 2520 65913 13226
340 65 2516 2520 66369 13309
341 65 2516 2520 66855 13438
342 65 2516 2520 67256 13476
343 67 2516 2520 67694 13558
344 67 2516 2520 68069 13604
345 67 2516 2520 68463 13688
346 67 2516 2520 68874 13750
347 68 2516 2520 69294 13849
348 68 2516 2520 69633 13888
349 69 2516 2520 70065 13953
350 69 2516 2520 70450 14039
351 69 2516 2520 70869 14112
352 69 2516 2520 71263 14191
353 70 2516 2520 71603 14231
354 70 2516 2520 71995 14292
355 70 2516 2520 72406 14362
356 71 2516 2520 72822 14448
357 71 2516 2520 73174 14553
358 71 2516 2520 73601 14569
359 72 2516 2520 73959 14656
360 72 2515 2520 74327 14696
361 72 2515 2520 74788 14785
362 73 2515 2520 75187 14845
363 73 2515 2520 75571 14932
364 73 2515 2520 75988 14983
365 74 2515 2520 76360 15052
366 74 2515 2520 76745 15122
367 74 2515 2520 77120 15176
368 75 2515 2520 77546 15244
369 75 2515 2520 77944 15281
370 76 2515 2520 78383 15368
371 76 2515 2520 78870 15442
372 77 2515 2520 79348 15533
373 77 2515 2520 79801 15609
374 77 2515 2520 80225 15675
375 77 2515 2520 80588 15735
376 78 2515 2520 80965 15791
377 78 2515 2520 81371 15868
378 78 2515 2520 81761 15945
379 78 2515 2520 82150 15986
380 78 2515 2520 82526 16046
381 78 2515 2520 82897 16102
382 78 2515 2520 83266 16170
383 80 2515 2520 83588 16236
384 80 2515 2520 83946 16282
385 80 2515 2520 84284 16346
386 80 2515 2520 84648 16400
387 80 2515 2520 85022 16428
388 81 2515 2520 85341 16461
389 83 2515 2520 85709 16514
390 83 2515 2520 86046 16581
391 83 2515 2520 86439 16613
392 83 2515 2520 86820 16692
393 83 2515 2520 87186 16773
394 83 2515 2520 87606 16838
395 83 2515 2520 88013 16893
396 83 2515 2520 88389 16959
397 85 2515 2520 88722 17010
398 85 2515 2520 89072 17093
399 85 2515 2520 89465 17142
400 85 2515 2520 89869 17185
401 87 2515 2520 90255 17219
402 88 2515 2520 90610 17305
403 88 2515 2520 91035 17353
404 88 2515 2520 91469 17417
405 90 2515 2520 91950 17498
406 90 2515 2520 92374 17599
407 90 2514 2520 92812 17643
408 90 2514 2520 93294 17738
409 90 2514 2520 93741 17806
410 90 2514 2520 94225 17860
411 90 2514 2520 94658 17950
412 91 2514 2520 95138 17973
413 93 2514 2520 95565 18007
414 94 2514 2520 96017 18072
415 94 2514 2520 96456 18131
416 94 2514 2520 96883 18154
417 95 2514 2520 97336 18250
418 96 2514 2520 97810 18331
419 96 2514 2520 98309 18411
420 96 2514 2520 98760 18444
421 96 2514 2520 99215 18519
422 96 2514 2520 99653 18561
423 97 2514 2520 100125 18638
424 98 2514 2520 100596 18691
425 98 2514 2520 101147 18756
426 98 2514 2520 101624 18802
427 98 2514 2520 102087 18877
428 99 2514 2520 102522 18953
429 101 2514 2520 103019 19032
430 102 2514 2520 103500 19072
431 103 2514 2520 104018 19157
432 105 2514 2520 104531 19220
433 105 2514 2520 105068 19311
434 105 2514 2520 105650 19429
435 105 2514 2520 106228 19478
436 107 2514 2520 106802 19514
437 107 2514 2520 107381 19616
438 108 2514 2520 107987 19688
439 108 2514 2520 108621 19801
440 108 2514 2520 109199 19860
441 108 2514 2520 109756 19928
442 108 2514 2520 110356 20020
443 108 2514 2520 110885 20136
444 108 2514 2520 111380 20184
445 108 2514 2520 111908 20233
446 108 2514 2520 112439 20257
447 108 2514 2520 112913 20277
448 110 2513 2520 113363 20352
449 112 2513 2520 113844 20421
450 112 2513 2520 114288 20454
451 112 2513 2520 114815 20493
452 112 2513 2520 115329 20567
453 112 2513 2520 115817 20594
454 112 2513 2520 116304 20665
455 112 2513 2520 116741 20739
456 113 2513 2520 117246 20807
457 113 2513 2520 117686 20822
458 113 2513 2520 118154 20871
459 114 2513 2520 118585 20906
460 115 2513 2520 119023 20980
461 116 2513 2520 119528 21042
462 116 2513 2520 120129 21149
463 116 2513 2520 120681 21215
464 116 2513 2520 121112 21274
465 116 2513 2520 121570 21314
466 116 2513 2520 122091 21396
467 118 2513 2520 122531 21419
468 118 2513 2520 122935 21471
469 118 2513 2520 123431 21542
470 119 2513 2520 123955 21604
471 119 2513 2520 124438 21688
472 119 2513 2520 124965 21765
473 119 2513 2520 125450 21836
474 120 2512 2520 125959 21949
475 120 2512 2520 126463 21996
476 120 2512 2520 126955 22086
477 121 2512 2520 127453 22112
478 122 2512 2520 127919 22133
479 122 2512 2520 128451 22186
480 122 2512 2520 129030 22256
481 122 2512 2520 129469 22290
482 122 2512 2520 129968 22331
483 122 2512 2520 130477 22368
484 122 2512 2520 131006 22463
485 123 2511 2520 131454 22499
486 124 2511 2520 131892 22563
487 124 2511 2520 132364 22587
488 125 2511 2520 132855 22635
489 125 2511 2520 133301 22710
490 126 2511 2520 133765 22771
491 126 2510 2520 134231 22809
492 126 2510 2520 134717 22874
493 128 2510 2520 135156 22948
494 129 2510 2520 135597 22987
495 130 2510 2520 136160 23069
496 131 2510 2520 136695 23173
497 131 2510 2520 137212 23229
498 131 2510 2520 137774 23320
499 131 2510 2520 138305 23384
500 131 2510 2520 138863 23462
501 133 2510 2520 139290 23533
502 135 2510 2520 139786 23596
503 137 2510 2520 140267 23640
504 137 2510 2520 140863 23686
505 137 2510 2520 141517 23831
506 138 2510 2520 142093 23883
507 139 2510 2520 142640 23923
508 139 2510 2520 143272 24034
509 139 2510 2520 143852 24118
510 139 2510 2520 144522 24235
511 141 2510 2520 145187 24280
512 141 2510 2520 145778 24325
513 141 2510 2520 146390 24446
514 141 2510 2520 147028 24535
515 141 2510 2520 147600 24668
516 143 2510 2520 148156 24717
517 144 2510 2520 148710 24807
518 144 2510 2520 149248 24904
519 144 2510 2520 149770 24922
520 144 2510 2520 150271 25028
521 144 2510 2520 150805 25078
522 144 2510 2520 151322 25179
523 145 2510 2520 151844 25245
524 145 2510 2520 152355 25307
525 145 2510 2520 152906 25370
526 145 2509 2520 153444 25474
527 145 2509 2520 153917 25495
528 148 2509 2520 154325 25549
529 148 2509 2520 154834 25635
530 148 2509 2520 155394 25744
531 148 2509 2520 155864 25785
532 149 2509 2520 156396 25872
533 150 2509 2520 156885 25956
534 151 2509 2520 157375 26033
535 151 2509 2520 157905 26076
536 151 2509 2520 158395 26192
537 151 2509 2520 158882 26291
538 152 2509 2520 159393 26375
539 153 2509 2520 159866 26452
540 154 2509 2520 160349 26543
541 154 2509 2520 160865 26611
542 155 2509 2520 161419 26694
543 156 2509 2520 161980 26773
544 156 2509 2520 162529 26853
545 156 2509 2520 163039 26917
546 156 2509 2520 163576 27001
547 156 2509 2520 164100 27067
548 156 2509 2520 164626 27125
549 156 2508 2520 165118 27195
550 157 2508 2520 165683 27286
551 157 2508 2520 166194 27351
552 158 2508 2520 166709 27434
553 158 2508 2520 167214 27489
554 158 2508 2520 167757 27577
555 159 2508 2520 168257 27646
556 159 2507 2520 168730 27722
557 160 2507 2520 169320 27816
558 161 2507 2520 169843 27899
559 161 2507 2520 170414 27986
560 162 2507 2520 170912 28021
561 162 2507 2520 171442 28096
562 164 2507 2520 171939 28126
563 165 2507 2520 172472 28201
564 168 2506 2520 172999 28256
565 168 2506 2520 173570 28384
566 168 2506 2520 174150 28488
567 170 2506 2520 174811 28565
568 171 2506 2520 175453 28642
569 171 2506 2520 176173 28721
570 171 2506 2520 176827 28836
571 171 2506 2520 177562 28949
572 171 2506 2520 178204 29021
573 171 2506 2520 178901 29125
574 173 2506 2520 179576 29215
575 173 2506 2520 180266 29281
576 173 2506 2520 180960 29382
577 174 2506 2520 181574 29423
578 174 2505 2520 182246 29502
579 174 2505 2520 182888 29596
580 174 2504 2520 183475 29670
581 175 2502 2520 184125 29760
582 175 2502 2520 184845 29832
583 175 2502 2520 185448 29895
584 175 2502 2520 186112 30006
585 175 2502 2520 186719 30092
586 175 2502 2520 187300 30166
587 175 2502 2520 187837 30215
588 175 2502 2520 188329 30328
589 176 2501 2520 188865 30345
590 176 2501 2520 189399 30377
591 177 2501 2520 189951 30473
592 177 2501 2520 190462 30505
593 178 2501 2520 190914 30544
594 179 2501 2520 191420 30603
595 180 2501 2520 191981 30687
596 180 2501 2520 192534 30749
597 181 2501 2520 193092 30790
598 181 2501 2520 193698 30869
599 181 2501 2520 194266 30937
600 183 2501 2520 194774 30998
601 183 2501 2520 195315 31096
602 183 2501 2520 195891 31153
603 183 2501 2520 196496 31231
604 184 2501 2520 197091 31343
605 185 2501 2520 197682 31421
606 186 2501 2520 198329 31491
607 187 2500 2520 198985 31592
608 187 2500 2520 199621 31647
609 188 2500 2520 200233 31740
610 188 2500 2520 200877 31813
611 190 2500 2520 201541 31925
612 190 2500 2520 202168 32018
613 190 2500 2520 202849 32104
614 191 2500 2520 203514 32205
615 192 2500 2520 204099 32270
616 192 2500 2520 204728 32351
617 192 2500 2520 205288 32426
618 194 2500 2520 205913 32542
619 195 2500 2520 206508 32610
620 195 2500 2520 207149 32649
621 195 2500 2520 207764 32719
622 195 2500 2520 208487 32755
623 195 2500 2520 209105 32832
624 197 2500 2520 209688 32955
625 198 2500 2520 210278 33007
626 200 2500 2520 210907 33077
627 200 2500 2520 211578 33195
628 200 2500 2520 212185 33265
629 200 2500 2520 212780 33274
630 200 2500 2520 213406 33349
631 200 2500 2520 214050 33425
632 202 2500 2520 214569 33555
633 202 2500 2520 215142 33612
634 202 2500 2520 215774 33699
635 203 2500 2520 216340 33784
636 203 2500 2520 216892 33871
637 205 2500 2520 217470 33945
638 206 2500 2520 218051 33994
639 207 2500 2520 218749 34114
640 207 2500 2520 219405 34224
641 207 2500 2520 220016 34327
642 209 2500 2520 220696 34376
643 210 2500 2520 221384 34502
644 210 2500 2520 222090 34615
645 210 2500 2520 222815 34755
646 210 2500 2520 223538 34848
647 210 2500 2520 224155 34936
648 212 2500 2520 224851 35002
649 212 2500 2520 225473 35127
650 212 2500 2520 226092 35206
651 212 2500 2520 226690 35268
652 212 2500 2520 227379 35386
653 213 2500 2520 228037 35483
654 214 2500 2520 228672 35577
655 215 2500 2520 229276 35650
656 217 2500 2520 229934 35702
657 218 2500 2520 230585 35758
658 220 2500 2520 231245 35872
659 220 2500 2520 231989 36001
660 220 2500 2520 232660 36114
661 221 2500 2520 233411 36193
662 221 2500 2520 234126 36249
663 223 2500 2520 234926 36338
664 224 2500 2520 235674 36417
665 225 2500 2520 236428 36531
666 225 2500 2520 237195 36641
667 226 2500 2520 237979 36732
668 226 2500 2520 238716 36860
669 227 2500 2520 239485 36927
670 228 2500 2520 240267 37021
671 229 2500 2520 241069 37119
672 229 2500 2520 241864 37258
673 229 2500 2520 242596 37320
674 230 2500 2520 243346 37440
675 230 2500 2520 244084 37530
676 230 2500 2520 244853 37653
677 231 2500 2520 245587 37752
678 231 2500 2520 246392 37818
679 233 2500 2520 247176 37912
680 233 2500 2520 247927 37992
681 233 2500 2520 248684 38077
682 234 2500 2520 249413 38155
683 234 2500 2520 250165 38290
684 236 2500 2520 250859 38424
685 237 2500 2520 251558 38544
686 237 2500 2520 252260 38625
687 237 2500 2520 252962 38730
688 237 2500 2520 253677 38865
689 237 2500 2520 254370 38954
690 237 2500 2520 255071 39016
691 237 2500 2520 255742 39089
692 237 2500 2520 256372 39152
693 237 2500 2520 256959 39229
694 238 2500 2520 257561 39307
695 238 2500 2520 258174 39373
696 238 2500 2520 258827 39443
697 238 2500 2520 259407 39514
698 240 2500 2520 259970 39599
699 242 2500 2520 260562 39661
700 245 2500 2520 261218 39766
701 246 2500 2520 261871 39821
702 246 2500 2520 262576 39939
703 246 2500 2520 263320 40027
704 247 2500 2520 263994 40089
705 248 2500 2520 264693 40182
706 250 2500 2520 265459 40303
707 253 2499 2520 266187 40414
708 254 2499 2520 266955 40520
709 254 2499 2520 267785 40580
710 255 2499 2520 268593 40702
711 255 2499 2520 269425 40837
712 255 2499 2520 270347 40996
713 256 2499 2520 271100 41067
714 256 2499 2520 271918 41159
715 256 2499 2520 272705 41250
716 256 2498 2520 273461 41282
717 256 2498 2520 274189 41362
718 257 2498 2520 274952 41452
719 257 2498 2520 275646 41548
720 258 2498 2520 276507 41631
721 259 2498 2520 277220 41725
722 259 2498 2520 277903 41805
723 260 2497 2520 278616 41928
724 260 2497 2520 279257 42002
725 261 2496 2520 279929 42048
726 261 2496 2520 280637 42175
727 261 2496 2520 281301 42235
728 264 2496 2520 281983 42308
729 264 2496 2520 282716 42407
730 265 2496 2520 283471 42525
731 266 2495 2520 284246 42620
732 266 2495 2520 284981 42712
733 267 2495 2520 285664 42766
734 267 2495 2520 286400 42837
735 267 2495 2520 287159 42914
736 270 2495 2520 287871 42975
737 272 2495 2520 288557 43069
738 273 2495 2520 289281 43098
739 273 2495 2520 290006 43160
740 273 2495 2520 290738 43294
741 274 2495 2520 291527 43388
742 275 2495 2520 292319 43480
743 276 2494 2520 293099 43570
744 277 2494 2520 293871 43651
745 278 2494 2520 294631 43759
746 278 2494 2520 295463 43858
747 278 2494 2520 296292 43967
748 279 2493 2520 297115 44071
749 279 2492 2520 297898 44167
750 279 2492 2520 298736 44234
751 280 2492 2520 299524 44277
752 281 2492 2520 300310 44363
753 282 2491 2520 301136 44487
754 282 2491 2520 301903 44533
755 282 2490 2520 302727 44614
756 282 2490 2520 303557 44740
757 284 2490 2520 304346 44822
758 286 2490 2520 305176 44902
759 286 2490 2520 305947 45021
760 287 2490 2520 306744 45152
761 290 2490 2520 307551 45180
762 290 2490 2520 308396 45262
763 290 2490 2520 309281 45350
764 290 2490 2520 310204 45458
765 290 2490 2520 311099 45595
766 290 2490 2520 311897 45692
767 290 2490 2520 312803 45767
768 290 2490 2520 313644 45893
769 291 2490 2520 314513 46006
770 291 2490 2520 315301 46062
771 292 2490 2520 316017 46159
772 293 2490 2520 316748 46256
773 294 2490 2520 317566 46392
774 295 2489 2520 318307 46471
775 300 2489 2520 319066 46546
776 302 2489 2520 319890 46662
777 302 2489 2520 320807 46822
778 303 2489 2520 321775 46914
779 303 2489 2520 322683 46968
780 303 2489 2520 323600 47095
781 305 2489 2520 324516 47181
782 306 2489 2520 325439 47318
783 307 2489 2520 326327 47373
784 307 2489 2520 327297 47581
785 309 2489 2520 328296 47669
786 310 2489 2520 329216 47785
787 312 2489 2520 330178 47922
788 312 2489 2520 331222 48039
789 313 2489 2520 332261 48193
790 313 2489 2520 333234 48282
791 313 2489 2520 334105 48401
792 313 2489 2520 335012 48466
793 313 2489 2520 335871 48600
794 314 2489 2520 336776 48736
795 314 2489 2520 337632 48802
796 315 2489 2520 338442 48877
797 316 2489 2520 339268 48960
798 316 2489 2520 340099 49041
799 316 2489 2520 340933 49123
800 317 2489 2520 341722 49215
801 318 2489 2520 342532 49326
802 319 2489 2520 343268 49420
803 320 2489 2520 344070 49513
804 321 2489 2520 344916 49582
805 325 2489 2520 345672 49615
806 328 2489 2520 346492 49753
807 328 2489 2520 347363 49847
808 328 2488 2520 348263 49929
809 330 2488 2520 349203 49997
810 332 2488 2520 350107 50120
811 332 2488 2520 351056 50204
812 333 2488 2520 352057 50305
813 334 2488 2520 353015 50428
814 335 2488 2520 354041 50527
815 335 2488 2520 355096 50663
816 338 2488 2520 356168 50836
817 338 2488 2520 357257 50911
818 339 2488 2520 358281 50999
819 344 2488 2520 359423 51155
820 345 2488 2520 360591 51248
821 345 2488 2520 361826 51398
822 346 2488 2520 363085 51551
823 346 2488 2520 364317 51706
824 346 2488 2520 365451 51893
825 346 2487 2520 366582 52014
826 346 2487 2520 367688 52048
827 346 2487 2520 368799 52163
828 347 2487 2520 369850 52271
829 349 2487 2520 370897 52381
830 349 2487 2520 371985 52435
831 349 2487 2520 372971 52498
832 349 2487 2520 373868 52549
833 351 2487 2520 374714 52632
834 351 2487 2520 375683 52712
835 352 2487 2520 376563 52795
836 352 2487 2520 377374 52920
837 352 2487 2520 378227 53020
838 353 2487 2520 379061 53119
839 354 2487 2520 379852 53198
840 355 2487 2520 380716 53285
841 356 2487 2520 381569 53353
842 356 2487 2520 382348 53492
843 357 2487 2520 383198 53541
844 357 2487 2520 384013 53599
845 359 2487 2520 384939 53704
846 359 2487 2520 385729 53858
847 360 2487 2520 386614 53977
848 361 2487 2520 387538 54069
849 363 2487 2520 388422 54170
850 364 2487 2520 389283 54279
851 365 2487 2520 390197 54424
852 365 2487 2520 391123 54520
853 368 2487 2520 392138 54682
854 370 2487 2520 393158 54840
855 370 2487 2520 394156 54959
856 370 2487 2520 395124 55054
857 370 2487 2520 396196 55224
858 371 2487 2520 397221 55353
859 372 2487 2520 398230 55510
860 373 2486 2520 399092 55588
861 374 2486 2520 400053 55660
862 375 2486 2520 401044 55814
863 375 2486 2520 402038 55892
864 376 2486 2520 403001 55987
865 376 2485 2520 403890 56055
866 376 2484 2520 404886 56118
867 378 2484 2520 405841 56249
868 380 2484 2520 406714 56353
869 381 2484 2520 407657 56404
870 381 2484 2520 408566 56467
871 382 2484 2520 409464 56565
872 382 2484 2520 410380 56627
873 384 2484 2520 411195 56672
874 385 2484 2520 412074 56798
875 387 2484 2520 413074 56828
876 389 2484 2520 414033 56907
877 389 2484 2520 415097 57056
878 390 2484 2520 416114 57102
879 391 2484 2520 417086 57196
880 393 2484 2520 418120 57367
881 393 2483 2520 419162 57478
882 393 2483 2520 420243 57618
883 393 2483 2520 421308 57699
884 394 2483 2520 422364 57792
885 398 2483 2520 423292 57886
886 398 2483 2520 424301 57994
887 399 2483 2520 425434 58133
888 400 2483 2520 426488 58239
889 400 2483 2520 427588 58372
890 400 2483 2520 428631 58449
891 404 2483 2520 429621 58521
892 404 2483 2520 430781 58640
893 404 2483 2520 431922 58688
894 404 2483 2520 432970 58810
895 404 2483 2520 434138 58951
896 404 2483 2520 435324 59058
897 406 2483 2520 436329 59155
898 407 2483 2520 437275 59211
899 412 2483 2520 438177 59318
900 413 2483 2520 439214 59407
901 413 2483 2520 440223 59512
902 415 2483 2520 441252 59615
903 415 2483 2520 442202 59638
904 416 2483 2520 443168 59758
905 416 2483 2520 444287 59874
906 417 2483 2520 445373 60004
907 419 2483 2520 446382 60074
908 419 2483 2520 447352 60187
909 420 2483 2520 448394 60299
910 421 2483 2520 449396 60426
911 422 2483 2520 450445 60501
912 424 2483 2520 451575 60642
913 425 2483 2520 452668 60708
914 425 2483 2520 453812 60854
915 426 2483 2520 454818 60958
916 427 2483 2520 455880 61039
917 427 2483 2520 457000 61147
918 428 2483 2520 457964 61242
919 428 2483 2520 458906 61314
920 430 2483 2520 459978 61416
921 430 2483 2520 461023 61515
922 430 2483 2520 462064 61649
923 432 2482 2520 463055 61715
924 432 2482 2520 464145 61799
925 433 2482 2520 465119 61902
926 436 2482 2520 466214 61920
927 436 2482 2520 467291 62065
928 436 2482 2520 468358 62162
929 436 2482 2520 469401 62233
930 437 2482 2520 470459 62363
931 439 2482 2520 471551 62456
932 440 2482 2520 472631 62579
933 440 2482 2520 473685 62716
934 443 2482 2520 474870 62843
935 444 2482 2520 475952 62954
936 444 2482 2520 477130 63066
937 447 2482 2520 478243 63156
938 448 2482 2520 479340 63254
939 449 2482 2520 480415 63356
940 449 2482 2520 481570 63485
941 449 2482 2520 482616 63587
942 450 2482 2520 483701 63668
943 450 2482 2520 484784 63750
944 452 2482 2520 485968 63896
945 452 2482 2520 487071 63961
946 455 2482 2520 488046 64129
947 457 2482 2520 489032 64174
948 458 2482 2520 490094 64325
949 459 2482 2520 491280 64422
950 462 2482 2520 492382 64518
951 463 2482 2520 493513 64570
952 464 2482 2520 494652 64654
953 465 2481 2520 495670 64778
954 466 2481 2520 496797 64919
955 466 2481 2520 497984 64983
956 467 2481 2520 499047 65116
957 467 2481 2520 500208 65285
958 469 2481 2520 501355 65375
959 469 2481 2520 502464 65484
960 470 2481 2520 503566 65537
961 470 2481 2520 504555 65600
962 471 2481 2520 505697 65743
963 472 2481 2520 506753 65874
964 473 2481 2520 507805 65999
965 473 2481 2520 508857 66152
966 474 2481 2520 509858 66243
967 476 2480 2520 510863 66354
968 478 2480 2520 511861 66466
969 481 2480 2520 512831 66555
970 482 2480 2520 513862 66661
971 486 2480 2520 514976 66763
972 488 2480 2520 516001 66862
973 489 2480 2520 517106 66965
974 491 2480 2520 518257 67111
975 492 2480 2520 519472 67251
976 493 2479 2520 520716 67406
977 494 2477 2520 521891 67524
978 494 2477 2520 523191 67649
979 495 2477 2520 524447 67824
980 496 2477 2520 525700 67968
981 496 2477 2520 526922 68140
982 497 2477 2520 528086 68228
983 497 2477 2520 529247 68369
984 497 2477 2520 530522 68501
985 497 2477 2520 531727 68630
986 497 2477 2520 532834 68708
987 497 2477 2520 533986 68810
988 497 2476 2520 535072 68914
989 498 2476 2520 536203 69036
990 499 2476 2520 537204 69195
991 499 2476 2520 538263 69279
992 499 2476 2520 539222 69390
993 499 2476 2520 540103 69483
994 499 2476 2520 541023 69550
995 501 2476 2520 541973 69648
996 502 2476 2520 542857 69753
997 504 2476 2520 543734 69846
998 504 2476 2520 544686 69969
999 506 2476 2520 545662 70055
1000 506 2476 2520 546627 70197
