0 1 2519 2520 794 499
1 1 2519 2520 812 511
2 1 2519 2520 846 530
3 1 2519 2520 881 546
4 1 2519 2520 921 573
5 1 2519 2520 950 594
6 1 2519 2520 989 612
7 1 2519 2520 1027 640
8 1 2519 2520 1059 651
9 1 2519 2520 1093 662
10 1 2519 2520 1129 676
11 1 2519 2520 1165 692
12 1 2519 2520 1189 702
13 1 2519 2520 1206 702
14 1 2519 2520 1219 708
15 1 2519 2520 1247 717
16 1 2519 2520 1258 720
17 1 2519 2520 1264 720
18 1 2519 2520 1279 726
19 1 2519 2520 1299 732
20 1 2519 2520 1310 737
21 1 2519 2520 1313 734
22 1 2519 2520 1328 740
23 1 2519 2520 1343 746
24 1 2519 2520 1362 754
25 1 2519 2520 1373 754
26 1 2519 2520 1374 755
27 1 2519 2520 1385 756
28 1 2519 2520 1377 749
29 1 2519 2520 1391 754
30 1 2519 2520 1400 756
31 1 2519 2520 1406 760
32 1 2519 2520 1421 764
33 1 2519 2520 1422 768
34 1 2519 2520 1431 770
35 1 2519 2520 1438 768
36 1 2519 2520 1436 763
37 1 2519 2520 1439 762
38 1 2519 2520 1452 769
39 1 2519 2520 1454 769
40 1 2519 2520 1457 767
41 1 2519 2520 1457 770
42 1 2519 2520 1456 768
43 1 2519 2520 1460 767
44 1 2519 2520 1462 770
45 1 2519 2520 1462 773
46 1 2519 2520 1457 770
47 2 2519 2520 1459 767
48 2 2519 2520 1477 776
49 2 2519 2520 1525 791
50 2 2519 2520 1595 819
51 2 2519 2520 1675 853
52 2 2519 2520 1743 876
53 2 2519 2520 1834 904
54 2 2519 2520 1886 919
55 2 2519 2520 1970 936
56 2 2519 2520 2035 952
57 2 2519 2520 2093 971
58 2 2519 2520 2167 994
59 2 2519 2520 2219 1018
60 2 2519 2520 2268 1024
61 2 2519 2520 2311 1032
62 2 2519 2520 2356 1049
63 2 2519 2520 2400 1051
64 2 2519 2520 2429 1066
65 2 2519 2520 2452 1077
66 2 2519 2520 2487 1090
67 2 2519 2520 2501 1100
68 2 2519 2520 2516 1098
69 2 2519 2520 2535 1104
70 2 2519 2520 2566 1119
71 2 2519 2520 2584 1128
72 2 2519 2520 2591 1127
73 2 2519 2520 2609 1137
74 2 2519 2520 2627 1134
75 2 2519 2520 2645 1140
76 2 2519 2520 2656 1146
77 2 2519 2520 2685 1158
78 2 2519 2520 2708 1169
79 2 2519 2520 2718 1170
80 2 2519 2520 2719 1171
81 2 2519 2520 2722 1168
82 2 2519 2520 2733 1174
83 2 2519 2520 2741 1178
84 3 2519 2520 2740 1181
85 3 2519 2520 2755 1182
86 3 2519 2520 2819 1199
87 3 2519 2520 2907 1215
88 3 2519 2520 2977 1245
89 3 2519 2520 3062 1272
90 3 2519 2520 3130 1293
91 4 2519 2520 3203 1307
92 4 2519 2520 3290 1326
93 4 2519 2520 3388 1359
94 4 2519 2520 3525 1404
95 4 2519 2520 3663 1447
96 4 2519 2520 3790 1472
97 4 2519 2520 3901 1502
98 4 2519 2520 4032 1545
99 4 2519 2520 4133 1574
100 4 2519 2520 4252 1600
101 4 2519 2520 4320 1606
102 4 2519 2520 4407 1632
103 4 2519 2520 4472 1662
104 4 2519 2520 4547 1688
105 4 2519 2520 4631 1718
106 4 2519 2520 4715 1743
107 4 2519 2520 4791 1773
108 4 2519 2520 4834 1791
109 4 2519 2520 4891 1807
110 4 2519 2520 4925 1822
111 4 2519 2520 4956 1828
112 4 2519 2520 4989 1832
113 4 2519 2520 5034 1861
114 4 2519 2520 5075 1878
115 4 2519 2520 5106 1890
116 4 2519 2520 5135 1899
117 4 2519 2520 5154 1902
118 4 2519 2520 5180 1911
119 4 2519 2520 5202 1913
120 4 2519 2520 5209 1923
121 4 2519 2520 5235 1923
122 4 2519 2520 5259 1925
123 4 2519 2520 5276 1929
124 4 2519 2520 5288 1929
125 5 2519 2520 5306 1937
126 5 2519 2520 5335 1943
127 5 2519 2520 5418 1977
128 5 2519 2520 5485 2010
129 6 2519 2520 5557 2033
130 7 2519 2520 5645 2030
131 8 2519 2520 5761 2059
132 8 2519 2520 5955 2098
133 8 2519 2520 6173 2155
134 8 2519 2520 6375 2189
135 8 2519 2520 6609 2236
136 8 2519 2520 6819 2296
137 8 2519 2520 7042 2334
138 8 2519 2520 7231 2380
139 8 2519 2520 7461 2436
140 8 2519 2520 7622 2458
141 8 2519 2520 7816 2481
142 8 2519 2520 7957 2525
143 8 2519 2520 8109 2548
144 8 2519 2520 8269 2576
145 8 2519 2520 8413 2624
146 8 2519 2520 8576 2641
147 8 2519 2520 8687 2674
148 8 2519 2520 8831 2706
149 8 2519 2520 8927 2720
150 8 2519 2520 9041 2751
151 8 2519 2520 9162 2775
152 8 2519 2520 9260 2790
153 8 2519 2520 9327 2827
154 8 2519 2520 9432 2854
155 8 2519 2520 9501 2871
156 8 2519 2520 9571 2897
157 8 2519 2520 9642 2917
158 8 2519 2520 9718 2928
159 8 2519 2520 9786 2940
160 8 2519 2520 9849 2949
161 8 2519 2520 9877 2958
162 8 2519 2520 9953 2983
163 8 2519 2520 10013 2994
164 8 2519 2520 10058 3002
165 9 2519 2520 10109 3008
166 9 2519 2520 10153 3025
167 9 2519 2520 10221 3037
168 10 2519 2520 10318 3080
169 10 2519 2520 10411 3093
170 10 2519 2520 10516 3133
171 10 2519 2520 10648 3172
172 11 2519 2520 10777 3203
173 11 2519 2520 10943 3239
174 14 2519 2520 11137 3280
175 15 2519 2520 11329 3320
176 15 2519 2520 11623 3369
177 16 2518 2520 11927 3435
178 16 2517 2520 12237 3474
179 16 2517 2520 12583 3546
180 16 2517 2520 12940 3594
181 16 2517 2520 13226 3666
182 16 2517 2520 13566 3726
183 16 2517 2520 13916 3778
184 16 2517 2520 14231 3806
185 16 2517 2520 14542 3845
186 16 2517 2520 14815 3891
187 16 2517 2520 15055 3924
188 16 2517 2520 15320 3980
189 16 2517 2520 15532 4038
190 16 2517 2520 15765 4056
191 16 2517 2520 15973 4086
192 16 2517 2520 16190 4130
193 16 2517 2520 16373 4170
194 16 2517 2520 16558 4185
195 16 2517 2520 16708 4223
196 16 2516 2520 16875 4261
197 16 2516 2520 17036 4278
198 16 2516 2520 17218 4291
199 16 2516 2520 17371 4321
200 16 2516 2520 17517 4312
201 16 2515 2520 17668 4332
202 17 2515 2520 17820 4351
203 17 2515 2520 18008 4391
204 17 2515 2520 18166 4386
205 17 2515 2520 18327 4438
206 17 2515 2520 18488 4463
207 17 2515 2520 18679 4518
208 17 2515 2520 18843 4537
209 17 2515 2520 18991 4571
210 18 2515 2520 19135 4613
211 18 2515 2520 19285 4618
212 18 2515 2520 19468 4652
213 18 2515 2520 19603 4658
214 20 2515 2520 19762 4688
215 21 2515 2520 19951 4765
216 21 2515 2520 20184 4814
217 21 2515 2520 20426 4877
218 21 2515 2520 20652 4940
219 21 2515 2520 20893 4989
220 21 2515 2520 21126 5036
221 21 2515 2520 21372 5076
222 21 2515 2520 21584 5108
223 22 2515 2520 21805 5139
224 22 2515 2520 22007 5170
225 24 2515 2520 22193 5222
226 24 2515 2520 22421 5263
227 24 2515 2520 22676 5279
228 24 2515 2520 22945 5332
229 24 2515 2520 23195 5386
230 24 2515 2520 23414 5389
231 24 2515 2520 23634 5428
232 24 2515 2520 23865 5455
233 24 2515 2520 24108 5484
234 24 2515 2520 24327 5515
235 24 2515 2520 24535 5546
236 24 2515 2520 24744 5596
237 24 2515 2520 24906 5612
238 24 2515 2520 25106 5639
239 24 2515 2520 25274 5655
240 24 2515 2520 25406 5679
241 26 2515 2520 25597 5711
242 26 2515 2520 25800 5776
243 26 2515 2520 26002 5824
244 26 2515 2520 26185 5870
245 26 2515 2520 26425 5940
246 26 2515 2520 26643 5967
247 26 2515 2520 26870 6007
248 27 2515 2520 27090 6039
249 27 2515 2520 27323 6087
250 27 2515 2520 27605 6177
251 27 2515 2520 27850 6247
252 27 2515 2520 28058 6262
253 28 2515 2520 28256 6295
254 28 2515 2520 28487 6340
255 28 2515 2520 28726 6407
256 29 2515 2520 28945 6467
257 29 2515 2520 29175 6526
258 29 2515 2520 29442 6565
259 29 2515 2520 29698 6593
260 29 2515 2520 29938 6620
261 29 2515 2520 30203 6666
262 29 2515 2520 30433 6737
263 29 2515 2520 30612 6766
264 29 2515 2520 30842 6813
265 29 2515 2520 31042 6837
266 29 2515 2520 31254 6856
267 29 2515 2520 31434 6870
268 29 2515 2520 31576 6892
269 30 2515 2520 31740 6922
270 30 2515 2520 31910 6944
271 31 2515 2520 32064 6975
272 31 2515 2520 32248 6995
273 31 2515 2520 32419 7026
274 31 2515 2520 32613 7058
275 31 2515 2520 32815 7074
276 31 2515 2520 33000 7100
277 31 2515 2520 33172 7135
278 31 2515 2520 33308 7165
279 31 2515 2520 33473 7184
280 31 2515 2520 33631 7221
281 31 2515 2520 33798 7250
282 31 2515 2520 33949 7283
283 32 2515 2520 34086 7313
284 33 2515 2520 34266 7336
285 34 2515 2520 34450 7376
286 34 2515 2520 34608 7407
287 35 2515 2520 34808 7439
288 35 2515 2520 35009 7461
289 35 2515 2520 35268 7502
290 37 2515 2520 35496 7540
291 37 2515 2520 35782 7609
292 38 2515 2520 36122 7703
293 38 2515 2520 36482 7778
294 38 2515 2520 36826 7842
295 38 2515 2520 37144 7912
296 38 2515 2520 37478 7986
297 38 2515 2520 37809 8046
298 38 2515 2520 38197 8112
299 38 2515 2520 38505 8150
300 38 2515 2520 38807 8183
301 38 2515 2520 39090 8245
302 38 2515 2520 39352 8247
303 38 2515 2520 39623 8307
304 38 2515 2520 39880 8369
305 38 2515 2520 40090 8398
306 38 2515 2520 40283 8418
307 39 2515 2520 40513 8459
308 39 2515 2520 40737 8504
309 40 2515 2520 40985 8520
310 41 2515 2520 41209 8555
311 41 2515 2520 41478 8599
312 42 2515 2520 41752 8641
313 42 2514 2520 42054 8699
314 42 2514 2520 42364 8729
315 42 2514 2520 42639 8793
316 42 2514 2520 42883 8799
317 43 2514 2520 43109 8839
318 43 2514 2520 43426 8870
319 43 2513 2520 43747 8917
320 43 2513 2520 44084 8986
321 43 2513 2520 44398 9028
322 43 2513 2520 44688 9089
323 43 2513 2520 44959 9127
324 43 2513 2520 45274 9168
325 43 2513 2520 45523 9222
326 43 2513 2520 45842 9247
327 43 2513 2520 46140 9262
328 43 2513 2520 46381 9290
329 44 2513 2520 46607 9310
330 45 2513 2520 46857 9316
331 45 2513 2520 47086 9353
332 45 2513 2520 47381 9413
333 45 2513 2520 47743 9478
334 46 2513 2520 48032 9517
335 46 2513 2520 48299 9562
336 46 2513 2520 48609 9625
337 48 2513 2520 48897 9681
338 48 2513 2520 49219 9719
339 48 2513 2520 49533 9761
340 49 2513 2520 49873 9836
341 49 2513 2520 50198 9895
342 49 2513 2520 50535 9943
343 49 2513 2520 50877 10008
344 49 2513 2520 51184 10069
345 50 2513 2520 51554 10116
346 50 2513 2520 51842 10177
347 52 2513 2520 52199 10245
348 53 2513 2520 52515 10306
349 53 2513 2520 52863 10376
350 53 2513 2520 53215 10436
351 53 2513 2520 53559 10503
352 53 2513 2520 53961 10554
353 53 2513 2520 54281 10579
354 54 2513 2520 54614 10648
355 54 2513 2520 54966 10716
356 55 2513 2520 55317 10787
357 56 2513 2520 55739 10851
358 56 2513 2520 56119 10961
359 56 2513 2520 56521 11039
360 56 2513 2520 56931 11075
361 56 2513 2520 57274 11124
362 56 2513 2520 57637 11185
363 56 2513 2520 57970 11253
364 56 2513 2520 58318 11300
365 57 2513 2520 58609 11371
366 57 2513 2520 58943 11425
367 58 2513 2520 59303 11509
368 58 2513 2520 59642 11567
369 58 2512 2520 59964 11634
370 58 2512 2520 60251 11695
371 58 2512 2520 60541 11746
372 58 2512 2520 60826 11771
373 59 2512 2520 61153 11808
374 59 2512 2520 61486 11857
375 59 2512 2520 61819 11904
376 59 2512 2520 62115 11972
377 60 2512 2520 62398 12003
378 61 2512 2520 62708 12043
379 61 2512 2520 63067 12075
380 61 2512 2520 63406 12117
381 63 2512 2520 63702 12179
382 63 2512 2520 64086 12220
383 63 2512 2520 64455 12305
384 63 2512 2520 64838 12382
385 63 2512 2520 65226 12468
386 63 2512 2520 65625 12537
387 64 2512 2520 65967 12603
388 64 2512 2520 66294 12684
389 66 2512 2520 66657 12739
390 67 2512 2520 67034 12796
391 67 2512 2520 67394 12848
392 68 2512 2520 67829 12930
393 68 2512 2520 68276 12988
394 68 2512 2520 68714 13083
395 68 2512 2520 69190 13168
396 68 2512 2520 69632 13234
397 68 2512 2520 70043 13290
398 68 2511 2520 70448 13372
399 69 2511 2520 70873 13462
400 70 2510 2520 71301 13504
401 70 2510 2520 71730 13539
402 70 2510 2520 72185 13616
403 70 2510 2520 72548 13693
404 70 2510 2520 72923 13669
405 71 2510 2520 73314 13658
406 71 2510 2520 73701 13657
407 71 2510 2520 74053 13659
408 71 2510 2520 74433 13704
409 71 2510 2520 74769 13733
410 71 2510 2520 75160 13783
411 71 2510 2520 75532 13861
412 71 2510 2520 75871 13893
413 71 2510 2520 76223 13932
414 71 2510 2520 76524 13988
415 71 2510 2520 76838 14035
416 71 2510 2520 77122 14086
417 71 2510 2520 77389 14150
418 72 2509 2520 77672 14193
419 73 2509 2520 77988 14222
420 73 2509 2520 78301 14263
421 73 2509 2520 78649 14333
422 73 2509 2520 78953 14358
423 74 2509 2520 79295 14410
424 74 2509 2520 79586 14434
425 75 2509 2520 79910 14544
426 75 2509 2520 80213 14582
427 76 2509 2520 80508 14632
428 76 2509 2520 80825 14687
429 77 2509 2520 81153 14748
430 77 2509 2520 81479 14819
431 79 2509 2520 81829 14872
432 80 2509 2520 82206 14947
433 80 2509 2520 82601 15009
434 80 2509 2520 83002 15102
435 82 2509 2520 83352 15151
436 82 2509 2520 83759 15227
437 82 2509 2520 84180 15246
438 83 2509 2520 84591 15314
439 83 2509 2520 85016 15359
440 83 2509 2520 85462 15438
441 83 2509 2520 85923 15528
442 83 2509 2520 86293 15560
443 83 2509 2520 86736 15632
444 83 2509 2520 87112 15734
445 83 2509 2520 87559 15786
446 84 2509 2520 87961 15871
447 84 2509 2520 88366 15900
448 85 2509 2520 88716 15919
449 86 2509 2520 89096 15949
450 87 2509 2520 89427 16018
451 87 2509 2520 89829 16086
452 87 2509 2520 90202 16149
453 87 2509 2520 90611 16239
454 87 2509 2520 90996 16282
455 87 2509 2520 91331 16376
456 87 2509 2520 91729 16416
457 87 2509 2520 92038 16424
458 87 2509 2520 92353 16488
459 87 2509 2520 92685 16511
460 87 2509 2520 92959 16571
461 88 2509 2520 93270 16610
462 88 2509 2520 93598 16662
463 88 2509 2520 93959 16718
464 88 2509 2520 94255 16765
465 89 2509 2520 94598 16804
466 89 2509 2520 94938 16861
467 90 2509 2520 95240 16925
468 91 2509 2520 95584 16978
469 92 2509 2520 95911 17023
470 93 2509 2520 96298 17072
471 95 2509 2520 96724 17098
472 96 2509 2520 97134 17180
473 96 2509 2520 97604 17257
474 97 2509 2520 98143 17334
475 97 2509 2520 98590 17406
476 97 2509 2520 99103 17463
477 97 2509 2520 99630 17536
478 98 2509 2520 100127 17602
479 98 2509 2520 100636 17672
480 98 2509 2520 101154 17715
481 98 2509 2520 101662 17792
482 99 2509 2520 102099 17865
483 100 2509 2520 102571 17906
484 100 2509 2520 103001 17992
485 100 2509 2520 103495 18054
486 100 2509 2520 103919 18128
487 100 2509 2520 104403 18198
488 100 2509 2520 104818 18232
489 100 2509 2520 105305 18301
490 100 2509 2520 105708 18352
491 100 2509 2520 106121 18427
492 100 2509 2520 106527 18491
493 100 2509 2520 106879 18524
494 100 2509 2520 107201 18573
495 100 2509 2520 107614 18653
496 100 2509 2520 107928 18713
497 101 2509 2520 108268 18782
498 101 2509 2520 108638 18836
499 101 2509 2520 108927 18891
500 101 2509 2520 109213 18963
501 101 2509 2520 109521 19011
502 101 2509 2520 109819 19062
503 101 2509 2520 110108 19108
504 101 2508 2520 110409 19127
505 101 2508 2520 110713 19149
506 101 2508 2520 110949 19201
507 102 2508 2520 111257 19245
508 103 2508 2520 111520 19253
509 103 2508 2520 111768 19303
510 103 2508 2520 112026 19292
511 103 2508 2520 112329 19319
512 103 2508 2520 112585 19367
513 105 2508 2520 112840 19434
514 107 2508 2520 113066 19468
515 107 2508 2520 113391 19504
516 108 2508 2520 113756 19563
517 108 2508 2520 114172 19631
518 108 2508 2520 114535 19694
519 109 2508 2520 114935 19775
520 110 2508 2520 115329 19837
521 111 2508 2520 115749 19878
522 112 2508 2520 116153 19925
523 112 2508 2520 116650 19997
524 113 2508 2520 117068 20038
525 113 2508 2520 117515 20136
526 113 2508 2520 117972 20219
527 114 2508 2520 118377 20297
528 116 2508 2520 118756 20357
529 117 2508 2520 119200 20433
530 117 2508 2520 119704 20528
531 118 2508 2520 120177 20554
532 118 2508 2520 120619 20613
533 118 2508 2520 121110 20662
534 118 2508 2520 121619 20733
535 118 2508 2520 122097 20804
536 118 2508 2520 122586 20843
537 118 2508 2520 123072 20894
538 120 2508 2520 123564 20968
539 120 2508 2520 123982 21050
540 120 2508 2520 124444 21138
541 120 2508 2520 124882 21195
542 120 2508 2520 125271 21239
543 120 2508 2520 125730 21295
544 121 2508 2520 126115 21332
545 121 2508 2520 126509 21361
546 121 2508 2520 126943 21447
547 121 2508 2520 127307 21502
548 121 2507 2520 127630 21536
549 121 2507 2520 128006 21577
550 121 2507 2520 128347 21636
551 121 2507 2520 128716 21694
552 121 2507 2520 129119 21726
553 121 2507 2520 129416 21744
554 121 2507 2520 129737 21779
555 121 2507 2520 130060 21824
556 121 2506 2520 130384 21859
557 122 2506 2520 130709 21906
558 123 2506 2520 131011 21958
559 126 2506 2520 131376 21995
560 126 2506 2520 131795 22060
561 127 2506 2520 132212 22148
562 128 2506 2520 132683 22208
563 130 2506 2520 133111 22278
564 130 2506 2520 133591 22352
565 130 2506 2520 134154 22417
566 131 2506 2520 134663 22466
567 132 2506 2520 135222 22545
568 132 2506 2520 135728 22637
569 132 2506 2520 136263 22687
570 132 2506 2520 136760 22752
571 132 2506 2520 137243 22828
572 133 2506 2520 137772 22865
573 133 2506 2520 138208 22924
574 134 2506 2520 138756 22981
575 135 2506 2520 139200 23090
576 135 2506 2520 139702 23186
577 135 2506 2520 140198 23239
578 135 2506 2520 140643 23321
579 135 2506 2520 141140 23387
580 135 2506 2520 141681 23435
581 135 2506 2520 142173 23502
582 135 2506 2520 142598 23570
583 135 2506 2520 143070 23637
584 136 2506 2520 143479 23670
585 136 2506 2520 143917 23730
586 137 2506 2520 144313 23775
587 138 2506 2520 144738 23851
588 138 2506 2520 145147 23885
589 138 2506 2520 145553 23958
590 138 2506 2520 145923 24005
591 138 2506 2520 146367 24056
592 138 2506 2520 146699 24113
593 138 2506 2520 147103 24167
594 138 2506 2520 147482 24219
595 138 2506 2520 147850 24221
596 138 2506 2520 148240 24285
597 140 2506 2520 148612 24343
598 140 2506 2520 149028 24394
599 141 2506 2520 149429 24450
600 141 2506 2520 149901 24576
601 141 2506 2520 150336 24602
602 142 2506 2520 150685 24643
603 142 2506 2520 151094 24704
604 143 2506 2520 151538 24784
605 143 2506 2520 151964 24858
606 145 2506 2520 152437 24917
607 146 2506 2520 152832 24997
608 146 2506 2520 153285 25057
609 146 2506 2520 153713 25142
610 146 2506 2520 154175 25230
611 146 2506 2520 154611 25276
612 146 2506 2520 155066 25360
613 146 2506 2520 155457 25408
614 147 2506 2520 155924 25487
615 149 2506 2520 156365 25575
616 150 2506 2520 156827 25659
617 151 2506 2520 157341 25750
618 152 2506 2520 157856 25785
619 152 2506 2520 158381 25859
620 153 2506 2520 158878 25912
621 154 2506 2520 159356 25974
622 154 2506 2520 159928 26071
623 154 2506 2520 160509 26125
624 154 2506 2520 161011 26187
625 154 2506 2520 161550 26226
626 154 2506 2520 162068 26252
627 154 2506 2520 162680 26330
628 154 2506 2520 163207 26363
629 154 2506 2520 163670 26397
630 154 2506 2520 164157 26416
631 154 2506 2520 164637 26488
632 154 2506 2520 165062 26551
633 155 2506 2520 165457 26564
634 155 2506 2520 165900 26591
635 155 2506 2520 166325 26625
636 155 2506 2520 166715 26665
637 156 2506 2520 167099 26688
638 157 2506 2520 167541 26776
639 158 2506 2520 167991 26869
640 158 2506 2520 168433 26947
641 158 2506 2520 168866 27020
642 160 2506 2520 169313 27068
643 160 2506 2520 169815 27133
644 160 2505 2520 170307 27203
645 160 2505 2520 170777 27299
646 160 2505 2520 171233 27341
647 161 2505 2520 171703 27443
648 162 2505 2520 172188 27537
649 162 2505 2520 172656 27559
650 162 2505 2520 173134 27650
651 162 2505 2520 173617 27709
652 162 2505 2520 174057 27758
653 163 2505 2520 174486 27843
654 163 2505 2520 174959 27921
655 163 2505 2520 175455 27997
656 163 2505 2520 175871 28031
657 163 2505 2520 176266 28102
658 164 2505 2520 176713 28132
659 164 2505 2520 177137 28165
660 164 2505 2520 177584 28214
661 164 2505 2520 178001 28282
662 164 2505 2520 178384 28342
663 166 2505 2520 178767 28396
664 166 2505 2520 179149 28430
665 168 2505 2520 179571 28483
666 168 2505 2520 180049 28574
667 168 2505 2520 180561 28631
668 169 2505 2520 181010 28697
669 169 2505 2520 181496 28771
670 169 2505 2520 182049 28851
671 169 2504 2520 182535 28941
672 169 2504 2520 183034 29039
673 169 2504 2520 183510 29097
674 170 2504 2520 183997 29146
675 170 2504 2520 184462 29195
676 170 2503 2520 184877 29228
677 170 2503 2520 185395 29321
678 170 2503 2520 185825 29367
679 170 2503 2520 186269 29406
680 170 2503 2520 186742 29456
681 170 2503 2520 187121 29519
682 172 2503 2520 187517 29554
683 172 2503 2520 187906 29617
684 173 2503 2520 188316 29650
685 174 2503 2520 188739 29724
686 174 2503 2520 189154 29780
687 174 2503 2520 189568 29849
688 175 2503 2520 189941 29905
689 176 2503 2520 190402 29957
690 177 2503 2520 190885 30003
691 177 2503 2520 191334 30044
692 178 2503 2520 191811 30102
693 179 2503 2520 192273 30132
694 179 2503 2520 192736 30200
695 180 2503 2520 193238 30266
696 180 2503 2520 193714 30343
697 180 2502 2520 194178 30405
698 182 2502 2520 194642 30410
699 182 2502 2520 195150 30450
700 183 2502 2520 195684 30531
701 183 2502 2520 196225 30575
702 186 2502 2520 196706 30639
703 186 2502 2520 197236 30680
704 188 2502 2520 197811 30764
705 190 2502 2520 198395 30863
706 190 2502 2520 199012 30973
707 190 2502 2520 199649 31064
708 191 2502 2520 200288 31177
709 191 2502 2520 200959 31289
710 191 2502 2520 201523 31332
711 192 2502 2520 202145 31375
712 193 2502 2520 202805 31471
713 195 2502 2520 203467 31509
714 197 2502 2520 204078 31582
715 197 2502 2520 204750 31629
716 197 2502 2520 205386 31728
717 197 2502 2520 206041 31794
718 198 2502 2520 206599 31843
719 198 2502 2520 207191 31926
720 198 2502 2520 207777 31995
721 199 2502 2520 208331 32058
722 199 2502 2520 208931 32113
723 199 2502 2520 209503 32196
724 200 2502 2520 210086 32293
725 201 2502 2520 210744 32347
726 201 2502 2520 211307 32417
727 201 2502 2520 211890 32551
728 202 2502 2520 212422 32624
729 202 2502 2520 213003 32712
730 202 2502 2520 213626 32760
731 202 2502 2520 214141 32810
732 202 2502 2520 214726 32880
733 202 2502 2520 215305 32950
734 203 2502 2520 215851 32987
735 203 2502 2520 216360 33042
736 203 2502 2520 216888 33123
737 203 2502 2520 217419 33188
738 203 2502 2520 217932 33244
739 203 2502 2520 218452 33312
740 203 2502 2520 218869 33372
741 203 2502 2520 219330 33418
742 204 2502 2520 219812 33462
743 205 2502 2520 220292 33546
744 206 2502 2520 220732 33600
745 207 2502 2520 221154 33700
746 208 2502 2520 221679 33769
747 209 2502 2520 222226 33844
748 210 2502 2520 222758 33902
749 210 2502 2520 223277 33937
750 211 2502 2520 223896 34008
751 211 2502 2520 224523 34069
752 211 2502 2520 225125 34182
753 212 2502 2520 225645 34228
754 213 2502 2520 226256 34318
755 214 2502 2520 226795 34388
756 214 2502 2520 227334 34457
757 215 2502 2520 227846 34494
758 216 2502 2520 228443 34535
759 216 2502 2520 229039 34621
760 216 2502 2520 229677 34726
761 217 2502 2520 230230 34778
762 217 2502 2520 230809 34833
763 217 2502 2520 231337 34906
764 217 2502 2520 231910 34974
765 217 2502 2520 232453 35019
766 218 2502 2520 233008 35068
767 219 2502 2520 233591 35136
768 219 2502 2520 234131 35219
769 221 2502 2520 234706 35265
770 221 2502 2520 235254 35337
771 221 2502 2520 235864 35427
772 221 2502 2520 236511 35506
773 223 2502 2520 237093 35590
774 223 2502 2520 237702 35647
775 224 2502 2520 238299 35712
776 225 2502 2520 238988 35789
777 225 2502 2520 239627 35828
778 225 2502 2520 240218 35926
779 225 2502 2520 240749 36022
780 225 2502 2520 241359 36066
781 225 2502 2520 241908 36098
782 225 2502 2520 242429 36165
783 227 2502 2520 242946 36204
784 227 2502 2520 243540 36275
785 229 2502 2520 244122 36362
786 231 2502 2520 244703 36437
787 231 2502 2520 245259 36522
788 231 2501 2520 245936 36590
789 231 2501 2520 246541 36642
790 235 2501 2520 247134 36714
791 235 2501 2520 247804 36776
792 237 2501 2520 248421 36834
793 237 2500 2520 249150 36914
794 237 2500 2520 249945 37026
795 237 2500 2520 250672 37101
796 238 2500 2520 251364 37155
797 238 2500 2520 252082 37226
798 238 2500 2520 252774 37297
799 240 2500 2520 253502 37377
800 240 2500 2520 254284 37466
801 240 2500 2520 255006 37554
802 240 2500 2520 255759 37621
803 241 2500 2520 256475 37710
804 243 2500 2520 257233 37802
805 243 2500 2520 257860 37835
806 243 2500 2520 258514 37934
807 243 2499 2520 259182 38014
808 243 2499 2520 259834 38075
809 243 2499 2520 260488 38149
810 243 2499 2520 261079 38243
811 243 2499 2520 261725 38345
812 243 2499 2520 262283 38399
813 243 2499 2520 262857 38492
814 245 2499 2520 263533 38526
815 246 2499 2520 264061 38582
816 246 2499 2520 264614 38642
817 246 2499 2520 265234 38755
818 246 2499 2520 265817 38820
819 247 2499 2520 266413 38876
820 249 2499 2520 267038 38941
821 249 2499 2520 267585 39000
822 250 2499 2520 268132 39072
823 250 2499 2520 268697 39147
824 250 2499 2520 269312 39213
825 250 2499 2520 269889 39260
826 251 2498 2520 270528 39317
827 253 2498 2520 271109 39359
828 254 2498 2520 271843 39474
829 255 2498 2520 272489 39566
830 256 2498 2520 273161 39628
831 259 2498 2520 273796 39705
832 260 2498 2520 274478 39824
833 262 2498 2520 275143 39886
834 262 2497 2520 275970 40020
835 262 2497 2520 276851 40078
836 263 2497 2520 277605 40206
837 263 2497 2520 278426 40294
838 264 2497 2520 279191 40415
839 264 2497 2520 280015 40491
840 264 2497 2520 280822 40558
841 266 2497 2520 281556 40618
842 266 2497 2520 282348 40699
843 267 2497 2520 283147 40815
844 267 2497 2520 283906 40894
845 268 2497 2520 284599 40988
846 269 2497 2520 285327 41074
847 269 2497 2520 286055 41129
848 270 2497 2520 286780 41218
849 270 2496 2520 287509 41311
850 270 2496 2520 288157 41361
851 271 2496 2520 288839 41438
852 272 2496 2520 289429 41512
853 273 2496 2520 290061 41579
854 273 2496 2520 290743 41640
855 273 2496 2520 291386 41713
856 273 2496 2520 292055 41748
857 274 2496 2520 292689 41837
858 275 2496 2520 293330 41868
859 275 2496 2520 293953 41950
860 275 2495 2520 294617 42044
861 277 2495 2520 295287 42171
862 277 2495 2520 295970 42252
863 277 2495 2520 296584 42328
864 278 2495 2520 297238 42374
865 279 2495 2520 297915 42483
866 279 2494 2520 298620 42557
867 279 2494 2520 299211 42638
868 280 2493 2520 299863 42710
869 280 2493 2520 300496 42775
870 284 2493 2520 301205 42860
871 284 2493 2520 301947 42898
872 284 2493 2520 302670 42989
873 284 2493 2520 303395 43038
874 285 2493 2520 304120 43122
875 285 2493 2520 304805 43205
876 286 2492 2520 305549 43339
877 287 2492 2520 306347 43456
878 288 2492 2520 307073 43511
879 288 2492 2520 307751 43585
880 288 2492 2520 308533 43697
881 288 2492 2520 309273 43797
882 289 2492 2520 310018 43855
883 289 2492 2520 310786 43938
884 290 2492 2520 311534 44033
885 290 2492 2520 312241 44105
886 290 2492 2520 312946 44203
887 290 2492 2520 313623 44293
888 290 2492 2520 314215 44367
889 291 2492 2520 314858 44428
890 291 2492 2520 315479 44466
891 291 2492 2520 316101 44519
892 291 2492 2520 316728 44563
893 291 2492 2520 317311 44610
894 293 2492 2520 317890 44669
895 293 2492 2520 318495 44725
896 293 2492 2520 319007 44783
897 293 2491 2520 319562 44843
898 293 2491 2520 320125 44902
899 294 2491 2520 320663 44958
900 295 2491 2520 321178 45022
901 299 2491 2520 321747 45074
902 301 2491 2520 322332 45127
903 301 2491 2520 322956 45245
904 302 2491 2520 323637 45316
905 303 2491 2520 324416 45416
906 303 2491 2520 325152 45545
907 303 2491 2520 325916 45658
908 303 2490 2520 326633 45802
909 303 2490 2520 327342 45872
910 304 2489 2520 328040 45916
911 304 2489 2520 328800 45972
912 305 2489 2520 329570 46098
913 307 2489 2520 330346 46164
914 308 2489 2520 330985 46240
915 309 2489 2520 331686 46332
916 311 2488 2520 332461 46454
917 312 2488 2520 333210 46548
918 314 2488 2520 334044 46595
919 316 2488 2520 334849 46646
920 316 2488 2520 335652 46734
921 316 2488 2520 336525 46795
922 317 2488 2520 337383 46888
923 317 2488 2520 338234 46980
924 320 2488 2520 339114 47054
925 320 2488 2520 339978 47140
926 321 2488 2520 340877 47220
927 322 2488 2520 341745 47296
928 322 2488 2520 342569 47384
929 322 2488 2520 343430 47460
930 323 2488 2520 344260 47582
931 323 2488 2520 345119 47663
932 324 2488 2520 345906 47778
933 325 2488 2520 346723 47861
934 325 2488 2520 347519 47943
935 325 2488 2520 348264 48036
936 325 2488 2520 349014 48134
937 326 2488 2520 349826 48228
938 328 2488 2520 350594 48320
939 329 2488 2520 351321 48416
940 330 2488 2520 352071 48474
941 330 2488 2520 352812 48495
942 331 2488 2520 353604 48591
943 332 2488 2520 354357 48712
944 333 2488 2520 355161 48757
945 334 2488 2520 355968 48879
946 335 2488 2520 356813 48990
947 337 2488 2520 357668 49104
948 337 2488 2520 358479 49188
949 339 2488 2520 359396 49275
950 340 2488 2520 360244 49379
951 342 2488 2520 361119 49446
952 342 2488 2520 361955 49559
953 343 2488 2520 362858 49618
954 343 2487 2520 363751 49655
955 345 2487 2520 364607 49729
956 345 2487 2520 365457 49809
957 347 2487 2520 366424 49881
958 348 2487 2520 367348 50009
959 348 2487 2520 368201 50088
960 349 2487 2520 369114 50129
961 351 2487 2520 370013 50239
962 352 2487 2520 370889 50355
963 354 2487 2520 371786 50420
964 355 2487 2520 372682 50563
965 355 2487 2520 373604 50631
966 355 2487 2520 374491 50749
967 355 2487 2520 375430 50865
968 357 2487 2520 376343 50948
969 358 2487 2520 377399 51050
970 358 2487 2520 378394 51183
971 360 2487 2520 379319 51244
972 362 2487 2520 380335 51404
973 362 2487 2520 381241 51479
974 362 2487 2520 382245 51574
975 362 2487 2520 383161 51662
976 362 2487 2520 384052 51766
977 362 2487 2520 384993 51846
978 365 2487 2520 385851 51881
979 366 2487 2520 386741 52014
980 367 2487 2520 387627 52097
981 368 2487 2520 388566 52162
982 369 2487 2520 389489 52249
983 369 2487 2520 390430 52353
984 369 2487 2520 391334 52441
985 369 2486 2520 392211 52539
986 369 2486 2520 393093 52635
987 371 2486 2520 393952 52734
988 371 2486 2520 394759 52793
989 373 2486 2520 395588 52850
990 373 2485 2520 396503 52919
991 373 2485 2520 397360 53017
992 373 2485 2520 398276 53080
993 373 2485 2520 399195 53143
994 374 2485 2520 400015 53223
995 374 2485 2520 400869 53293
996 374 2485 2520 401654 53388
997 374 2485 2520 402429 53475
998 377 2485 2520 403208 53567
999 377 2485 2520 404007 53652
1000 377 2485 2520 404760 53735
