0 1 2519 2520 796 500
1 1 2519 2520 816 514
2 1 2519 2520 850 536
3 1 2519 2520 883 558
4 1 2519 2520 918 579
5 1 2519 2520 956 593
6 1 2519 2520 994 609
7 1 2519 2520 1026 629
8 1 2519 2520 1054 637
9 1 2519 2520 1082 651
10 1 2519 2520 1121 667
11 1 2519 2520 1144 677
12 1 2519 2520 1181 688
13 1 2519 2520 1210 703
14 1 2519 2520 1234 702
15 1 2519 2520 1254 708
16 1 2519 2520 1273 714
17 1 2519 2520 1301 721
18 1 2519 2520 1318 728
19 1 2519 2520 1324 729
20 1 2519 2520 1339 732
21 1 2519 2520 1355 737
22 1 2519 2520 1365 734
23 1 2519 2520 1392 746
24 1 2519 2520 1407 751
25 1 2519 2520 1412 748
26 1 2519 2520 1414 748
27 1 2519 2520 1415 742
28 1 2519 2520 1417 741
29 1 2519 2520 1417 738
30 1 2519 2520 1427 744
31 2 2519 2520 1431 743
32 2 2519 2520 1448 750
33 2 2519 2520 1533 790
34 2 2519 2520 1612 824
35 2 2519 2520 1680 845
36 2 2519 2520 1742 868
37 2 2519 2520 1810 884
38 2 2519 2520 1883 913
39 2 2519 2520 1964 936
40 2 2519 2520 2014 951
41 2 2519 2520 2073 969
42 2 2519 2520 2159 996
43 2 2519 2520 2220 1006
44 2 2519 2520 2276 1022
45 2 2519 2520 2315 1025
46 2 2519 2520 2365 1039
47 2 2519 2520 2398 1048
48 2 2519 2520 2439 1064
49 2 2519 2520 2462 1065
50 2 2519 2520 2481 1070
51 2 2519 2520 2513 1090
52 2 2519 2520 2530 1092
53 2 2519 2520 2542 1092
54 2 2519 2520 2549 1098
55 2 2519 2520 2571 1097
56 2 2519 2520 2590 1102
57 2 2519 2520 2602 1108
58 2 2519 2520 2614 1117
59 2 2519 2520 2618 1116
60 2 2519 2520 2630 1121
61 2 2519 2520 2637 1126
62 2 2519 2520 2642 1128
63 2 2519 2520 2649 1138
64 2 2519 2520 2654 1133
65 2 2519 2520 2667 1127
66 2 2519 2520 2676 1139
67 2 2519 2520 2685 1137
68 2 2519 2520 2692 1132
69 2 2519 2520 2685 1125
70 2 2519 2520 2701 1128
71 2 2519 2520 2698 1125
72 3 2519 2520 2699 1118
73 3 2519 2520 2720 1121
74 3 2519 2520 2785 1141
75 3 2519 2520 2849 1155
76 3 2519 2520 2929 1183
77 3 2519 2520 3009 1210
78 4 2519 2520 3096 1237
79 4 2519 2520 3169 1262
80 4 2519 2520 3274 1292
81 4 2519 2520 3382 1325
82 4 2519 2520 3464 1338
83 4 2519 2520 3563 1381
84 4 2519 2520 3664 1418
85 4 2519 2520 3763 1444
86 4 2519 2520 3835 1473
87 4 2519 2520 3941 1503
88 4 2519 2520 4028 1524
89 4 2519 2520 4113 1551
90 4 2519 2520 4192 1577
91 4 2519 2520 4293 1599
92 4 2519 2520 4378 1618
93 4 2519 2520 4448 1620
94 4 2519 2520 4521 1643
95 4 2519 2520 4577 1659
96 4 2519 2520 4659 1677
97 4 2519 2520 4720 1707
98 4 2519 2520 4787 1726
99 4 2519 2520 4845 1743
100 4 2519 2520 4878 1754
101 4 2519 2520 4936 1773
102 4 2519 2520 4981 1777
103 4 2519 2520 5026 1786
104 4 2519 2520 5056 1793
105 4 2519 2520 5093 1802
106 4 2519 2520 5113 1816
107 4 2519 2520 5137 1813
108 5 2519 2520 5169 1817
109 5 2519 2520 5209 1820
110 5 2519 2520 5293 1840
111 5 2519 2520 5367 1869
112 5 2519 2520 5447 1878
113 5 2519 2520 5508 1894
114 5 2519 2520 5585 1917
115 5 2519 2520 5672 1944
116 5 2519 2520 5733 1955
117 5 2519 2520 5797 1969
118 6 2519 2520 5851 1976
119 6 2519 2520 5924 1999
120 6 2519 2520 5999 2008
121 6 2519 2520 6120 2038
122 7 2519 2520 6237 2063
123 8 2519 2520 6336 2082
124 8 2519 2520 6470 2099
125 8 2519 2520 6647 2136
126 8 2519 2520 6803 2155
127 8 2519 2520 6956 2196
128 8 2519 2520 7132 2254
129 8 2519 2520 7292 2284
130 8 2519 2520 7450 2320
131 8 2519 2520 7600 2346
132 8 2519 2520 7762 2376
133 8 2519 2520 7900 2406
134 8 2519 2520 8034 2439
135 8 2519 2520 8151 2482
136 8 2518 2520 8287 2496
137 8 2518 2520 8421 2521
138 8 2518 2520 8580 2558
139 8 2518 2520 8718 2599
140 8 2518 2520 8866 2614
141 8 2518 2520 8987 2659
142 8 2518 2520 9090 2671
143 8 2518 2520 9194 2696
144 8 2518 2520 9290 2717
145 8 2518 2520 9370 2731
146 9 2518 2520 9432 2749
147 10 2518 2520 9510 2752
148 10 2518 2520 9581 2784
149 10 2518 2520 9669 2815
150 10 2518 2520 9778 2836
151 10 2518 2520 9887 2862
152 10 2518 2520 10001 2882
153 10 2518 2520 10134 2920
154 10 2518 2520 10224 2945
155 10 2518 2520 10330 2957
156 10 2518 2520 10458 2992
157 10 2518 2520 10597 3001
158 10 2518 2520 10737 3037
159 10 2518 2520 10837 3052
160 12 2518 2520 10952 3068
161 12 2518 2520 11071 3099
162 13 2518 2520 11227 3135
163 13 2518 2520 11440 3173
164 13 2518 2520 11631 3225
165 13 2518 2520 11806 3244
166 13 2518 2520 12043 3276
167 14 2518 2520 12278 3347
168 14 2518 2520 12505 3369
169 14 2518 2520 12740 3406
170 14 2518 2520 12950 3459
171 14 2518 2520 13170 3489
172 14 2518 2520 13380 3539
173 14 2518 2520 13596 3591
174 14 2518 2520 13752 3619
175 14 2518 2520 13927 3671
176 14 2518 2520 14144 3715
177 14 2518 2520 14288 3746
178 14 2518 2520 14471 3792
179 14 2518 2520 14648 3819
180 14 2518 2520 14786 3833
181 15 2518 2520 14957 3895
182 15 2518 2520 15072 3939
183 15 2518 2520 15211 3973
184 15 2518 2520 15357 4000
185 15 2517 2520 15502 4008
186 15 2517 2520 15689 4059
187 15 2517 2520 15903 4088
188 15 2517 2520 16071 4128
189 15 2517 2520 16232 4162
190 15 2517 2520 16369 4165
191 15 2517 2520 16500 4181
192 16 2517 2520 16614 4199
193 16 2517 2520 16743 4225
194 16 2517 2520 16886 4252
195 16 2517 2520 17002 4287
196 16 2517 2520 17103 4305
197 17 2517 2520 17190 4321
198 17 2517 2520 17325 4343
199 17 2517 2520 17481 4388
200 17 2517 2520 17633 4424
201 17 2517 2520 17790 4440
202 17 2517 2520 17932 4504
203 19 2517 2520 18085 4530
204 19 2517 2520 18267 4592
205 19 2517 2520 18505 4657
206 19 2517 2520 18702 4687
207 19 2517 2520 18898 4735
208 19 2517 2520 19084 4780
209 19 2517 2520 19297 4828
210 19 2517 2520 19498 4847
211 20 2517 2520 19700 4891
212 20 2517 2520 19904 4940
213 20 2517 2520 20106 4975
214 20 2517 2520 20297 5023
215 20 2517 2520 20477 5074
216 20 2517 2520 20648 5094
217 20 2517 2520 20846 5118
218 20 2517 2520 21008 5145
219 20 2517 2520 21219 5185
220 20 2517 2520 21329 5189
221 20 2517 2520 21474 5235
222 20 2517 2520 21621 5264
223 20 2517 2520 21758 5293
224 20 2517 2520 21889 5303
225 20 2517 2520 21991 5338
226 20 2517 2520 22110 5354
227 20 2517 2520 22215 5381
228 20 2517 2520 22306 5397
229 20 2517 2520 22411 5433
230 20 2517 2520 22499 5444
231 20 2517 2520 22573 5461
232 20 2517 2520 22656 5474
233 20 2517 2520 22724 5499
234 21 2517 2520 22794 5505
235 21 2517 2520 22905 5526
236 21 2517 2520 22995 5543
237 21 2517 2520 23116 5576
238 21 2517 2520 23242 5611
239 22 2517 2520 23326 5632
240 23 2517 2520 23427 5648
241 23 2517 2520 23591 5693
242 23 2517 2520 23777 5731
243 23 2516 2520 23950 5786
244 23 2516 2520 24119 5810
245 23 2516 2520 24287 5832
246 24 2516 2520 24442 5855
247 24 2516 2520 24613 5908
248 25 2516 2520 24819 5914
249 26 2516 2520 25046 5948
250 26 2516 2520 25263 5982
251 26 2516 2520 25515 6029
252 26 2516 2520 25777 6075
253 26 2516 2520 26009 6122
254 26 2516 2520 26246 6152
255 26 2516 2520 26456 6192
256 26 2516 2520 26659 6236
257 26 2516 2520 26862 6288
258 26 2516 2520 27073 6328
259 26 2516 2520 27254 6362
260 26 2516 2520 27411 6378
261 26 2516 2520 27567 6397
262 26 2516 2520 27711 6432
263 27 2516 2520 27858 6431
264 27 2516 2520 28007 6451
265 28 2516 2520 28170 6475
266 28 2516 2520 28314 6512
267 28 2516 2520 28502 6564
268 28 2516 2520 28667 6615
269 28 2516 2520 28834 6639
270 28 2516 2520 28992 6654
271 28 2516 2520 29172 6705
272 29 2516 2520 29369 6739
273 29 2516 2520 29536 6777
274 29 2516 2520 29750 6814
275 29 2516 2520 29906 6852
276 29 2516 2520 30097 6875
277 29 2516 2520 30269 6901
278 29 2516 2520 30416 6943
279 29 2516 2520 30579 6995
280 29 2516 2520 30704 7017
281 30 2516 2520 30829 7049
282 31 2516 2520 30983 7071
283 31 2516 2520 31162 7101
284 31 2516 2520 31357 7166
285 31 2516 2520 31584 7236
286 31 2516 2520 31770 7264
287 31 2516 2520 31989 7301
288 31 2516 2520 32170 7349
289 31 2516 2520 32375 7393
290 31 2515 2520 32522 7447
291 31 2515 2520 32718 7474
292 31 2515 2520 32894 7514
293 31 2515 2520 33051 7560
294 32 2515 2520 33194 7551
295 33 2515 2520 33381 7595
296 33 2515 2520 33572 7636
297 33 2515 2520 33784 7672
298 33 2515 2520 33978 7699
299 33 2515 2520 34167 7720
300 33 2515 2520 34344 7753
301 33 2515 2520 34547 7781
302 33 2515 2520 34779 7827
303 33 2515 2520 35027 7874
304 33 2515 2520 35197 7907
305 34 2515 2520 35355 7966
306 34 2515 2520 35565 8010
307 35 2515 2520 35756 8051
308 35 2515 2520 35951 8083
309 35 2515 2520 36182 8117
310 35 2515 2520 36395 8170
311 35 2515 2520 36596 8199
312 35 2515 2520 36779 8248
313 35 2515 2520 36962 8272
314 35 2515 2520 37168 8307
315 35 2515 2520 37353 8325
316 35 2515 2520 37551 8374
317 35 2515 2520 37717 8407
318 36 2515 2520 37870 8439
319 36 2515 2520 38038 8478
320 36 2515 2520 38226 8513
321 36 2515 2520 38376 8553
322 36 2515 2520 38564 8590
323 36 2515 2520 38759 8642
324 37 2515 2520 38918 8680
325 38 2515 2520 39121 8720
326 39 2515 2520 39327 8797
327 39 2515 2520 39560 8854
328 39 2515 2520 39787 8899
329 39 2515 2520 40055 8957
330 39 2515 2520 40261 9012
331 39 2515 2520 40494 9065
332 39 2515 2520 40715 9094
333 39 2515 2520 40930 9112
334 39 2515 2520 41196 9174
335 39 2515 2520 41394 9210
336 39 2515 2520 41607 9252
337 39 2515 2520 41821 9276
338 39 2515 2520 42042 9322
339 40 2515 2520 42270 9367
340 40 2515 2520 42473 9393
341 41 2515 2520 42694 9455
342 42 2515 2520 42920 9508
343 42 2515 2520 43129 9557
344 43 2515 2520 43340 9603
345 43 2515 2520 43560 9649
346 43 2515 2520 43800 9700
347 43 2515 2520 44062 9737
348 43 2515 2520 44270 9772
349 43 2515 2520 44538 9823
350 43 2515 2520 44784 9861
351 43 2515 2520 45024 9898
352 43 2515 2520 45256 9937
353 43 2515 2520 45480 9994
354 43 2515 2520 45655 10021
355 44 2515 2520 45865 10052
356 44 2515 2520 46050 10074
357 45 2515 2520 46277 10131
358 45 2515 2520 46549 10164
359 45 2515 2520 46794 10216
360 45 2515 2520 47011 10253
361 46 2515 2520 47237 10291
362 46 2515 2520 47440 10333
363 46 2515 2520 47672 10375
364 46 2515 2520 47927 10436
365 46 2515 2520 48158 10503
366 46 2515 2520 48424 10565
367 46 2515 2520 48634 10595
368 46 2515 2520 48864 10638
369 46 2515 2520 49061 10680
370 46 2515 2520 49279 10716
371 46 2515 2520 49466 10764
372 47 2515 2520 49709 10825
373 47 2515 2520 49937 10863
374 47 2515 2520 50177 10889
375 47 2515 2520 50407 10893
376 47 2515 2520 50579 10933
377 47 2515 2520 50779 10987
378 47 2515 2520 50912 11010
379 47 2515 2520 51051 11023
380 47 2515 2520 51231 11061
381 48 2515 2520 51390 11103
382 48 2515 2520 51602 11131
383 48 2515 2520 51764 11148
384 48 2515 2520 51940 11167
385 48 2515 2520 52124 11192
386 48 2515 2520 52301 11213
387 48 2515 2520 52501 11268
388 49 2515 2520 52642 11307
389 49 2515 2520 52840 11315
390 51 2515 2520 52995 11373
391 51 2515 2520 53189 11422
392 51 2515 2520 53388 11468
393 52 2515 2520 53603 11510
394 52 2515 2520 53835 11551
395 53 2515 2520 54095 11605
396 53 2515 2520 54372 11651
397 53 2515 2520 54641 11682
398 53 2515 2520 54903 11699
399 53 2515 2520 55187 11734
400 53 2515 2520 55494 11786
401 54 2515 2520 55787 11839
402 55 2515 2520 56073 11890
403 56 2515 2520 56405 11956
404 56 2515 2520 56685 11999
405 56 2515 2520 56997 12056
406 56 2515 2520 57310 12109
407 56 2514 2520 57618 12178
408 57 2514 2520 57900 12221
409 57 2514 2520 58222 12269
410 57 2514 2520 58528 12350
411 57 2514 2520 58800 12381
412 57 2514 2520 59125 12432
413 57 2514 2520 59401 12476
414 58 2514 2520 59729 12545
415 58 2514 2520 60047 12577
416 58 2514 2520 60334 12618
417 58 2514 2520 60622 12668
418 59 2514 2520 60867 12688
419 59 2514 2520 61175 12718
420 59 2514 2520 61454 12760
421 59 2514 2520 61776 12797
422 59 2514 2520 62073 12828
423 61 2514 2520 62374 12857
424 61 2514 2520 62683 12910
425 61 2514 2520 62962 12971
426 61 2514 2520 63267 12981
427 62 2514 2520 63575 13021
428 62 2513 2520 63905 13081
429 62 2513 2520 64245 13118
430 62 2513 2520 64593 13171
431 62 2513 2520 64910 13179
432 62 2513 2520 65230 13264
433 62 2513 2520 65537 13300
434 62 2513 2520 65822 13340
435 62 2513 2520 66091 13370
436 62 2513 2520 66391 13420
437 63 2513 2520 66685 13446
438 64 2513 2520 66907 13471
439 64 2513 2520 67203 13538
440 64 2513 2520 67468 13563
441 64 2513 2520 67774 13596
442 64 2513 2520 68032 13642
443 64 2513 2520 68299 13660
444 64 2513 2520 68586 13711
445 64 2513 2520 68840 13769
446 66 2513 2520 69089 13806
447 66 2513 2520 69315 13838
448 68 2513 2520 69541 13880
449 68 2513 2520 69858 13914
450 69 2513 2520 70203 13955
451 70 2513 2520 70567 14005
452 70 2513 2520 70898 14059
453 71 2513 2520 71313 14121
454 71 2513 2520 71732 14200
455 71 2513 2520 72160 14288
456 71 2513 2520 72603 14365
457 71 2513 2520 72992 14402
458 71 2513 2520 73431 14480
459 71 2513 2520 73802 14549
460 71 2513 2520 74220 14642
461 71 2512 2520 74611 14692
462 72 2512 2520 74995 14734
463 73 2512 2520 75397 14785
464 73 2512 2520 75783 14824
465 73 2512 2520 76182 14878
466 74 2512 2520 76528 14912
467 74 2512 2520 76917 14956
468 74 2512 2520 77219 15002
469 74 2512 2520 77594 15045
470 74 2512 2520 77933 15104
471 75 2512 2520 78295 15124
472 75 2512 2520 78717 15181
473 76 2512 2520 79076 15257
474 76 2512 2520 79413 15314
475 76 2512 2520 79782 15381
476 76 2512 2520 80132 15434
477 76 2512 2520 80458 15502
478 76 2512 2520 80825 15557
479 77 2511 2520 81142 15580
480 77 2511 2520 81519 15651
481 77 2511 2520 81856 15716
482 78 2511 2520 82192 15788
483 78 2511 2520 82511 15828
484 78 2510 2520 82834 15867
485 78 2510 2520 83151 15890
486 78 2510 2520 83511 15927
487 78 2510 2520 83791 15958
488 78 2510 2520 84070 15978
489 78 2510 2520 84346 16014
490 78 2510 2520 84632 16062
491 78 2510 2520 84898 16064
492 79 2510 2520 85155 16032
493 81 2510 2520 85428 16063
494 83 2510 2520 85691 16092
495 83 2510 2520 86000 16127
496 83 2510 2520 86350 16201
497 83 2510 2520 86705 16267
498 83 2510 2520 87048 16300
499 83 2510 2520 87403 16348
500 83 2510 2520 87770 16412
501 83 2510 2520 88095 16487
502 83 2510 2520 88428 16558
503 83 2510 2520 88796 16595
504 83 2510 2520 89173 16657
505 83 2510 2520 89465 16676
506 84 2510 2520 89779 16692
507 85 2509 2520 90075 16729
508 85 2509 2520 90392 16742
509 85 2509 2520 90673 16764
510 85 2509 2520 90968 16801
511 85 2509 2520 91269 16820
512 85 2509 2520 91566 16864
513 85 2509 2520 91874 16891
514 85 2509 2520 92156 16916
515 86 2508 2520 92430 16933
516 86 2508 2520 92681 16937
517 87 2508 2520 93014 17003
518 87 2508 2520 93302 17029
519 87 2508 2520 93625 17117
520 88 2508 2520 93879 17153
521 88 2508 2520 94193 17171
522 88 2508 2520 94513 17231
523 88 2508 2520 94792 17270
524 89 2508 2520 95143 17325
525 89 2508 2520 95442 17366
526 89 2508 2520 95744 17429
527 89 2508 2520 96048 17448
528 90 2508 2520 96352 17510
529 91 2508 2520 96721 17547
530 93 2508 2520 97041 17564
531 94 2508 2520 97383 17591
532 95 2508 2520 97733 17638
533 95 2508 2520 98174 17682
534 95 2508 2520 98533 17722
535 96 2508 2520 98914 17771
536 96 2508 2520 99337 17847
537 98 2508 2520 99768 17883
538 99 2508 2520 100139 17956
539 99 2508 2520 100591 18025
540 99 2508 2520 101042 18097
541 99 2508 2520 101444 18172
542 99 2508 2520 101840 18206
543 99 2508 2520 102220 18249
544 101 2508 2520 102619 18309
545 101 2508 2520 103000 18389
546 101 2508 2520 103451 18435
547 101 2508 2520 103905 18498
548 101 2508 2520 104333 18556
549 101 2508 2520 104703 18627
550 101 2508 2520 105097 18680
551 101 2508 2520 105519 18721
552 101 2508 2520 105862 18758
553 101 2508 2520 106216 18809
554 101 2508 2520 106576 18870
555 101 2508 2520 106921 18910
556 102 2508 2520 107210 18955
557 102 2508 2520 107547 18978
558 102 2508 2520 107845 19052
559 102 2508 2520 108170 19058
560 102 2508 2520 108501 19116
561 104 2508 2520 108743 19144
562 104 2508 2520 109044 19200
563 104 2508 2520 109372 19264
564 104 2508 2520 109697 19304
565 104 2508 2520 110043 19329
566 104 2508 2520 110417 19358
567 104 2508 2520 110712 19400
568 104 2508 2520 110976 19420
569 104 2508 2520 111259 19461
570 104 2508 2520 111605 19500
571 106 2508 2520 111869 19528
572 106 2508 2520 112198 19560
573 107 2508 2520 112554 19614
574 107 2508 2520 112968 19670
575 107 2508 2520 113365 19725
576 107 2508 2520 113723 19805
577 108 2508 2520 114105 19851
578 108 2508 2520 114441 19897
579 108 2508 2520 114806 19941
580 108 2508 2520 115125 20011
581 108 2508 2520 115484 20061
582 108 2508 2520 115807 20098
583 110 2508 2520 116143 20137
584 110 2508 2520 116476 20198
585 110 2508 2520 116761 20213
586 111 2508 2520 117106 20234
587 111 2508 2520 117431 20252
588 112 2508 2520 117801 20328
589 112 2508 2520 118174 20395
590 112 2508 2520 118561 20450
591 112 2508 2520 118920 20505
592 112 2508 2520 119329 20547
593 112 2508 2520 119749 20597
594 112 2508 2520 120104 20646
595 113 2508 2520 120484 20704
596 113 2508 2520 120862 20761
597 115 2508 2520 121210 20805
598 115 2508 2520 121579 20847
599 117 2508 2520 121973 20921
600 117 2508 2520 122414 20975
601 117 2508 2520 122862 21079
602 117 2508 2520 123285 21161
603 118 2508 2520 123738 21233
604 118 2508 2520 124234 21260
605 119 2508 2520 124775 21337
606 119 2508 2520 125245 21409
607 120 2508 2520 125649 21474
608 120 2508 2520 126104 21551
609 120 2508 2520 126548 21591
610 120 2508 2520 127020 21666
611 120 2508 2520 127474 21737
612 120 2508 2520 127904 21822
613 121 2508 2520 128346 21890
614 122 2508 2520 128712 21946
615 122 2508 2520 129125 22006
616 124 2508 2520 129520 22020
617 124 2508 2520 129947 22065
618 124 2508 2520 130382 22130
619 124 2508 2520 130854 22240
620 124 2508 2520 131248 22275
621 124 2508 2520 131724 22333
622 124 2508 2520 132162 22391
623 124 2508 2520 132610 22468
624 124 2508 2520 133020 22553
625 124 2507 2520 133419 22624
626 124 2507 2520 133808 22656
627 125 2507 2520 134154 22674
628 125 2507 2520 134566 22746
629 126 2507 2520 135013 22801
630 126 2507 2520 135394 22842
631 126 2507 2520 135760 22883
632 126 2507 2520 136137 22917
633 126 2506 2520 136494 22977
634 127 2506 2520 136895 23023
635 129 2506 2520 137306 23041
636 130 2506 2520 137723 23106
637 130 2506 2520 138157 23172
638 131 2506 2520 138586 23224
639 133 2506 2520 138986 23249
640 133 2506 2520 139456 23327
641 134 2506 2520 139960 23384
642 134 2506 2520 140510 23440
643 134 2506 2520 141044 23520
644 135 2506 2520 141532 23595
645 135 2506 2520 142027 23647
646 135 2506 2520 142575 23685
647 136 2506 2520 143095 23733
648 137 2506 2520 143556 23824
649 138 2506 2520 144036 23926
650 138 2506 2520 144535 23953
651 138 2506 2520 145045 24022
652 138 2506 2520 145597 24095
653 138 2506 2520 146136 24191
654 138 2506 2520 146662 24244
655 139 2506 2520 147174 24310
656 140 2506 2520 147701 24358
657 141 2506 2520 148219 24428
658 141 2506 2520 148666 24492
659 141 2506 2520 149209 24602
660 141 2506 2520 149758 24669
661 141 2506 2520 150255 24736
662 141 2506 2520 150746 24829
663 141 2506 2520 151191 24872
664 142 2506 2520 151600 24925
665 142 2506 2520 152008 24992
666 142 2506 2520 152479 25067
667 142 2506 2520 152918 25111
668 142 2506 2520 153361 25190
669 142 2506 2520 153843 25275
670 143 2506 2520 154276 25334
671 145 2506 2520 154681 25407
672 145 2506 2520 155100 25465
673 145 2506 2520 155583 25553
674 147 2506 2520 156073 25622
675 147 2506 2520 156595 25712
676 148 2506 2520 157109 25765
677 149 2506 2520 157642 25842
678 149 2506 2520 158173 25923
679 150 2506 2520 158764 26014
680 150 2506 2520 159340 26100
681 150 2506 2520 159850 26163
682 153 2506 2520 160387 26238
683 153 2506 2520 160928 26289
684 153 2506 2520 161537 26401
685 153 2506 2520 162118 26501
686 153 2506 2520 162669 26578
687 154 2506 2520 163211 26634
688 155 2506 2520 163761 26729
689 155 2506 2520 164328 26845
690 156 2506 2520 164847 26929
691 156 2506 2520 165335 26997
692 156 2506 2520 165870 27082
693 157 2506 2520 166405 27117
694 158 2506 2520 166971 27190
695 159 2506 2520 167497 27262
696 160 2506 2520 168068 27332
697 160 2506 2520 168657 27407
698 160 2506 2520 169250 27487
699 160 2506 2520 169909 27560
700 160 2506 2520 170453 27620
701 161 2506 2520 170975 27732
702 161 2506 2520 171497 27778
703 162 2506 2520 172010 27838
704 162 2506 2520 172513 27920
705 162 2506 2520 173084 27998
706 162 2506 2520 173573 28029
707 163 2506 2520 174015 28112
708 165 2506 2520 174492 28190
709 165 2506 2520 175050 28272
710 165 2506 2520 175597 28345
711 165 2506 2520 176061 28391
712 166 2506 2520 176595 28446
713 166 2506 2520 177078 28496
714 167 2506 2520 177652 28580
715 168 2505 2520 178184 28689
716 168 2505 2520 178675 28752
717 168 2504 2520 179245 28831
718 168 2504 2520 179793 28897
719 170 2504 2520 180339 28964
720 171 2504 2520 180844 29040
721 172 2504 2520 181458 29139
722 173 2504 2520 182147 29205
723 175 2504 2520 182752 29294
724 176 2504 2520 183358 29370
725 177 2504 2520 183970 29487
726 177 2504 2520 184568 29532
727 179 2504 2520 185224 29652
728 180 2504 2520 185874 29743
729 182 2504 2520 186556 29860
730 182 2504 2520 187247 29939
731 183 2504 2520 187858 29984
732 183 2503 2520 188588 30080
733 183 2503 2520 189298 30156
734 183 2503 2520 189955 30253
735 183 2503 2520 190612 30348
736 183 2503 2520 191301 30458
737 183 2503 2520 191958 30507
738 185 2503 2520 192581 30561
739 186 2503 2520 193188 30634
740 186 2503 2520 193860 30699
741 186 2503 2520 194445 30764
742 186 2503 2520 195047 30806
743 186 2503 2520 195688 30908
744 187 2503 2520 196293 30991
745 187 2503 2520 196869 31058
746 187 2503 2520 197380 31111
747 188 2502 2520 197954 31179
748 188 2502 2520 198530 31282
749 188 2502 2520 199137 31347
750 188 2502 2520 199733 31401
751 188 2502 2520 200284 31463
752 188 2502 2520 200821 31477
753 188 2502 2520 201362 31549
754 189 2502 2520 201961 31618
755 190 2502 2520 202486 31673
756 192 2502 2520 203043 31726
757 192 2502 2520 203572 31781
758 194 2502 2520 204099 31860
759 195 2502 2520 204651 31997
760 195 2502 2520 205287 32089
761 195 2502 2520 205890 32163
762 195 2502 2520 206537 32247
763 195 2502 2520 207087 32297
764 195 2502 2520 207730 32377
765 196 2502 2520 208260 32439
766 197 2502 2520 208796 32493
767 197 2502 2520 209375 32569
768 198 2502 2520 209955 32651
769 200 2502 2520 210589 32743
770 200 2502 2520 211202 32832
771 200 2502 2520 211841 32971
772 201 2502 2520 212459 33015
773 201 2502 2520 213075 33073
774 201 2502 2520 213696 33141
775 201 2502 2520 214298 33199
776 202 2502 2520 214886 33299
777 203 2502 2520 215510 33339
778 204 2502 2520 216085 33418
779 205 2502 2520 216715 33450
780 205 2500 2520 217312 33527
781 205 2500 2520 217957 33589
782 207 2500 2520 218499 33674
783 209 2500 2520 219075 33744
784 209 2500 2520 219696 33816
785 209 2500 2520 220354 33883
786 210 2500 2520 221003 33954
787 210 2500 2520 221695 34077
788 211 2500 2520 222320 34143
789 212 2500 2520 223015 34222
790 213 2499 2520 223700 34311
791 213 2499 2520 224368 34391
792 213 2499 2520 225082 34481
793 213 2499 2520 225731 34550
794 215 2499 2520 226417 34640
795 216 2499 2520 227083 34724
796 216 2499 2520 227754 34812
797 216 2499 2520 228400 34912
798 217 2499 2520 229028 34948
799 219 2499 2520 229782 35039
800 219 2499 2520 230478 35150
801 219 2499 2520 231169 35253
802 219 2499 2520 231904 35333
803 219 2499 2520 232530 35398
804 220 2499 2520 233258 35505
805 220 2499 2520 233949 35593
806 220 2499 2520 234633 35671
807 221 2499 2520 235334 35730
808 222 2499 2520 236007 35844
809 223 2499 2520 236687 35939
810 223 2499 2520 237402 36027
811 223 2499 2520 238082 36099
812 225 2499 2520 238777 36197
813 226 2499 2520 239378 36314
814 226 2499 2520 240055 36383
815 226 2499 2520 240767 36505
816 226 2499 2520 241471 36622
817 227 2499 2520 242128 36697
818 227 2499 2520 242763 36759
819 227 2499 2520 243442 36818
820 228 2499 2520 244154 36889
821 229 2499 2520 244783 36969
822 229 2499 2520 245432 37023
823 229 2499 2520 246080 37084
824 230 2499 2520 246703 37183
825 230 2499 2520 247300 37251
826 231 2499 2520 247896 37305
827 231 2499 2520 248544 37413
828 231 2499 2520 249183 37508
829 232 2499 2520 249827 37537
830 233 2499 2520 250467 37602
831 235 2499 2520 251067 37704
832 237 2499 2520 251678 37783
833 237 2499 2520 252427 37885
834 238 2499 2520 253146 37966
835 239 2499 2520 253887 38062
836 241 2499 2520 254638 38136
837 242 2499 2520 255466 38238
838 242 2499 2520 256226 38375
839 242 2499 2520 256971 38489
840 243 2499 2520 257785 38577
841 244 2499 2520 258605 38699
842 246 2499 2520 259337 38820
843 246 2499 2520 260192 38926
844 246 2499 2520 260985 39039
845 246 2499 2520 261773 39150
846 246 2499 2520 262476 39245
847 247 2499 2520 263246 39358
848 248 2499 2520 263951 39492
849 248 2499 2520 264701 39558
850 249 2499 2520 265462 39683
851 250 2499 2520 266183 39749
852 250 2499 2520 266876 39870
853 251 2499 2520 267622 40001
854 251 2499 2520 268342 40082
855 252 2499 2520 269089 40191
856 253 2499 2520 269770 40294
857 255 2499 2520 270484 40440
858 255 2499 2520 271149 40495
859 256 2499 2520 271878 40589
860 257 2499 2520 272635 40660
861 258 2499 2520 273364 40784
862 258 2499 2520 274054 40887
863 259 2499 2520 274795 40964
864 261 2499 2520 275526 41045
865 263 2498 2520 276268 41160
866 263 2498 2520 277040 41247
867 265 2498 2520 277838 41361
868 266 2498 2520 278656 41476
869 266 2498 2520 279554 41617
870 266 2498 2520 280407 41755
871 266 2498 2520 281255 41880
872 266 2498 2520 282078 42008
873 267 2498 2520 282953 42132
874 267 2498 2520 283753 42231
875 269 2498 2520 284479 42349
876 269 2498 2520 285311 42486
877 270 2498 2520 286169 42622
878 271 2498 2520 286920 42714
879 271 2498 2520 287758 42835
880 273 2498 2520 288607 42966
881 273 2498 2520 289414 43063
882 274 2498 2520 290224 43213
883 276 2498 2520 291054 43332
884 277 2498 2520 291863 43430
885 278 2498 2520 292689 43525
886 279 2498 2520 293513 43659
887 279 2498 2520 294301 43730
888 280 2498 2520 295171 43857
889 281 2498 2520 295923 43995
890 282 2498 2520 296822 44077
891 282 2498 2520 297689 44195
892 282 2498 2520 298511 44281
893 283 2498 2520 299282 44330
894 284 2498 2520 300079 44432
895 284 2498 2520 300903 44568
896 284 2498 2520 301706 44660
897 284 2497 2520 302501 44774
898 284 2497 2520 303331 44859
899 284 2497 2520 304076 44925
900 284 2497 2520 304804 44994
901 285 2497 2520 305489 45049
902 285 2497 2520 306238 45136
903 286 2497 2520 306818 45222
904 287 2497 2520 307504 45281
905 288 2497 2520 308223 45398
906 290 2497 2520 308971 45450
907 290 2497 2520 309645 45509
908 293 2497 2520 310339 45619
909 296 2497 2520 311150 45754
910 297 2496 2520 311919 45827
911 297 2496 2520 312732 45914
912 299 2496 2520 313618 46043
913 301 2496 2520 314581 46121
914 302 2496 2520 315489 46227
915 302 2496 2520 316362 46376
916 302 2496 2520 317227 46472
917 302 2496 2520 318063 46565
918 302 2495 2520 318941 46703
919 303 2495 2520 319855 46843
920 303 2495 2520 320806 46940
921 304 2495 2520 321629 47045
922 305 2495 2520 322456 47217
923 308 2495 2520 323291 47251
924 310 2495 2520 324173 47376
925 311 2495 2520 325067 47485
926 311 2495 2520 325983 47555
927 311 2495 2520 326926 47683
928 313 2495 2520 327835 47780
929 314 2495 2520 328851 47924
930 314 2495 2520 329875 48064
931 314 2495 2520 330944 48215
932 314 2495 2520 331902 48365
933 314 2494 2520 332845 48473
934 314 2494 2520 333768 48588
935 315 2494 2520 334584 48679
936 318 2494 2520 335494 48708
937 319 2494 2520 336366 48863
938 321 2494 2520 337303 48919
939 321 2494 2520 338205 49053
940 321 2494 2520 339164 49158
941 321 2494 2520 340090 49256
942 321 2494 2520 341070 49353
943 321 2494 2520 341954 49460
944 322 2494 2520 342776 49557
945 323 2494 2520 343639 49679
946 324 2494 2520 344459 49726
947 325 2494 2520 345327 49793
948 328 2494 2520 346149 49889
949 330 2494 2520 346964 50007
950 330 2494 2520 347881 50154
951 332 2494 2520 348800 50222
952 334 2494 2520 349694 50320
953 334 2494 2520 350678 50375
954 334 2494 2520 351572 50496
955 334 2494 2520 352563 50577
956 334 2494 2520 353597 50738
957 334 2494 2520 354618 50845
958 334 2494 2520 355539 50995
959 334 2493 2520 356420 51075
960 335 2493 2520 357236 51136
961 335 2493 2520 358075 51263
962 336 2493 2520 358947 51352
963 337 2493 2520 359847 51489
964 338 2493 2520 360712 51595
965 339 2493 2520 361572 51693
966 340 2493 2520 362377 51749
967 342 2493 2520 363202 51804
968 342 2493 2520 364005 51963
969 343 2493 2520 364868 52025
970 344 2493 2520 365684 52122
971 345 2493 2520 366599 52237
972 345 2493 2520 367481 52282
973 345 2493 2520 368419 52363
974 345 2493 2520 369294 52472
975 345 2493 2520 370226 52544
976 346 2493 2520 371154 52597
977 347 2493 2520 371978 52711
978 347 2493 2520 372882 52825
979 347 2493 2520 373749 52928
980 347 2493 2520 374552 53024
981 347 2493 2520 375373 53105
982 348 2493 2520 376156 53195
983 349 2493 2520 376985 53301
984 349 2493 2520 377748 53383
985 349 2493 2520 378599 53451
986 351 2493 2520 379304 53534
987 351 2493 2520 380064 53680
988 351 2493 2520 380852 53754
989 351 2493 2520 381660 53854
990 354 2493 2520 382355 53915
991 354 2493 2520 383047 53974
992 354 2493 2520 383830 54053
993 354 2492 2520 384611 54142
994 354 2492 2520 385433 54207
995 355 2492 2520 386181 54257
996 356 2492 2520 386958 54326
997 359 2492 2520 387684 54368
998 360 2492 2520 388526 54444
999 360 2492 2520 389382 54498
1000 361 2492 2520 390256 54651
