1 1 0 140 0 2 0 120
2 2 140 160 0.00 0.05 0 5
3 2 140 160 0.05 0.10 0 5
4 2 140 160 0.10 0.15 0 5
5 2 140 160 0.15 0.20 0 5
6 2 140 160 0.20 0.25 0 5
7 2 140 160 0.25 0.30 0 5
8 2 140 160 0.30 0.35 0 5
9 2 140 160 0.35 0.40 0 5
10 2 140 160 0.40 0.45 0 5
11 2 140 160 0.45 0.50 0 5
12 2 140 160 0.50 0.55 0 5
13 2 140 160 0.55 0.60 0 5
14 2 140 160 0.60 0.65 0 5
15 2 140 160 0.65 0.70 0 5
16 2 140 160 0.70 0.75 0 5
17 2 140 160 0.75 0.80 0 5
18 2 140 160 0.80 0.85 0 5
19 2 140 160 0.85 0.90 0 5
20 2 140 160 0.90 0.95 0 5
21 2 140 160 0.95 1.00 0 5
22 2 140 160 1.00 1.05 0 5
23 2 140 160 1.05 1.10 0 5
24 2 140 160 1.10 1.15 0 5
25 2 140 160 1.15 1.20 0 5
26 2 140 160 1.20 1.25 0 5
27 2 140 160 1.25 1.30 0 5
28 2 140 160 1.30 1.35 0 5
29 2 140 160 1.35 1.40 0 5
30 2 140 160 1.40 1.45 0 5
31 2 140 160 1.45 1.50 0 5
32 2 140 160 1.50 1.55 0 5
33 2 140 160 1.55 1.60 0 5
34 2 140 160 1.60 1.65 0 5
35 2 140 160 1.65 1.70 0 5
36 2 140 160 1.70 1.75 0 5
37 2 140 160 1.75 1.80 0 5
38 2 140 160 1.80 1.85 0 5
39 2 140 160 1.85 1.90 0 5
40 2 140 160 1.90 1.95 0 5
41 2 140 160 1.95 2.00 0 5
42 2 140 160 0.00 0.05 5 10
43 2 140 160 0.05 0.10 5 10
44 2 140 160 0.10 0.15 5 10
45 2 140 160 0.15 0.20 5 10
46 2 140 160 0.20 0.25 5 10
47 2 140 160 0.25 0.30 5 10
48 2 140 160 0.30 0.35 5 10
49 2 140 160 0.35 0.40 5 10
50 2 140 160 0.40 0.45 5 10
51 2 140 160 0.45 0.50 5 10
52 2 140 160 0.50 0.55 5 10
53 2 140 160 0.55 0.60 5 10
54 2 140 160 0.60 0.65 5 10
55 2 140 160 0.65 0.70 5 10
56 2 140 160 0.70 0.75 5 10
57 2 140 160 0.75 0.80 5 10
58 2 140 160 0.80 0.85 5 10
59 2 140 160 0.85 0.90 5 10
60 2 140 160 0.90 0.95 5 10
61 2 140 160 0.95 1.00 5 10
62 2 140 160 1.00 1.05 5 10
63 2 140 160 1.05 1.10 5 10
64 2 140 160 1.10 1.15 5 10
65 2 140 160 1.15 1.20 5 10
66 2 140 160 1.20 1.25 5 10
67 2 140 160 1.25 1.30 5 10
68 2 140 160 1.30 1.35 5 10
69 2 140 160 1.35 1.40 5 10
70 2 140 160 1.40 1.45 5 10
71 2 140 160 1.45 1.50 5 10
72 2 140 160 1.50 1.55 5 10
73 2 140 160 1.55 1.60 5 10
74 2 140 160 1.60 1.65 5 10
75 2 140 160 1.65 1.70 5 10
76 2 140 160 1.70 1.75 5 10
77 2 140 160 1.75 1.80 5 10
78 2 140 160 1.80 1.85 5 10
79 2 140 160 1.85 1.90 5 10
80 2 140 160 1.90 1.95 5 10
81 2 140 160 1.95 2.00 5 10
82 2 140 160 0.00 0.05 10 15
83 2 140 160 0.05 0.10 10 15
84 2 140 160 0.10 0.15 10 15
85 2 140 160 0.15 0.20 10 15
86 2 140 160 0.20 0.25 10 15
87 2 140 160 0.25 0.30 10 15
88 2 140 160 0.30 0.35 10 15
89 2 140 160 0.35 0.40 10 15
90 2 140 160 0.40 0.45 10 15
91 2 140 160 0.45 0.50 10 15
92 2 140 160 0.50 0.55 10 15
93 2 140 160 0.55 0.60 10 15
94 2 140 160 0.60 0.65 10 15
95 2 140 160 0.65 0.70 10 15
96 2 140 160 0.70 0.75 10 15
97 2 140 160 0.75 0.80 10 15
98 2 140 160 0.80 0.85 10 15
99 2 140 160 0.85 0.90 10 15
100 2 140 160 0.90 0.95 10 15
101 2 140 160 0.95 1.00 10 15
102 2 140 160 1.00 1.05 10 15
103 2 140 160 1.05 1.10 10 15
104 2 140 160 1.10 1.15 10 15
105 2 140 160 1.15 1.20 10 15
106 2 140 160 1.20 1.25 10 15
107 2 140 160 1.25 1.30 10 15
108 2 140 160 1.30 1.35 10 15
109 2 140 160 1.35 1.40 10 15
110 2 140 160 1.40 1.45 10 15
111 2 140 160 1.45 1.50 10 15
112 2 140 160 1.50 1.55 10 15
113 2 140 160 1.55 1.60 10 15
114 2 140 160 1.60 1.65 10 15
115 2 140 160 1.65 1.70 10 15
116 2 140 160 1.70 1.75 10 15
117 2 140 160 1.75 1.80 10 15
118 2 140 160 1.80 1.85 10 15
119 2 140 160 1.85 1.90 10 15
120 2 140 160 1.90 1.95 10 15
121 2 140 160 1.95 2.00 10 15
122 2 140 160 0.00 0.05 15 20
123 2 140 160 0.05 0.10 15 20
124 2 140 160 0.10 0.15 15 20
125 2 140 160 0.15 0.20 15 20
126 2 140 160 0.20 0.25 15 20
127 2 140 160 0.25 0.30 15 20
128 2 140 160 0.30 0.35 15 20
129 2 140 160 0.35 0.40 15 20
130 2 140 160 0.40 0.45 15 20
131 2 140 160 0.45 0.50 15 20
132 2 140 160 0.50 0.55 15 20
133 2 140 160 0.55 0.60 15 20
134 2 140 160 0.60 0.65 15 20
135 2 140 160 0.65 0.70 15 20
136 2 140 160 0.70 0.75 15 20
137 2 140 160 0.75 0.80 15 20
138 2 140 160 0.80 0.85 15 20
139 2 140 160 0.85 0.90 15 20
140 2 140 160 0.90 0.95 15 20
141 2 140 160 0.95 1.00 15 20
142 2 140 160 1.00 1.05 15 20
143 2 140 160 1.05 1.10 15 20
144 2 140 160 1.10 1.15 15 20
145 2 140 160 1.15 1.20 15 20
146 2 140 160 1.20 1.25 15 20
147 2 140 160 1.25 1.30 15 20
148 2 140 160 1.30 1.35 15 20
149 2 140 160 1.35 1.40 15 20
150 2 140 160 1.40 1.45 15 20
151 2 140 160 1.45 1.50 15 20
152 2 140 160 1.50 1.55 15 20
153 2 140 160 1.55 1.60 15 20
154 2 140 160 1.60 1.65 15 20
155 2 140 160 1.65 1.70 15 20
156 2 140 160 1.70 1.75 15 20
157 2 140 160 1.75 1.80 15 20
158 2 140 160 1.80 1.85 15 20
159 2 140 160 1.85 1.90 15 20
160 2 140 160 1.90 1.95 15 20
161 2 140 160 1.95 2.00 15 20
162 2 140 160 0.00 0.05 20 25
163 2 140 160 0.05 0.10 20 25
164 2 140 160 0.10 0.15 20 25
165 2 140 160 0.15 0.20 20 25
166 2 140 160 0.20 0.25 20 25
167 2 140 160 0.25 0.30 20 25
168 2 140 160 0.30 0.35 20 25
169 2 140 160 0.35 0.40 20 25
170 2 140 160 0.40 0.45 20 25
171 2 140 160 0.45 0.50 20 25
172 2 140 160 0.50 0.55 20 25
173 2 140 160 0.55 0.60 20 25
174 2 140 160 0.60 0.65 20 25
175 2 140 160 0.65 0.70 20 25
176 2 140 160 0.70 0.75 20 25
177 2 140 160 0.75 0.80 20 25
178 2 140 160 0.80 0.85 20 25
179 2 140 160 0.85 0.90 20 25
180 2 140 160 0.90 0.95 20 25
181 2 140 160 0.95 1.00 20 25
182 2 140 160 1.00 1.05 20 25
183 2 140 160 1.05 1.10 20 25
184 2 140 160 1.10 1.15 20 25
185 2 140 160 1.15 1.20 20 25
186 2 140 160 1.20 1.25 20 25
187 2 140 160 1.25 1.30 20 25
188 2 140 160 1.30 1.35 20 25
189 2 140 160 1.35 1.40 20 25
190 2 140 160 1.40 1.45 20 25
191 2 140 160 1.45 1.50 20 25
192 2 140 160 1.50 1.55 20 25
193 2 140 160 1.55 1.60 20 25
194 2 140 160 1.60 1.65 20 25
195 2 140 160 1.65 1.70 20 25
196 2 140 160 1.70 1.75 20 25
197 2 140 160 1.75 1.80 20 25
198 2 140 160 1.80 1.85 20 25
199 2 140 160 1.85 1.90 20 25
200 2 140 160 1.90 1.95 20 25
201 2 140 160 1.95 2.00 20 25
202 2 140 160 0.00 0.05 25 30
203 2 140 160 0.05 0.10 25 30
204 2 140 160 0.10 0.15 25 30
205 2 140 160 0.15 0.20 25 30
206 2 140 160 0.20 0.25 25 30
207 2 140 160 0.25 0.30 25 30
208 2 140 160 0.30 0.35 25 30
209 2 140 160 0.35 0.40 25 30
210 2 140 160 0.40 0.45 25 30
211 2 140 160 0.45 0.50 25 30
212 2 140 160 0.50 0.55 25 30
213 2 140 160 0.55 0.60 25 30
214 2 140 160 0.60 0.65 25 30
215 2 140 160 0.65 0.70 25 30
216 2 140 160 0.70 0.75 25 30
217 2 140 160 0.75 0.80 25 30
218 2 140 160 0.80 0.85 25 30
219 2 140 160 0.85 0.90 25 30
220 2 140 160 0.90 0.95 25 30
221 2 140 160 0.95 1.00 25 30
222 2 140 160 1.00 1.05 25 30
223 2 140 160 1.05 1.10 25 30
224 2 140 160 1.10 1.15 25 30
225 2 140 160 1.15 1.20 25 30
226 2 140 160 1.20 1.25 25 30
227 2 140 160 1.25 1.30 25 30
228 2 140 160 1.30 1.35 25 30
229 2 140 160 1.35 1.40 25 30
230 2 140 160 1.40 1.45 25 30
231 2 140 160 1.45 1.50 25 30
232 2 140 160 1.50 1.55 25 30
233 2 140 160 1.55 1.60 25 30
234 2 140 160 1.60 1.65 25 30
235 2 140 160 1.65 1.70 25 30
236 2 140 160 1.70 1.75 25 30
237 2 140 160 1.75 1.80 25 30
238 2 140 160 1.80 1.85 25 30
239 2 140 160 1.85 1.90 25 30
240 2 140 160 1.90 1.95 25 30
241 2 140 160 1.95 2.00 25 30
242 2 140 160 0.00 0.05 30 35
243 2 140 160 0.05 0.10 30 35
244 2 140 160 0.10 0.15 30 35
245 2 140 160 0.15 0.20 30 35
246 2 140 160 0.20 0.25 30 35
247 2 140 160 0.25 0.30 30 35
248 2 140 160 0.30 0.35 30 35
249 2 140 160 0.35 0.40 30 35
250 2 140 160 0.40 0.45 30 35
251 2 140 160 0.45 0.50 30 35
252 2 140 160 0.50 0.55 30 35
253 2 140 160 0.55 0.60 30 35
254 2 140 160 0.60 0.65 30 35
255 2 140 160 0.65 0.70 30 35
256 2 140 160 0.70 0.75 30 35
257 2 140 160 0.75 0.80 30 35
258 2 140 160 0.80 0.85 30 35
259 2 140 160 0.85 0.90 30 35
260 2 140 160 0.90 0.95 30 35
261 2 140 160 0.95 1.00 30 35
262 2 140 160 1.00 1.05 30 35
263 2 140 160 1.05 1.10 30 35
264 2 140 160 1.10 1.15 30 35
265 2 140 160 1.15 1.20 30 35
266 2 140 160 1.20 1.25 30 35
267 2 140 160 1.25 1.30 30 35
268 2 140 160 1.30 1.35 30 35
269 2 140 160 1.35 1.40 30 35
270 2 140 160 1.40 1.45 30 35
271 2 140 160 1.45 1.50 30 35
272 2 140 160 1.50 1.55 30 35
273 2 140 160 1.55 1.60 30 35
274 2 140 160 1.60 1.65 30 35
275 2 140 160 1.65 1.70 30 35
276 2 140 160 1.70 1.75 30 35
277 2 140 160 1.75 1.80 30 35
278 2 140 160 1.80 1.85 30 35
279 2 140 160 1.85 1.90 30 35
280 2 140 160 1.90 1.95 30 35
281 2 140 160 1.95 2.00 30 35
282 2 140 160 0.00 0.05 35 40
283 2 140 160 0.05 0.10 35 40
284 2 140 160 0.10 0.15 35 40
285 2 140 160 0.15 0.20 35 40
286 2 140 160 0.20 0.25 35 40
287 2 140 160 0.25 0.30 35 40
288 2 140 160 0.30 0.35 35 40
289 2 140 160 0.35 0.40 35 40
290 2 140 160 0.40 0.45 35 40
291 2 140 160 0.45 0.50 35 40
292 2 140 160 0.50 0.55 35 40
293 2 140 160 0.55 0.60 35 40
294 2 140 160 0.60 0.65 35 40
295 2 140 160 0.65 0.70 35 40
296 2 140 160 0.70 0.75 35 40
297 2 140 160 0.75 0.80 35 40
298 2 140 160 0.80 0.85 35 40
299 2 140 160 0.85 0.90 35 40
300 2 140 160 0.90 0.95 35 40
301 2 140 160 0.95 1.00 35 40
302 2 140 160 1.00 1.05 35 40
303 2 140 160 1.05 1.10 35 40
304 2 140 160 1.10 1.15 35 40
305 2 140 160 1.15 1.20 35 40
306 2 140 160 1.20 1.25 35 40
307 2 140 160 1.25 1.30 35 40
308 2 140 160 1.30 1.35 35 40
309 2 140 160 1.35 1.40 35 40
310 2 140 160 1.40 1.45 35 40
311 2 140 160 1.45 1.50 35 40
312 2 140 160 1.50 1.55 35 40
313 2 140 160 1.55 1.60 35 40
314 2 140 160 1.60 1.65 35 40
315 2 140 160 1.65 1.70 35 40
316 2 140 160 1.70 1.75 35 40
317 2 140 160 1.75 1.80 35 40
318 2 140 160 1.80 1.85 35 40
319 2 140 160 1.85 1.90 35 40
320 2 140 160 1.90 1.95 35 40
321 2 140 160 1.95 2.00 35 40
322 2 140 160 0.00 0.05 40 45
323 2 140 160 0.05 0.10 40 45
324 2 140 160 0.10 0.15 40 45
325 2 140 160 0.15 0.20 40 45
326 2 140 160 0.20 0.25 40 45
327 2 140 160 0.25 0.30 40 45
328 2 140 160 0.30 0.35 40 45
329 2 140 160 0.35 0.40 40 45
330 2 140 160 0.40 0.45 40 45
331 2 140 160 0.45 0.50 40 45
332 2 140 160 0.50 0.55 40 45
333 2 140 160 0.55 0.60 40 45
334 2 140 160 0.60 0.65 40 45
335 2 140 160 0.65 0.70 40 45
336 2 140 160 0.70 0.75 40 45
337 2 140 160 0.75 0.80 40 45
338 2 140 160 0.80 0.85 40 45
339 2 140 160 0.85 0.90 40 45
340 2 140 160 0.90 0.95 40 45
341 2 140 160 0.95 1.00 40 45
342 2 140 160 1.00 1.05 40 45
343 2 140 160 1.05 1.10 40 45
344 2 140 160 1.10 1.15 40 45
345 2 140 160 1.15 1.20 40 45
346 2 140 160 1.20 1.25 40 45
347 2 140 160 1.25 1.30 40 45
348 2 140 160 1.30 1.35 40 45
349 2 140 160 1.35 1.40 40 45
350 2 140 160 1.40 1.45 40 45
351 2 140 160 1.45 1.50 40 45
352 2 140 160 1.50 1.55 40 45
353 2 140 160 1.55 1.60 40 45
354 2 140 160 1.60 1.65 40 45
355 2 140 160 1.65 1.70 40 45
356 2 140 160 1.70 1.75 40 45
357 2 140 160 1.75 1.80 40 45
358 2 140 160 1.80 1.85 40 45
359 2 140 160 1.85 1.90 40 45
360 2 140 160 1.90 1.95 40 45
361 2 140 160 1.95 2.00 40 45
362 2 140 160 0.00 0.05 45 50
363 2 140 160 0.05 0.10 45 50
364 2 140 160 0.10 0.15 45 50
365 2 140 160 0.15 0.20 45 50
366 2 140 160 0.20 0.25 45 50
367 2 140 160 0.25 0.30 45 50
368 2 140 160 0.30 0.35 45 50
369 2 140 160 0.35 0.40 45 50
370 2 140 160 0.40 0.45 45 50
371 2 140 160 0.45 0.50 45 50
372 2 140 160 0.50 0.55 45 50
373 2 140 160 0.55 0.60 45 50
374 2 140 160 0.60 0.65 45 50
375 2 140 160 0.65 0.70 45 50
376 2 140 160 0.70 0.75 45 50
377 2 140 160 0.75 0.80 45 50
378 2 140 160 0.80 0.85 45 50
379 2 140 160 0.85 0.90 45 50
380 2 140 160 0.90 0.95 45 50
381 2 140 160 0.95 1.00 45 50
382 2 140 160 1.00 1.05 45 50
383 2 140 160 1.05 1.10 45 50
384 2 140 160 1.10 1.15 45 50
385 2 140 160 1.15 1.20 45 50
386 2 140 160 1.20 1.25 45 50
387 2 140 160 1.25 1.30 45 50
388 2 140 160 1.30 1.35 45 50
389 2 140 160 1.35 1.40 45 50
390 2 140 160 1.40 1.45 45 50
391 2 140 160 1.45 1.50 45 50
392 2 140 160 1.50 1.55 45 50
393 2 140 160 1.55 1.60 45 50
394 2 140 160 1.60 1.65 45 50
395 2 140 160 1.65 1.70 45 50
396 2 140 160 1.70 1.75 45 50
397 2 140 160 1.75 1.80 45 50
398 2 140 160 1.80 1.85 45 50
399 2 140 160 1.85 1.90 45 50
400 2 140 160 1.90 1.95 45 50
401 2 140 160 1.95 2.00 45 50
402 2 140 160 0.00 0.05 50 55
403 2 140 160 0.05 0.10 50 55
404 2 140 160 0.10 0.15 50 55
405 2 140 160 0.15 0.20 50 55
406 2 140 160 0.20 0.25 50 55
407 2 140 160 0.25 0.30 50 55
408 2 140 160 0.30 0.35 50 55
409 2 140 160 0.35 0.40 50 55
410 2 140 160 0.40 0.45 50 55
411 2 140 160 0.45 0.50 50 55
412 2 140 160 0.50 0.55 50 55
413 2 140 160 0.55 0.60 50 55
414 2 140 160 0.60 0.65 50 55
415 2 140 160 0.65 0.70 50 55
416 2 140 160 0.70 0.75 50 55
417 2 140 160 0.75 0.80 50 55
418 2 140 160 0.80 0.85 50 55
419 2 140 160 0.85 0.90 50 55
420 2 140 160 0.90 0.95 50 55
421 2 140 160 0.95 1.00 50 55
422 2 140 160 1.00 1.05 50 55
423 2 140 160 1.05 1.10 50 55
424 2 140 160 1.10 1.15 50 55
425 2 140 160 1.15 1.20 50 55
426 2 140 160 1.20 1.25 50 55
427 2 140 160 1.25 1.30 50 55
428 2 140 160 1.30 1.35 50 55
429 2 140 160 1.35 1.40 50 55
430 2 140 160 1.40 1.45 50 55
431 2 140 160 1.45 1.50 50 55
432 2 140 160 1.50 1.55 50 55
433 2 140 160 1.55 1.60 50 55
434 2 140 160 1.60 1.65 50 55
435 2 140 160 1.65 1.70 50 55
436 2 140 160 1.70 1.75 50 55
437 2 140 160 1.75 1.80 50 55
438 2 140 160 1.80 1.85 50 55
439 2 140 160 1.85 1.90 50 55
440 2 140 160 1.90 1.95 50 55
441 2 140 160 1.95 2.00 50 55
442 2 140 160 0.00 0.05 55 60
443 2 140 160 0.05 0.10 55 60
444 2 140 160 0.10 0.15 55 60
445 2 140 160 0.15 0.20 55 60
446 2 140 160 0.20 0.25 55 60
447 2 140 160 0.25 0.30 55 60
448 2 140 160 0.30 0.35 55 60
449 2 140 160 0.35 0.40 55 60
450 2 140 160 0.40 0.45 55 60
451 2 140 160 0.45 0.50 55 60
452 2 140 160 0.50 0.55 55 60
453 2 140 160 0.55 0.60 55 60
454 2 140 160 0.60 0.65 55 60
455 2 140 160 0.65 0.70 55 60
456 2 140 160 0.70 0.75 55 60
457 2 140 160 0.75 0.80 55 60
458 2 140 160 0.80 0.85 55 60
459 2 140 160 0.85 0.90 55 60
460 2 140 160 0.90 0.95 55 60
461 2 140 160 0.95 1.00 55 60
462 2 140 160 1.00 1.05 55 60
463 2 140 160 1.05 1.10 55 60
464 2 140 160 1.10 1.15 55 60
465 2 140 160 1.15 1.20 55 60
466 2 140 160 1.20 1.25 55 60
467 2 140 160 1.25 1.30 55 60
468 2 140 160 1.30 1.35 55 60
469 2 140 160 1.35 1.40 55 60
470 2 140 160 1.40 1.45 55 60
471 2 140 160 1.45 1.50 55 60
472 2 140 160 1.50 1.55 55 60
473 2 140 160 1.55 1.60 55 60
474 2 140 160 1.60 1.65 55 60
475 2 140 160 1.65 1.70 55 60
476 2 140 160 1.70 1.75 55 60
477 2 140 160 1.75 1.80 55 60
478 2 140 160 1.80 1.85 55 60
479 2 140 160 1.85 1.90 55 60
480 2 140 160 1.90 1.95 55 60
481 2 140 160 1.95 2.00 55 60
482 2 140 160 0.00 0.05 60 65
483 2 140 160 0.05 0.10 60 65
484 2 140 160 0.10 0.15 60 65
485 2 140 160 0.15 0.20 60 65
486 2 140 160 0.20 0.25 60 65
487 2 140 160 0.25 0.30 60 65
488 2 140 160 0.30 0.35 60 65
489 2 140 160 0.35 0.40 60 65
490 2 140 160 0.40 0.45 60 65
491 2 140 160 0.45 0.50 60 65
492 2 140 160 0.50 0.55 60 65
493 2 140 160 0.55 0.60 60 65
494 2 140 160 0.60 0.65 60 65
495 2 140 160 0.65 0.70 60 65
496 2 140 160 0.70 0.75 60 65
497 2 140 160 0.75 0.80 60 65
498 2 140 160 0.80 0.85 60 65
499 2 140 160 0.85 0.90 60 65
500 2 140 160 0.90 0.95 60 65
501 2 140 160 0.95 1.00 60 65
502 2 140 160 1.00 1.05 60 65
503 2 140 160 1.05 1.10 60 65
504 2 140 160 1.10 1.15 60 65
505 2 140 160 1.15 1.20 60 65
506 2 140 160 1.20 1.25 60 65
507 2 140 160 1.25 1.30 60 65
508 2 140 160 1.30 1.35 60 65
509 2 140 160 1.35 1.40 60 65
510 2 140 160 1.40 1.45 60 65
511 2 140 160 1.45 1.50 60 65
512 2 140 160 1.50 1.55 60 65
513 2 140 160 1.55 1.60 60 65
514 2 140 160 1.60 1.65 60 65
515 2 140 160 1.65 1.70 60 65
516 2 140 160 1.70 1.75 60 65
517 2 140 160 1.75 1.80 60 65
518 2 140 160 1.80 1.85 60 65
519 2 140 160 1.85 1.90 60 65
520 2 140 160 1.90 1.95 60 65
521 2 140 160 1.95 2.00 60 65
522 2 140 160 0.00 0.05 65 70
523 2 140 160 0.05 0.10 65 70
524 2 140 160 0.10 0.15 65 70
525 2 140 160 0.15 0.20 65 70
526 2 140 160 0.20 0.25 65 70
527 2 140 160 0.25 0.30 65 70
528 2 140 160 0.30 0.35 65 70
529 2 140 160 0.35 0.40 65 70
530 2 140 160 0.40 0.45 65 70
531 2 140 160 0.45 0.50 65 70
532 2 140 160 0.50 0.55 65 70
533 2 140 160 0.55 0.60 65 70
534 2 140 160 0.60 0.65 65 70
535 2 140 160 0.65 0.70 65 70
536 2 140 160 0.70 0.75 65 70
537 2 140 160 0.75 0.80 65 70
538 2 140 160 0.80 0.85 65 70
539 2 140 160 0.85 0.90 65 70
540 2 140 160 0.90 0.95 65 70
541 2 140 160 0.95 1.00 65 70
542 2 140 160 1.00 1.05 65 70
543 2 140 160 1.05 1.10 65 70
544 2 140 160 1.10 1.15 65 70
545 2 140 160 1.15 1.20 65 70
546 2 140 160 1.20 1.25 65 70
547 2 140 160 1.25 1.30 65 70
548 2 140 160 1.30 1.35 65 70
549 2 140 160 1.35 1.40 65 70
550 2 140 160 1.40 1.45 65 70
551 2 140 160 1.45 1.50 65 70
552 2 140 160 1.50 1.55 65 70
553 2 140 160 1.55 1.60 65 70
554 2 140 160 1.60 1.65 65 70
555 2 140 160 1.65 1.70 65 70
556 2 140 160 1.70 1.75 65 70
557 2 140 160 1.75 1.80 65 70
558 2 140 160 1.80 1.85 65 70
559 2 140 160 1.85 1.90 65 70
560 2 140 160 1.90 1.95 65 70
561 2 140 160 1.95 2.00 65 70
562 2 140 160 0.00 0.05 70 75
563 2 140 160 0.05 0.10 70 75
564 2 140 160 0.10 0.15 70 75
565 2 140 160 0.15 0.20 70 75
566 2 140 160 0.20 0.25 70 75
567 2 140 160 0.25 0.30 70 75
568 2 140 160 0.30 0.35 70 75
569 2 140 160 0.35 0.40 70 75
570 2 140 160 0.40 0.45 70 75
571 2 140 160 0.45 0.50 70 75
572 2 140 160 0.50 0.55 70 75
573 2 140 160 0.55 0.60 70 75
574 2 140 160 0.60 0.65 70 75
575 2 140 160 0.65 0.70 70 75
576 2 140 160 0.70 0.75 70 75
577 2 140 160 0.75 0.80 70 75
578 2 140 160 0.80 0.85 70 75
579 2 140 160 0.85 0.90 70 75
580 2 140 160 0.90 0.95 70 75
581 2 140 160 0.95 1.00 70 75
582 2 140 160 1.00 1.05 70 75
583 2 140 160 1.05 1.10 70 75
584 2 140 160 1.10 1.15 70 75
585 2 140 160 1.15 1.20 70 75
586 2 140 160 1.20 1.25 70 75
587 2 140 160 1.25 1.30 70 75
588 2 140 160 1.30 1.35 70 75
589 2 140 160 1.35 1.40 70 75
590 2 140 160 1.40 1.45 70 75
591 2 140 160 1.45 1.50 70 75
592 2 140 160 1.50 1.55 70 75
593 2 140 160 1.55 1.60 70 75
594 2 140 160 1.60 1.65 70 75
595 2 140 160 1.65 1.70 70 75
596 2 140 160 1.70 1.75 70 75
597 2 140 160 1.75 1.80 70 75
598 2 140 160 1.80 1.85 70 75
599 2 140 160 1.85 1.90 70 75
600 2 140 160 1.90 1.95 70 75
601 2 140 160 1.95 2.00 70 75
602 2 140 160 0.00 0.05 75 80
603 2 140 160 0.05 0.10 75 80
604 2 140 160 0.10 0.15 75 80
605 2 140 160 0.15 0.20 75 80
606 2 140 160 0.20 0.25 75 80
607 2 140 160 0.25 0.30 75 80
608 2 140 160 0.30 0.35 75 80
609 2 140 160 0.35 0.40 75 80
610 2 140 160 0.40 0.45 75 80
611 2 140 160 0.45 0.50 75 80
612 2 140 160 0.50 0.55 75 80
613 2 140 160 0.55 0.60 75 80
614 2 140 160 0.60 0.65 75 80
615 2 140 160 0.65 0.70 75 80
616 2 140 160 0.70 0.75 75 80
617 2 140 160 0.75 0.80 75 80
618 2 140 160 0.80 0.85 75 80
619 2 140 160 0.85 0.90 75 80
620 2 140 160 0.90 0.95 75 80
621 2 140 160 0.95 1.00 75 80
622 2 140 160 1.00 1.05 75 80
623 2 140 160 1.05 1.10 75 80
624 2 140 160 1.10 1.15 75 80
625 2 140 160 1.15 1.20 75 80
626 2 140 160 1.20 1.25 75 80
627 2 140 160 1.25 1.30 75 80
628 2 140 160 1.30 1.35 75 80
629 2 140 160 1.35 1.40 75 80
630 2 140 160 1.40 1.45 75 80
631 2 140 160 1.45 1.50 75 80
632 2 140 160 1.50 1.55 75 80
633 2 140 160 1.55 1.60 75 80
634 2 140 160 1.60 1.65 75 80
635 2 140 160 1.65 1.70 75 80
636 2 140 160 1.70 1.75 75 80
637 2 140 160 1.75 1.80 75 80
638 2 140 160 1.80 1.85 75 80
639 2 140 160 1.85 1.90 75 80
640 2 140 160 1.90 1.95 75 80
641 2 140 160 1.95 2.00 75 80
642 2 140 160 0.00 0.05 80 85
643 2 140 160 0.05 0.10 80 85
644 2 140 160 0.10 0.15 80 85
645 2 140 160 0.15 0.20 80 85
646 2 140 160 0.20 0.25 80 85
647 2 140 160 0.25 0.30 80 85
648 2 140 160 0.30 0.35 80 85
649 2 140 160 0.35 0.40 80 85
650 2 140 160 0.40 0.45 80 85
651 2 140 160 0.45 0.50 80 85
652 2 140 160 0.50 0.55 80 85
653 2 140 160 0.55 0.60 80 85
654 2 140 160 0.60 0.65 80 85
655 2 140 160 0.65 0.70 80 85
656 2 140 160 0.70 0.75 80 85
657 2 140 160 0.75 0.80 80 85
658 2 140 160 0.80 0.85 80 85
659 2 140 160 0.85 0.90 80 85
660 2 140 160 0.90 0.95 80 85
661 2 140 160 0.95 1.00 80 85
662 2 140 160 1.00 1.05 80 85
663 2 140 160 1.05 1.10 80 85
664 2 140 160 1.10 1.15 80 85
665 2 140 160 1.15 1.20 80 85
666 2 140 160 1.20 1.25 80 85
667 2 140 160 1.25 1.30 80 85
668 2 140 160 1.30 1.35 80 85
669 2 140 160 1.35 1.40 80 85
670 2 140 160 1.40 1.45 80 85
671 2 140 160 1.45 1.50 80 85
672 2 140 160 1.50 1.55 80 85
673 2 140 160 1.55 1.60 80 85
674 2 140 160 1.60 1.65 80 85
675 2 140 160 1.65 1.70 80 85
676 2 140 160 1.70 1.75 80 85
677 2 140 160 1.75 1.80 80 85
678 2 140 160 1.80 1.85 80 85
679 2 140 160 1.85 1.90 80 85
680 2 140 160 1.90 1.95 80 85
681 2 140 160 1.95 2.00 80 85
682 2 140 160 0.00 0.05 85 90
683 2 140 160 0.05 0.10 85 90
684 2 140 160 0.10 0.15 85 90
685 2 140 160 0.15 0.20 85 90
686 2 140 160 0.20 0.25 85 90
687 2 140 160 0.25 0.30 85 90
688 2 140 160 0.30 0.35 85 90
689 2 140 160 0.35 0.40 85 90
690 2 140 160 0.40 0.45 85 90
691 2 140 160 0.45 0.50 85 90
692 2 140 160 0.50 0.55 85 90
693 2 140 160 0.55 0.60 85 90
694 2 140 160 0.60 0.65 85 90
695 2 140 160 0.65 0.70 85 90
696 2 140 160 0.70 0.75 85 90
697 2 140 160 0.75 0.80 85 90
698 2 140 160 0.80 0.85 85 90
699 2 140 160 0.85 0.90 85 90
700 2 140 160 0.90 0.95 85 90
701 2 140 160 0.95 1.00 85 90
702 2 140 160 1.00 1.05 85 90
703 2 140 160 1.05 1.10 85 90
704 2 140 160 1.10 1.15 85 90
705 2 140 160 1.15 1.20 85 90
706 2 140 160 1.20 1.25 85 90
707 2 140 160 1.25 1.30 85 90
708 2 140 160 1.30 1.35 85 90
709 2 140 160 1.35 1.40 85 90
710 2 140 160 1.40 1.45 85 90
711 2 140 160 1.45 1.50 85 90
712 2 140 160 1.50 1.55 85 90
713 2 140 160 1.55 1.60 85 90
714 2 140 160 1.60 1.65 85 90
715 2 140 160 1.65 1.70 85 90
716 2 140 160 1.70 1.75 85 90
717 2 140 160 1.75 1.80 85 90
718 2 140 160 1.80 1.85 85 90
719 2 140 160 1.85 1.90 85 90
720 2 140 160 1.90 1.95 85 90
721 2 140 160 1.95 2.00 85 90
722 2 140 160 0.00 0.05 90 95
723 2 140 160 0.05 0.10 90 95
724 2 140 160 0.10 0.15 90 95
725 2 140 160 0.15 0.20 90 95
726 2 140 160 0.20 0.25 90 95
727 2 140 160 0.25 0.30 90 95
728 2 140 160 0.30 0.35 90 95
729 2 140 160 0.35 0.40 90 95
730 2 140 160 0.40 0.45 90 95
731 2 140 160 0.45 0.50 90 95
732 2 140 160 0.50 0.55 90 95
733 2 140 160 0.55 0.60 90 95
734 2 140 160 0.60 0.65 90 95
735 2 140 160 0.65 0.70 90 95
736 2 140 160 0.70 0.75 90 95
737 2 140 160 0.75 0.80 90 95
738 2 140 160 0.80 0.85 90 95
739 2 140 160 0.85 0.90 90 95
740 2 140 160 0.90 0.95 90 95
741 2 140 160 0.95 1.00 90 95
742 2 140 160 1.00 1.05 90 95
743 2 140 160 1.05 1.10 90 95
744 2 140 160 1.10 1.15 90 95
745 2 140 160 1.15 1.20 90 95
746 2 140 160 1.20 1.25 90 95
747 2 140 160 1.25 1.30 90 95
748 2 140 160 1.30 1.35 90 95
749 2 140 160 1.35 1.40 90 95
750 2 140 160 1.40 1.45 90 95
751 2 140 160 1.45 1.50 90 95
752 2 140 160 1.50 1.55 90 95
753 2 140 160 1.55 1.60 90 95
754 2 140 160 1.60 1.65 90 95
755 2 140 160 1.65 1.70 90 95
756 2 140 160 1.70 1.75 90 95
757 2 140 160 1.75 1.80 90 95
758 2 140 160 1.80 1.85 90 95
759 2 140 160 1.85 1.90 90 95
760 2 140 160 1.90 1.95 90 95
761 2 140 160 1.95 2.00 90 95
762 2 140 160 0.00 0.05 95 100
763 2 140 160 0.05 0.10 95 100
764 2 140 160 0.10 0.15 95 100
765 2 140 160 0.15 0.20 95 100
766 2 140 160 0.20 0.25 95 100
767 2 140 160 0.25 0.30 95 100
768 2 140 160 0.30 0.35 95 100
769 2 140 160 0.35 0.40 95 100
770 2 140 160 0.40 0.45 95 100
771 2 140 160 0.45 0.50 95 100
772 2 140 160 0.50 0.55 95 100
773 2 140 160 0.55 0.60 95 100
774 2 140 160 0.60 0.65 95 100
775 2 140 160 0.65 0.70 95 100
776 2 140 160 0.70 0.75 95 100
777 2 140 160 0.75 0.80 95 100
778 2 140 160 0.80 0.85 95 100
779 2 140 160 0.85 0.90 95 100
780 2 140 160 0.90 0.95 95 100
781 2 140 160 0.95 1.00 95 100
782 2 140 160 1.00 1.05 95 100
783 2 140 160 1.05 1.10 95 100
784 2 140 160 1.10 1.15 95 100
785 2 140 160 1.15 1.20 95 100
786 2 140 160 1.20 1.25 95 100
787 2 140 160 1.25 1.30 95 100
788 2 140 160 1.30 1.35 95 100
789 2 140 160 1.35 1.40 95 100
790 2 140 160 1.40 1.45 95 100
791 2 140 160 1.45 1.50 95 100
792 2 140 160 1.50 1.55 95 100
793 2 140 160 1.55 1.60 95 100
794 2 140 160 1.60 1.65 95 100
795 2 140 160 1.65 1.70 95 100
796 2 140 160 1.70 1.75 95 100
797 2 140 160 1.75 1.80 95 100
798 2 140 160 1.80 1.85 95 100
799 2 140 160 1.85 1.90 95 100
800 2 140 160 1.90 1.95 95 100
801 2 140 160 1.95 2.00 95 100
802 2 140 160 0.00 0.05 100 105
803 2 140 160 0.05 0.10 100 105
804 2 140 160 0.10 0.15 100 105
805 2 140 160 0.15 0.20 100 105
806 2 140 160 0.20 0.25 100 105
807 2 140 160 0.25 0.30 100 105
808 2 140 160 0.30 0.35 100 105
809 2 140 160 0.35 0.40 100 105
810 2 140 160 0.40 0.45 100 105
811 2 140 160 0.45 0.50 100 105
812 2 140 160 0.50 0.55 100 105
813 2 140 160 0.55 0.60 100 105
814 2 140 160 0.60 0.65 100 105
815 2 140 160 0.65 0.70 100 105
816 2 140 160 0.70 0.75 100 105
817 2 140 160 0.75 0.80 100 105
818 2 140 160 0.80 0.85 100 105
819 2 140 160 0.85 0.90 100 105
820 2 140 160 0.90 0.95 100 105
821 2 140 160 0.95 1.00 100 105
822 2 140 160 1.00 1.05 100 105
823 2 140 160 1.05 1.10 100 105
824 2 140 160 1.10 1.15 100 105
825 2 140 160 1.15 1.20 100 105
826 2 140 160 1.20 1.25 100 105
827 2 140 160 1.25 1.30 100 105
828 2 140 160 1.30 1.35 100 105
829 2 140 160 1.35 1.40 100 105
830 2 140 160 1.40 1.45 100 105
831 2 140 160 1.45 1.50 100 105
832 2 140 160 1.50 1.55 100 105
833 2 140 160 1.55 1.60 100 105
834 2 140 160 1.60 1.65 100 105
835 2 140 160 1.65 1.70 100 105
836 2 140 160 1.70 1.75 100 105
837 2 140 160 1.75 1.80 100 105
838 2 140 160 1.80 1.85 100 105
839 2 140 160 1.85 1.90 100 105
840 2 140 160 1.90 1.95 100 105
841 2 140 160 1.95 2.00 100 105
842 2 140 160 0.00 0.05 105 110
843 2 140 160 0.05 0.10 105 110
844 2 140 160 0.10 0.15 105 110
845 2 140 160 0.15 0.20 105 110
846 2 140 160 0.20 0.25 105 110
847 2 140 160 0.25 0.30 105 110
848 2 140 160 0.30 0.35 105 110
849 2 140 160 0.35 0.40 105 110
850 2 140 160 0.40 0.45 105 110
851 2 140 160 0.45 0.50 105 110
852 2 140 160 0.50 0.55 105 110
853 2 140 160 0.55 0.60 105 110
854 2 140 160 0.60 0.65 105 110
855 2 140 160 0.65 0.70 105 110
856 2 140 160 0.70 0.75 105 110
857 2 140 160 0.75 0.80 105 110
858 2 140 160 0.80 0.85 105 110
859 2 140 160 0.85 0.90 105 110
860 2 140 160 0.90 0.95 105 110
861 2 140 160 0.95 1.00 105 110
862 2 140 160 1.00 1.05 105 110
863 2 140 160 1.05 1.10 105 110
864 2 140 160 1.10 1.15 105 110
865 2 140 160 1.15 1.20 105 110
866 2 140 160 1.20 1.25 105 110
867 2 140 160 1.25 1.30 105 110
868 2 140 160 1.30 1.35 105 110
869 2 140 160 1.35 1.40 105 110
870 2 140 160 1.40 1.45 105 110
871 2 140 160 1.45 1.50 105 110
872 2 140 160 1.50 1.55 105 110
873 2 140 160 1.55 1.60 105 110
874 2 140 160 1.60 1.65 105 110
875 2 140 160 1.65 1.70 105 110
876 2 140 160 1.70 1.75 105 110
877 2 140 160 1.75 1.80 105 110
878 2 140 160 1.80 1.85 105 110
879 2 140 160 1.85 1.90 105 110
880 2 140 160 1.90 1.95 105 110
881 2 140 160 1.95 2.00 105 110
882 2 140 160 0.00 0.05 110 115
883 2 140 160 0.05 0.10 110 115
884 2 140 160 0.10 0.15 110 115
885 2 140 160 0.15 0.20 110 115
886 2 140 160 0.20 0.25 110 115
887 2 140 160 0.25 0.30 110 115
888 2 140 160 0.30 0.35 110 115
889 2 140 160 0.35 0.40 110 115
890 2 140 160 0.40 0.45 110 115
891 2 140 160 0.45 0.50 110 115
892 2 140 160 0.50 0.55 110 115
893 2 140 160 0.55 0.60 110 115
894 2 140 160 0.60 0.65 110 115
895 2 140 160 0.65 0.70 110 115
896 2 140 160 0.70 0.75 110 115
897 2 140 160 0.75 0.80 110 115
898 2 140 160 0.80 0.85 110 115
899 2 140 160 0.85 0.90 110 115
900 2 140 160 0.90 0.95 110 115
901 2 140 160 0.95 1.00 110 115
902 2 140 160 1.00 1.05 110 115
903 2 140 160 1.05 1.10 110 115
904 2 140 160 1.10 1.15 110 115
905 2 140 160 1.15 1.20 110 115
906 2 140 160 1.20 1.25 110 115
907 2 140 160 1.25 1.30 110 115
908 2 140 160 1.30 1.35 110 115
909 2 140 160 1.35 1.40 110 115
910 2 140 160 1.40 1.45 110 115
911 2 140 160 1.45 1.50 110 115
912 2 140 160 1.50 1.55 110 115
913 2 140 160 1.55 1.60 110 115
914 2 140 160 1.60 1.65 110 115
915 2 140 160 1.65 1.70 110 115
916 2 140 160 1.70 1.75 110 115
917 2 140 160 1.75 1.80 110 115
918 2 140 160 1.80 1.85 110 115
919 2 140 160 1.85 1.90 110 115
920 2 140 160 1.90 1.95 110 115
921 2 140 160 1.95 2.00 110 115
922 2 140 160 0.00 0.05 115 120
923 2 140 160 0.05 0.10 115 120
924 2 140 160 0.10 0.15 115 120
925 2 140 160 0.15 0.20 115 120
926 2 140 160 0.20 0.25 115 120
927 2 140 160 0.25 0.30 115 120
928 2 140 160 0.30 0.35 115 120
929 2 140 160 0.35 0.40 115 120
930 2 140 160 0.40 0.45 115 120
931 2 140 160 0.45 0.50 115 120
932 2 140 160 0.50 0.55 115 120
933 2 140 160 0.55 0.60 115 120
934 2 140 160 0.60 0.65 115 120
935 2 140 160 0.65 0.70 115 120
936 2 140 160 0.70 0.75 115 120
937 2 140 160 0.75 0.80 115 120
938 2 140 160 0.80 0.85 115 120
939 2 140 160 0.85 0.90 115 120
940 2 140 160 0.90 0.95 115 120
941 2 140 160 0.95 1.00 115 120
942 2 140 160 1.00 1.05 115 120
943 2 140 160 1.05 1.10 115 120
944 2 140 160 1.10 1.15 115 120
945 2 140 160 1.15 1.20 115 120
946 2 140 160 1.20 1.25 115 120
947 2 140 160 1.25 1.30 115 120
948 2 140 160 1.30 1.35 115 120
949 2 140 160 1.35 1.40 115 120
950 2 140 160 1.40 1.45 115 120
951 2 140 160 1.45 1.50 115 120
952 2 140 160 1.50 1.55 115 120
953 2 140 160 1.55 1.60 115 120
954 2 140 160 1.60 1.65 115 120
955 2 140 160 1.65 1.70 115 120
956 2 140 160 1.70 1.75 115 120
957 2 140 160 1.75 1.80 115 120
958 2 140 160 1.80 1.85 115 120
959 2 140 160 1.85 1.90 115 120
960 2 140 160 1.90 1.95 115 120
961 2 140 160 1.95 2.00 115 120
962 3 160 168 0.00 0.05 0 5
963 3 160 168 0.05 0.10 0 5
964 3 160 168 0.10 0.15 0 5
965 3 160 168 0.15 0.20 0 5
966 3 160 168 0.20 0.25 0 5
967 3 160 168 0.25 0.30 0 5
968 3 160 168 0.30 0.35 0 5
969 3 160 168 0.35 0.40 0 5
970 3 160 168 0.40 0.45 0 5
971 3 160 168 0.45 0.50 0 5
972 3 160 168 0.50 0.55 0 5
973 3 160 168 0.55 0.60 0 5
974 3 160 168 0.60 0.65 0 5
975 3 160 168 0.65 0.70 0 5
976 3 160 168 0.70 0.75 0 5
977 3 160 168 0.75 0.80 0 5
978 3 160 168 0.80 0.85 0 5
979 3 160 168 0.85 0.90 0 5
980 3 160 168 0.90 0.95 0 5
981 3 160 168 0.95 1.00 0 5
982 3 160 168 1.00 1.05 0 5
983 3 160 168 1.05 1.10 0 5
984 3 160 168 1.10 1.15 0 5
985 3 160 168 1.15 1.20 0 5
986 3 160 168 1.20 1.25 0 5
987 3 160 168 1.25 1.30 0 5
988 3 160 168 1.30 1.35 0 5
989 3 160 168 1.35 1.40 0 5
990 3 160 168 1.40 1.45 0 5
991 3 160 168 1.45 1.50 0 5
992 3 160 168 1.50 1.55 0 5
993 3 160 168 1.55 1.60 0 5
994 3 160 168 1.60 1.65 0 5
995 3 160 168 1.65 1.70 0 5
996 3 160 168 1.70 1.75 0 5
997 3 160 168 1.75 1.80 0 5
998 3 160 168 1.80 1.85 0 5
999 3 160 168 1.85 1.90 0 5
1000 3 160 168 1.90 1.95 0 5
1001 3 160 168 1.95 2.00 0 5
1002 3 160 168 0.00 0.05 5 10
1003 3 160 168 0.05 0.10 5 10
1004 3 160 168 0.10 0.15 5 10
1005 3 160 168 0.15 0.20 5 10
1006 3 160 168 0.20 0.25 5 10
1007 3 160 168 0.25 0.30 5 10
1008 3 160 168 0.30 0.35 5 10
1009 3 160 168 0.35 0.40 5 10
1010 3 160 168 0.40 0.45 5 10
1011 3 160 168 0.45 0.50 5 10
1012 3 160 168 0.50 0.55 5 10
1013 3 160 168 0.55 0.60 5 10
1014 3 160 168 0.60 0.65 5 10
1015 3 160 168 0.65 0.70 5 10
1016 3 160 168 0.70 0.75 5 10
1017 3 160 168 0.75 0.80 5 10
1018 3 160 168 0.80 0.85 5 10
1019 3 160 168 0.85 0.90 5 10
1020 3 160 168 0.90 0.95 5 10
1021 3 160 168 0.95 1.00 5 10
1022 3 160 168 1.00 1.05 5 10
1023 3 160 168 1.05 1.10 5 10
1024 3 160 168 1.10 1.15 5 10
1025 3 160 168 1.15 1.20 5 10
1026 3 160 168 1.20 1.25 5 10
1027 3 160 168 1.25 1.30 5 10
1028 3 160 168 1.30 1.35 5 10
1029 3 160 168 1.35 1.40 5 10
1030 3 160 168 1.40 1.45 5 10
1031 3 160 168 1.45 1.50 5 10
1032 3 160 168 1.50 1.55 5 10
1033 3 160 168 1.55 1.60 5 10
1034 3 160 168 1.60 1.65 5 10
1035 3 160 168 1.65 1.70 5 10
1036 3 160 168 1.70 1.75 5 10
1037 3 160 168 1.75 1.80 5 10
1038 3 160 168 1.80 1.85 5 10
1039 3 160 168 1.85 1.90 5 10
1040 3 160 168 1.90 1.95 5 10
1041 3 160 168 1.95 2.00 5 10
1042 3 160 168 0.00 0.05 10 15
1043 3 160 168 0.05 0.10 10 15
1044 3 160 168 0.10 0.15 10 15
1045 3 160 168 0.15 0.20 10 15
1046 3 160 168 0.20 0.25 10 15
1047 3 160 168 0.25 0.30 10 15
1048 3 160 168 0.30 0.35 10 15
1049 3 160 168 0.35 0.40 10 15
1050 3 160 168 0.40 0.45 10 15
1051 3 160 168 0.45 0.50 10 15
1052 3 160 168 0.50 0.55 10 15
1053 3 160 168 0.55 0.60 10 15
1054 3 160 168 0.60 0.65 10 15
1055 3 160 168 0.65 0.70 10 15
1056 3 160 168 0.70 0.75 10 15
1057 3 160 168 0.75 0.80 10 15
1058 3 160 168 0.80 0.85 10 15
1059 3 160 168 0.85 0.90 10 15
1060 3 160 168 0.90 0.95 10 15
1061 3 160 168 0.95 1.00 10 15
1062 3 160 168 1.00 1.05 10 15
1063 3 160 168 1.05 1.10 10 15
1064 3 160 168 1.10 1.15 10 15
1065 3 160 168 1.15 1.20 10 15
1066 3 160 168 1.20 1.25 10 15
1067 3 160 168 1.25 1.30 10 15
1068 3 160 168 1.30 1.35 10 15
1069 3 160 168 1.35 1.40 10 15
1070 3 160 168 1.40 1.45 10 15
1071 3 160 168 1.45 1.50 10 15
1072 3 160 168 1.50 1.55 10 15
1073 3 160 168 1.55 1.60 10 15
1074 3 160 168 1.60 1.65 10 15
1075 3 160 168 1.65 1.70 10 15
1076 3 160 168 1.70 1.75 10 15
1077 3 160 168 1.75 1.80 10 15
1078 3 160 168 1.80 1.85 10 15
1079 3 160 168 1.85 1.90 10 15
1080 3 160 168 1.90 1.95 10 15
1081 3 160 168 1.95 2.00 10 15
1082 3 160 168 0.00 0.05 15 20
1083 3 160 168 0.05 0.10 15 20
1084 3 160 168 0.10 0.15 15 20
1085 3 160 168 0.15 0.20 15 20
1086 3 160 168 0.20 0.25 15 20
1087 3 160 168 0.25 0.30 15 20
1088 3 160 168 0.30 0.35 15 20
1089 3 160 168 0.35 0.40 15 20
1090 3 160 168 0.40 0.45 15 20
1091 3 160 168 0.45 0.50 15 20
1092 3 160 168 0.50 0.55 15 20
1093 3 160 168 0.55 0.60 15 20
1094 3 160 168 0.60 0.65 15 20
1095 3 160 168 0.65 0.70 15 20
1096 3 160 168 0.70 0.75 15 20
1097 3 160 168 0.75 0.80 15 20
1098 3 160 168 0.80 0.85 15 20
1099 3 160 168 0.85 0.90 15 20
1100 3 160 168 0.90 0.95 15 20
1101 3 160 168 0.95 1.00 15 20
1102 3 160 168 1.00 1.05 15 20
1103 3 160 168 1.05 1.10 15 20
1104 3 160 168 1.10 1.15 15 20
1105 3 160 168 1.15 1.20 15 20
1106 3 160 168 1.20 1.25 15 20
1107 3 160 168 1.25 1.30 15 20
1108 3 160 168 1.30 1.35 15 20
1109 3 160 168 1.35 1.40 15 20
1110 3 160 168 1.40 1.45 15 20
1111 3 160 168 1.45 1.50 15 20
1112 3 160 168 1.50 1.55 15 20
1113 3 160 168 1.55 1.60 15 20
1114 3 160 168 1.60 1.65 15 20
1115 3 160 168 1.65 1.70 15 20
1116 3 160 168 1.70 1.75 15 20
1117 3 160 168 1.75 1.80 15 20
1118 3 160 168 1.80 1.85 15 20
1119 3 160 168 1.85 1.90 15 20
1120 3 160 168 1.90 1.95 15 20
1121 3 160 168 1.95 2.00 15 20
1122 3 160 168 0.00 0.05 20 25
1123 3 160 168 0.05 0.10 20 25
1124 3 160 168 0.10 0.15 20 25
1125 3 160 168 0.15 0.20 20 25
1126 3 160 168 0.20 0.25 20 25
1127 3 160 168 0.25 0.30 20 25
1128 3 160 168 0.30 0.35 20 25
1129 3 160 168 0.35 0.40 20 25
1130 3 160 168 0.40 0.45 20 25
1131 3 160 168 0.45 0.50 20 25
1132 3 160 168 0.50 0.55 20 25
1133 3 160 168 0.55 0.60 20 25
1134 3 160 168 0.60 0.65 20 25
1135 3 160 168 0.65 0.70 20 25
1136 3 160 168 0.70 0.75 20 25
1137 3 160 168 0.75 0.80 20 25
1138 3 160 168 0.80 0.85 20 25
1139 3 160 168 0.85 0.90 20 25
1140 3 160 168 0.90 0.95 20 25
1141 3 160 168 0.95 1.00 20 25
1142 3 160 168 1.00 1.05 20 25
1143 3 160 168 1.05 1.10 20 25
1144 3 160 168 1.10 1.15 20 25
1145 3 160 168 1.15 1.20 20 25
1146 3 160 168 1.20 1.25 20 25
1147 3 160 168 1.25 1.30 20 25
1148 3 160 168 1.30 1.35 20 25
1149 3 160 168 1.35 1.40 20 25
1150 3 160 168 1.40 1.45 20 25
1151 3 160 168 1.45 1.50 20 25
1152 3 160 168 1.50 1.55 20 25
1153 3 160 168 1.55 1.60 20 25
1154 3 160 168 1.60 1.65 20 25
1155 3 160 168 1.65 1.70 20 25
1156 3 160 168 1.70 1.75 20 25
1157 3 160 168 1.75 1.80 20 25
1158 3 160 168 1.80 1.85 20 25
1159 3 160 168 1.85 1.90 20 25
1160 3 160 168 1.90 1.95 20 25
1161 3 160 168 1.95 2.00 20 25
1162 3 160 168 0.00 0.05 25 30
1163 3 160 168 0.05 0.10 25 30
1164 3 160 168 0.10 0.15 25 30
1165 3 160 168 0.15 0.20 25 30
1166 3 160 168 0.20 0.25 25 30
1167 3 160 168 0.25 0.30 25 30
1168 3 160 168 0.30 0.35 25 30
1169 3 160 168 0.35 0.40 25 30
1170 3 160 168 0.40 0.45 25 30
1171 3 160 168 0.45 0.50 25 30
1172 3 160 168 0.50 0.55 25 30
1173 3 160 168 0.55 0.60 25 30
1174 3 160 168 0.60 0.65 25 30
1175 3 160 168 0.65 0.70 25 30
1176 3 160 168 0.70 0.75 25 30
1177 3 160 168 0.75 0.80 25 30
1178 3 160 168 0.80 0.85 25 30
1179 3 160 168 0.85 0.90 25 30
1180 3 160 168 0.90 0.95 25 30
1181 3 160 168 0.95 1.00 25 30
1182 3 160 168 1.00 1.05 25 30
1183 3 160 168 1.05 1.10 25 30
1184 3 160 168 1.10 1.15 25 30
1185 3 160 168 1.15 1.20 25 30
1186 3 160 168 1.20 1.25 25 30
1187 3 160 168 1.25 1.30 25 30
1188 3 160 168 1.30 1.35 25 30
1189 3 160 168 1.35 1.40 25 30
1190 3 160 168 1.40 1.45 25 30
1191 3 160 168 1.45 1.50 25 30
1192 3 160 168 1.50 1.55 25 30
1193 3 160 168 1.55 1.60 25 30
1194 3 160 168 1.60 1.65 25 30
1195 3 160 168 1.65 1.70 25 30
1196 3 160 168 1.70 1.75 25 30
1197 3 160 168 1.75 1.80 25 30
1198 3 160 168 1.80 1.85 25 30
1199 3 160 168 1.85 1.90 25 30
1200 3 160 168 1.90 1.95 25 30
1201 3 160 168 1.95 2.00 25 30
1202 3 160 168 0.00 0.05 30 35
1203 3 160 168 0.05 0.10 30 35
1204 3 160 168 0.10 0.15 30 35
1205 3 160 168 0.15 0.20 30 35
1206 3 160 168 0.20 0.25 30 35
1207 3 160 168 0.25 0.30 30 35
1208 3 160 168 0.30 0.35 30 35
1209 3 160 168 0.35 0.40 30 35
1210 3 160 168 0.40 0.45 30 35
1211 3 160 168 0.45 0.50 30 35
1212 3 160 168 0.50 0.55 30 35
1213 3 160 168 0.55 0.60 30 35
1214 3 160 168 0.60 0.65 30 35
1215 3 160 168 0.65 0.70 30 35
1216 3 160 168 0.70 0.75 30 35
1217 3 160 168 0.75 0.80 30 35
1218 3 160 168 0.80 0.85 30 35
1219 3 160 168 0.85 0.90 30 35
1220 3 160 168 0.90 0.95 30 35
1221 3 160 168 0.95 1.00 30 35
1222 3 160 168 1.00 1.05 30 35
1223 3 160 168 1.05 1.10 30 35
1224 3 160 168 1.10 1.15 30 35
1225 3 160 168 1.15 1.20 30 35
1226 3 160 168 1.20 1.25 30 35
1227 3 160 168 1.25 1.30 30 35
1228 3 160 168 1.30 1.35 30 35
1229 3 160 168 1.35 1.40 30 35
1230 3 160 168 1.40 1.45 30 35
1231 3 160 168 1.45 1.50 30 35
1232 3 160 168 1.50 1.55 30 35
1233 3 160 168 1.55 1.60 30 35
1234 3 160 168 1.60 1.65 30 35
1235 3 160 168 1.65 1.70 30 35
1236 3 160 168 1.70 1.75 30 35
1237 3 160 168 1.75 1.80 30 35
1238 3 160 168 1.80 1.85 30 35
1239 3 160 168 1.85 1.90 30 35
1240 3 160 168 1.90 1.95 30 35
1241 3 160 168 1.95 2.00 30 35
1242 3 160 168 0.00 0.05 35 40
1243 3 160 168 0.05 0.10 35 40
1244 3 160 168 0.10 0.15 35 40
1245 3 160 168 0.15 0.20 35 40
1246 3 160 168 0.20 0.25 35 40
1247 3 160 168 0.25 0.30 35 40
1248 3 160 168 0.30 0.35 35 40
1249 3 160 168 0.35 0.40 35 40
1250 3 160 168 0.40 0.45 35 40
1251 3 160 168 0.45 0.50 35 40
1252 3 160 168 0.50 0.55 35 40
1253 3 160 168 0.55 0.60 35 40
1254 3 160 168 0.60 0.65 35 40
1255 3 160 168 0.65 0.70 35 40
1256 3 160 168 0.70 0.75 35 40
1257 3 160 168 0.75 0.80 35 40
1258 3 160 168 0.80 0.85 35 40
1259 3 160 168 0.85 0.90 35 40
1260 3 160 168 0.90 0.95 35 40
1261 3 160 168 0.95 1.00 35 40
1262 3 160 168 1.00 1.05 35 40
1263 3 160 168 1.05 1.10 35 40
1264 3 160 168 1.10 1.15 35 40
1265 3 160 168 1.15 1.20 35 40
1266 3 160 168 1.20 1.25 35 40
1267 3 160 168 1.25 1.30 35 40
1268 3 160 168 1.30 1.35 35 40
1269 3 160 168 1.35 1.40 35 40
1270 3 160 168 1.40 1.45 35 40
1271 3 160 168 1.45 1.50 35 40
1272 3 160 168 1.50 1.55 35 40
1273 3 160 168 1.55 1.60 35 40
1274 3 160 168 1.60 1.65 35 40
1275 3 160 168 1.65 1.70 35 40
1276 3 160 168 1.70 1.75 35 40
1277 3 160 168 1.75 1.80 35 40
1278 3 160 168 1.80 1.85 35 40
1279 3 160 168 1.85 1.90 35 40
1280 3 160 168 1.90 1.95 35 40
1281 3 160 168 1.95 2.00 35 40
1282 3 160 168 0.00 0.05 40 45
1283 3 160 168 0.05 0.10 40 45
1284 3 160 168 0.10 0.15 40 45
1285 3 160 168 0.15 0.20 40 45
1286 3 160 168 0.20 0.25 40 45
1287 3 160 168 0.25 0.30 40 45
1288 3 160 168 0.30 0.35 40 45
1289 3 160 168 0.35 0.40 40 45
1290 3 160 168 0.40 0.45 40 45
1291 3 160 168 0.45 0.50 40 45
1292 3 160 168 0.50 0.55 40 45
1293 3 160 168 0.55 0.60 40 45
1294 3 160 168 0.60 0.65 40 45
1295 3 160 168 0.65 0.70 40 45
1296 3 160 168 0.70 0.75 40 45
1297 3 160 168 0.75 0.80 40 45
1298 3 160 168 0.80 0.85 40 45
1299 3 160 168 0.85 0.90 40 45
1300 3 160 168 0.90 0.95 40 45
1301 3 160 168 0.95 1.00 40 45
1302 3 160 168 1.00 1.05 40 45
1303 3 160 168 1.05 1.10 40 45
1304 3 160 168 1.10 1.15 40 45
1305 3 160 168 1.15 1.20 40 45
1306 3 160 168 1.20 1.25 40 45
1307 3 160 168 1.25 1.30 40 45
1308 3 160 168 1.30 1.35 40 45
1309 3 160 168 1.35 1.40 40 45
1310 3 160 168 1.40 1.45 40 45
1311 3 160 168 1.45 1.50 40 45
1312 3 160 168 1.50 1.55 40 45
1313 3 160 168 1.55 1.60 40 45
1314 3 160 168 1.60 1.65 40 45
1315 3 160 168 1.65 1.70 40 45
1316 3 160 168 1.70 1.75 40 45
1317 3 160 168 1.75 1.80 40 45
1318 3 160 168 1.80 1.85 40 45
1319 3 160 168 1.85 1.90 40 45
1320 3 160 168 1.90 1.95 40 45
1321 3 160 168 1.95 2.00 40 45
1322 3 160 168 0.00 0.05 45 50
1323 3 160 168 0.05 0.10 45 50
1324 3 160 168 0.10 0.15 45 50
1325 3 160 168 0.15 0.20 45 50
1326 3 160 168 0.20 0.25 45 50
1327 3 160 168 0.25 0.30 45 50
1328 3 160 168 0.30 0.35 45 50
1329 3 160 168 0.35 0.40 45 50
1330 3 160 168 0.40 0.45 45 50
1331 3 160 168 0.45 0.50 45 50
1332 3 160 168 0.50 0.55 45 50
1333 3 160 168 0.55 0.60 45 50
1334 3 160 168 0.60 0.65 45 50
1335 3 160 168 0.65 0.70 45 50
1336 3 160 168 0.70 0.75 45 50
1337 3 160 168 0.75 0.80 45 50
1338 3 160 168 0.80 0.85 45 50
1339 3 160 168 0.85 0.90 45 50
1340 3 160 168 0.90 0.95 45 50
1341 3 160 168 0.95 1.00 45 50
1342 3 160 168 1.00 1.05 45 50
1343 3 160 168 1.05 1.10 45 50
1344 3 160 168 1.10 1.15 45 50
1345 3 160 168 1.15 1.20 45 50
1346 3 160 168 1.20 1.25 45 50
1347 3 160 168 1.25 1.30 45 50
1348 3 160 168 1.30 1.35 45 50
1349 3 160 168 1.35 1.40 45 50
1350 3 160 168 1.40 1.45 45 50
1351 3 160 168 1.45 1.50 45 50
1352 3 160 168 1.50 1.55 45 50
1353 3 160 168 1.55 1.60 45 50
1354 3 160 168 1.60 1.65 45 50
1355 3 160 168 1.65 1.70 45 50
1356 3 160 168 1.70 1.75 45 50
1357 3 160 168 1.75 1.80 45 50
1358 3 160 168 1.80 1.85 45 50
1359 3 160 168 1.85 1.90 45 50
1360 3 160 168 1.90 1.95 45 50
1361 3 160 168 1.95 2.00 45 50
1362 3 160 168 0.00 0.05 50 55
1363 3 160 168 0.05 0.10 50 55
1364 3 160 168 0.10 0.15 50 55
1365 3 160 168 0.15 0.20 50 55
1366 3 160 168 0.20 0.25 50 55
1367 3 160 168 0.25 0.30 50 55
1368 3 160 168 0.30 0.35 50 55
1369 3 160 168 0.35 0.40 50 55
1370 3 160 168 0.40 0.45 50 55
1371 3 160 168 0.45 0.50 50 55
1372 3 160 168 0.50 0.55 50 55
1373 3 160 168 0.55 0.60 50 55
1374 3 160 168 0.60 0.65 50 55
1375 3 160 168 0.65 0.70 50 55
1376 3 160 168 0.70 0.75 50 55
1377 3 160 168 0.75 0.80 50 55
1378 3 160 168 0.80 0.85 50 55
1379 3 160 168 0.85 0.90 50 55
1380 3 160 168 0.90 0.95 50 55
1381 3 160 168 0.95 1.00 50 55
1382 3 160 168 1.00 1.05 50 55
1383 3 160 168 1.05 1.10 50 55
1384 3 160 168 1.10 1.15 50 55
1385 3 160 168 1.15 1.20 50 55
1386 3 160 168 1.20 1.25 50 55
1387 3 160 168 1.25 1.30 50 55
1388 3 160 168 1.30 1.35 50 55
1389 3 160 168 1.35 1.40 50 55
1390 3 160 168 1.40 1.45 50 55
1391 3 160 168 1.45 1.50 50 55
1392 3 160 168 1.50 1.55 50 55
1393 3 160 168 1.55 1.60 50 55
1394 3 160 168 1.60 1.65 50 55
1395 3 160 168 1.65 1.70 50 55
1396 3 160 168 1.70 1.75 50 55
1397 3 160 168 1.75 1.80 50 55
1398 3 160 168 1.80 1.85 50 55
1399 3 160 168 1.85 1.90 50 55
1400 3 160 168 1.90 1.95 50 55
1401 3 160 168 1.95 2.00 50 55
1402 3 160 168 0.00 0.05 55 60
1403 3 160 168 0.05 0.10 55 60
1404 3 160 168 0.10 0.15 55 60
1405 3 160 168 0.15 0.20 55 60
1406 3 160 168 0.20 0.25 55 60
1407 3 160 168 0.25 0.30 55 60
1408 3 160 168 0.30 0.35 55 60
1409 3 160 168 0.35 0.40 55 60
1410 3 160 168 0.40 0.45 55 60
1411 3 160 168 0.45 0.50 55 60
1412 3 160 168 0.50 0.55 55 60
1413 3 160 168 0.55 0.60 55 60
1414 3 160 168 0.60 0.65 55 60
1415 3 160 168 0.65 0.70 55 60
1416 3 160 168 0.70 0.75 55 60
1417 3 160 168 0.75 0.80 55 60
1418 3 160 168 0.80 0.85 55 60
1419 3 160 168 0.85 0.90 55 60
1420 3 160 168 0.90 0.95 55 60
1421 3 160 168 0.95 1.00 55 60
1422 3 160 168 1.00 1.05 55 60
1423 3 160 168 1.05 1.10 55 60
1424 3 160 168 1.10 1.15 55 60
1425 3 160 168 1.15 1.20 55 60
1426 3 160 168 1.20 1.25 55 60
1427 3 160 168 1.25 1.30 55 60
1428 3 160 168 1.30 1.35 55 60
1429 3 160 168 1.35 1.40 55 60
1430 3 160 168 1.40 1.45 55 60
1431 3 160 168 1.45 1.50 55 60
1432 3 160 168 1.50 1.55 55 60
1433 3 160 168 1.55 1.60 55 60
1434 3 160 168 1.60 1.65 55 60
1435 3 160 168 1.65 1.70 55 60
1436 3 160 168 1.70 1.75 55 60
1437 3 160 168 1.75 1.80 55 60
1438 3 160 168 1.80 1.85 55 60
1439 3 160 168 1.85 1.90 55 60
1440 3 160 168 1.90 1.95 55 60
1441 3 160 168 1.95 2.00 55 60
1442 3 160 168 0.00 0.05 60 65
1443 3 160 168 0.05 0.10 60 65
1444 3 160 168 0.10 0.15 60 65
1445 3 160 168 0.15 0.20 60 65
1446 3 160 168 0.20 0.25 60 65
1447 3 160 168 0.25 0.30 60 65
1448 3 160 168 0.30 0.35 60 65
1449 3 160 168 0.35 0.40 60 65
1450 3 160 168 0.40 0.45 60 65
1451 3 160 168 0.45 0.50 60 65
1452 3 160 168 0.50 0.55 60 65
1453 3 160 168 0.55 0.60 60 65
1454 3 160 168 0.60 0.65 60 65
1455 3 160 168 0.65 0.70 60 65
1456 3 160 168 0.70 0.75 60 65
1457 3 160 168 0.75 0.80 60 65
1458 3 160 168 0.80 0.85 60 65
1459 3 160 168 0.85 0.90 60 65
1460 3 160 168 0.90 0.95 60 65
1461 3 160 168 0.95 1.00 60 65
1462 3 160 168 1.00 1.05 60 65
1463 3 160 168 1.05 1.10 60 65
1464 3 160 168 1.10 1.15 60 65
1465 3 160 168 1.15 1.20 60 65
1466 3 160 168 1.20 1.25 60 65
1467 3 160 168 1.25 1.30 60 65
1468 3 160 168 1.30 1.35 60 65
1469 3 160 168 1.35 1.40 60 65
1470 3 160 168 1.40 1.45 60 65
1471 3 160 168 1.45 1.50 60 65
1472 3 160 168 1.50 1.55 60 65
1473 3 160 168 1.55 1.60 60 65
1474 3 160 168 1.60 1.65 60 65
1475 3 160 168 1.65 1.70 60 65
1476 3 160 168 1.70 1.75 60 65
1477 3 160 168 1.75 1.80 60 65
1478 3 160 168 1.80 1.85 60 65
1479 3 160 168 1.85 1.90 60 65
1480 3 160 168 1.90 1.95 60 65
1481 3 160 168 1.95 2.00 60 65
1482 3 160 168 0.00 0.05 65 70
1483 3 160 168 0.05 0.10 65 70
1484 3 160 168 0.10 0.15 65 70
1485 3 160 168 0.15 0.20 65 70
1486 3 160 168 0.20 0.25 65 70
1487 3 160 168 0.25 0.30 65 70
1488 3 160 168 0.30 0.35 65 70
1489 3 160 168 0.35 0.40 65 70
1490 3 160 168 0.40 0.45 65 70
1491 3 160 168 0.45 0.50 65 70
1492 3 160 168 0.50 0.55 65 70
1493 3 160 168 0.55 0.60 65 70
1494 3 160 168 0.60 0.65 65 70
1495 3 160 168 0.65 0.70 65 70
1496 3 160 168 0.70 0.75 65 70
1497 3 160 168 0.75 0.80 65 70
1498 3 160 168 0.80 0.85 65 70
1499 3 160 168 0.85 0.90 65 70
1500 3 160 168 0.90 0.95 65 70
1501 3 160 168 0.95 1.00 65 70
1502 3 160 168 1.00 1.05 65 70
1503 3 160 168 1.05 1.10 65 70
1504 3 160 168 1.10 1.15 65 70
1505 3 160 168 1.15 1.20 65 70
1506 3 160 168 1.20 1.25 65 70
1507 3 160 168 1.25 1.30 65 70
1508 3 160 168 1.30 1.35 65 70
1509 3 160 168 1.35 1.40 65 70
1510 3 160 168 1.40 1.45 65 70
1511 3 160 168 1.45 1.50 65 70
1512 3 160 168 1.50 1.55 65 70
1513 3 160 168 1.55 1.60 65 70
1514 3 160 168 1.60 1.65 65 70
1515 3 160 168 1.65 1.70 65 70
1516 3 160 168 1.70 1.75 65 70
1517 3 160 168 1.75 1.80 65 70
1518 3 160 168 1.80 1.85 65 70
1519 3 160 168 1.85 1.90 65 70
1520 3 160 168 1.90 1.95 65 70
1521 3 160 168 1.95 2.00 65 70
1522 3 160 168 0.00 0.05 70 75
1523 3 160 168 0.05 0.10 70 75
1524 3 160 168 0.10 0.15 70 75
1525 3 160 168 0.15 0.20 70 75
1526 3 160 168 0.20 0.25 70 75
1527 3 160 168 0.25 0.30 70 75
1528 3 160 168 0.30 0.35 70 75
1529 3 160 168 0.35 0.40 70 75
1530 3 160 168 0.40 0.45 70 75
1531 3 160 168 0.45 0.50 70 75
1532 3 160 168 0.50 0.55 70 75
1533 3 160 168 0.55 0.60 70 75
1534 3 160 168 0.60 0.65 70 75
1535 3 160 168 0.65 0.70 70 75
1536 3 160 168 0.70 0.75 70 75
1537 3 160 168 0.75 0.80 70 75
1538 3 160 168 0.80 0.85 70 75
1539 3 160 168 0.85 0.90 70 75
1540 3 160 168 0.90 0.95 70 75
1541 3 160 168 0.95 1.00 70 75
1542 3 160 168 1.00 1.05 70 75
1543 3 160 168 1.05 1.10 70 75
1544 3 160 168 1.10 1.15 70 75
1545 3 160 168 1.15 1.20 70 75
1546 3 160 168 1.20 1.25 70 75
1547 3 160 168 1.25 1.30 70 75
1548 3 160 168 1.30 1.35 70 75
1549 3 160 168 1.35 1.40 70 75
1550 3 160 168 1.40 1.45 70 75
1551 3 160 168 1.45 1.50 70 75
1552 3 160 168 1.50 1.55 70 75
1553 3 160 168 1.55 1.60 70 75
1554 3 160 168 1.60 1.65 70 75
1555 3 160 168 1.65 1.70 70 75
1556 3 160 168 1.70 1.75 70 75
1557 3 160 168 1.75 1.80 70 75
1558 3 160 168 1.80 1.85 70 75
1559 3 160 168 1.85 1.90 70 75
1560 3 160 168 1.90 1.95 70 75
1561 3 160 168 1.95 2.00 70 75
1562 3 160 168 0.00 0.05 75 80
1563 3 160 168 0.05 0.10 75 80
1564 3 160 168 0.10 0.15 75 80
1565 3 160 168 0.15 0.20 75 80
1566 3 160 168 0.20 0.25 75 80
1567 3 160 168 0.25 0.30 75 80
1568 3 160 168 0.30 0.35 75 80
1569 3 160 168 0.35 0.40 75 80
1570 3 160 168 0.40 0.45 75 80
1571 3 160 168 0.45 0.50 75 80
1572 3 160 168 0.50 0.55 75 80
1573 3 160 168 0.55 0.60 75 80
1574 3 160 168 0.60 0.65 75 80
1575 3 160 168 0.65 0.70 75 80
1576 3 160 168 0.70 0.75 75 80
1577 3 160 168 0.75 0.80 75 80
1578 3 160 168 0.80 0.85 75 80
1579 3 160 168 0.85 0.90 75 80
1580 3 160 168 0.90 0.95 75 80
1581 3 160 168 0.95 1.00 75 80
1582 3 160 168 1.00 1.05 75 80
1583 3 160 168 1.05 1.10 75 80
1584 3 160 168 1.10 1.15 75 80
1585 3 160 168 1.15 1.20 75 80
1586 3 160 168 1.20 1.25 75 80
1587 3 160 168 1.25 1.30 75 80
1588 3 160 168 1.30 1.35 75 80
1589 3 160 168 1.35 1.40 75 80
1590 3 160 168 1.40 1.45 75 80
1591 3 160 168 1.45 1.50 75 80
1592 3 160 168 1.50 1.55 75 80
1593 3 160 168 1.55 1.60 75 80
1594 3 160 168 1.60 1.65 75 80
1595 3 160 168 1.65 1.70 75 80
1596 3 160 168 1.70 1.75 75 80
1597 3 160 168 1.75 1.80 75 80
1598 3 160 168 1.80 1.85 75 80
1599 3 160 168 1.85 1.90 75 80
1600 3 160 168 1.90 1.95 75 80
1601 3 160 168 1.95 2.00 75 80
1602 3 160 168 0.00 0.05 80 85
1603 3 160 168 0.05 0.10 80 85
1604 3 160 168 0.10 0.15 80 85
1605 3 160 168 0.15 0.20 80 85
1606 3 160 168 0.20 0.25 80 85
1607 3 160 168 0.25 0.30 80 85
1608 3 160 168 0.30 0.35 80 85
1609 3 160 168 0.35 0.40 80 85
1610 3 160 168 0.40 0.45 80 85
1611 3 160 168 0.45 0.50 80 85
1612 3 160 168 0.50 0.55 80 85
1613 3 160 168 0.55 0.60 80 85
1614 3 160 168 0.60 0.65 80 85
1615 3 160 168 0.65 0.70 80 85
1616 3 160 168 0.70 0.75 80 85
1617 3 160 168 0.75 0.80 80 85
1618 3 160 168 0.80 0.85 80 85
1619 3 160 168 0.85 0.90 80 85
1620 3 160 168 0.90 0.95 80 85
1621 3 160 168 0.95 1.00 80 85
1622 3 160 168 1.00 1.05 80 85
1623 3 160 168 1.05 1.10 80 85
1624 3 160 168 1.10 1.15 80 85
1625 3 160 168 1.15 1.20 80 85
1626 3 160 168 1.20 1.25 80 85
1627 3 160 168 1.25 1.30 80 85
1628 3 160 168 1.30 1.35 80 85
1629 3 160 168 1.35 1.40 80 85
1630 3 160 168 1.40 1.45 80 85
1631 3 160 168 1.45 1.50 80 85
1632 3 160 168 1.50 1.55 80 85
1633 3 160 168 1.55 1.60 80 85
1634 3 160 168 1.60 1.65 80 85
1635 3 160 168 1.65 1.70 80 85
1636 3 160 168 1.70 1.75 80 85
1637 3 160 168 1.75 1.80 80 85
1638 3 160 168 1.80 1.85 80 85
1639 3 160 168 1.85 1.90 80 85
1640 3 160 168 1.90 1.95 80 85
1641 3 160 168 1.95 2.00 80 85
1642 3 160 168 0.00 0.05 85 90
1643 3 160 168 0.05 0.10 85 90
1644 3 160 168 0.10 0.15 85 90
1645 3 160 168 0.15 0.20 85 90
1646 3 160 168 0.20 0.25 85 90
1647 3 160 168 0.25 0.30 85 90
1648 3 160 168 0.30 0.35 85 90
1649 3 160 168 0.35 0.40 85 90
1650 3 160 168 0.40 0.45 85 90
1651 3 160 168 0.45 0.50 85 90
1652 3 160 168 0.50 0.55 85 90
1653 3 160 168 0.55 0.60 85 90
1654 3 160 168 0.60 0.65 85 90
1655 3 160 168 0.65 0.70 85 90
1656 3 160 168 0.70 0.75 85 90
1657 3 160 168 0.75 0.80 85 90
1658 3 160 168 0.80 0.85 85 90
1659 3 160 168 0.85 0.90 85 90
1660 3 160 168 0.90 0.95 85 90
1661 3 160 168 0.95 1.00 85 90
1662 3 160 168 1.00 1.05 85 90
1663 3 160 168 1.05 1.10 85 90
1664 3 160 168 1.10 1.15 85 90
1665 3 160 168 1.15 1.20 85 90
1666 3 160 168 1.20 1.25 85 90
1667 3 160 168 1.25 1.30 85 90
1668 3 160 168 1.30 1.35 85 90
1669 3 160 168 1.35 1.40 85 90
1670 3 160 168 1.40 1.45 85 90
1671 3 160 168 1.45 1.50 85 90
1672 3 160 168 1.50 1.55 85 90
1673 3 160 168 1.55 1.60 85 90
1674 3 160 168 1.60 1.65 85 90
1675 3 160 168 1.65 1.70 85 90
1676 3 160 168 1.70 1.75 85 90
1677 3 160 168 1.75 1.80 85 90
1678 3 160 168 1.80 1.85 85 90
1679 3 160 168 1.85 1.90 85 90
1680 3 160 168 1.90 1.95 85 90
1681 3 160 168 1.95 2.00 85 90
1682 3 160 168 0.00 0.05 90 95
1683 3 160 168 0.05 0.10 90 95
1684 3 160 168 0.10 0.15 90 95
1685 3 160 168 0.15 0.20 90 95
1686 3 160 168 0.20 0.25 90 95
1687 3 160 168 0.25 0.30 90 95
1688 3 160 168 0.30 0.35 90 95
1689 3 160 168 0.35 0.40 90 95
1690 3 160 168 0.40 0.45 90 95
1691 3 160 168 0.45 0.50 90 95
1692 3 160 168 0.50 0.55 90 95
1693 3 160 168 0.55 0.60 90 95
1694 3 160 168 0.60 0.65 90 95
1695 3 160 168 0.65 0.70 90 95
1696 3 160 168 0.70 0.75 90 95
1697 3 160 168 0.75 0.80 90 95
1698 3 160 168 0.80 0.85 90 95
1699 3 160 168 0.85 0.90 90 95
1700 3 160 168 0.90 0.95 90 95
1701 3 160 168 0.95 1.00 90 95
1702 3 160 168 1.00 1.05 90 95
1703 3 160 168 1.05 1.10 90 95
1704 3 160 168 1.10 1.15 90 95
1705 3 160 168 1.15 1.20 90 95
1706 3 160 168 1.20 1.25 90 95
1707 3 160 168 1.25 1.30 90 95
1708 3 160 168 1.30 1.35 90 95
1709 3 160 168 1.35 1.40 90 95
1710 3 160 168 1.40 1.45 90 95
1711 3 160 168 1.45 1.50 90 95
1712 3 160 168 1.50 1.55 90 95
1713 3 160 168 1.55 1.60 90 95
1714 3 160 168 1.60 1.65 90 95
1715 3 160 168 1.65 1.70 90 95
1716 3 160 168 1.70 1.75 90 95
1717 3 160 168 1.75 1.80 90 95
1718 3 160 168 1.80 1.85 90 95
1719 3 160 168 1.85 1.90 90 95
1720 3 160 168 1.90 1.95 90 95
1721 3 160 168 1.95 2.00 90 95
1722 3 160 168 0.00 0.05 95 100
1723 3 160 168 0.05 0.10 95 100
1724 3 160 168 0.10 0.15 95 100
1725 3 160 168 0.15 0.20 95 100
1726 3 160 168 0.20 0.25 95 100
1727 3 160 168 0.25 0.30 95 100
1728 3 160 168 0.30 0.35 95 100
1729 3 160 168 0.35 0.40 95 100
1730 3 160 168 0.40 0.45 95 100
1731 3 160 168 0.45 0.50 95 100
1732 3 160 168 0.50 0.55 95 100
1733 3 160 168 0.55 0.60 95 100
1734 3 160 168 0.60 0.65 95 100
1735 3 160 168 0.65 0.70 95 100
1736 3 160 168 0.70 0.75 95 100
1737 3 160 168 0.75 0.80 95 100
1738 3 160 168 0.80 0.85 95 100
1739 3 160 168 0.85 0.90 95 100
1740 3 160 168 0.90 0.95 95 100
1741 3 160 168 0.95 1.00 95 100
1742 3 160 168 1.00 1.05 95 100
1743 3 160 168 1.05 1.10 95 100
1744 3 160 168 1.10 1.15 95 100
1745 3 160 168 1.15 1.20 95 100
1746 3 160 168 1.20 1.25 95 100
1747 3 160 168 1.25 1.30 95 100
1748 3 160 168 1.30 1.35 95 100
1749 3 160 168 1.35 1.40 95 100
1750 3 160 168 1.40 1.45 95 100
1751 3 160 168 1.45 1.50 95 100
1752 3 160 168 1.50 1.55 95 100
1753 3 160 168 1.55 1.60 95 100
1754 3 160 168 1.60 1.65 95 100
1755 3 160 168 1.65 1.70 95 100
1756 3 160 168 1.70 1.75 95 100
1757 3 160 168 1.75 1.80 95 100
1758 3 160 168 1.80 1.85 95 100
1759 3 160 168 1.85 1.90 95 100
1760 3 160 168 1.90 1.95 95 100
1761 3 160 168 1.95 2.00 95 100
1762 3 160 168 0.00 0.05 100 105
1763 3 160 168 0.05 0.10 100 105
1764 3 160 168 0.10 0.15 100 105
1765 3 160 168 0.15 0.20 100 105
1766 3 160 168 0.20 0.25 100 105
1767 3 160 168 0.25 0.30 100 105
1768 3 160 168 0.30 0.35 100 105
1769 3 160 168 0.35 0.40 100 105
1770 3 160 168 0.40 0.45 100 105
1771 3 160 168 0.45 0.50 100 105
1772 3 160 168 0.50 0.55 100 105
1773 3 160 168 0.55 0.60 100 105
1774 3 160 168 0.60 0.65 100 105
1775 3 160 168 0.65 0.70 100 105
1776 3 160 168 0.70 0.75 100 105
1777 3 160 168 0.75 0.80 100 105
1778 3 160 168 0.80 0.85 100 105
1779 3 160 168 0.85 0.90 100 105
1780 3 160 168 0.90 0.95 100 105
1781 3 160 168 0.95 1.00 100 105
1782 3 160 168 1.00 1.05 100 105
1783 3 160 168 1.05 1.10 100 105
1784 3 160 168 1.10 1.15 100 105
1785 3 160 168 1.15 1.20 100 105
1786 3 160 168 1.20 1.25 100 105
1787 3 160 168 1.25 1.30 100 105
1788 3 160 168 1.30 1.35 100 105
1789 3 160 168 1.35 1.40 100 105
1790 3 160 168 1.40 1.45 100 105
1791 3 160 168 1.45 1.50 100 105
1792 3 160 168 1.50 1.55 100 105
1793 3 160 168 1.55 1.60 100 105
1794 3 160 168 1.60 1.65 100 105
1795 3 160 168 1.65 1.70 100 105
1796 3 160 168 1.70 1.75 100 105
1797 3 160 168 1.75 1.80 100 105
1798 3 160 168 1.80 1.85 100 105
1799 3 160 168 1.85 1.90 100 105
1800 3 160 168 1.90 1.95 100 105
1801 3 160 168 1.95 2.00 100 105
1802 3 160 168 0.00 0.05 105 110
1803 3 160 168 0.05 0.10 105 110
1804 3 160 168 0.10 0.15 105 110
1805 3 160 168 0.15 0.20 105 110
1806 3 160 168 0.20 0.25 105 110
1807 3 160 168 0.25 0.30 105 110
1808 3 160 168 0.30 0.35 105 110
1809 3 160 168 0.35 0.40 105 110
1810 3 160 168 0.40 0.45 105 110
1811 3 160 168 0.45 0.50 105 110
1812 3 160 168 0.50 0.55 105 110
1813 3 160 168 0.55 0.60 105 110
1814 3 160 168 0.60 0.65 105 110
1815 3 160 168 0.65 0.70 105 110
1816 3 160 168 0.70 0.75 105 110
1817 3 160 168 0.75 0.80 105 110
1818 3 160 168 0.80 0.85 105 110
1819 3 160 168 0.85 0.90 105 110
1820 3 160 168 0.90 0.95 105 110
1821 3 160 168 0.95 1.00 105 110
1822 3 160 168 1.00 1.05 105 110
1823 3 160 168 1.05 1.10 105 110
1824 3 160 168 1.10 1.15 105 110
1825 3 160 168 1.15 1.20 105 110
1826 3 160 168 1.20 1.25 105 110
1827 3 160 168 1.25 1.30 105 110
1828 3 160 168 1.30 1.35 105 110
1829 3 160 168 1.35 1.40 105 110
1830 3 160 168 1.40 1.45 105 110
1831 3 160 168 1.45 1.50 105 110
1832 3 160 168 1.50 1.55 105 110
1833 3 160 168 1.55 1.60 105 110
1834 3 160 168 1.60 1.65 105 110
1835 3 160 168 1.65 1.70 105 110
1836 3 160 168 1.70 1.75 105 110
1837 3 160 168 1.75 1.80 105 110
1838 3 160 168 1.80 1.85 105 110
1839 3 160 168 1.85 1.90 105 110
1840 3 160 168 1.90 1.95 105 110
1841 3 160 168 1.95 2.00 105 110
1842 3 160 168 0.00 0.05 110 115
1843 3 160 168 0.05 0.10 110 115
1844 3 160 168 0.10 0.15 110 115
1845 3 160 168 0.15 0.20 110 115
1846 3 160 168 0.20 0.25 110 115
1847 3 160 168 0.25 0.30 110 115
1848 3 160 168 0.30 0.35 110 115
1849 3 160 168 0.35 0.40 110 115
1850 3 160 168 0.40 0.45 110 115
1851 3 160 168 0.45 0.50 110 115
1852 3 160 168 0.50 0.55 110 115
1853 3 160 168 0.55 0.60 110 115
1854 3 160 168 0.60 0.65 110 115
1855 3 160 168 0.65 0.70 110 115
1856 3 160 168 0.70 0.75 110 115
1857 3 160 168 0.75 0.80 110 115
1858 3 160 168 0.80 0.85 110 115
1859 3 160 168 0.85 0.90 110 115
1860 3 160 168 0.90 0.95 110 115
1861 3 160 168 0.95 1.00 110 115
1862 3 160 168 1.00 1.05 110 115
1863 3 160 168 1.05 1.10 110 115
1864 3 160 168 1.10 1.15 110 115
1865 3 160 168 1.15 1.20 110 115
1866 3 160 168 1.20 1.25 110 115
1867 3 160 168 1.25 1.30 110 115
1868 3 160 168 1.30 1.35 110 115
1869 3 160 168 1.35 1.40 110 115
1870 3 160 168 1.40 1.45 110 115
1871 3 160 168 1.45 1.50 110 115
1872 3 160 168 1.50 1.55 110 115
1873 3 160 168 1.55 1.60 110 115
1874 3 160 168 1.60 1.65 110 115
1875 3 160 168 1.65 1.70 110 115
1876 3 160 168 1.70 1.75 110 115
1877 3 160 168 1.75 1.80 110 115
1878 3 160 168 1.80 1.85 110 115
1879 3 160 168 1.85 1.90 110 115
1880 3 160 168 1.90 1.95 110 115
1881 3 160 168 1.95 2.00 110 115
1882 3 160 168 0.00 0.05 115 120
1883 3 160 168 0.05 0.10 115 120
1884 3 160 168 0.10 0.15 115 120
1885 3 160 168 0.15 0.20 115 120
1886 3 160 168 0.20 0.25 115 120
1887 3 160 168 0.25 0.30 115 120
1888 3 160 168 0.30 0.35 115 120
1889 3 160 168 0.35 0.40 115 120
1890 3 160 168 0.40 0.45 115 120
1891 3 160 168 0.45 0.50 115 120
1892 3 160 168 0.50 0.55 115 120
1893 3 160 168 0.55 0.60 115 120
1894 3 160 168 0.60 0.65 115 120
1895 3 160 168 0.65 0.70 115 120
1896 3 160 168 0.70 0.75 115 120
1897 3 160 168 0.75 0.80 115 120
1898 3 160 168 0.80 0.85 115 120
1899 3 160 168 0.85 0.90 115 120
1900 3 160 168 0.90 0.95 115 120
1901 3 160 168 0.95 1.00 115 120
1902 3 160 168 1.00 1.05 115 120
1903 3 160 168 1.05 1.10 115 120
1904 3 160 168 1.10 1.15 115 120
1905 3 160 168 1.15 1.20 115 120
1906 3 160 168 1.20 1.25 115 120
1907 3 160 168 1.25 1.30 115 120
1908 3 160 168 1.30 1.35 115 120
1909 3 160 168 1.35 1.40 115 120
1910 3 160 168 1.40 1.45 115 120
1911 3 160 168 1.45 1.50 115 120
1912 3 160 168 1.50 1.55 115 120
1913 3 160 168 1.55 1.60 115 120
1914 3 160 168 1.60 1.65 115 120
1915 3 160 168 1.65 1.70 115 120
1916 3 160 168 1.70 1.75 115 120
1917 3 160 168 1.75 1.80 115 120
1918 3 160 168 1.80 1.85 115 120
1919 3 160 168 1.85 1.90 115 120
1920 3 160 168 1.90 1.95 115 120
1921 3 160 168 1.95 2.00 115 120
1922 4 168 285 0 2 0 120