1 1 0 140 0 2 0 45
2 2 140 160 0.00 0.05 0 5
3 2 140 160 0.05 0.10 0 5
4 2 140 160 0.10 0.15 0 5
5 2 140 160 0.15 0.20 0 5
6 2 140 160 0.20 0.25 0 5
7 2 140 160 0.25 0.30 0 5
8 2 140 160 0.30 0.35 0 5
9 2 140 160 0.35 0.40 0 5
10 2 140 160 0.40 0.45 0 5
11 2 140 160 0.45 0.50 0 5
12 2 140 160 0.50 0.55 0 5
13 2 140 160 0.55 0.60 0 5
14 2 140 160 0.60 0.65 0 5
15 2 140 160 0.65 0.70 0 5
16 2 140 160 0.70 0.75 0 5
17 2 140 160 0.75 0.80 0 5
18 2 140 160 0.80 0.85 0 5
19 2 140 160 0.85 0.90 0 5
20 2 140 160 0.90 0.95 0 5
21 2 140 160 0.95 1.00 0 5
22 2 140 160 1.00 1.05 0 5
23 2 140 160 1.05 1.10 0 5
24 2 140 160 1.10 1.15 0 5
25 2 140 160 1.15 1.20 0 5
26 2 140 160 1.20 1.25 0 5
27 2 140 160 1.25 1.30 0 5
28 2 140 160 1.30 1.35 0 5
29 2 140 160 1.35 1.40 0 5
30 2 140 160 1.40 1.45 0 5
31 2 140 160 1.45 1.50 0 5
32 2 140 160 1.50 1.55 0 5
33 2 140 160 1.55 1.60 0 5
34 2 140 160 1.60 1.65 0 5
35 2 140 160 1.65 1.70 0 5
36 2 140 160 1.70 1.75 0 5
37 2 140 160 1.75 1.80 0 5
38 2 140 160 1.80 1.85 0 5
39 2 140 160 1.85 1.90 0 5
40 2 140 160 1.90 1.95 0 5
41 2 140 160 1.95 2.00 0 5
42 2 140 160 0.00 0.05 5 10
43 2 140 160 0.05 0.10 5 10
44 2 140 160 0.10 0.15 5 10
45 2 140 160 0.15 0.20 5 10
46 2 140 160 0.20 0.25 5 10
47 2 140 160 0.25 0.30 5 10
48 2 140 160 0.30 0.35 5 10
49 2 140 160 0.35 0.40 5 10
50 2 140 160 0.40 0.45 5 10
51 2 140 160 0.45 0.50 5 10
52 2 140 160 0.50 0.55 5 10
53 2 140 160 0.55 0.60 5 10
54 2 140 160 0.60 0.65 5 10
55 2 140 160 0.65 0.70 5 10
56 2 140 160 0.70 0.75 5 10
57 2 140 160 0.75 0.80 5 10
58 2 140 160 0.80 0.85 5 10
59 2 140 160 0.85 0.90 5 10
60 2 140 160 0.90 0.95 5 10
61 2 140 160 0.95 1.00 5 10
62 2 140 160 1.00 1.05 5 10
63 2 140 160 1.05 1.10 5 10
64 2 140 160 1.10 1.15 5 10
65 2 140 160 1.15 1.20 5 10
66 2 140 160 1.20 1.25 5 10
67 2 140 160 1.25 1.30 5 10
68 2 140 160 1.30 1.35 5 10
69 2 140 160 1.35 1.40 5 10
70 2 140 160 1.40 1.45 5 10
71 2 140 160 1.45 1.50 5 10
72 2 140 160 1.50 1.55 5 10
73 2 140 160 1.55 1.60 5 10
74 2 140 160 1.60 1.65 5 10
75 2 140 160 1.65 1.70 5 10
76 2 140 160 1.70 1.75 5 10
77 2 140 160 1.75 1.80 5 10
78 2 140 160 1.80 1.85 5 10
79 2 140 160 1.85 1.90 5 10
80 2 140 160 1.90 1.95 5 10
81 2 140 160 1.95 2.00 5 10
82 2 140 160 0.00 0.05 10 15
83 2 140 160 0.05 0.10 10 15
84 2 140 160 0.10 0.15 10 15
85 2 140 160 0.15 0.20 10 15
86 2 140 160 0.20 0.25 10 15
87 2 140 160 0.25 0.30 10 15
88 2 140 160 0.30 0.35 10 15
89 2 140 160 0.35 0.40 10 15
90 2 140 160 0.40 0.45 10 15
91 2 140 160 0.45 0.50 10 15
92 2 140 160 0.50 0.55 10 15
93 2 140 160 0.55 0.60 10 15
94 2 140 160 0.60 0.65 10 15
95 2 140 160 0.65 0.70 10 15
96 2 140 160 0.70 0.75 10 15
97 2 140 160 0.75 0.80 10 15
98 2 140 160 0.80 0.85 10 15
99 2 140 160 0.85 0.90 10 15
100 2 140 160 0.90 0.95 10 15
101 2 140 160 0.95 1.00 10 15
102 2 140 160 1.00 1.05 10 15
103 2 140 160 1.05 1.10 10 15
104 2 140 160 1.10 1.15 10 15
105 2 140 160 1.15 1.20 10 15
106 2 140 160 1.20 1.25 10 15
107 2 140 160 1.25 1.30 10 15
108 2 140 160 1.30 1.35 10 15
109 2 140 160 1.35 1.40 10 15
110 2 140 160 1.40 1.45 10 15
111 2 140 160 1.45 1.50 10 15
112 2 140 160 1.50 1.55 10 15
113 2 140 160 1.55 1.60 10 15
114 2 140 160 1.60 1.65 10 15
115 2 140 160 1.65 1.70 10 15
116 2 140 160 1.70 1.75 10 15
117 2 140 160 1.75 1.80 10 15
118 2 140 160 1.80 1.85 10 15
119 2 140 160 1.85 1.90 10 15
120 2 140 160 1.90 1.95 10 15
121 2 140 160 1.95 2.00 10 15
122 2 140 160 0.00 0.05 15 20
123 2 140 160 0.05 0.10 15 20
124 2 140 160 0.10 0.15 15 20
125 2 140 160 0.15 0.20 15 20
126 2 140 160 0.20 0.25 15 20
127 2 140 160 0.25 0.30 15 20
128 2 140 160 0.30 0.35 15 20
129 2 140 160 0.35 0.40 15 20
130 2 140 160 0.40 0.45 15 20
131 2 140 160 0.45 0.50 15 20
132 2 140 160 0.50 0.55 15 20
133 2 140 160 0.55 0.60 15 20
134 2 140 160 0.60 0.65 15 20
135 2 140 160 0.65 0.70 15 20
136 2 140 160 0.70 0.75 15 20
137 2 140 160 0.75 0.80 15 20
138 2 140 160 0.80 0.85 15 20
139 2 140 160 0.85 0.90 15 20
140 2 140 160 0.90 0.95 15 20
141 2 140 160 0.95 1.00 15 20
142 2 140 160 1.00 1.05 15 20
143 2 140 160 1.05 1.10 15 20
144 2 140 160 1.10 1.15 15 20
145 2 140 160 1.15 1.20 15 20
146 2 140 160 1.20 1.25 15 20
147 2 140 160 1.25 1.30 15 20
148 2 140 160 1.30 1.35 15 20
149 2 140 160 1.35 1.40 15 20
150 2 140 160 1.40 1.45 15 20
151 2 140 160 1.45 1.50 15 20
152 2 140 160 1.50 1.55 15 20
153 2 140 160 1.55 1.60 15 20
154 2 140 160 1.60 1.65 15 20
155 2 140 160 1.65 1.70 15 20
156 2 140 160 1.70 1.75 15 20
157 2 140 160 1.75 1.80 15 20
158 2 140 160 1.80 1.85 15 20
159 2 140 160 1.85 1.90 15 20
160 2 140 160 1.90 1.95 15 20
161 2 140 160 1.95 2.00 15 20
162 2 140 160 0.00 0.05 20 25
163 2 140 160 0.05 0.10 20 25
164 2 140 160 0.10 0.15 20 25
165 2 140 160 0.15 0.20 20 25
166 2 140 160 0.20 0.25 20 25
167 2 140 160 0.25 0.30 20 25
168 2 140 160 0.30 0.35 20 25
169 2 140 160 0.35 0.40 20 25
170 2 140 160 0.40 0.45 20 25
171 2 140 160 0.45 0.50 20 25
172 2 140 160 0.50 0.55 20 25
173 2 140 160 0.55 0.60 20 25
174 2 140 160 0.60 0.65 20 25
175 2 140 160 0.65 0.70 20 25
176 2 140 160 0.70 0.75 20 25
177 2 140 160 0.75 0.80 20 25
178 2 140 160 0.80 0.85 20 25
179 2 140 160 0.85 0.90 20 25
180 2 140 160 0.90 0.95 20 25
181 2 140 160 0.95 1.00 20 25
182 2 140 160 1.00 1.05 20 25
183 2 140 160 1.05 1.10 20 25
184 2 140 160 1.10 1.15 20 25
185 2 140 160 1.15 1.20 20 25
186 2 140 160 1.20 1.25 20 25
187 2 140 160 1.25 1.30 20 25
188 2 140 160 1.30 1.35 20 25
189 2 140 160 1.35 1.40 20 25
190 2 140 160 1.40 1.45 20 25
191 2 140 160 1.45 1.50 20 25
192 2 140 160 1.50 1.55 20 25
193 2 140 160 1.55 1.60 20 25
194 2 140 160 1.60 1.65 20 25
195 2 140 160 1.65 1.70 20 25
196 2 140 160 1.70 1.75 20 25
197 2 140 160 1.75 1.80 20 25
198 2 140 160 1.80 1.85 20 25
199 2 140 160 1.85 1.90 20 25
200 2 140 160 1.90 1.95 20 25
201 2 140 160 1.95 2.00 20 25
202 2 140 160 0.00 0.05 25 30
203 2 140 160 0.05 0.10 25 30
204 2 140 160 0.10 0.15 25 30
205 2 140 160 0.15 0.20 25 30
206 2 140 160 0.20 0.25 25 30
207 2 140 160 0.25 0.30 25 30
208 2 140 160 0.30 0.35 25 30
209 2 140 160 0.35 0.40 25 30
210 2 140 160 0.40 0.45 25 30
211 2 140 160 0.45 0.50 25 30
212 2 140 160 0.50 0.55 25 30
213 2 140 160 0.55 0.60 25 30
214 2 140 160 0.60 0.65 25 30
215 2 140 160 0.65 0.70 25 30
216 2 140 160 0.70 0.75 25 30
217 2 140 160 0.75 0.80 25 30
218 2 140 160 0.80 0.85 25 30
219 2 140 160 0.85 0.90 25 30
220 2 140 160 0.90 0.95 25 30
221 2 140 160 0.95 1.00 25 30
222 2 140 160 1.00 1.05 25 30
223 2 140 160 1.05 1.10 25 30
224 2 140 160 1.10 1.15 25 30
225 2 140 160 1.15 1.20 25 30
226 2 140 160 1.20 1.25 25 30
227 2 140 160 1.25 1.30 25 30
228 2 140 160 1.30 1.35 25 30
229 2 140 160 1.35 1.40 25 30
230 2 140 160 1.40 1.45 25 30
231 2 140 160 1.45 1.50 25 30
232 2 140 160 1.50 1.55 25 30
233 2 140 160 1.55 1.60 25 30
234 2 140 160 1.60 1.65 25 30
235 2 140 160 1.65 1.70 25 30
236 2 140 160 1.70 1.75 25 30
237 2 140 160 1.75 1.80 25 30
238 2 140 160 1.80 1.85 25 30
239 2 140 160 1.85 1.90 25 30
240 2 140 160 1.90 1.95 25 30
241 2 140 160 1.95 2.00 25 30
242 2 140 160 0.00 0.05 30 35
243 2 140 160 0.05 0.10 30 35
244 2 140 160 0.10 0.15 30 35
245 2 140 160 0.15 0.20 30 35
246 2 140 160 0.20 0.25 30 35
247 2 140 160 0.25 0.30 30 35
248 2 140 160 0.30 0.35 30 35
249 2 140 160 0.35 0.40 30 35
250 2 140 160 0.40 0.45 30 35
251 2 140 160 0.45 0.50 30 35
252 2 140 160 0.50 0.55 30 35
253 2 140 160 0.55 0.60 30 35
254 2 140 160 0.60 0.65 30 35
255 2 140 160 0.65 0.70 30 35
256 2 140 160 0.70 0.75 30 35
257 2 140 160 0.75 0.80 30 35
258 2 140 160 0.80 0.85 30 35
259 2 140 160 0.85 0.90 30 35
260 2 140 160 0.90 0.95 30 35
261 2 140 160 0.95 1.00 30 35
262 2 140 160 1.00 1.05 30 35
263 2 140 160 1.05 1.10 30 35
264 2 140 160 1.10 1.15 30 35
265 2 140 160 1.15 1.20 30 35
266 2 140 160 1.20 1.25 30 35
267 2 140 160 1.25 1.30 30 35
268 2 140 160 1.30 1.35 30 35
269 2 140 160 1.35 1.40 30 35
270 2 140 160 1.40 1.45 30 35
271 2 140 160 1.45 1.50 30 35
272 2 140 160 1.50 1.55 30 35
273 2 140 160 1.55 1.60 30 35
274 2 140 160 1.60 1.65 30 35
275 2 140 160 1.65 1.70 30 35
276 2 140 160 1.70 1.75 30 35
277 2 140 160 1.75 1.80 30 35
278 2 140 160 1.80 1.85 30 35
279 2 140 160 1.85 1.90 30 35
280 2 140 160 1.90 1.95 30 35
281 2 140 160 1.95 2.00 30 35
282 2 140 160 0.00 0.05 35 40
283 2 140 160 0.05 0.10 35 40
284 2 140 160 0.10 0.15 35 40
285 2 140 160 0.15 0.20 35 40
286 2 140 160 0.20 0.25 35 40
287 2 140 160 0.25 0.30 35 40
288 2 140 160 0.30 0.35 35 40
289 2 140 160 0.35 0.40 35 40
290 2 140 160 0.40 0.45 35 40
291 2 140 160 0.45 0.50 35 40
292 2 140 160 0.50 0.55 35 40
293 2 140 160 0.55 0.60 35 40
294 2 140 160 0.60 0.65 35 40
295 2 140 160 0.65 0.70 35 40
296 2 140 160 0.70 0.75 35 40
297 2 140 160 0.75 0.80 35 40
298 2 140 160 0.80 0.85 35 40
299 2 140 160 0.85 0.90 35 40
300 2 140 160 0.90 0.95 35 40
301 2 140 160 0.95 1.00 35 40
302 2 140 160 1.00 1.05 35 40
303 2 140 160 1.05 1.10 35 40
304 2 140 160 1.10 1.15 35 40
305 2 140 160 1.15 1.20 35 40
306 2 140 160 1.20 1.25 35 40
307 2 140 160 1.25 1.30 35 40
308 2 140 160 1.30 1.35 35 40
309 2 140 160 1.35 1.40 35 40
310 2 140 160 1.40 1.45 35 40
311 2 140 160 1.45 1.50 35 40
312 2 140 160 1.50 1.55 35 40
313 2 140 160 1.55 1.60 35 40
314 2 140 160 1.60 1.65 35 40
315 2 140 160 1.65 1.70 35 40
316 2 140 160 1.70 1.75 35 40
317 2 140 160 1.75 1.80 35 40
318 2 140 160 1.80 1.85 35 40
319 2 140 160 1.85 1.90 35 40
320 2 140 160 1.90 1.95 35 40
321 2 140 160 1.95 2.00 35 40
322 2 140 160 0.00 0.05 40 45
323 2 140 160 0.05 0.10 40 45
324 2 140 160 0.10 0.15 40 45
325 2 140 160 0.15 0.20 40 45
326 2 140 160 0.20 0.25 40 45
327 2 140 160 0.25 0.30 40 45
328 2 140 160 0.30 0.35 40 45
329 2 140 160 0.35 0.40 40 45
330 2 140 160 0.40 0.45 40 45
331 2 140 160 0.45 0.50 40 45
332 2 140 160 0.50 0.55 40 45
333 2 140 160 0.55 0.60 40 45
334 2 140 160 0.60 0.65 40 45
335 2 140 160 0.65 0.70 40 45
336 2 140 160 0.70 0.75 40 45
337 2 140 160 0.75 0.80 40 45
338 2 140 160 0.80 0.85 40 45
339 2 140 160 0.85 0.90 40 45
340 2 140 160 0.90 0.95 40 45
341 2 140 160 0.95 1.00 40 45
342 2 140 160 1.00 1.05 40 45
343 2 140 160 1.05 1.10 40 45
344 2 140 160 1.10 1.15 40 45
345 2 140 160 1.15 1.20 40 45
346 2 140 160 1.20 1.25 40 45
347 2 140 160 1.25 1.30 40 45
348 2 140 160 1.30 1.35 40 45
349 2 140 160 1.35 1.40 40 45
350 2 140 160 1.40 1.45 40 45
351 2 140 160 1.45 1.50 40 45
352 2 140 160 1.50 1.55 40 45
353 2 140 160 1.55 1.60 40 45
354 2 140 160 1.60 1.65 40 45
355 2 140 160 1.65 1.70 40 45
356 2 140 160 1.70 1.75 40 45
357 2 140 160 1.75 1.80 40 45
358 2 140 160 1.80 1.85 40 45
359 2 140 160 1.85 1.90 40 45
360 2 140 160 1.90 1.95 40 45
361 2 140 160 1.95 2.00 40 45
362 3 160 168 0.00 0.05 0 5
363 3 160 168 0.05 0.10 0 5
364 3 160 168 0.10 0.15 0 5
365 3 160 168 0.15 0.20 0 5
366 3 160 168 0.20 0.25 0 5
367 3 160 168 0.25 0.30 0 5
368 3 160 168 0.30 0.35 0 5
369 3 160 168 0.35 0.40 0 5
370 3 160 168 0.40 0.45 0 5
371 3 160 168 0.45 0.50 0 5
372 3 160 168 0.50 0.55 0 5
373 3 160 168 0.55 0.60 0 5
374 3 160 168 0.60 0.65 0 5
375 3 160 168 0.65 0.70 0 5
376 3 160 168 0.70 0.75 0 5
377 3 160 168 0.75 0.80 0 5
378 3 160 168 0.80 0.85 0 5
379 3 160 168 0.85 0.90 0 5
380 3 160 168 0.90 0.95 0 5
381 3 160 168 0.95 1.00 0 5
382 3 160 168 1.00 1.05 0 5
383 3 160 168 1.05 1.10 0 5
384 3 160 168 1.10 1.15 0 5
385 3 160 168 1.15 1.20 0 5
386 3 160 168 1.20 1.25 0 5
387 3 160 168 1.25 1.30 0 5
388 3 160 168 1.30 1.35 0 5
389 3 160 168 1.35 1.40 0 5
390 3 160 168 1.40 1.45 0 5
391 3 160 168 1.45 1.50 0 5
392 3 160 168 1.50 1.55 0 5
393 3 160 168 1.55 1.60 0 5
394 3 160 168 1.60 1.65 0 5
395 3 160 168 1.65 1.70 0 5
396 3 160 168 1.70 1.75 0 5
397 3 160 168 1.75 1.80 0 5
398 3 160 168 1.80 1.85 0 5
399 3 160 168 1.85 1.90 0 5
400 3 160 168 1.90 1.95 0 5
401 3 160 168 1.95 2.00 0 5
402 3 160 168 0.00 0.05 5 10
403 3 160 168 0.05 0.10 5 10
404 3 160 168 0.10 0.15 5 10
405 3 160 168 0.15 0.20 5 10
406 3 160 168 0.20 0.25 5 10
407 3 160 168 0.25 0.30 5 10
408 3 160 168 0.30 0.35 5 10
409 3 160 168 0.35 0.40 5 10
410 3 160 168 0.40 0.45 5 10
411 3 160 168 0.45 0.50 5 10
412 3 160 168 0.50 0.55 5 10
413 3 160 168 0.55 0.60 5 10
414 3 160 168 0.60 0.65 5 10
415 3 160 168 0.65 0.70 5 10
416 3 160 168 0.70 0.75 5 10
417 3 160 168 0.75 0.80 5 10
418 3 160 168 0.80 0.85 5 10
419 3 160 168 0.85 0.90 5 10
420 3 160 168 0.90 0.95 5 10
421 3 160 168 0.95 1.00 5 10
422 3 160 168 1.00 1.05 5 10
423 3 160 168 1.05 1.10 5 10
424 3 160 168 1.10 1.15 5 10
425 3 160 168 1.15 1.20 5 10
426 3 160 168 1.20 1.25 5 10
427 3 160 168 1.25 1.30 5 10
428 3 160 168 1.30 1.35 5 10
429 3 160 168 1.35 1.40 5 10
430 3 160 168 1.40 1.45 5 10
431 3 160 168 1.45 1.50 5 10
432 3 160 168 1.50 1.55 5 10
433 3 160 168 1.55 1.60 5 10
434 3 160 168 1.60 1.65 5 10
435 3 160 168 1.65 1.70 5 10
436 3 160 168 1.70 1.75 5 10
437 3 160 168 1.75 1.80 5 10
438 3 160 168 1.80 1.85 5 10
439 3 160 168 1.85 1.90 5 10
440 3 160 168 1.90 1.95 5 10
441 3 160 168 1.95 2.00 5 10
442 3 160 168 0.00 0.05 10 15
443 3 160 168 0.05 0.10 10 15
444 3 160 168 0.10 0.15 10 15
445 3 160 168 0.15 0.20 10 15
446 3 160 168 0.20 0.25 10 15
447 3 160 168 0.25 0.30 10 15
448 3 160 168 0.30 0.35 10 15
449 3 160 168 0.35 0.40 10 15
450 3 160 168 0.40 0.45 10 15
451 3 160 168 0.45 0.50 10 15
452 3 160 168 0.50 0.55 10 15
453 3 160 168 0.55 0.60 10 15
454 3 160 168 0.60 0.65 10 15
455 3 160 168 0.65 0.70 10 15
456 3 160 168 0.70 0.75 10 15
457 3 160 168 0.75 0.80 10 15
458 3 160 168 0.80 0.85 10 15
459 3 160 168 0.85 0.90 10 15
460 3 160 168 0.90 0.95 10 15
461 3 160 168 0.95 1.00 10 15
462 3 160 168 1.00 1.05 10 15
463 3 160 168 1.05 1.10 10 15
464 3 160 168 1.10 1.15 10 15
465 3 160 168 1.15 1.20 10 15
466 3 160 168 1.20 1.25 10 15
467 3 160 168 1.25 1.30 10 15
468 3 160 168 1.30 1.35 10 15
469 3 160 168 1.35 1.40 10 15
470 3 160 168 1.40 1.45 10 15
471 3 160 168 1.45 1.50 10 15
472 3 160 168 1.50 1.55 10 15
473 3 160 168 1.55 1.60 10 15
474 3 160 168 1.60 1.65 10 15
475 3 160 168 1.65 1.70 10 15
476 3 160 168 1.70 1.75 10 15
477 3 160 168 1.75 1.80 10 15
478 3 160 168 1.80 1.85 10 15
479 3 160 168 1.85 1.90 10 15
480 3 160 168 1.90 1.95 10 15
481 3 160 168 1.95 2.00 10 15
482 3 160 168 0.00 0.05 15 20
483 3 160 168 0.05 0.10 15 20
484 3 160 168 0.10 0.15 15 20
485 3 160 168 0.15 0.20 15 20
486 3 160 168 0.20 0.25 15 20
487 3 160 168 0.25 0.30 15 20
488 3 160 168 0.30 0.35 15 20
489 3 160 168 0.35 0.40 15 20
490 3 160 168 0.40 0.45 15 20
491 3 160 168 0.45 0.50 15 20
492 3 160 168 0.50 0.55 15 20
493 3 160 168 0.55 0.60 15 20
494 3 160 168 0.60 0.65 15 20
495 3 160 168 0.65 0.70 15 20
496 3 160 168 0.70 0.75 15 20
497 3 160 168 0.75 0.80 15 20
498 3 160 168 0.80 0.85 15 20
499 3 160 168 0.85 0.90 15 20
500 3 160 168 0.90 0.95 15 20
501 3 160 168 0.95 1.00 15 20
502 3 160 168 1.00 1.05 15 20
503 3 160 168 1.05 1.10 15 20
504 3 160 168 1.10 1.15 15 20
505 3 160 168 1.15 1.20 15 20
506 3 160 168 1.20 1.25 15 20
507 3 160 168 1.25 1.30 15 20
508 3 160 168 1.30 1.35 15 20
509 3 160 168 1.35 1.40 15 20
510 3 160 168 1.40 1.45 15 20
511 3 160 168 1.45 1.50 15 20
512 3 160 168 1.50 1.55 15 20
513 3 160 168 1.55 1.60 15 20
514 3 160 168 1.60 1.65 15 20
515 3 160 168 1.65 1.70 15 20
516 3 160 168 1.70 1.75 15 20
517 3 160 168 1.75 1.80 15 20
518 3 160 168 1.80 1.85 15 20
519 3 160 168 1.85 1.90 15 20
520 3 160 168 1.90 1.95 15 20
521 3 160 168 1.95 2.00 15 20
522 3 160 168 0.00 0.05 20 25
523 3 160 168 0.05 0.10 20 25
524 3 160 168 0.10 0.15 20 25
525 3 160 168 0.15 0.20 20 25
526 3 160 168 0.20 0.25 20 25
527 3 160 168 0.25 0.30 20 25
528 3 160 168 0.30 0.35 20 25
529 3 160 168 0.35 0.40 20 25
530 3 160 168 0.40 0.45 20 25
531 3 160 168 0.45 0.50 20 25
532 3 160 168 0.50 0.55 20 25
533 3 160 168 0.55 0.60 20 25
534 3 160 168 0.60 0.65 20 25
535 3 160 168 0.65 0.70 20 25
536 3 160 168 0.70 0.75 20 25
537 3 160 168 0.75 0.80 20 25
538 3 160 168 0.80 0.85 20 25
539 3 160 168 0.85 0.90 20 25
540 3 160 168 0.90 0.95 20 25
541 3 160 168 0.95 1.00 20 25
542 3 160 168 1.00 1.05 20 25
543 3 160 168 1.05 1.10 20 25
544 3 160 168 1.10 1.15 20 25
545 3 160 168 1.15 1.20 20 25
546 3 160 168 1.20 1.25 20 25
547 3 160 168 1.25 1.30 20 25
548 3 160 168 1.30 1.35 20 25
549 3 160 168 1.35 1.40 20 25
550 3 160 168 1.40 1.45 20 25
551 3 160 168 1.45 1.50 20 25
552 3 160 168 1.50 1.55 20 25
553 3 160 168 1.55 1.60 20 25
554 3 160 168 1.60 1.65 20 25
555 3 160 168 1.65 1.70 20 25
556 3 160 168 1.70 1.75 20 25
557 3 160 168 1.75 1.80 20 25
558 3 160 168 1.80 1.85 20 25
559 3 160 168 1.85 1.90 20 25
560 3 160 168 1.90 1.95 20 25
561 3 160 168 1.95 2.00 20 25
562 3 160 168 0.00 0.05 25 30
563 3 160 168 0.05 0.10 25 30
564 3 160 168 0.10 0.15 25 30
565 3 160 168 0.15 0.20 25 30
566 3 160 168 0.20 0.25 25 30
567 3 160 168 0.25 0.30 25 30
568 3 160 168 0.30 0.35 25 30
569 3 160 168 0.35 0.40 25 30
570 3 160 168 0.40 0.45 25 30
571 3 160 168 0.45 0.50 25 30
572 3 160 168 0.50 0.55 25 30
573 3 160 168 0.55 0.60 25 30
574 3 160 168 0.60 0.65 25 30
575 3 160 168 0.65 0.70 25 30
576 3 160 168 0.70 0.75 25 30
577 3 160 168 0.75 0.80 25 30
578 3 160 168 0.80 0.85 25 30
579 3 160 168 0.85 0.90 25 30
580 3 160 168 0.90 0.95 25 30
581 3 160 168 0.95 1.00 25 30
582 3 160 168 1.00 1.05 25 30
583 3 160 168 1.05 1.10 25 30
584 3 160 168 1.10 1.15 25 30
585 3 160 168 1.15 1.20 25 30
586 3 160 168 1.20 1.25 25 30
587 3 160 168 1.25 1.30 25 30
588 3 160 168 1.30 1.35 25 30
589 3 160 168 1.35 1.40 25 30
590 3 160 168 1.40 1.45 25 30
591 3 160 168 1.45 1.50 25 30
592 3 160 168 1.50 1.55 25 30
593 3 160 168 1.55 1.60 25 30
594 3 160 168 1.60 1.65 25 30
595 3 160 168 1.65 1.70 25 30
596 3 160 168 1.70 1.75 25 30
597 3 160 168 1.75 1.80 25 30
598 3 160 168 1.80 1.85 25 30
599 3 160 168 1.85 1.90 25 30
600 3 160 168 1.90 1.95 25 30
601 3 160 168 1.95 2.00 25 30
602 3 160 168 0.00 0.05 30 35
603 3 160 168 0.05 0.10 30 35
604 3 160 168 0.10 0.15 30 35
605 3 160 168 0.15 0.20 30 35
606 3 160 168 0.20 0.25 30 35
607 3 160 168 0.25 0.30 30 35
608 3 160 168 0.30 0.35 30 35
609 3 160 168 0.35 0.40 30 35
610 3 160 168 0.40 0.45 30 35
611 3 160 168 0.45 0.50 30 35
612 3 160 168 0.50 0.55 30 35
613 3 160 168 0.55 0.60 30 35
614 3 160 168 0.60 0.65 30 35
615 3 160 168 0.65 0.70 30 35
616 3 160 168 0.70 0.75 30 35
617 3 160 168 0.75 0.80 30 35
618 3 160 168 0.80 0.85 30 35
619 3 160 168 0.85 0.90 30 35
620 3 160 168 0.90 0.95 30 35
621 3 160 168 0.95 1.00 30 35
622 3 160 168 1.00 1.05 30 35
623 3 160 168 1.05 1.10 30 35
624 3 160 168 1.10 1.15 30 35
625 3 160 168 1.15 1.20 30 35
626 3 160 168 1.20 1.25 30 35
627 3 160 168 1.25 1.30 30 35
628 3 160 168 1.30 1.35 30 35
629 3 160 168 1.35 1.40 30 35
630 3 160 168 1.40 1.45 30 35
631 3 160 168 1.45 1.50 30 35
632 3 160 168 1.50 1.55 30 35
633 3 160 168 1.55 1.60 30 35
634 3 160 168 1.60 1.65 30 35
635 3 160 168 1.65 1.70 30 35
636 3 160 168 1.70 1.75 30 35
637 3 160 168 1.75 1.80 30 35
638 3 160 168 1.80 1.85 30 35
639 3 160 168 1.85 1.90 30 35
640 3 160 168 1.90 1.95 30 35
641 3 160 168 1.95 2.00 30 35
642 3 160 168 0.00 0.05 35 40
643 3 160 168 0.05 0.10 35 40
644 3 160 168 0.10 0.15 35 40
645 3 160 168 0.15 0.20 35 40
646 3 160 168 0.20 0.25 35 40
647 3 160 168 0.25 0.30 35 40
648 3 160 168 0.30 0.35 35 40
649 3 160 168 0.35 0.40 35 40
650 3 160 168 0.40 0.45 35 40
651 3 160 168 0.45 0.50 35 40
652 3 160 168 0.50 0.55 35 40
653 3 160 168 0.55 0.60 35 40
654 3 160 168 0.60 0.65 35 40
655 3 160 168 0.65 0.70 35 40
656 3 160 168 0.70 0.75 35 40
657 3 160 168 0.75 0.80 35 40
658 3 160 168 0.80 0.85 35 40
659 3 160 168 0.85 0.90 35 40
660 3 160 168 0.90 0.95 35 40
661 3 160 168 0.95 1.00 35 40
662 3 160 168 1.00 1.05 35 40
663 3 160 168 1.05 1.10 35 40
664 3 160 168 1.10 1.15 35 40
665 3 160 168 1.15 1.20 35 40
666 3 160 168 1.20 1.25 35 40
667 3 160 168 1.25 1.30 35 40
668 3 160 168 1.30 1.35 35 40
669 3 160 168 1.35 1.40 35 40
670 3 160 168 1.40 1.45 35 40
671 3 160 168 1.45 1.50 35 40
672 3 160 168 1.50 1.55 35 40
673 3 160 168 1.55 1.60 35 40
674 3 160 168 1.60 1.65 35 40
675 3 160 168 1.65 1.70 35 40
676 3 160 168 1.70 1.75 35 40
677 3 160 168 1.75 1.80 35 40
678 3 160 168 1.80 1.85 35 40
679 3 160 168 1.85 1.90 35 40
680 3 160 168 1.90 1.95 35 40
681 3 160 168 1.95 2.00 35 40
682 3 160 168 0.00 0.05 40 45
683 3 160 168 0.05 0.10 40 45
684 3 160 168 0.10 0.15 40 45
685 3 160 168 0.15 0.20 40 45
686 3 160 168 0.20 0.25 40 45
687 3 160 168 0.25 0.30 40 45
688 3 160 168 0.30 0.35 40 45
689 3 160 168 0.35 0.40 40 45
690 3 160 168 0.40 0.45 40 45
691 3 160 168 0.45 0.50 40 45
692 3 160 168 0.50 0.55 40 45
693 3 160 168 0.55 0.60 40 45
694 3 160 168 0.60 0.65 40 45
695 3 160 168 0.65 0.70 40 45
696 3 160 168 0.70 0.75 40 45
697 3 160 168 0.75 0.80 40 45
698 3 160 168 0.80 0.85 40 45
699 3 160 168 0.85 0.90 40 45
700 3 160 168 0.90 0.95 40 45
701 3 160 168 0.95 1.00 40 45
702 3 160 168 1.00 1.05 40 45
703 3 160 168 1.05 1.10 40 45
704 3 160 168 1.10 1.15 40 45
705 3 160 168 1.15 1.20 40 45
706 3 160 168 1.20 1.25 40 45
707 3 160 168 1.25 1.30 40 45
708 3 160 168 1.30 1.35 40 45
709 3 160 168 1.35 1.40 40 45
710 3 160 168 1.40 1.45 40 45
711 3 160 168 1.45 1.50 40 45
712 3 160 168 1.50 1.55 40 45
713 3 160 168 1.55 1.60 40 45
714 3 160 168 1.60 1.65 40 45
715 3 160 168 1.65 1.70 40 45
716 3 160 168 1.70 1.75 40 45
717 3 160 168 1.75 1.80 40 45
718 3 160 168 1.80 1.85 40 45
719 3 160 168 1.85 1.90 40 45
720 3 160 168 1.90 1.95 40 45
721 3 160 168 1.95 2.00 40 45
722 4 168 285 0 2 0 45