0 1 2519 2520 795 499
1 1 2519 2520 827 516
2 1 2519 2520 853 535
3 1 2519 2520 875 545
4 1 2519 2520 895 557
5 1 2519 2520 914 568
6 1 2519 2520 937 580
7 1 2519 2520 955 591
8 1 2519 2520 967 601
9 1 2519 2520 993 615
10 1 2519 2520 1010 623
11 1 2519 2520 1036 634
12 1 2519 2520 1055 640
13 1 2519 2520 1078 648
14 1 2519 2520 1089 654
15 1 2519 2520 1107 662
16 1 2519 2520 1115 662
17 1 2519 2520 1127 665
18 1 2519 2520 1133 665
19 1 2519 2520 1150 669
20 1 2519 2520 1155 667
21 1 2519 2520 1174 678
22 2 2519 2520 1195 684
23 2 2519 2520 1242 707
24 2 2519 2520 1299 724
25 2 2519 2520 1381 764
26 2 2519 2520 1451 789
27 2 2519 2520 1525 811
28 2 2519 2520 1606 835
29 2 2519 2520 1669 852
30 2 2519 2520 1750 878
31 2 2519 2520 1828 905
32 2 2519 2520 1879 919
33 2 2519 2520 1955 949
34 2 2519 2520 2022 974
35 2 2519 2520 2077 991
36 2 2519 2520 2111 1008
37 2 2519 2520 2163 1018
38 2 2519 2520 2210 1031
39 2 2519 2520 2253 1033
40 2 2519 2520 2282 1040
41 2 2519 2520 2313 1051
42 2 2519 2520 2344 1064
43 2 2519 2520 2369 1067
44 2 2519 2520 2391 1076
45 3 2519 2520 2418 1083
46 3 2519 2520 2464 1103
47 3 2519 2520 2538 1122
48 3 2519 2520 2620 1144
49 4 2519 2520 2691 1170
50 4 2519 2520 2756 1181
51 4 2519 2520 2853 1204
52 4 2519 2520 2951 1229
53 4 2519 2520 3063 1263
54 4 2519 2520 3166 1291
55 4 2519 2520 3270 1320
56 4 2519 2520 3371 1344
57 4 2519 2520 3459 1360
58 4 2519 2520 3539 1373
59 4 2519 2520 3626 1394
60 4 2519 2520 3710 1430
61 4 2519 2520 3802 1442
62 4 2519 2520 3873 1460
63 4 2519 2520 3950 1478
64 4 2519 2520 4028 1504
65 4 2519 2520 4094 1527
66 4 2519 2520 4167 1546
67 4 2519 2520 4233 1560
68 4 2519 2520 4305 1581
69 4 2519 2520 4367 1611
70 4 2519 2520 4415 1629
71 4 2519 2520 4463 1645
72 4 2519 2520 4500 1660
73 4 2519 2520 4543 1668
74 4 2519 2520 4571 1686
75 4 2519 2520 4607 1693
76 4 2519 2520 4637 1708
77 4 2519 2520 4658 1717
78 4 2519 2520 4694 1734
79 6 2519 2520 4719 1739
80 6 2519 2520 4782 1747
81 6 2519 2520 4888 1789
82 6 2519 2520 4997 1823
83 6 2519 2520 5082 1843
84 6 2519 2520 5174 1865
85 6 2519 2520 5287 1898
86 6 2519 2520 5401 1932
87 6 2519 2520 5515 1946
88 6 2519 2520 5615 1969
89 6 2519 2520 5697 1995
90 6 2519 2520 5769 2019
91 7 2519 2520 5856 2036
92 7 2519 2520 5996 2061
93 7 2519 2520 6106 2085
94 7 2519 2520 6214 2114
95 7 2519 2520 6342 2143
96 7 2519 2520 6443 2162
97 8 2519 2520 6587 2173
98 8 2519 2520 6720 2203
99 8 2519 2520 6864 2230
100 8 2519 2520 7020 2255
101 8 2519 2520 7173 2291
102 8 2519 2520 7323 2311
103 8 2519 2520 7469 2361
104 8 2519 2520 7626 2388
105 8 2519 2520 7734 2406
106 8 2519 2520 7854 2443
107 9 2519 2520 7963 2484
108 9 2518 2520 8073 2502
109 9 2518 2520 8217 2526
110 9 2518 2520 8362 2560
111 9 2518 2520 8477 2582
112 9 2518 2520 8606 2599
113 10 2518 2520 8728 2599
114 10 2518 2520 8870 2626
115 10 2518 2520 9003 2639
116 10 2517 2520 9144 2660
117 10 2517 2520 9308 2684
118 10 2517 2520 9472 2708
119 10 2517 2520 9619 2731
120 10 2517 2520 9764 2760
121 11 2517 2520 9898 2778
122 11 2517 2520 10056 2800
123 11 2517 2520 10183 2823
124 11 2517 2520 10318 2840
125 11 2517 2520 10499 2877
126 11 2517 2520 10651 2923
127 11 2517 2520 10778 2936
128 11 2517 2520 10884 2933
129 11 2517 2520 10994 2951
130 11 2517 2520 11136 2981
131 11 2517 2520 11248 2989
132 11 2517 2520 11356 3008
133 11 2517 2520 11468 3029
134 11 2517 2520 11581 3054
135 11 2517 2520 11682 3087
136 11 2517 2520 11793 3106
137 11 2517 2520 11877 3129
138 11 2517 2520 11947 3142
139 11 2517 2520 12039 3153
140 11 2517 2520 12143 3165
141 12 2517 2520 12248 3202
142 12 2517 2520 12353 3240
143 12 2517 2520 12448 3257
144 12 2517 2520 12534 3268
145 13 2517 2520 12630 3290
146 13 2517 2520 12759 3305
147 14 2517 2520 12871 3348
148 14 2517 2520 12993 3391
149 14 2517 2520 13125 3413
150 14 2517 2520 13247 3443
151 14 2517 2520 13398 3486
152 15 2517 2520 13540 3524
153 15 2517 2520 13686 3559
154 16 2517 2520 13837 3589
155 16 2517 2520 14019 3626
156 16 2517 2520 14172 3625
157 16 2517 2520 14366 3649
158 16 2517 2520 14517 3669
159 16 2517 2520 14648 3704
160 16 2517 2520 14798 3730
161 16 2516 2520 14935 3742
162 16 2516 2520 15109 3785
163 16 2516 2520 15298 3810
164 16 2516 2520 15447 3829
165 16 2516 2520 15595 3857
166 16 2516 2520 15724 3865
167 16 2516 2520 15858 3880
168 16 2516 2520 15984 3892
169 16 2516 2520 16076 3915
170 16 2516 2520 16186 3922
171 17 2516 2520 16286 3960
172 17 2516 2520 16410 3984
173 17 2516 2520 16551 4018
174 17 2516 2520 16698 4057
175 18 2516 2520 16826 4086
176 18 2516 2520 16966 4141
177 18 2516 2520 17127 4193
178 18 2516 2520 17274 4217
179 18 2516 2520 17427 4259
180 18 2516 2520 17559 4292
181 18 2516 2520 17721 4313
182 18 2516 2520 17861 4354
183 18 2516 2520 18022 4391
184 18 2516 2520 18166 4432
185 18 2516 2520 18309 4465
186 18 2516 2520 18410 4486
187 18 2516 2520 18515 4509
188 18 2516 2520 18605 4519
189 18 2516 2520 18706 4551
190 18 2516 2520 18782 4568
191 18 2516 2520 18861 4599
192 18 2516 2520 18945 4622
193 18 2516 2520 19067 4647
194 18 2516 2520 19159 4669
195 18 2516 2520 19229 4684
196 19 2516 2520 19310 4711
197 19 2516 2520 19374 4727
198 19 2516 2520 19456 4752
199 19 2516 2520 19538 4768
200 19 2516 2520 19630 4786
201 20 2516 2520 19728 4815
202 20 2516 2520 19808 4843
203 20 2516 2520 19888 4868
204 20 2516 2520 20000 4889
205 22 2516 2520 20093 4906
206 22 2516 2520 20203 4936
207 22 2516 2520 20377 4965
208 22 2516 2520 20523 5012
209 22 2516 2520 20668 5029
210 22 2516 2520 20842 5076
211 22 2515 2520 21007 5108
212 22 2515 2520 21168 5126
213 22 2515 2520 21353 5156
214 22 2515 2520 21536 5183
215 22 2515 2520 21710 5216
216 22 2515 2520 21871 5239
217 22 2515 2520 22048 5251
218 22 2515 2520 22224 5284
219 24 2515 2520 22376 5314
220 24 2515 2520 22525 5328
221 24 2515 2520 22699 5355
222 24 2515 2520 22859 5368
223 24 2515 2520 23068 5418
224 24 2515 2520 23239 5439
225 24 2515 2520 23409 5467
226 24 2515 2520 23615 5492
227 24 2515 2520 23769 5525
228 24 2515 2520 23924 5560
229 24 2515 2520 24067 5601
230 24 2515 2520 24208 5615
231 25 2515 2520 24335 5630
232 25 2515 2520 24466 5662
233 25 2515 2520 24634 5710
234 25 2515 2520 24803 5738
235 25 2515 2520 24973 5765
236 25 2515 2520 25091 5799
237 25 2515 2520 25212 5818
238 25 2515 2520 25348 5832
239 25 2515 2520 25477 5873
240 25 2515 2520 25576 5896
241 25 2515 2520 25677 5900
242 25 2515 2520 25815 5923
243 25 2515 2520 25921 5947
244 25 2515 2520 26019 5966
245 25 2515 2520 26129 5992
246 26 2515 2520 26259 6014
247 26 2515 2520 26397 6029
248 26 2515 2520 26523 6055
249 26 2515 2520 26644 6067
250 26 2515 2520 26771 6104
251 26 2515 2520 26886 6123
252 26 2515 2520 27013 6144
253 26 2515 2520 27144 6173
254 27 2515 2520 27275 6187
255 27 2515 2520 27403 6200
256 27 2515 2520 27535 6229
257 27 2515 2520 27707 6260
258 27 2515 2520 27868 6304
259 27 2515 2520 28005 6347
260 27 2515 2520 28122 6358
261 27 2515 2520 28274 6400
262 27 2515 2520 28414 6422
263 27 2515 2520 28546 6440
264 27 2515 2520 28660 6458
265 28 2515 2520 28791 6495
266 28 2515 2520 28911 6525
267 28 2515 2520 29053 6539
268 28 2515 2520 29174 6572
269 29 2515 2520 29294 6606
270 29 2515 2520 29472 6650
271 29 2515 2520 29629 6674
272 29 2515 2520 29770 6727
273 29 2515 2520 29893 6744
274 29 2515 2520 30014 6798
275 29 2515 2520 30152 6837
276 29 2515 2520 30268 6845
277 29 2515 2520 30370 6869
278 29 2515 2520 30467 6875
279 29 2515 2520 30576 6897
280 29 2515 2520 30709 6952
281 29 2515 2520 30795 6968
282 29 2515 2520 30865 6994
283 29 2515 2520 30931 6999
284 29 2515 2520 31020 7013
285 29 2515 2520 31104 7038
286 29 2515 2520 31184 7050
287 29 2515 2520 31241 7070
288 29 2515 2520 31305 7081
289 29 2515 2520 31381 7122
290 30 2515 2520 31439 7137
291 30 2515 2520 31520 7157
292 30 2515 2520 31619 7168
293 30 2515 2520 31734 7191
294 31 2515 2520 31811 7176
295 31 2515 2520 31926 7189
296 31 2515 2520 32036 7205
297 31 2515 2520 32142 7221
298 32 2515 2520 32237 7235
299 32 2515 2520 32394 7275
300 32 2515 2520 32519 7286
301 32 2515 2520 32672 7323
302 32 2515 2520 32825 7343
303 32 2515 2520 32955 7351
304 32 2515 2520 33144 7385
305 32 2515 2520 33285 7434
306 32 2515 2520 33411 7448
307 32 2515 2520 33537 7473
308 33 2515 2520 33669 7486
309 33 2515 2520 33798 7521
310 33 2515 2520 33944 7539
311 33 2515 2520 34102 7553
312 33 2515 2520 34240 7559
313 33 2515 2520 34368 7577
314 33 2515 2520 34503 7596
315 33 2515 2520 34616 7614
316 33 2515 2520 34749 7623
317 33 2515 2520 34893 7629
318 33 2515 2520 35040 7635
319 33 2515 2520 35153 7665
320 33 2515 2520 35282 7670
321 33 2515 2520 35396 7679
322 33 2515 2520 35515 7705
323 33 2515 2520 35606 7721
324 33 2515 2520 35714 7741
325 33 2515 2520 35814 7762
326 33 2515 2520 35896 7778
327 34 2515 2520 35955 7789
328 34 2515 2520 36070 7806
329 35 2515 2520 36216 7830
330 35 2515 2520 36350 7863
331 36 2515 2520 36487 7892
332 36 2515 2520 36636 7914
333 36 2515 2520 36790 7957
334 36 2515 2520 36990 7999
335 36 2515 2520 37178 8029
336 36 2515 2520 37330 8040
337 36 2515 2520 37506 8090
338 36 2515 2520 37686 8137
339 37 2515 2520 37880 8140
340 37 2515 2520 38032 8151
341 37 2515 2520 38194 8181
342 37 2514 2520 38384 8211
343 37 2514 2520 38547 8241
344 37 2514 2520 38700 8271
345 37 2514 2520 38822 8295
346 37 2514 2520 38992 8326
347 37 2514 2520 39157 8361
348 37 2514 2520 39307 8390
349 37 2514 2520 39470 8404
350 37 2514 2520 39625 8446
351 37 2514 2520 39774 8460
352 37 2514 2520 39914 8484
353 37 2514 2520 40065 8496
354 37 2514 2520 40187 8510
355 38 2514 2520 40306 8528
356 38 2514 2520 40445 8550
357 39 2514 2520 40561 8568
358 39 2514 2520 40716 8593
359 39 2514 2520 40863 8626
360 39 2514 2520 41016 8661
361 39 2514 2520 41163 8698
362 39 2514 2520 41306 8728
363 40 2514 2520 41442 8753
364 42 2514 2520 41600 8805
365 42 2514 2520 41785 8849
366 42 2514 2520 41988 8885
367 42 2514 2520 42177 8927
368 42 2514 2520 42362 8945
369 42 2514 2520 42551 8990
370 42 2514 2520 42732 9026
371 42 2514 2520 42925 9057
372 42 2514 2520 43163 9096
373 42 2514 2520 43394 9153
374 42 2514 2520 43583 9190
375 42 2514 2520 43790 9225
376 42 2514 2520 43959 9270
377 42 2514 2520 44140 9302
378 42 2514 2520 44324 9346
379 43 2514 2520 44500 9384
380 43 2514 2520 44651 9400
381 43 2514 2520 44826 9439
382 43 2514 2520 44970 9459
383 43 2514 2520 45144 9490
384 43 2514 2520 45305 9525
385 43 2514 2520 45504 9545
386 43 2514 2520 45658 9566
387 43 2514 2520 45817 9603
388 43 2514 2520 45985 9646
389 43 2514 2520 46120 9645
390 44 2514 2520 46255 9670
391 44 2514 2520 46424 9692
392 45 2514 2520 46631 9733
393 45 2514 2520 46800 9769
394 45 2514 2520 46986 9789
395 45 2514 2520 47152 9835
396 46 2514 2520 47299 9872
397 46 2514 2520 47468 9894
398 46 2514 2520 47619 9924
399 46 2514 2520 47772 9951
400 46 2514 2520 47925 9994
401 46 2514 2520 48056 9995
402 46 2514 2520 48188 10023
403 46 2514 2520 48308 10040
404 46 2514 2520 48443 10074
405 46 2514 2520 48579 10099
406 47 2514 2520 48731 10144
407 47 2514 2520 48866 10167
408 47 2514 2520 49031 10194
409 47 2514 2520 49184 10232
410 47 2514 2520 49314 10262
411 47 2514 2520 49464 10289
412 47 2514 2520 49628 10310
413 47 2514 2520 49740 10343
414 49 2514 2520 49882 10363
415 49 2514 2520 50035 10400
416 49 2514 2520 50162 10408
417 49 2514 2520 50333 10460
418 49 2514 2520 50506 10464
419 50 2514 2520 50683 10495
420 51 2514 2520 50858 10513
421 51 2514 2520 51053 10552
422 51 2514 2520 51220 10565
423 51 2514 2520 51424 10605
424 51 2514 2520 51663 10643
425 51 2514 2520 51863 10664
426 51 2514 2520 52048 10682
427 51 2514 2520 52280 10695
428 52 2514 2520 52485 10727
429 52 2513 2520 52674 10735
430 52 2513 2520 52882 10751
431 52 2513 2520 53077 10785
432 52 2513 2520 53291 10811
433 52 2513 2520 53493 10836
434 52 2513 2520 53679 10874
435 52 2513 2520 53831 10886
436 53 2513 2520 54014 10922
437 53 2513 2520 54185 10938
438 53 2513 2520 54377 10994
439 53 2513 2520 54571 11011
440 53 2513 2520 54779 11013
441 53 2513 2520 54945 11043
442 53 2513 2520 55087 11071
443 54 2513 2520 55249 11086
444 54 2513 2520 55408 11108
445 55 2513 2520 55575 11148
446 55 2513 2520 55781 11172
447 55 2513 2520 56000 11204
448 55 2513 2520 56233 11229
449 56 2513 2520 56431 11252
450 56 2513 2520 56674 11294
451 56 2513 2520 56903 11333
452 58 2513 2520 57125 11377
453 58 2513 2520 57364 11423
454 58 2513 2520 57624 11489
455 58 2513 2520 57897 11514
456 58 2513 2520 58152 11563
457 58 2513 2520 58401 11584
458 58 2513 2520 58622 11624
459 58 2513 2520 58858 11650
460 59 2513 2520 59106 11714
461 59 2513 2520 59311 11741
462 59 2513 2520 59560 11775
463 59 2513 2520 59783 11805
464 59 2513 2520 59973 11850
465 59 2513 2520 60190 11905
466 59 2513 2520 60404 11941
467 59 2513 2520 60593 11959
468 60 2513 2520 60798 11977
469 60 2513 2520 61007 12003
470 60 2513 2520 61218 12048
471 60 2513 2520 61432 12086
472 60 2513 2520 61635 12120
473 60 2513 2520 61827 12178
474 60 2513 2520 62014 12212
475 60 2513 2520 62245 12248
476 60 2513 2520 62416 12285
477 60 2513 2520 62601 12310
478 60 2513 2520 62804 12324
479 60 2513 2520 62959 12314
480 60 2513 2520 63134 12333
481 60 2513 2520 63294 12364
482 60 2513 2520 63464 12385
483 60 2513 2520 63595 12410
484 60 2513 2520 63747 12436
485 60 2513 2520 63919 12463
486 60 2513 2520 64070 12485
487 60 2513 2520 64216 12506
488 60 2513 2520 64336 12525
489 60 2513 2520 64480 12551
490 60 2513 2520 64626 12582
491 60 2513 2520 64763 12589
492 60 2513 2520 64894 12590
493 60 2513 2520 65041 12614
494 60 2513 2520 65158 12627
495 60 2513 2520 65280 12645
496 62 2513 2520 65380 12654
497 62 2513 2520 65518 12682
498 62 2513 2520 65656 12701
499 62 2513 2520 65814 12729
500 62 2513 2520 65937 12733
501 62 2513 2520 66128 12785
502 62 2513 2520 66280 12794
503 62 2513 2520 66418 12815
504 62 2513 2520 66573 12836
505 62 2513 2520 66724 12861
506 62 2513 2520 66886 12880
507 64 2513 2520 67047 12908
508 65 2513 2520 67232 12927
509 65 2513 2520 67422 12973
510 65 2513 2520 67637 13041
511 65 2513 2520 67828 13090
512 65 2513 2520 68042 13121
513 65 2513 2520 68258 13152
514 65 2513 2520 68484 13194
515 65 2513 2520 68692 13227
516 65 2513 2520 68863 13239
517 65 2513 2520 69098 13279
518 66 2513 2520 69296 13295
519 66 2513 2520 69513 13342
520 66 2513 2520 69693 13382
521 66 2513 2520 69910 13420
522 66 2513 2520 70094 13434
523 66 2513 2520 70314 13469
524 66 2513 2520 70556 13515
525 67 2513 2520 70752 13556
526 67 2513 2520 70937 13589
527 67 2513 2520 71116 13600
528 67 2513 2520 71326 13622
529 67 2513 2520 71536 13669
530 67 2513 2520 71707 13711
531 67 2513 2520 71875 13733
532 68 2513 2520 72073 13751
533 68 2513 2520 72273 13786
534 68 2513 2520 72414 13803
535 68 2513 2520 72564 13818
536 68 2513 2520 72732 13854
537 68 2513 2520 72885 13874
538 68 2513 2520 73018 13884
539 68 2513 2520 73151 13907
540 68 2513 2520 73275 13919
541 69 2513 2520 73433 13926
542 70 2513 2520 73614 13955
543 70 2513 2520 73787 13990
544 70 2513 2520 73960 14028
545 70 2513 2520 74158 14076
546 70 2513 2520 74351 14111
547 71 2513 2520 74541 14149
548 71 2513 2520 74735 14156
549 71 2513 2520 74953 14205
550 71 2513 2520 75100 14242
551 71 2513 2520 75290 14282
552 71 2513 2520 75458 14319
553 71 2513 2520 75645 14354
554 71 2513 2520 75768 14383
555 72 2513 2520 75915 14405
556 72 2513 2520 76066 14440
557 72 2513 2520 76232 14453
558 72 2513 2520 76405 14498
559 72 2513 2520 76552 14528
560 72 2513 2520 76719 14540
561 73 2513 2520 76918 14545
562 73 2513 2520 77084 14581
563 73 2513 2520 77240 14598
564 73 2513 2520 77403 14631
565 73 2513 2520 77563 14675
566 74 2513 2520 77752 14695
567 75 2513 2520 77923 14710
568 75 2513 2520 78137 14757
569 75 2513 2520 78334 14782
570 75 2513 2520 78475 14806
571 75 2513 2520 78651 14838
572 75 2513 2520 78830 14888
573 75 2513 2520 79009 14895
574 75 2513 2520 79161 14915
575 75 2513 2520 79362 14964
576 75 2513 2520 79569 15010
577 75 2513 2520 79716 15027
578 75 2513 2520 79921 15068
579 75 2513 2520 80097 15104
580 75 2513 2520 80272 15155
581 75 2513 2520 80425 15176
582 75 2513 2520 80555 15198
583 75 2513 2520 80731 15224
584 75 2513 2520 80843 15244
585 76 2513 2520 81004 15262
586 76 2513 2520 81153 15272
587 76 2513 2520 81281 15266
588 76 2513 2520 81471 15321
589 76 2513 2520 81664 15367
590 76 2513 2520 81834 15391
591 76 2513 2520 81997 15418
592 76 2513 2520 82182 15460
593 77 2513 2520 82350 15467
594 77 2513 2520 82535 15502
595 77 2513 2520 82724 15520
596 77 2513 2520 82895 15577
597 77 2513 2520 83054 15621
598 77 2513 2520 83224 15659
599 78 2513 2520 83415 15681
600 78 2513 2520 83572 15731
601 80 2513 2520 83796 15758
602 80 2513 2520 84015 15809
603 80 2513 2520 84259 15856
604 80 2513 2520 84457 15883
605 80 2513 2520 84683 15916
606 80 2513 2520 84919 15954
607 80 2513 2520 85127 15976
608 80 2513 2520 85352 16028
609 80 2513 2520 85610 16089
610 80 2513 2520 85801 16120
611 80 2513 2520 86023 16155
612 81 2513 2520 86254 16175
613 82 2513 2520 86459 16196
614 82 2513 2520 86701 16241
615 82 2513 2520 86924 16290
616 83 2513 2520 87117 16305
617 83 2513 2520 87335 16339
618 84 2513 2520 87540 16358
619 84 2513 2520 87741 16375
620 84 2513 2520 87996 16421
621 84 2513 2520 88237 16459
622 84 2513 2520 88453 16482
623 84 2513 2520 88642 16547
624 84 2513 2520 88849 16570
625 84 2513 2520 89078 16615
626 84 2513 2520 89261 16644
627 84 2513 2520 89454 16678
628 84 2513 2520 89677 16700
629 84 2513 2520 89846 16735
630 84 2513 2520 90023 16758
631 85 2513 2520 90208 16783
632 85 2513 2520 90364 16817
633 86 2513 2520 90520 16819
634 86 2513 2520 90694 16875
635 86 2513 2520 90881 16896
636 86 2513 2520 91094 16923
637 87 2513 2520 91288 16964
638 87 2513 2520 91454 16975
639 87 2513 2520 91623 17005
640 87 2513 2520 91844 17038
641 87 2513 2520 92005 17043
642 87 2513 2520 92192 17070
643 87 2513 2520 92382 17096
644 87 2513 2520 92563 17124
645 87 2513 2520 92776 17129
646 87 2513 2520 92920 17157
647 87 2513 2520 93086 17173
648 87 2513 2520 93279 17201
649 87 2513 2520 93437 17205
650 87 2513 2520 93585 17212
651 87 2513 2520 93737 17242
652 87 2513 2520 93905 17257
653 87 2513 2520 94084 17276
654 87 2513 2520 94221 17297
655 87 2513 2520 94372 17321
656 87 2513 2520 94496 17333
657 88 2513 2520 94670 17343
658 88 2513 2520 94844 17384
659 88 2513 2520 95009 17417
660 88 2513 2520 95116 17438
661 88 2513 2520 95242 17449
662 88 2513 2520 95367 17471
663 88 2513 2520 95525 17501
664 89 2513 2520 95653 17512
665 89 2513 2520 95800 17536
666 89 2513 2520 95921 17565
667 89 2513 2520 96078 17581
668 90 2513 2520 96249 17598
669 91 2513 2520 96405 17638
670 91 2513 2520 96564 17660
671 92 2513 2520 96746 17692
672 92 2513 2520 96927 17724
673 92 2513 2520 97115 17759
674 92 2513 2520 97314 17784
675 92 2513 2520 97528 17800
676 92 2513 2520 97754 17813
677 93 2513 2520 97959 17834
678 93 2513 2520 98167 17849
679 93 2513 2520 98391 17885
680 93 2513 2520 98597 17920
681 93 2513 2520 98789 17956
682 93 2513 2520 98979 17982
683 94 2513 2520 99190 18020
684 94 2513 2520 99434 18069
685 94 2513 2520 99640 18073
686 95 2513 2520 99858 18080
687 96 2513 2520 100063 18112
688 96 2513 2520 100296 18151
689 96 2513 2520 100486 18179
690 97 2513 2520 100732 18208
691 97 2513 2520 100970 18236
692 97 2513 2520 101228 18276
693 98 2513 2520 101480 18321
694 98 2513 2520 101710 18338
695 98 2513 2520 101952 18377
696 98 2513 2520 102190 18416
697 99 2513 2520 102404 18469
698 99 2513 2520 102605 18511
699 99 2513 2520 102811 18555
700 99 2513 2520 103020 18580
701 99 2513 2520 103201 18572
702 99 2513 2520 103439 18605
703 99 2513 2520 103685 18647
704 99 2513 2520 103906 18676
705 99 2513 2520 104100 18697
706 99 2513 2520 104319 18747
707 99 2513 2520 104533 18779
708 99 2513 2520 104688 18801
709 99 2513 2520 104900 18815
710 99 2513 2520 105106 18843
711 99 2513 2520 105262 18863
712 99 2513 2520 105474 18917
713 99 2513 2520 105656 18932
714 99 2513 2520 105840 18947
715 99 2513 2520 106013 18984
716 100 2513 2520 106169 19031
717 100 2513 2520 106326 19060
718 101 2513 2520 106545 19079
719 102 2513 2520 106719 19107
720 103 2513 2520 106910 19157
721 103 2513 2520 107102 19162
722 103 2513 2520 107295 19196
723 103 2513 2520 107512 19248
724 103 2513 2520 107730 19292
725 103 2513 2520 107941 19340
726 103 2513 2520 108143 19355
727 103 2513 2520 108340 19409
728 103 2513 2520 108545 19429
729 103 2513 2520 108760 19468
730 103 2513 2520 108963 19490
731 103 2513 2520 109151 19503
732 103 2513 2520 109318 19534
733 103 2513 2520 109482 19559
734 103 2513 2520 109703 19596
735 103 2513 2520 109938 19612
736 103 2513 2520 110117 19639
737 103 2513 2520 110305 19650
738 103 2513 2520 110460 19685
739 103 2513 2520 110649 19711
740 103 2513 2520 110808 19747
741 103 2513 2520 110985 19776
742 104 2513 2520 111138 19799
743 104 2513 2520 111325 19833
744 105 2513 2520 111504 19869
745 105 2513 2520 111703 19885
746 105 2513 2520 111915 19938
747 105 2513 2520 112083 19958
748 105 2513 2520 112269 19975
749 105 2513 2520 112475 19991
750 105 2513 2520 112678 20027
751 106 2513 2520 112844 20068
752 106 2513 2520 113045 20108
753 106 2513 2520 113258 20141
754 106 2513 2520 113424 20187
755 106 2513 2520 113623 20216
756 106 2513 2520 113820 20256
757 106 2513 2520 114006 20298
758 107 2513 2520 114205 20328
759 107 2513 2520 114403 20362
760 107 2513 2520 114606 20399
761 107 2513 2520 114826 20419
762 107 2513 2520 114997 20459
763 108 2513 2520 115195 20492
764 108 2513 2520 115368 20531
765 108 2513 2520 115532 20558
766 109 2513 2520 115737 20584
767 109 2513 2520 115932 20647
768 109 2513 2520 116147 20661
769 109 2513 2520 116399 20716
770 109 2513 2520 116573 20731
771 109 2513 2520 116778 20745
772 109 2513 2520 116985 20783
773 109 2513 2520 117168 20813
774 109 2513 2520 117373 20848
775 109 2513 2520 117553 20895
776 110 2513 2520 117743 20928
777 111 2513 2520 117882 20937
778 111 2513 2520 118069 20980
779 111 2513 2520 118270 20996
780 111 2513 2520 118457 21018
781 112 2513 2520 118655 21044
782 112 2513 2520 118888 21075
783 114 2513 2520 119098 21093
784 114 2513 2520 119305 21120
785 114 2513 2520 119547 21143
786 114 2513 2520 119808 21160
787 114 2513 2520 120057 21184
788 114 2513 2520 120304 21210
789 114 2513 2520 120558 21267
790 114 2513 2520 120811 21303
791 115 2513 2520 121041 21333
792 115 2513 2520 121301 21358
793 115 2513 2520 121519 21391
794 115 2513 2520 121737 21403
795 115 2513 2520 121993 21428
796 115 2513 2520 122183 21476
797 115 2512 2520 122354 21488
798 116 2512 2520 122579 21524
799 116 2512 2520 122833 21564
800 116 2512 2520 123087 21592
801 116 2512 2520 123321 21649
802 116 2512 2520 123553 21659
803 116 2512 2520 123753 21708
804 116 2512 2520 123989 21758
805 116 2512 2520 124221 21793
806 117 2512 2520 124432 21830
807 118 2512 2520 124649 21873
808 118 2512 2520 124882 21926
809 118 2512 2520 125087 21921
810 119 2512 2520 125258 21958
811 119 2512 2520 125487 22020
812 119 2512 2520 125704 22036
813 119 2512 2520 125911 22060
814 119 2512 2520 126129 22092
815 119 2512 2520 126316 22111
816 119 2512 2520 126502 22148
817 119 2512 2520 126728 22195
818 119 2512 2520 126938 22224
819 120 2512 2520 127115 22246
820 120 2512 2520 127316 22270
821 120 2512 2520 127537 22286
822 120 2512 2520 127752 22306
823 120 2512 2520 128009 22349
824 120 2512 2520 128241 22392
825 121 2512 2520 128432 22402
826 121 2512 2520 128669 22421
827 121 2512 2520 128907 22484
828 121 2512 2520 129113 22521
829 122 2512 2520 129354 22542
830 122 2512 2520 129595 22558
831 122 2512 2520 129820 22568
832 122 2512 2520 130069 22607
833 122 2512 2520 130320 22643
834 122 2512 2520 130558 22676
835 122 2512 2520 130814 22707
836 122 2512 2520 131055 22744
837 123 2512 2520 131273 22772
838 123 2512 2520 131474 22804
839 124 2512 2520 131720 22857
840 124 2512 2520 131987 22911
841 124 2512 2520 132224 22965
842 125 2512 2520 132484 23025
843 125 2512 2520 132744 23102
844 127 2512 2520 132992 23158
845 127 2512 2520 133317 23188
846 127 2512 2520 133654 23249
847 127 2512 2520 133943 23301
848 128 2512 2520 134226 23355
849 128 2512 2520 134544 23400
850 130 2512 2520 134889 23464
851 130 2512 2520 135194 23540
852 130 2512 2520 135547 23602
853 131 2512 2520 135912 23688
854 131 2512 2520 136250 23740
855 131 2512 2520 136599 23786
856 131 2512 2520 136899 23829
857 131 2512 2520 137222 23900
858 131 2512 2520 137537 23946
859 132 2512 2520 137891 24033
860 132 2512 2520 138254 24109
861 133 2512 2520 138575 24176
862 133 2512 2520 138920 24208
863 133 2512 2520 139312 24263
864 133 2512 2520 139666 24303
865 133 2512 2520 140026 24354
866 134 2512 2520 140337 24388
867 134 2512 2520 140692 24441
868 134 2512 2520 141023 24496
869 135 2512 2520 141385 24545
870 135 2512 2520 141627 24559
871 135 2512 2520 141949 24591
872 136 2512 2520 142292 24640
873 136 2512 2520 142611 24664
874 136 2512 2520 142952 24738
875 136 2512 2520 143292 24792
876 136 2512 2520 143610 24839
877 136 2512 2520 143932 24870
878 136 2512 2520 144245 24936
879 136 2512 2520 144564 24977
880 136 2512 2520 144868 25015
881 136 2512 2520 145173 25072
882 136 2512 2520 145472 25098
883 136 2512 2520 145750 25154
884 138 2512 2520 146105 25192
885 139 2512 2520 146389 25206
886 139 2512 2520 146729 25235
887 140 2512 2520 147040 25270
888 140 2512 2520 147366 25330
889 140 2512 2520 147679 25392
890 140 2512 2520 147987 25428
891 140 2512 2520 148280 25474
892 141 2512 2520 148637 25530
893 141 2512 2520 148972 25554
894 142 2512 2520 149304 25633
895 142 2512 2520 149633 25694
896 142 2512 2520 149995 25734
897 142 2512 2520 150326 25791
898 142 2512 2520 150619 25819
899 144 2512 2520 150946 25875
900 144 2512 2520 151281 25922
901 145 2512 2520 151613 25970
902 145 2512 2520 151975 26011
903 145 2512 2520 152338 26052
904 145 2512 2520 152742 26102
905 145 2512 2520 153094 26169
906 145 2512 2520 153520 26239
907 145 2512 2520 153925 26291
908 145 2512 2520 154224 26300
909 146 2512 2520 154534 26401
910 146 2512 2520 154868 26458
911 146 2512 2520 155200 26479
912 146 2512 2520 155558 26544
913 146 2512 2520 155877 26596
914 148 2512 2520 156241 26653
915 148 2512 2520 156533 26698
916 148 2512 2520 156876 26739
917 148 2512 2520 157180 26797
918 148 2512 2520 157547 26846
919 149 2512 2520 157843 26898
920 149 2512 2520 158111 26971
921 149 2512 2520 158458 27064
922 149 2512 2520 158732 27093
923 150 2512 2520 159023 27147
924 150 2512 2520 159359 27144
925 151 2512 2520 159697 27173
926 152 2512 2520 160004 27216
927 152 2512 2520 160323 27278
928 152 2512 2520 160649 27300
929 152 2512 2520 160963 27336
930 153 2512 2520 161262 27404
931 156 2512 2520 161572 27446
932 156 2512 2520 161878 27482
933 157 2512 2520 162284 27535
934 158 2512 2520 162668 27603
935 158 2512 2520 163113 27642
936 158 2512 2520 163480 27670
937 158 2512 2520 163873 27705
938 159 2512 2520 164286 27758
939 159 2512 2520 164726 27829
940 159 2512 2520 165155 27909
941 160 2512 2520 165556 27978
942 160 2512 2520 166011 28056
943 160 2512 2520 166418 28104
944 160 2512 2520 166846 28154
945 160 2512 2520 167304 28201
946 160 2512 2520 167677 28261
947 160 2512 2520 168037 28318
948 160 2512 2520 168382 28376
949 160 2512 2520 168725 28412
950 160 2512 2520 169090 28468
951 160 2512 2520 169423 28494
952 160 2512 2520 169718 28564
953 161 2512 2520 170028 28604
954 161 2512 2520 170361 28646
955 162 2512 2520 170668 28676
956 162 2512 2520 171008 28732
957 162 2512 2520 171330 28772
958 162 2512 2520 171678 28852
959 162 2512 2520 171977 28873
960 162 2512 2520 172285 28909
961 162 2512 2520 172635 28966
962 163 2512 2520 172928 29048
963 163 2512 2520 173271 29119
964 164 2512 2520 173548 29162
965 165 2512 2520 173849 29217
966 166 2512 2520 174200 29256
967 166 2512 2520 174500 29286
968 166 2512 2520 174857 29336
969 167 2512 2520 175182 29384
970 168 2512 2520 175538 29433
971 168 2512 2520 175847 29471
972 168 2512 2520 176151 29474
973 168 2512 2520 176514 29513
974 168 2512 2520 176878 29591
975 168 2512 2520 177226 29641
976 169 2512 2520 177531 29702
977 169 2512 2520 177860 29777
978 170 2512 2520 178227 29828
979 171 2512 2520 178559 29838
980 172 2512 2520 178943 29898
981 172 2511 2520 179254 29949
982 172 2511 2520 179670 30019
983 172 2511 2520 180031 30086
984 172 2511 2520 180376 30117
985 172 2511 2520 180722 30196
986 172 2511 2520 181123 30243
987 172 2511 2520 181483 30288
988 172 2511 2520 181830 30337
989 172 2511 2520 182151 30376
990 172 2511 2520 182513 30444
991 174 2511 2520 182846 30504
992 174 2511 2520 183155 30552
993 174 2511 2520 183519 30642
994 175 2511 2520 183781 30650
995 175 2511 2520 184090 30673
996 176 2511 2520 184442 30683
997 177 2511 2520 184751 30708
998 177 2511 2520 185119 30760
999 178 2511 2520 185473 30839
1000 178 2511 2520 185820 30886
