0 1 2519 2520 795 499
1 1 2519 2520 809 512
2 1 2519 2520 831 527
3 1 2519 2520 851 541
4 1 2519 2520 865 544
5 1 2519 2520 892 565
6 1 2519 2520 915 575
7 1 2519 2520 952 594
8 1 2519 2520 993 614
9 1 2519 2520 1027 636
10 1 2519 2520 1051 645
11 1 2519 2520 1067 649
12 1 2519 2520 1086 657
13 1 2519 2520 1099 664
14 1 2519 2520 1113 667
15 1 2519 2520 1138 681
16 1 2519 2520 1147 684
17 1 2519 2520 1160 690
18 1 2519 2520 1170 691
19 1 2519 2520 1177 692
20 1 2519 2520 1197 694
21 1 2519 2520 1219 699
22 1 2519 2520 1230 698
23 1 2519 2520 1239 698
24 1 2519 2520 1257 706
25 1 2519 2520 1268 705
26 2 2519 2520 1283 707
27 2 2519 2520 1313 723
28 2 2519 2520 1390 751
29 2 2519 2520 1444 768
30 2 2519 2520 1530 795
31 2 2519 2520 1596 816
32 2 2519 2520 1666 836
33 2 2519 2520 1724 852
34 2 2519 2520 1776 868
35 2 2519 2520 1839 897
36 2 2519 2520 1880 907
37 2 2519 2520 1935 925
38 2 2519 2520 1998 940
39 2 2519 2520 2046 952
40 2 2519 2520 2094 967
41 2 2519 2520 2147 991
42 2 2519 2520 2170 1001
43 2 2519 2520 2188 1004
44 2 2519 2520 2216 1013
45 2 2519 2520 2241 1011
46 2 2519 2520 2266 1014
47 2 2519 2520 2283 1020
48 2 2519 2520 2309 1031
49 2 2519 2520 2335 1046
50 2 2519 2520 2349 1047
51 2 2519 2520 2377 1059
52 3 2519 2520 2391 1061
53 3 2519 2520 2423 1072
54 3 2519 2520 2494 1104
55 3 2519 2520 2550 1127
56 3 2519 2520 2604 1151
57 3 2519 2520 2665 1161
58 4 2519 2520 2745 1174
59 4 2519 2520 2845 1208
60 4 2519 2520 2960 1245
61 4 2519 2520 3088 1281
62 4 2519 2520 3203 1315
63 4 2519 2520 3325 1342
64 4 2519 2520 3442 1380
65 4 2519 2520 3555 1414
66 4 2519 2520 3647 1422
67 4 2519 2520 3748 1441
68 4 2519 2520 3839 1471
69 4 2519 2520 3946 1501
70 4 2519 2520 4032 1530
71 4 2519 2520 4112 1552
72 4 2519 2520 4191 1570
73 4 2519 2520 4252 1589
74 4 2519 2520 4330 1617
75 4 2519 2520 4387 1634
76 5 2519 2520 4465 1658
77 5 2519 2520 4550 1679
78 5 2519 2520 4673 1710
79 5 2519 2520 4795 1762
80 5 2519 2520 4910 1795
81 5 2519 2520 5030 1818
82 5 2519 2520 5144 1840
83 5 2519 2520 5239 1878
84 5 2519 2520 5317 1891
85 6 2519 2520 5403 1919
86 6 2519 2520 5506 1939
87 6 2519 2520 5629 1967
88 6 2519 2520 5728 1994
89 6 2519 2520 5843 2005
90 8 2519 2520 5944 2023
91 8 2519 2520 6070 2049
92 8 2519 2520 6248 2114
93 8 2519 2520 6392 2148
94 8 2519 2520 6564 2193
95 8 2519 2520 6741 2224
96 8 2519 2520 6894 2251
97 8 2519 2520 7065 2285
98 8 2519 2520 7200 2312
99 8 2519 2520 7348 2331
100 8 2518 2520 7482 2348
101 8 2518 2520 7635 2382
102 8 2518 2520 7788 2413
103 8 2518 2520 7909 2425
104 8 2518 2520 8034 2439
105 9 2518 2520 8148 2447
106 10 2518 2520 8298 2480
107 10 2518 2520 8437 2505
108 10 2518 2520 8610 2543
109 10 2518 2520 8794 2569
110 10 2518 2520 8953 2603
111 10 2518 2520 9113 2632
112 10 2518 2520 9255 2658
113 10 2518 2520 9397 2685
114 10 2518 2520 9530 2722
115 11 2518 2520 9649 2753
116 11 2518 2520 9766 2785
117 11 2518 2520 9920 2822
118 11 2518 2520 10069 2846
119 11 2518 2520 10216 2882
120 11 2517 2520 10386 2910
121 11 2517 2520 10515 2964
122 11 2517 2520 10668 2997
123 11 2517 2520 10808 3021
124 11 2517 2520 10935 3050
125 11 2517 2520 11066 3075
126 12 2517 2520 11195 3092
127 12 2517 2520 11380 3144
128 12 2517 2520 11528 3171
129 12 2517 2520 11702 3193
130 12 2517 2520 11843 3229
131 12 2517 2520 11974 3236
132 13 2517 2520 12134 3260
133 13 2517 2520 12289 3296
134 13 2517 2520 12439 3323
135 13 2517 2520 12594 3352
136 13 2517 2520 12746 3374
137 13 2517 2520 12871 3397
138 13 2517 2520 12995 3420
139 13 2517 2520 13150 3443
140 14 2517 2520 13276 3476
141 14 2517 2520 13418 3526
142 15 2517 2520 13581 3549
143 15 2517 2520 13734 3586
144 15 2517 2520 13912 3630
145 15 2517 2520 14062 3663
146 15 2517 2520 14205 3679
147 15 2517 2520 14341 3703
148 15 2517 2520 14495 3747
149 15 2517 2520 14651 3772
150 15 2517 2520 14817 3801
151 15 2517 2520 14967 3843
152 15 2517 2520 15113 3887
153 15 2517 2520 15237 3924
154 15 2517 2520 15345 3957
155 15 2517 2520 15460 3969
156 15 2517 2520 15590 3979
157 15 2517 2520 15674 3996
158 15 2517 2520 15771 4011
159 15 2517 2520 15863 4041
160 15 2517 2520 15957 4066
161 15 2517 2520 16033 4079
162 15 2517 2520 16120 4096
163 15 2517 2520 16199 4121
164 16 2517 2520 16283 4141
165 16 2517 2520 16354 4160
166 16 2517 2520 16428 4176
167 16 2517 2520 16484 4195
168 17 2517 2520 16570 4207
169 17 2517 2520 16681 4228
170 17 2517 2520 16788 4262
171 17 2517 2520 16883 4299
172 17 2517 2520 16996 4319
173 17 2517 2520 17119 4335
174 17 2517 2520 17216 4351
175 17 2517 2520 17306 4373
176 17 2517 2520 17403 4385
177 17 2517 2520 17510 4406
178 17 2517 2520 17616 4434
179 17 2517 2520 17685 4436
180 17 2517 2520 17784 4469
181 17 2517 2520 17865 4480
182 17 2517 2520 17937 4484
183 17 2517 2520 18026 4500
184 17 2517 2520 18088 4510
185 18 2517 2520 18173 4526
186 18 2517 2520 18258 4534
187 18 2517 2520 18355 4543
188 18 2517 2520 18457 4563
189 18 2517 2520 18564 4580
190 18 2517 2520 18657 4597
191 18 2517 2520 18771 4635
192 18 2517 2520 18875 4660
193 18 2517 2520 18986 4672
194 18 2517 2520 19074 4693
195 18 2517 2520 19151 4707
196 18 2517 2520 19256 4723
197 18 2517 2520 19336 4748
198 18 2517 2520 19444 4773
199 18 2517 2520 19512 4783
200 18 2517 2520 19583 4806
201 19 2517 2520 19669 4826
202 19 2517 2520 19737 4842
203 19 2517 2520 19818 4855
204 19 2517 2520 19904 4868
205 19 2517 2520 19973 4885
206 19 2517 2520 20064 4911
207 20 2517 2520 20144 4925
208 21 2517 2520 20225 4935
209 21 2517 2520 20303 4957
210 21 2517 2520 20401 4982
211 21 2517 2520 20516 5008
212 21 2517 2520 20632 5034
213 21 2517 2520 20746 5066
214 21 2517 2520 20867 5082
215 21 2517 2520 20994 5108
216 21 2517 2520 21108 5129
217 21 2517 2520 21229 5147
218 21 2517 2520 21361 5166
219 21 2517 2520 21475 5192
220 21 2517 2520 21586 5203
221 21 2517 2520 21719 5229
222 21 2517 2520 21854 5261
223 21 2517 2520 21963 5281
224 21 2517 2520 22052 5316
225 21 2517 2520 22121 5336
226 21 2517 2520 22209 5353
227 21 2517 2520 22291 5366
228 21 2517 2520 22369 5396
229 22 2517 2520 22460 5410
230 22 2517 2520 22566 5452
231 22 2517 2520 22677 5472
232 23 2517 2520 22785 5506
233 23 2517 2520 22904 5538
234 23 2517 2520 23041 5570
235 23 2517 2520 23143 5605
236 23 2517 2520 23262 5625
237 23 2517 2520 23387 5658
238 23 2517 2520 23513 5681
239 23 2517 2520 23626 5701
240 23 2517 2520 23737 5722
241 23 2517 2520 23849 5758
242 23 2517 2520 23955 5786
243 23 2517 2520 24036 5799
244 23 2517 2520 24136 5807
245 23 2517 2520 24230 5822
246 23 2517 2520 24322 5846
247 24 2517 2520 24415 5859
248 24 2517 2520 24522 5874
249 24 2517 2520 24617 5871
250 24 2517 2520 24726 5905
251 24 2517 2520 24822 5919
252 24 2517 2520 24962 5929
253 24 2517 2520 25074 5942
254 24 2517 2520 25211 5986
255 24 2517 2520 25323 6018
256 24 2517 2520 25428 6050
257 24 2517 2520 25524 6059
258 24 2517 2520 25614 6072
259 24 2517 2520 25686 6096
260 24 2517 2520 25761 6114
261 24 2517 2520 25852 6139
262 25 2517 2520 25933 6151
263 25 2517 2520 26014 6174
264 25 2517 2520 26111 6182
265 25 2517 2520 26187 6197
266 25 2517 2520 26288 6208
267 25 2517 2520 26380 6227
268 25 2517 2520 26460 6255
269 26 2517 2520 26555 6283
270 26 2517 2520 26650 6284
271 26 2517 2520 26745 6304
272 26 2517 2520 26843 6313
273 26 2517 2520 26956 6338
274 26 2517 2520 27096 6342
275 26 2517 2520 27189 6367
276 26 2517 2520 27298 6379
277 26 2517 2520 27382 6400
278 26 2517 2520 27484 6415
279 26 2517 2520 27570 6415
280 26 2517 2520 27664 6441
281 26 2517 2520 27746 6452
282 26 2517 2520 27841 6464
283 26 2517 2520 27925 6487
284 26 2517 2520 27996 6490
285 26 2517 2520 28063 6498
286 27 2517 2520 28154 6519
287 27 2517 2520 28258 6542
288 27 2517 2520 28365 6558
289 27 2517 2520 28472 6585
290 27 2517 2520 28568 6592
291 27 2517 2520 28669 6616
292 27 2517 2520 28769 6637
293 27 2517 2520 28851 6671
294 27 2517 2520 28936 6672
295 27 2517 2520 29034 6684
296 27 2517 2520 29111 6702
297 27 2517 2520 29220 6727
298 27 2517 2520 29325 6742
299 27 2517 2520 29421 6765
300 27 2517 2520 29524 6776
301 27 2517 2520 29613 6784
302 27 2517 2520 29716 6818
303 28 2517 2520 29814 6822
304 29 2517 2520 29905 6847
305 29 2517 2520 30024 6873
306 29 2517 2520 30153 6916
307 29 2517 2520 30286 6938
308 29 2517 2520 30409 6971
309 29 2517 2520 30533 6997
310 29 2517 2520 30642 7022
311 29 2517 2520 30741 7029
312 29 2517 2520 30872 7055
313 29 2517 2520 30980 7072
314 30 2517 2520 31096 7089
315 30 2517 2520 31203 7120
316 30 2517 2520 31337 7152
317 30 2517 2520 31453 7178
318 30 2517 2520 31604 7181
319 30 2517 2520 31723 7205
320 30 2517 2520 31877 7235
321 30 2517 2520 31980 7259
322 30 2517 2520 32114 7299
323 30 2517 2520 32206 7325
324 31 2517 2520 32327 7349
325 31 2517 2520 32457 7370
326 31 2517 2520 32595 7387
327 31 2517 2520 32729 7399
328 31 2517 2520 32856 7432
329 31 2517 2520 32984 7458
330 31 2517 2520 33080 7473
331 31 2517 2520 33192 7506
332 32 2517 2520 33305 7540
333 32 2517 2520 33426 7562
334 32 2517 2520 33530 7590
335 32 2517 2520 33665 7615
336 32 2517 2520 33814 7639
337 32 2517 2520 33957 7644
338 33 2517 2520 34089 7671
339 34 2517 2520 34223 7689
340 34 2517 2520 34372 7733
341 34 2517 2520 34534 7774
342 34 2517 2520 34671 7792
343 34 2517 2520 34816 7843
344 34 2516 2520 34967 7872
345 34 2516 2520 35181 7908
346 34 2516 2520 35385 7915
347 34 2516 2520 35587 7970
348 34 2516 2520 35801 7949
349 34 2516 2520 35976 7990
350 34 2516 2520 36129 8022
351 34 2516 2520 36265 8045
352 34 2516 2520 36381 8059
353 34 2516 2520 36504 8091
354 34 2516 2520 36621 8115
355 35 2516 2520 36758 8137
356 35 2516 2520 36882 8162
357 35 2516 2520 37045 8176
358 35 2516 2520 37167 8198
359 36 2516 2520 37321 8214
360 36 2516 2520 37479 8229
361 36 2516 2520 37613 8263
362 36 2516 2520 37775 8296
363 36 2516 2520 37910 8317
364 37 2516 2520 38067 8346
365 37 2516 2520 38219 8366
366 37 2516 2520 38367 8375
367 37 2516 2520 38492 8410
368 37 2516 2520 38608 8422
369 37 2516 2520 38728 8428
370 37 2516 2520 38856 8436
371 37 2516 2520 39008 8478
372 37 2516 2520 39127 8492
373 37 2516 2520 39288 8513
374 37 2516 2520 39432 8551
375 37 2516 2520 39558 8585
376 37 2516 2520 39697 8602
377 37 2516 2520 39801 8629
378 37 2516 2520 39917 8663
379 37 2516 2520 40027 8670
380 37 2516 2520 40149 8683
381 37 2516 2520 40245 8714
382 37 2516 2520 40333 8729
383 37 2516 2520 40432 8752
384 37 2516 2520 40527 8771
385 38 2516 2520 40600 8790
386 39 2516 2520 40695 8814
387 40 2516 2520 40822 8824
388 40 2516 2520 40935 8836
389 40 2516 2520 41101 8870
390 40 2516 2520 41249 8912
391 40 2516 2520 41370 8919
392 40 2516 2520 41514 8925
393 40 2516 2520 41655 8958
394 40 2516 2520 41822 8976
395 40 2516 2520 41972 9005
396 41 2516 2520 42140 9028
397 41 2516 2520 42261 9052
398 41 2516 2520 42399 9091
399 41 2516 2520 42552 9106
400 41 2516 2520 42679 9149
401 41 2516 2520 42802 9151
402 42 2516 2520 42942 9186
403 42 2516 2520 43078 9197
404 42 2516 2520 43251 9232
405 42 2516 2520 43452 9262
406 42 2516 2520 43605 9293
407 42 2516 2520 43784 9310
408 42 2516 2520 43943 9360
409 42 2516 2520 44093 9383
410 42 2516 2520 44236 9402
411 42 2516 2520 44351 9418
412 42 2516 2520 44493 9453
413 42 2516 2520 44612 9470
414 42 2516 2520 44747 9499
415 42 2516 2520 44855 9531
416 42 2516 2520 44943 9567
417 42 2516 2520 45043 9590
418 42 2516 2520 45173 9607
419 43 2516 2520 45271 9637
420 43 2516 2520 45396 9661
421 43 2516 2520 45496 9681
422 45 2516 2520 45581 9703
423 46 2516 2520 45720 9733
424 46 2516 2520 45863 9764
425 46 2516 2520 46015 9809
426 46 2516 2520 46182 9850
427 47 2516 2520 46308 9886
428 47 2516 2520 46459 9891
429 47 2516 2520 46641 9930
430 47 2516 2520 46848 9955
431 48 2516 2520 47070 9998
432 48 2516 2520 47245 10028
433 48 2516 2520 47428 10068
434 48 2516 2520 47621 10089
435 48 2516 2520 47808 10115
436 48 2516 2520 48030 10157
437 48 2516 2520 48243 10181
438 48 2516 2520 48443 10217
439 49 2516 2520 48643 10252
440 49 2516 2520 48844 10285
441 49 2516 2520 49060 10326
442 49 2516 2520 49314 10381
443 49 2516 2520 49515 10403
444 49 2516 2520 49728 10448
445 49 2516 2520 49920 10474
446 49 2516 2520 50135 10509
447 49 2516 2520 50414 10547
448 49 2516 2520 50617 10563
449 49 2516 2520 50822 10596
450 49 2516 2520 51005 10633
451 49 2516 2520 51185 10654
452 49 2516 2520 51361 10677
453 49 2516 2520 51537 10707
454 49 2516 2520 51697 10737
455 49 2516 2520 51875 10754
456 49 2516 2520 52044 10787
457 49 2516 2520 52197 10791
458 49 2516 2520 52369 10803
459 49 2516 2520 52538 10824
460 49 2516 2520 52676 10859
461 49 2516 2520 52805 10889
462 49 2516 2520 52941 10918
463 49 2516 2520 53075 10936
464 50 2516 2520 53235 10970
465 50 2516 2520 53376 10992
466 50 2516 2520 53525 11044
467 50 2516 2520 53677 11078
468 50 2516 2520 53827 11116
469 50 2516 2520 53984 11152
470 50 2516 2520 54130 11182
471 50 2516 2520 54283 11206
472 50 2516 2520 54424 11219
473 50 2516 2520 54553 11216
474 52 2516 2520 54671 11241
475 52 2516 2520 54789 11275
476 52 2516 2520 54960 11309
477 52 2516 2520 55172 11355
478 54 2516 2520 55324 11400
479 54 2516 2520 55481 11424
480 54 2516 2520 55658 11447
481 54 2516 2520 55815 11504
482 54 2516 2520 56016 11552
483 55 2516 2520 56203 11597
484 56 2516 2520 56411 11639
485 56 2516 2520 56597 11670
486 56 2516 2520 56833 11700
487 56 2516 2520 57051 11727
488 56 2516 2520 57288 11774
489 56 2516 2520 57544 11839
490 57 2516 2520 57730 11886
491 57 2516 2520 57962 11921
492 57 2516 2520 58170 11947
493 57 2516 2520 58372 11960
494 57 2516 2520 58600 11998
495 57 2516 2520 58795 12040
496 57 2516 2520 59009 12054
497 57 2516 2520 59187 12095
498 58 2516 2520 59405 12121
499 58 2516 2520 59606 12164
500 59 2516 2520 59817 12192
501 59 2516 2520 60020 12227
502 59 2516 2520 60238 12264
503 60 2516 2520 60459 12301
504 60 2516 2520 60688 12364
505 60 2516 2520 60920 12412
506 60 2516 2520 61129 12464
507 60 2516 2520 61329 12505
508 60 2516 2520 61553 12563
509 60 2516 2520 61752 12597
510 60 2516 2520 61960 12622
511 60 2516 2520 62170 12655
512 60 2516 2520 62357 12698
513 60 2516 2520 62528 12735
514 60 2516 2520 62712 12775
515 60 2516 2520 62889 12781
516 60 2516 2520 63072 12838
517 61 2516 2520 63244 12874
518 61 2516 2520 63421 12909
519 61 2516 2520 63557 12935
520 61 2516 2520 63727 12966
521 61 2516 2520 63855 13006
522 61 2516 2520 64020 13045
523 61 2516 2520 64195 13084
524 62 2516 2520 64355 13107
525 62 2516 2520 64522 13143
526 62 2516 2520 64707 13161
527 62 2516 2520 64862 13190
528 62 2516 2520 65018 13228
529 62 2516 2520 65170 13239
530 62 2516 2520 65359 13289
531 62 2516 2520 65549 13306
532 62 2516 2520 65760 13362
533 62 2516 2520 65920 13386
534 62 2516 2520 66090 13421
535 62 2516 2520 66227 13453
536 63 2516 2520 66409 13462
537 63 2516 2520 66546 13482
538 64 2516 2520 66739 13525
539 64 2516 2520 66900 13544
540 65 2516 2520 67036 13568
541 66 2516 2520 67209 13590
542 66 2516 2520 67416 13628
543 66 2516 2520 67639 13677
544 66 2516 2520 67881 13726
545 66 2516 2520 68119 13760
546 66 2516 2520 68301 13783
547 66 2516 2520 68494 13812
548 66 2516 2520 68723 13872
549 67 2516 2520 68902 13905
550 67 2516 2520 69095 13932
551 67 2516 2520 69354 13957
552 67 2516 2520 69577 13995
553 68 2516 2520 69828 14038
554 68 2516 2520 70044 14072
555 68 2516 2520 70284 14117
556 68 2516 2520 70562 14136
557 68 2516 2520 70770 14178
558 68 2516 2520 70995 14212
559 68 2516 2520 71215 14271
560 68 2516 2520 71423 14286
561 68 2516 2520 71618 14319
562 68 2516 2520 71852 14370
563 68 2516 2520 72069 14386
564 68 2516 2520 72303 14430
565 68 2516 2520 72492 14451
566 68 2516 2520 72702 14459
567 68 2516 2520 72917 14514
568 68 2516 2520 73104 14541
569 68 2516 2520 73269 14570
570 68 2516 2520 73404 14600
571 68 2516 2520 73563 14630
572 68 2516 2520 73703 14623
573 68 2516 2520 73880 14648
574 68 2516 2520 74028 14661
575 69 2516 2520 74166 14688
576 69 2516 2520 74331 14725
577 69 2516 2520 74489 14759
578 69 2516 2520 74669 14784
579 69 2516 2520 74820 14789
580 70 2516 2520 75008 14841
581 71 2516 2520 75163 14877
582 71 2516 2520 75385 14906
583 71 2516 2520 75564 14929
584 71 2516 2520 75736 14943
585 71 2516 2520 75949 15003
586 71 2516 2520 76152 15031
587 72 2516 2520 76354 15075
588 72 2516 2520 76540 15103
589 72 2516 2520 76716 15121
590 73 2516 2520 76899 15149
591 73 2516 2520 77106 15199
592 73 2516 2520 77342 15234
593 73 2516 2520 77648 15300
594 73 2516 2520 77899 15344
595 73 2516 2520 78129 15390
596 73 2516 2520 78384 15437
597 73 2516 2520 78611 15450
598 74 2516 2520 78820 15473
599 74 2516 2520 79085 15509
600 74 2516 2520 79332 15551
601 74 2516 2520 79572 15585
602 74 2516 2520 79826 15613
603 74 2516 2520 80008 15644
604 75 2516 2520 80200 15672
605 75 2516 2520 80381 15706
606 75 2516 2520 80596 15755
607 75 2516 2520 80811 15782
608 75 2516 2520 80982 15807
609 75 2516 2520 81164 15859
610 75 2516 2520 81336 15885
611 75 2516 2520 81526 15896
612 75 2516 2520 81716 15925
613 75 2516 2520 81914 15969
614 76 2516 2520 82105 16005
615 76 2516 2520 82267 16024
616 76 2516 2520 82421 16075
617 77 2516 2520 82594 16095
618 77 2516 2520 82799 16120
619 77 2516 2520 83013 16169
620 78 2516 2520 83208 16205
621 79 2516 2520 83416 16244
622 79 2516 2520 83638 16301
623 81 2516 2520 83850 16345
624 81 2516 2520 84102 16372
625 81 2516 2520 84402 16448
626 81 2516 2520 84657 16482
627 81 2516 2520 84932 16529
628 81 2516 2520 85189 16549
629 81 2516 2520 85454 16587
630 81 2516 2520 85709 16646
631 81 2516 2520 85984 16679
632 81 2516 2520 86270 16704
633 81 2516 2520 86544 16765
634 81 2516 2520 86775 16787
635 82 2516 2520 87012 16839
636 82 2516 2520 87236 16903
637 82 2516 2520 87462 16947
638 82 2516 2520 87692 16995
639 82 2516 2520 87874 17040
640 82 2516 2520 88106 17069
641 82 2516 2520 88328 17127
642 82 2516 2520 88518 17169
643 82 2516 2520 88721 17181
644 82 2516 2520 88905 17207
645 82 2516 2520 89073 17229
646 82 2516 2520 89252 17253
647 83 2516 2520 89415 17279
648 83 2516 2520 89606 17303
649 83 2516 2520 89745 17333
650 83 2516 2520 89928 17353
651 83 2516 2520 90104 17402
652 84 2516 2520 90275 17445
653 84 2516 2520 90473 17522
654 84 2516 2520 90627 17549
655 85 2516 2520 90783 17580
656 85 2516 2520 90948 17636
657 85 2516 2520 91154 17697
658 87 2516 2520 91341 17716
659 87 2516 2520 91555 17775
660 87 2516 2520 91783 17815
661 88 2516 2520 92000 17866
662 88 2516 2520 92225 17903
663 88 2516 2520 92454 17954
664 88 2516 2520 92681 17966
665 88 2516 2520 92931 17992
666 88 2516 2520 93153 18027
667 88 2516 2520 93363 18057
668 89 2516 2520 93592 18093
669 90 2516 2520 93860 18137
670 90 2516 2520 94136 18178
671 90 2516 2520 94406 18220
672 90 2516 2520 94667 18258
673 90 2516 2520 94927 18285
674 90 2516 2520 95199 18327
675 91 2516 2520 95460 18348
676 91 2516 2520 95711 18394
677 91 2516 2520 95955 18432
678 91 2516 2520 96256 18494
679 91 2516 2520 96538 18549
680 91 2516 2520 96817 18591
681 91 2516 2520 97050 18637
682 91 2516 2520 97289 18670
683 91 2516 2520 97548 18706
684 91 2516 2520 97788 18758
685 91 2516 2520 98016 18814
686 91 2516 2520 98242 18848
687 92 2516 2520 98516 18889
688 92 2516 2520 98736 18940
689 92 2516 2520 98933 18985
690 92 2516 2520 99140 19018
691 92 2516 2520 99328 19043
692 92 2516 2520 99557 19106
693 92 2516 2520 99766 19160
694 92 2516 2520 99995 19222
695 93 2516 2520 100192 19261
696 93 2516 2520 100363 19300
697 93 2516 2520 100556 19334
698 93 2516 2520 100776 19372
699 93 2516 2520 100986 19395
700 93 2516 2520 101192 19437
701 93 2516 2520 101386 19483
702 93 2516 2520 101577 19525
703 93 2516 2520 101759 19550
704 93 2516 2520 101964 19568
705 93 2516 2520 102120 19592
706 94 2516 2520 102305 19635
707 94 2516 2520 102494 19665
708 95 2516 2520 102685 19708
709 95 2516 2520 102849 19726
710 95 2516 2520 103036 19747
711 95 2516 2520 103221 19776
712 95 2516 2520 103391 19780
713 96 2516 2520 103585 19820
714 96 2516 2520 103731 19824
715 97 2516 2520 103901 19859
716 97 2516 2520 104105 19884
717 97 2516 2520 104301 19920
718 97 2516 2520 104496 19938
719 97 2516 2520 104684 19970
720 97 2516 2520 104855 20003
721 97 2516 2520 105023 20045
722 97 2516 2520 105214 20081
723 97 2516 2520 105374 20115
724 97 2516 2520 105564 20148
725 97 2516 2520 105757 20165
726 97 2516 2520 105914 20191
727 98 2516 2520 106055 20220
728 98 2516 2520 106237 20245
729 98 2516 2520 106404 20283
730 98 2516 2520 106533 20313
731 99 2516 2520 106691 20341
732 99 2516 2520 106857 20373
733 99 2516 2520 107057 20406
734 99 2516 2520 107239 20430
735 99 2516 2520 107378 20442
736 99 2516 2520 107551 20476
737 100 2516 2520 107715 20502
738 100 2516 2520 107850 20496
739 101 2516 2520 108028 20525
740 102 2516 2520 108236 20570
741 102 2516 2520 108447 20612
742 102 2516 2520 108629 20645
743 102 2516 2520 108846 20636
744 102 2516 2520 109042 20656
745 102 2516 2520 109226 20681
746 103 2516 2520 109388 20716
747 103 2516 2520 109609 20742
748 103 2516 2520 109853 20787
749 104 2516 2520 110065 20822
750 105 2516 2520 110309 20865
751 105 2516 2520 110541 20908
752 106 2516 2520 110739 20942
753 106 2516 2520 110951 20978
754 106 2516 2520 111170 21005
755 107 2516 2520 111394 21042
756 107 2516 2520 111599 21052
757 107 2516 2520 111876 21099
758 108 2516 2520 112106 21102
759 108 2516 2520 112370 21121
760 108 2516 2520 112622 21163
761 108 2516 2520 112855 21212
762 108 2516 2520 113135 21250
763 108 2516 2520 113428 21270
764 108 2516 2520 113662 21303
765 108 2516 2520 113918 21350
766 108 2516 2520 114194 21416
767 108 2516 2520 114415 21461
768 109 2516 2520 114673 21484
769 110 2516 2520 114891 21518
770 110 2516 2520 115110 21553
771 110 2516 2520 115383 21584
772 110 2516 2520 115636 21621
773 110 2516 2520 115846 21648
774 110 2516 2520 116076 21670
775 110 2516 2520 116266 21702
776 110 2516 2520 116444 21698
777 110 2516 2520 116645 21714
778 110 2516 2520 116826 21724
779 110 2516 2520 117010 21748
780 110 2516 2520 117192 21774
781 110 2516 2520 117396 21799
782 110 2516 2520 117552 21819
783 110 2515 2520 117737 21844
784 110 2515 2520 117914 21864
785 110 2515 2520 118083 21871
786 110 2515 2520 118262 21912
787 110 2515 2520 118418 21918
788 110 2515 2520 118605 21948
789 110 2515 2520 118742 21984
790 111 2515 2520 118915 22018
791 111 2515 2520 119074 22053
792 111 2515 2520 119264 22091
793 111 2515 2520 119418 22132
794 112 2515 2520 119582 22156
795 114 2514 2520 119770 22193
796 114 2514 2520 119985 22235
797 114 2514 2520 120216 22276
798 114 2514 2520 120418 22283
799 114 2514 2520 120660 22301
800 114 2514 2520 120896 22373
801 114 2514 2520 121101 22409
802 115 2514 2520 121279 22438
803 115 2514 2520 121508 22450
804 115 2514 2520 121729 22498
805 115 2514 2520 121956 22525
806 117 2514 2520 122157 22545
807 117 2514 2520 122379 22605
808 117 2514 2520 122644 22637
809 117 2514 2520 122905 22689
810 117 2514 2520 123144 22711
811 117 2514 2520 123400 22730
812 117 2514 2520 123630 22736
813 117 2514 2520 123826 22740
814 117 2514 2520 124039 22786
815 117 2514 2520 124272 22817
816 117 2514 2520 124459 22819
817 118 2514 2520 124698 22842
818 118 2514 2520 124903 22869
819 119 2514 2520 125124 22890
820 119 2514 2520 125326 22898
821 120 2514 2520 125545 22914
822 120 2514 2520 125790 22944
823 121 2514 2520 126050 22987
824 121 2514 2520 126263 23038
825 122 2514 2520 126472 23078
826 122 2514 2520 126674 23107
827 122 2514 2520 126930 23163
828 122 2514 2520 127164 23197
829 122 2514 2520 127467 23226
830 122 2514 2520 127744 23257
831 122 2514 2520 127998 23305
832 122 2514 2520 128286 23342
833 123 2514 2520 128580 23371
834 124 2514 2520 128843 23426
835 124 2514 2520 129155 23478
836 124 2514 2520 129457 23512
837 124 2514 2520 129722 23546
838 125 2514 2520 129979 23569
839 125 2514 2520 130280 23607
840 125 2514 2520 130579 23640
841 125 2514 2520 130859 23689
842 125 2514 2520 131128 23728
843 126 2514 2520 131406 23749
844 126 2514 2520 131651 23773
845 126 2514 2520 131934 23771
846 126 2514 2520 132213 23815
847 126 2514 2520 132517 23877
848 126 2514 2520 132755 23932
849 127 2514 2520 133014 23957
850 127 2514 2520 133262 23995
851 127 2514 2520 133518 24024
852 127 2514 2520 133781 24059
853 127 2514 2520 134035 24116
854 127 2514 2520 134272 24128
855 127 2514 2520 134529 24150
856 127 2514 2520 134769 24170
857 128 2514 2520 135016 24175
858 128 2514 2520 135261 24191
859 128 2513 2520 135509 24228
860 128 2513 2520 135773 24239
861 128 2513 2520 136014 24277
862 128 2513 2520 136267 24305
863 129 2513 2520 136516 24345
864 129 2513 2520 136768 24388
865 130 2513 2520 137025 24402
866 130 2513 2520 137294 24417
867 130 2513 2520 137541 24444
868 131 2513 2520 137791 24472
869 131 2513 2520 138020 24500
870 131 2513 2520 138284 24512
871 131 2513 2520 138531 24538
872 131 2513 2520 138808 24558
873 132 2513 2520 139035 24611
874 132 2513 2520 139314 24643
875 132 2513 2520 139570 24681
876 132 2513 2520 139843 24690
877 132 2513 2520 140105 24700
878 132 2513 2520 140408 24737
879 132 2513 2520 140639 24766
880 133 2513 2520 140881 24806
881 133 2513 2520 141133 24850
882 133 2513 2520 141399 24878
883 133 2513 2520 141650 24918
884 133 2513 2520 141906 24955
885 133 2513 2520 142138 24978
886 134 2513 2520 142369 24999
887 136 2513 2520 142591 25054
888 137 2513 2520 142868 25090
889 137 2513 2520 143166 25151
890 137 2513 2520 143419 25174
891 137 2513 2520 143770 25255
892 137 2513 2520 144020 25319
893 137 2513 2520 144355 25320
894 137 2513 2520 144682 25388
895 137 2513 2520 144977 25420
896 138 2513 2520 145251 25458
897 139 2513 2520 145542 25504
898 139 2513 2520 145827 25583
899 139 2513 2520 146128 25633
900 140 2513 2520 146409 25691
901 140 2513 2520 146672 25722
902 140 2513 2520 146968 25751
903 140 2513 2520 147245 25800
904 140 2513 2520 147510 25850
905 140 2513 2520 147798 25909
906 140 2513 2520 148067 25937
907 140 2513 2520 148330 25994
908 140 2513 2520 148559 26034
909 140 2513 2520 148826 26040
910 141 2513 2520 149052 26066
911 141 2513 2520 149333 26127
912 142 2513 2520 149559 26149
913 142 2513 2520 149791 26196
914 142 2513 2520 150088 26257
915 142 2513 2520 150300 26258
916 142 2513 2520 150524 26274
917 142 2513 2520 150692 26311
918 142 2513 2520 150908 26333
919 144 2513 2520 151122 26397
920 144 2513 2520 151331 26419
921 144 2513 2520 151576 26449
922 144 2513 2520 151835 26458
923 144 2513 2520 152064 26486
924 144 2513 2520 152295 26527
925 144 2513 2520 152512 26575
926 144 2513 2520 152727 26593
927 144 2513 2520 152905 26648
928 145 2513 2520 153151 26689
929 145 2513 2520 153378 26672
930 145 2513 2520 153587 26690
931 145 2513 2520 153794 26721
932 145 2513 2520 154007 26724
933 145 2513 2520 154203 26754
934 146 2513 2520 154439 26787
935 146 2513 2520 154667 26828
936 146 2513 2520 154844 26866
937 146 2513 2520 155018 26882
938 146 2513 2520 155214 26903
939 148 2513 2520 155432 26961
940 148 2513 2520 155637 26989
941 149 2513 2520 155878 27015
942 149 2513 2520 156092 27031
943 149 2513 2520 156334 27085
944 149 2513 2520 156596 27108
945 149 2513 2520 156863 27143
946 149 2513 2520 157080 27173
947 150 2513 2520 157304 27207
948 151 2513 2520 157549 27253
949 151 2513 2520 157795 27269
950 151 2513 2520 158047 27331
951 151 2513 2520 158320 27359
952 151 2513 2520 158632 27410
953 152 2513 2520 158849 27424
954 152 2513 2520 159112 27472
955 153 2513 2520 159354 27488
956 153 2513 2520 159594 27536
957 154 2513 2520 159866 27588
958 154 2513 2520 160170 27630
959 154 2513 2520 160428 27659
960 155 2513 2520 160697 27724
961 155 2513 2520 160990 27743
962 155 2513 2520 161280 27769
963 155 2513 2520 161591 27812
964 155 2513 2520 161941 27849
965 155 2513 2520 162246 27883
966 155 2513 2520 162553 27950
967 155 2513 2520 162851 27998
968 155 2513 2520 163178 28035
969 155 2513 2520 163465 28091
970 155 2513 2520 163728 28125
971 155 2513 2520 164008 28142
972 155 2513 2520 164250 28173
973 155 2513 2520 164436 28215
974 155 2513 2520 164691 28251
975 156 2513 2520 164901 28280
976 156 2513 2520 165173 28317
977 156 2513 2520 165422 28346
978 156 2513 2520 165647 28370
979 156 2513 2520 165900 28412
980 156 2513 2520 166165 28470
981 157 2513 2520 166432 28530
982 157 2513 2520 166687 28555
983 157 2513 2520 166878 28573
984 158 2513 2520 167105 28629
985 158 2513 2520 167356 28670
986 158 2513 2520 167595 28704
987 158 2513 2520 167856 28746
988 159 2513 2520 168156 28795
989 159 2513 2520 168385 28820
990 159 2513 2520 168635 28852
991 159 2513 2520 168869 28872
992 159 2513 2520 169136 28932
993 159 2513 2520 169383 28952
994 159 2513 2520 169600 28987
995 159 2513 2520 169807 29006
996 159 2513 2520 170007 29061
997 160 2513 2520 170227 29071
998 160 2513 2520 170448 29111
999 160 2513 2520 170656 29162
1000 160 2513 2520 170882 29204
