0 1 2519 2520 796 500
1 1 2519 2520 807 507
2 1 2519 2520 822 519
3 1 2519 2520 843 534
4 1 2519 2520 870 548
5 1 2519 2520 896 563
6 1 2519 2520 920 576
7 1 2519 2520 948 592
8 1 2519 2520 972 599
9 1 2519 2520 999 616
10 1 2519 2520 1025 628
11 1 2519 2520 1039 631
12 1 2519 2520 1060 636
13 1 2519 2520 1083 646
14 1 2519 2520 1101 654
15 1 2519 2520 1124 660
16 1 2519 2520 1154 668
17 1 2519 2520 1184 673
18 1 2519 2520 1198 679
19 1 2519 2520 1218 688
20 1 2519 2520 1228 691
21 1 2519 2520 1233 691
22 1 2519 2520 1248 698
23 1 2519 2520 1260 698
24 1 2519 2520 1271 702
25 1 2519 2520 1280 704
26 2 2519 2520 1292 703
27 2 2519 2520 1321 715
28 2 2519 2520 1384 739
29 2 2519 2520 1443 757
30 2 2519 2520 1499 771
31 2 2519 2520 1558 784
32 2 2519 2520 1642 810
33 2 2519 2520 1709 841
34 2 2519 2520 1771 856
35 2 2519 2520 1837 883
36 2 2519 2520 1884 890
37 2 2519 2520 1938 911
38 2 2519 2520 1983 928
39 2 2519 2520 2045 937
40 2 2519 2520 2093 950
41 2 2519 2520 2136 963
42 2 2519 2520 2177 974
43 2 2519 2520 2217 989
44 2 2519 2520 2245 997
45 2 2519 2520 2276 1000
46 2 2519 2520 2294 1004
47 2 2519 2520 2329 1017
48 2 2519 2520 2354 1024
49 2 2519 2520 2372 1035
50 4 2519 2520 2400 1039
51 4 2519 2520 2451 1063
52 4 2519 2520 2545 1097
53 4 2519 2520 2656 1140
54 4 2519 2520 2751 1168
55 4 2519 2520 2856 1201
56 4 2519 2520 2946 1223
57 4 2519 2520 3064 1268
58 4 2519 2520 3192 1288
59 4 2519 2520 3306 1323
60 4 2519 2520 3413 1357
61 4 2519 2520 3515 1381
62 4 2519 2520 3589 1403
63 4 2519 2520 3709 1440
64 4 2519 2520 3808 1474
65 4 2519 2520 3903 1498
66 4 2519 2520 3994 1524
67 4 2519 2520 4068 1532
68 4 2519 2520 4138 1550
69 4 2519 2520 4215 1563
70 4 2519 2520 4280 1587
71 4 2519 2520 4329 1590
72 4 2519 2520 4376 1608
73 4 2519 2520 4435 1628
74 4 2519 2520 4496 1636
75 4 2519 2520 4540 1652
76 4 2519 2520 4589 1666
77 6 2519 2520 4625 1692
78 6 2519 2520 4720 1723
79 6 2519 2520 4837 1756
80 6 2519 2520 4932 1782
81 6 2519 2520 5060 1825
82 7 2519 2520 5164 1852
83 7 2519 2520 5260 1880
84 7 2519 2520 5413 1936
85 7 2519 2520 5548 1962
86 7 2519 2520 5694 1996
87 7 2519 2520 5867 2044
88 7 2519 2520 6011 2048
89 7 2519 2520 6169 2078
90 7 2519 2520 6322 2122
91 7 2519 2520 6452 2160
92 7 2518 2520 6568 2199
93 7 2518 2520 6697 2218
94 7 2518 2520 6835 2238
95 7 2518 2520 6958 2252
96 7 2518 2520 7090 2282
97 7 2518 2520 7197 2291
98 7 2518 2520 7297 2296
99 7 2518 2520 7408 2309
100 8 2518 2520 7501 2321
101 8 2518 2520 7598 2348
102 8 2518 2520 7727 2395
103 8 2518 2520 7857 2418
104 8 2518 2520 7958 2434
105 8 2518 2520 8077 2469
106 8 2518 2520 8203 2494
107 8 2518 2520 8318 2526
108 8 2518 2520 8402 2546
109 8 2518 2520 8467 2560
110 8 2518 2520 8559 2598
111 9 2518 2520 8665 2631
112 9 2518 2520 8740 2642
113 9 2518 2520 8849 2677
114 9 2518 2520 8938 2701
115 10 2518 2520 9034 2735
116 10 2518 2520 9161 2780
117 11 2518 2520 9274 2802
118 11 2518 2520 9387 2822
119 12 2518 2520 9524 2867
120 12 2518 2520 9658 2904
121 12 2518 2520 9836 2939
122 12 2518 2520 9978 2969
123 12 2518 2520 10152 2999
124 12 2518 2520 10336 3042
125 12 2518 2520 10502 3065
126 12 2518 2520 10644 3086
127 12 2518 2520 10805 3120
128 12 2518 2520 10965 3157
129 12 2518 2520 11115 3185
130 13 2518 2520 11230 3198
131 13 2518 2520 11389 3228
132 13 2518 2520 11567 3267
133 13 2518 2520 11710 3286
134 13 2518 2520 11883 3303
135 13 2518 2520 12043 3349
136 13 2518 2520 12207 3362
137 13 2518 2520 12356 3401
138 13 2518 2520 12493 3425
139 13 2518 2520 12636 3459
140 13 2518 2520 12772 3474
141 13 2518 2520 12870 3501
142 13 2518 2520 12985 3521
143 13 2518 2520 13079 3534
144 13 2518 2520 13192 3543
145 13 2518 2520 13311 3568
146 13 2518 2520 13408 3587
147 13 2518 2520 13506 3599
148 13 2518 2520 13599 3633
149 13 2518 2520 13704 3649
150 13 2518 2520 13821 3674
151 14 2518 2520 13899 3695
152 14 2518 2520 13988 3725
153 15 2518 2520 14115 3767
154 15 2518 2520 14230 3799
155 15 2518 2520 14368 3828
156 15 2518 2520 14479 3846
157 15 2518 2520 14605 3877
158 15 2518 2520 14723 3902
159 15 2518 2520 14844 3900
160 15 2518 2520 14959 3946
161 15 2518 2520 15082 3991
162 15 2518 2520 15199 4018
163 15 2518 2520 15311 4036
164 15 2518 2520 15409 4052
165 16 2518 2520 15517 4063
166 16 2518 2520 15630 4098
167 16 2518 2520 15765 4125
168 16 2518 2520 15875 4148
169 16 2518 2520 15990 4162
170 16 2518 2520 16089 4171
171 16 2518 2520 16178 4183
172 16 2518 2520 16256 4203
173 16 2518 2520 16342 4222
174 16 2518 2520 16431 4247
175 16 2518 2520 16535 4270
176 16 2518 2520 16623 4282
177 16 2518 2520 16695 4303
178 16 2518 2520 16761 4328
179 16 2518 2520 16861 4348
180 17 2518 2520 16927 4357
181 17 2518 2520 17042 4390
182 17 2518 2520 17161 4414
183 17 2518 2520 17275 4458
184 17 2518 2520 17358 4490
185 17 2518 2520 17457 4501
186 17 2518 2520 17561 4525
187 17 2518 2520 17645 4559
188 18 2518 2520 17746 4579
189 18 2518 2520 17828 4595
190 18 2518 2520 17944 4615
191 18 2518 2520 18032 4626
192 18 2518 2520 18141 4650
193 18 2518 2520 18257 4688
194 18 2518 2520 18354 4703
195 18 2518 2520 18476 4719
196 18 2518 2520 18567 4743
197 18 2518 2520 18661 4761
198 18 2518 2520 18759 4781
199 18 2518 2520 18848 4787
200 18 2518 2520 18943 4791
201 18 2518 2520 19008 4805
202 19 2518 2520 19095 4825
203 19 2518 2520 19172 4840
204 20 2518 2520 19269 4853
205 20 2518 2520 19354 4854
206 20 2518 2520 19470 4887
207 20 2518 2520 19566 4900
208 20 2518 2520 19672 4924
209 20 2518 2520 19804 4961
210 20 2518 2520 19921 4988
211 20 2518 2520 19996 5002
212 20 2518 2520 20099 5025
213 20 2518 2520 20226 5047
214 20 2518 2520 20322 5069
215 20 2518 2520 20420 5084
216 20 2518 2520 20505 5125
217 20 2518 2520 20607 5136
218 20 2518 2520 20705 5154
219 20 2518 2520 20780 5175
220 20 2518 2520 20858 5192
221 20 2518 2520 20929 5209
222 20 2518 2520 20998 5216
223 20 2518 2520 21066 5234
224 20 2518 2520 21121 5247
225 20 2518 2520 21165 5249
226 20 2518 2520 21227 5261
227 21 2518 2520 21282 5272
228 21 2518 2520 21343 5277
229 21 2518 2520 21434 5275
230 21 2518 2520 21533 5291
231 21 2518 2520 21627 5313
232 21 2517 2520 21725 5314
233 21 2517 2520 21824 5316
234 21 2517 2520 21921 5325
235 21 2517 2520 22023 5341
236 21 2517 2520 22119 5384
237 21 2517 2520 22215 5387
238 21 2517 2520 22296 5375
239 21 2517 2520 22403 5377
240 21 2517 2520 22484 5377
241 21 2517 2520 22560 5378
242 21 2517 2520 22636 5400
243 21 2517 2520 22708 5419
244 22 2517 2520 22779 5423
245 22 2517 2520 22836 5426
246 22 2517 2520 22942 5448
247 22 2517 2520 23013 5460
248 22 2517 2520 23090 5482
249 22 2517 2520 23174 5488
250 22 2517 2520 23238 5472
251 22 2517 2520 23292 5484
252 22 2517 2520 23352 5496
253 22 2517 2520 23408 5518
254 22 2517 2520 23466 5524
255 22 2517 2520 23547 5541
256 22 2517 2520 23608 5552
257 23 2517 2520 23675 5558
258 24 2517 2520 23760 5572
259 24 2517 2520 23849 5581
260 24 2517 2520 23954 5595
261 24 2517 2520 24032 5617
262 24 2517 2520 24122 5636
263 24 2517 2520 24240 5658
264 24 2517 2520 24347 5680
265 24 2517 2520 24466 5712
266 25 2517 2520 24586 5729
267 25 2517 2520 24712 5742
268 25 2517 2520 24820 5751
269 25 2517 2520 24956 5773
270 25 2517 2520 25074 5789
271 25 2517 2520 25204 5831
272 25 2517 2520 25308 5844
273 25 2517 2520 25423 5872
274 25 2517 2520 25523 5888
275 25 2517 2520 25615 5906
276 25 2517 2520 25714 5939
277 25 2517 2520 25782 5949
278 25 2517 2520 25873 5953
279 25 2517 2520 25974 5982
280 25 2517 2520 26054 6001
281 25 2517 2520 26123 6009
282 25 2517 2520 26200 6044
283 25 2517 2520 26283 6063
284 25 2517 2520 26364 6077
285 25 2517 2520 26440 6090
286 25 2517 2520 26516 6105
287 25 2517 2520 26576 6120
288 25 2517 2520 26642 6131
289 26 2517 2520 26722 6165
290 26 2517 2520 26796 6166
291 26 2517 2520 26868 6191
292 26 2517 2520 26940 6213
293 27 2517 2520 27005 6216
294 27 2517 2520 27090 6225
295 27 2517 2520 27199 6246
296 27 2517 2520 27310 6268
297 27 2517 2520 27413 6283
298 27 2517 2520 27546 6320
299 27 2517 2520 27632 6339
300 27 2517 2520 27738 6366
301 28 2517 2520 27837 6395
302 28 2517 2520 27941 6409
303 29 2517 2520 28059 6443
304 29 2517 2520 28213 6481
305 29 2517 2520 28338 6490
306 29 2517 2520 28495 6538
307 29 2517 2520 28647 6570
308 29 2517 2520 28801 6596
309 29 2517 2520 28971 6627
310 29 2517 2520 29122 6640
311 29 2517 2520 29287 6681
312 29 2517 2520 29410 6699
313 29 2517 2520 29537 6726
314 29 2517 2520 29694 6749
315 29 2517 2520 29832 6768
316 29 2517 2520 29942 6788
317 29 2517 2520 30083 6813
318 29 2517 2520 30216 6824
319 29 2517 2520 30335 6853
320 29 2517 2520 30434 6866
321 29 2517 2520 30534 6879
322 29 2517 2520 30659 6890
323 29 2517 2520 30783 6912
324 29 2517 2520 30872 6921
325 29 2517 2520 30965 6952
326 29 2517 2520 31055 6989
327 29 2517 2520 31135 7013
328 29 2517 2520 31210 7032
329 29 2517 2520 31302 7034
330 29 2517 2520 31385 7043
331 29 2517 2520 31445 7058
332 30 2517 2520 31506 7082
333 30 2517 2520 31611 7101
334 30 2517 2520 31704 7125
335 30 2517 2520 31811 7137
336 30 2517 2520 31916 7166
337 30 2517 2520 32023 7185
338 31 2517 2520 32154 7219
339 31 2517 2520 32275 7254
340 31 2517 2520 32404 7286
341 32 2517 2520 32512 7315
342 32 2517 2520 32640 7330
343 33 2517 2520 32795 7370
344 33 2517 2520 32957 7415
345 33 2517 2520 33102 7421
346 33 2517 2520 33286 7449
347 33 2517 2520 33486 7507
348 33 2517 2520 33681 7551
349 33 2517 2520 33834 7589
350 33 2517 2520 34013 7621
351 33 2517 2520 34151 7643
352 33 2517 2520 34293 7647
353 33 2517 2520 34442 7685
354 33 2517 2520 34591 7717
355 33 2517 2520 34733 7761
356 33 2517 2520 34875 7800
357 33 2517 2520 35004 7805
358 33 2517 2520 35145 7832
359 33 2517 2520 35265 7851
360 33 2517 2520 35403 7900
361 33 2517 2520 35518 7938
362 33 2517 2520 35627 7946
363 33 2517 2520 35731 7960
364 33 2517 2520 35843 7984
365 33 2517 2520 35971 8014
366 33 2517 2520 36101 8031
367 35 2517 2520 36219 8082
368 36 2517 2520 36344 8109
369 36 2517 2520 36521 8151
370 36 2517 2520 36670 8185
371 36 2517 2520 36870 8229
372 36 2517 2520 37063 8250
373 36 2517 2520 37288 8283
374 36 2517 2520 37450 8328
375 36 2517 2520 37617 8348
376 36 2517 2520 37759 8356
377 36 2517 2520 37902 8392
378 36 2517 2520 38016 8397
379 36 2517 2520 38148 8414
380 36 2517 2520 38255 8418
381 37 2517 2520 38403 8451
382 38 2517 2520 38575 8481
383 38 2517 2520 38724 8514
384 38 2517 2520 38889 8539
385 39 2517 2520 39077 8580
386 40 2517 2520 39238 8612
387 40 2517 2520 39437 8626
388 40 2517 2520 39627 8651
389 40 2517 2520 39866 8692
390 40 2517 2520 40064 8716
391 40 2517 2520 40229 8723
392 40 2517 2520 40415 8730
393 41 2517 2520 40589 8776
394 41 2517 2520 40789 8819
395 41 2517 2520 40991 8860
396 41 2517 2520 41228 8902
397 41 2517 2520 41449 8937
398 41 2517 2520 41613 8971
399 41 2517 2520 41808 9004
400 41 2517 2520 41978 9013
401 42 2517 2520 42208 9064
402 42 2517 2520 42393 9100
403 42 2516 2520 42590 9124
404 42 2516 2520 42777 9169
405 42 2516 2520 42940 9188
406 42 2516 2520 43149 9215
407 42 2516 2520 43332 9213
408 42 2516 2520 43521 9257
409 42 2516 2520 43715 9273
410 42 2516 2520 43883 9306
411 42 2516 2520 44032 9349
412 42 2516 2520 44186 9390
413 42 2516 2520 44318 9397
414 43 2516 2520 44435 9400
415 43 2516 2520 44579 9433
416 44 2516 2520 44744 9451
417 44 2516 2520 44916 9462
418 44 2516 2520 45093 9493
419 45 2516 2520 45301 9545
420 45 2516 2520 45485 9591
421 45 2516 2520 45642 9633
422 45 2516 2520 45838 9691
423 45 2516 2520 46018 9722
424 45 2516 2520 46206 9758
425 45 2516 2520 46378 9779
426 45 2516 2520 46558 9823
427 46 2516 2520 46719 9842
428 46 2516 2520 46899 9871
429 46 2516 2520 47112 9898
430 46 2516 2520 47315 9945
431 46 2516 2520 47493 9974
432 46 2516 2520 47671 10004
433 46 2516 2520 47862 10035
434 46 2516 2520 48059 10105
435 46 2516 2520 48191 10140
436 46 2516 2520 48333 10169
437 46 2516 2520 48502 10209
438 46 2516 2520 48673 10246
439 46 2516 2520 48775 10286
440 46 2516 2520 48923 10313
441 46 2516 2520 49065 10337
442 47 2516 2520 49174 10369
443 47 2516 2520 49316 10403
444 47 2516 2520 49461 10416
445 47 2516 2520 49616 10474
446 47 2516 2520 49753 10499
447 47 2516 2520 49866 10529
448 47 2516 2520 49984 10561
449 47 2516 2520 50114 10580
450 47 2516 2520 50244 10596
451 47 2516 2520 50359 10632
452 47 2516 2520 50494 10666
453 48 2516 2520 50634 10694
454 48 2516 2520 50761 10717
455 48 2516 2520 50894 10732
456 48 2516 2520 51034 10758
457 48 2516 2520 51176 10781
458 48 2516 2520 51337 10824
459 49 2516 2520 51464 10842
460 50 2516 2520 51618 10877
461 50 2516 2520 51794 10892
462 50 2516 2520 51949 10925
463 50 2516 2520 52117 10976
464 51 2516 2520 52280 11012
465 51 2516 2520 52456 11043
466 51 2516 2520 52623 11068
467 51 2516 2520 52806 11096
468 51 2516 2520 52988 11134
469 51 2516 2520 53149 11160
470 51 2516 2520 53349 11201
471 51 2516 2520 53548 11229
472 51 2516 2520 53719 11264
473 51 2516 2520 53879 11297
474 52 2516 2520 54030 11319
475 52 2516 2520 54203 11338
476 52 2516 2520 54377 11365
477 52 2516 2520 54593 11411
478 52 2516 2520 54771 11469
479 52 2516 2520 54962 11512
480 52 2516 2520 55122 11569
481 52 2516 2520 55259 11614
482 52 2516 2520 55422 11638
483 52 2516 2520 55593 11683
484 52 2516 2520 55757 11719
485 52 2516 2520 55902 11756
486 54 2516 2520 56025 11764
487 54 2516 2520 56175 11781
488 54 2516 2520 56342 11800
489 54 2516 2520 56505 11810
490 54 2516 2520 56656 11835
491 55 2516 2520 56860 11878
492 55 2516 2520 57064 11912
493 55 2516 2520 57281 11926
494 55 2516 2520 57455 11948
495 56 2516 2520 57599 11987
496 56 2516 2520 57784 12037
497 56 2516 2520 58004 12080
498 56 2516 2520 58221 12124
499 57 2516 2520 58421 12186
500 57 2516 2520 58628 12218
501 57 2516 2520 58803 12253
502 58 2516 2520 58992 12274
503 58 2516 2520 59202 12322
504 58 2516 2520 59446 12381
505 58 2516 2520 59623 12434
506 58 2516 2520 59814 12456
507 58 2516 2520 60008 12496
508 58 2516 2520 60197 12553
509 58 2516 2520 60410 12595
510 59 2516 2520 60616 12629
511 59 2516 2520 60809 12654
512 59 2516 2520 60985 12695
513 59 2516 2520 61152 12735
514 59 2516 2520 61305 12761
515 59 2516 2520 61486 12810
516 59 2516 2520 61684 12869
517 59 2516 2520 61844 12903
518 59 2516 2520 62000 12955
519 59 2516 2520 62171 12998
520 59 2516 2520 62352 13034
521 60 2516 2520 62531 13085
522 60 2516 2520 62698 13096
523 60 2516 2520 62878 13124
524 60 2516 2520 63090 13167
525 60 2516 2520 63246 13209
526 61 2516 2520 63403 13237
527 62 2516 2520 63555 13256
528 62 2516 2520 63752 13303
529 62 2516 2520 63980 13330
530 62 2516 2520 64201 13394
531 62 2516 2520 64416 13413
532 62 2516 2520 64671 13455
533 62 2516 2520 64897 13493
534 62 2516 2520 65082 13516
535 62 2516 2520 65319 13550
536 62 2516 2520 65529 13595
537 62 2516 2520 65711 13632
538 62 2516 2520 65920 13678
539 62 2516 2520 66108 13711
540 63 2516 2520 66287 13733
541 63 2516 2520 66458 13777
542 63 2516 2520 66657 13810
543 63 2516 2520 66820 13840
544 63 2516 2520 66972 13872
545 64 2516 2520 67151 13891
546 64 2516 2520 67280 13917
547 65 2516 2520 67463 13937
548 65 2516 2520 67652 13967
549 65 2516 2520 67854 13993
550 65 2516 2520 68017 14018
551 65 2516 2520 68202 14048
552 65 2516 2520 68367 14077
553 65 2516 2520 68530 14119
554 65 2516 2520 68704 14153
555 65 2516 2520 68859 14193
556 65 2516 2520 68993 14223
557 65 2516 2520 69130 14248
558 65 2516 2520 69298 14278
559 65 2516 2520 69427 14290
560 65 2516 2520 69607 14312
561 67 2516 2520 69755 14349
562 67 2516 2520 69891 14360
563 68 2516 2520 70072 14404
564 68 2516 2520 70245 14439
565 68 2516 2520 70399 14444
566 68 2516 2520 70563 14474
567 68 2516 2520 70734 14510
568 68 2516 2520 70932 14561
569 68 2516 2520 71121 14580
570 68 2516 2520 71272 14578
571 68 2516 2520 71462 14623
572 68 2516 2520 71626 14656
573 68 2516 2520 71796 14684
574 68 2516 2520 71967 14721
575 68 2516 2520 72139 14742
576 68 2516 2520 72303 14753
577 68 2516 2520 72471 14785
578 68 2516 2520 72633 14796
579 68 2516 2520 72801 14811
580 68 2516 2520 72954 14823
581 68 2516 2520 73119 14863
582 68 2516 2520 73251 14884
583 69 2516 2520 73418 14916
584 69 2516 2520 73519 14933
585 69 2516 2520 73694 14988
586 69 2516 2520 73810 15000
587 69 2516 2520 73931 15010
588 70 2516 2520 74077 15048
589 70 2516 2520 74224 15086
590 70 2516 2520 74390 15091
591 70 2516 2520 74542 15126
592 70 2516 2520 74686 15146
593 71 2516 2520 74835 15182
594 71 2516 2520 75010 15214
595 71 2516 2520 75185 15245
596 71 2516 2520 75384 15278
597 71 2516 2520 75565 15304
598 71 2516 2520 75725 15333
599 72 2516 2520 75919 15370
600 72 2516 2520 76090 15395
601 72 2516 2520 76272 15464
602 72 2516 2520 76462 15493
603 72 2516 2520 76624 15509
604 72 2516 2520 76820 15547
605 72 2516 2520 77013 15594
606 73 2516 2520 77199 15612
607 73 2516 2520 77382 15655
608 73 2516 2520 77560 15687
609 73 2516 2520 77720 15714
610 73 2516 2520 77842 15721
611 73 2516 2520 78030 15753
612 74 2516 2520 78205 15774
613 74 2516 2520 78398 15817
614 74 2516 2520 78596 15861
615 74 2516 2520 78789 15903
616 74 2516 2520 79016 15938
617 74 2516 2520 79161 15956
618 75 2516 2520 79381 16013
619 76 2516 2520 79627 16059
620 77 2516 2520 79810 16085
621 77 2516 2520 80018 16117
622 77 2516 2520 80236 16159
623 77 2516 2520 80413 16207
624 77 2516 2520 80583 16237
625 77 2516 2520 80769 16269
626 77 2516 2520 80933 16292
627 77 2516 2520 81135 16310
628 77 2516 2520 81325 16346
629 77 2516 2520 81483 16369
630 78 2516 2520 81692 16411
631 78 2516 2520 81859 16433
632 78 2516 2520 82040 16477
633 78 2516 2520 82187 16516
634 78 2516 2520 82371 16555
635 78 2516 2520 82525 16587
636 78 2516 2520 82706 16607
637 78 2516 2520 82841 16635
638 78 2516 2520 82981 16658
639 78 2516 2520 83147 16696
640 78 2516 2520 83302 16705
641 78 2516 2520 83492 16748
642 78 2516 2520 83633 16778
643 79 2516 2520 83802 16803
644 80 2516 2520 83946 16817
645 80 2516 2520 84150 16872
646 80 2516 2520 84354 16891
647 80 2516 2520 84591 16934
648 81 2516 2520 84821 16970
649 81 2516 2520 85047 16996
650 81 2516 2520 85229 17027
651 82 2516 2520 85448 17063
652 82 2516 2520 85641 17094
653 82 2516 2520 85845 17123
654 82 2516 2520 86031 17151
655 82 2516 2520 86254 17183
656 83 2516 2520 86481 17229
657 84 2516 2520 86685 17263
658 84 2516 2520 86927 17312
659 85 2516 2520 87220 17393
660 85 2516 2520 87429 17441
661 85 2516 2520 87687 17482
662 85 2516 2520 87940 17519
663 85 2516 2520 88178 17577
664 86 2516 2520 88423 17619
665 86 2516 2520 88698 17666
666 86 2516 2520 88999 17734
667 86 2516 2520 89288 17794
668 86 2516 2520 89522 17810
669 86 2516 2520 89752 17854
670 86 2516 2520 90037 17905
671 86 2516 2520 90299 17961
672 86 2516 2520 90530 17973
673 86 2516 2520 90777 18033
674 86 2516 2520 91020 18088
675 86 2516 2520 91204 18107
676 86 2516 2520 91428 18145
677 86 2516 2520 91649 18172
678 86 2516 2520 91863 18221
679 87 2516 2520 92042 18242
680 87 2516 2520 92206 18259
681 87 2516 2520 92422 18315
682 87 2516 2520 92636 18378
683 87 2516 2520 92871 18419
684 87 2516 2520 93066 18446
685 87 2516 2520 93325 18486
686 87 2516 2520 93554 18497
687 87 2516 2520 93764 18518
688 87 2516 2520 93952 18549
689 87 2516 2520 94141 18596
690 87 2516 2520 94322 18618
691 87 2516 2520 94478 18666
692 87 2516 2520 94660 18708
693 87 2516 2520 94807 18727
694 88 2516 2520 94927 18735
695 88 2516 2520 95060 18773
696 88 2516 2520 95197 18805
697 89 2516 2520 95347 18839
698 89 2516 2520 95501 18845
699 89 2516 2520 95609 18872
700 89 2516 2520 95795 18911
701 90 2516 2520 95969 18941
702 90 2516 2520 96144 18977
703 90 2516 2520 96345 18991
704 90 2516 2520 96552 19011
705 91 2516 2520 96796 19056
706 91 2516 2520 96978 19098
707 91 2516 2520 97189 19133
708 92 2516 2520 97391 19183
709 92 2516 2520 97599 19228
710 92 2516 2520 97794 19278
711 92 2515 2520 97977 19293
712 93 2515 2520 98187 19297
713 93 2515 2520 98414 19306
714 94 2515 2520 98626 19374
715 94 2515 2520 98914 19403
716 94 2515 2520 99154 19432
717 94 2515 2520 99432 19486
718 94 2515 2520 99694 19519
719 94 2515 2520 99942 19539
720 94 2515 2520 100211 19566
721 94 2515 2520 100495 19638
722 94 2515 2520 100786 19676
723 94 2515 2520 101054 19703
724 96 2515 2520 101312 19737
725 96 2515 2520 101571 19784
726 96 2515 2520 101833 19837
727 96 2515 2520 102114 19882
728 96 2515 2520 102425 19968
729 96 2515 2520 102673 20000
730 96 2515 2520 102909 20047
731 96 2515 2520 103136 20100
732 97 2515 2520 103344 20117
733 97 2515 2520 103561 20136
734 97 2515 2520 103829 20176
735 97 2515 2520 104042 20196
736 97 2515 2520 104311 20238
737 97 2515 2520 104543 20271
738 97 2515 2520 104746 20312
739 97 2515 2520 104951 20366
740 97 2515 2520 105168 20411
741 98 2515 2520 105362 20435
742 98 2515 2520 105579 20473
743 98 2515 2520 105826 20523
744 99 2515 2520 106032 20518
745 99 2515 2520 106219 20530
746 99 2515 2520 106406 20553
747 100 2515 2520 106631 20562
748 100 2515 2520 106839 20604
749 100 2515 2520 107064 20625
750 100 2515 2520 107274 20664
751 100 2515 2520 107515 20714
752 100 2515 2520 107769 20744
753 100 2515 2520 107945 20771
754 101 2515 2520 108128 20822
755 101 2515 2520 108363 20867
756 101 2515 2520 108584 20885
757 102 2515 2520 108843 20944
758 102 2515 2520 109079 20992
759 102 2515 2520 109314 21026
760 102 2515 2520 109584 21079
761 102 2515 2520 109780 21114
762 103 2515 2520 109997 21169
763 103 2515 2520 110221 21185
764 104 2515 2520 110468 21220
765 104 2515 2520 110717 21276
766 104 2515 2520 110997 21309
767 104 2515 2520 111284 21353
768 104 2515 2520 111579 21432
769 104 2515 2520 111824 21479
770 104 2515 2520 112093 21509
771 104 2515 2520 112343 21560
772 104 2515 2520 112570 21588
773 104 2515 2520 112785 21646
774 105 2515 2520 112998 21696
775 105 2515 2520 113201 21722
776 105 2515 2520 113462 21760
777 105 2515 2520 113696 21778
778 106 2515 2520 113878 21803
779 106 2515 2520 114055 21827
780 106 2515 2520 114245 21851
781 106 2515 2520 114400 21889
782 106 2515 2520 114603 21919
783 106 2515 2520 114791 21953
784 106 2515 2520 115014 21967
785 106 2515 2520 115195 21988
786 106 2515 2520 115402 22037
787 106 2515 2520 115604 22074
788 107 2515 2520 115789 22104
789 107 2515 2520 115950 22116
790 107 2515 2520 116154 22159
791 107 2515 2520 116361 22192
792 107 2515 2520 116525 22232
793 107 2515 2520 116691 22253
794 107 2515 2520 116887 22290
795 107 2515 2520 117079 22325
796 107 2515 2520 117252 22355
797 107 2515 2520 117393 22414
798 107 2515 2520 117591 22438
799 107 2515 2520 117731 22472
800 107 2515 2520 117869 22496
801 109 2515 2520 118026 22527
802 109 2515 2520 118207 22571
803 109 2515 2520 118429 22621
804 110 2515 2520 118605 22660
805 110 2515 2520 118783 22678
806 111 2515 2520 118997 22725
807 112 2515 2520 119212 22740
808 112 2515 2520 119416 22783
809 112 2515 2520 119661 22848
810 112 2515 2520 119896 22904
811 113 2515 2520 120160 22941
812 114 2515 2520 120393 23003
813 115 2515 2520 120694 23068
814 115 2515 2520 120935 23099
815 115 2515 2520 121213 23149
816 115 2515 2520 121474 23176
817 115 2515 2520 121787 23227
818 115 2515 2520 122083 23288
819 116 2515 2520 122361 23339
820 116 2515 2520 122649 23404
821 116 2515 2520 122936 23438
822 116 2515 2520 123230 23526
823 116 2515 2520 123533 23578
824 116 2515 2520 123770 23598
825 116 2515 2520 124033 23659
826 117 2515 2520 124267 23699
827 117 2515 2520 124544 23761
828 118 2515 2520 124787 23793
829 118 2515 2520 125054 23832
830 118 2515 2520 125379 23875
831 118 2515 2520 125658 23914
832 118 2515 2520 125980 23932
833 118 2515 2520 126257 23971
834 118 2515 2520 126502 24014
835 119 2515 2520 126758 24077
836 119 2515 2520 127020 24105
837 119 2515 2520 127294 24146
838 119 2515 2520 127581 24194
839 119 2515 2520 127837 24248
840 119 2515 2520 128065 24277
841 120 2515 2520 128368 24311
842 120 2515 2520 128595 24351
843 120 2515 2520 128863 24388
844 120 2515 2520 129130 24426
845 120 2515 2520 129409 24485
846 120 2515 2520 129659 24516
847 120 2515 2520 129925 24544
848 120 2515 2520 130132 24576
849 120 2515 2520 130426 24625
850 120 2515 2520 130629 24635
851 121 2515 2520 130833 24663
852 121 2515 2520 131037 24675
853 122 2515 2520 131271 24717
854 122 2515 2520 131488 24765
855 122 2515 2520 131735 24818
856 122 2515 2520 131970 24845
857 122 2515 2520 132179 24864
858 122 2515 2520 132432 24893
859 122 2515 2520 132620 24944
860 122 2515 2520 132820 24960
861 123 2515 2520 133006 24982
862 123 2515 2520 133255 25029
863 123 2515 2520 133496 25073
864 124 2515 2520 133695 25107
865 124 2515 2520 133900 25152
866 124 2515 2520 134124 25191
867 125 2515 2520 134304 25224
868 125 2515 2520 134521 25266
869 125 2515 2520 134750 25306
870 125 2515 2520 134960 25354
871 125 2515 2520 135159 25389
872 125 2515 2520 135351 25420
873 125 2515 2520 135565 25472
874 125 2515 2520 135736 25495
875 126 2515 2520 135951 25539
876 127 2515 2520 136145 25557
877 127 2515 2520 136358 25601
878 128 2515 2520 136582 25612
879 128 2515 2520 136777 25640
880 128 2515 2520 137014 25676
881 128 2515 2520 137300 25704
882 128 2515 2520 137572 25771
883 129 2515 2520 137808 25788
884 129 2515 2520 138057 25840
885 129 2515 2520 138359 25884
886 129 2515 2520 138614 25912
887 129 2515 2520 138852 25971
888 130 2515 2520 139083 25971
889 130 2515 2520 139354 26035
890 130 2515 2520 139593 26078
891 130 2515 2520 139862 26117
892 130 2515 2520 140068 26166
893 130 2515 2520 140316 26191
894 130 2515 2520 140534 26212
895 130 2515 2520 140750 26241
896 131 2515 2520 140982 26285
897 132 2515 2520 141220 26317
898 132 2515 2520 141462 26360
899 133 2515 2520 141757 26421
900 133 2515 2520 142048 26486
901 133 2515 2520 142319 26513
902 133 2515 2520 142581 26534
903 133 2515 2520 142902 26597
904 133 2515 2520 143169 26637
905 133 2515 2520 143439 26675
906 133 2515 2520 143726 26718
907 133 2515 2520 143989 26769
908 134 2515 2520 144219 26789
909 135 2515 2520 144475 26835
910 137 2515 2520 144710 26852
911 137 2515 2520 144974 26916
912 137 2515 2520 145243 26958
913 137 2514 2520 145570 27002
914 137 2514 2520 145891 27057
915 138 2514 2520 146196 27104
916 138 2514 2520 146443 27121
917 138 2513 2520 146797 27190
918 138 2513 2520 147136 27217
919 139 2513 2520 147444 27231
920 139 2513 2520 147740 27251
921 139 2513 2520 148059 27294
922 140 2513 2520 148350 27359
923 142 2513 2520 148684 27387
924 142 2513 2520 149059 27428
925 143 2513 2520 149402 27505
926 144 2513 2520 149758 27548
927 144 2513 2520 150143 27626
928 144 2513 2520 150555 27691
929 144 2513 2520 150933 27761
930 144 2513 2520 151288 27784
931 144 2513 2520 151667 27831
932 144 2513 2520 152046 27878
933 144 2513 2520 152405 27925
934 144 2513 2520 152815 27991
935 144 2513 2520 153146 28059
936 144 2513 2520 153443 28084
937 145 2513 2520 153751 28131
938 145 2513 2520 154096 28161
939 145 2513 2520 154466 28210
940 145 2513 2520 154740 28267
941 145 2513 2520 155024 28319
942 147 2513 2520 155343 28400
943 147 2513 2520 155584 28424
944 147 2513 2520 155883 28478
945 147 2513 2520 156179 28508
946 147 2513 2520 156476 28551
947 148 2513 2520 156753 28587
948 149 2513 2520 157035 28633
949 150 2513 2520 157310 28664
950 150 2513 2520 157619 28707
951 150 2513 2520 157938 28737
952 150 2513 2520 158226 28800
953 150 2513 2520 158540 28835
954 150 2513 2520 158861 28887
955 151 2513 2520 159137 28947
956 151 2513 2520 159423 29012
957 151 2512 2520 159726 29051
958 151 2512 2520 160051 29068
959 151 2512 2520 160300 29075
960 151 2512 2520 160585 29132
961 152 2512 2520 160834 29174
962 152 2512 2520 161104 29208
963 152 2512 2520 161362 29220
964 152 2512 2520 161684 29245
965 152 2512 2520 161991 29298
966 153 2512 2520 162273 29317
967 153 2512 2520 162537 29346
968 153 2512 2520 162794 29398
969 154 2512 2520 163060 29451
970 155 2512 2520 163296 29475
971 155 2512 2520 163593 29538
972 155 2512 2520 163875 29576
973 155 2512 2520 164191 29632
974 155 2512 2520 164550 29687
975 155 2512 2520 164834 29703
976 155 2512 2520 165134 29752
977 156 2512 2520 165417 29770
978 157 2512 2520 165725 29824
979 157 2512 2520 166008 29876
980 157 2512 2520 166259 29913
981 157 2512 2520 166520 29924
982 157 2512 2520 166842 29972
983 157 2512 2520 167156 29989
984 157 2512 2520 167405 29981
985 157 2512 2520 167692 30007
986 157 2512 2520 167944 30031
987 157 2512 2520 168201 30099
988 157 2512 2520 168454 30114
989 157 2512 2520 168680 30140
990 157 2512 2520 168919 30159
991 157 2512 2520 169162 30196
992 157 2512 2520 169369 30235
993 157 2512 2520 169612 30226
994 157 2512 2520 169874 30241
995 157 2512 2520 170067 30269
996 157 2512 2520 170264 30301
997 157 2512 2520 170461 30344
998 157 2512 2520 170670 30364
999 157 2512 2520 170913 30367
1000 158 2512 2520 171153 30394
