0 1 2519 2520 791 497
1 1 2519 2520 809 512
2 1 2519 2520 832 525
3 1 2519 2520 849 537
4 1 2519 2520 865 541
5 1 2519 2520 889 557
6 1 2519 2520 912 568
7 1 2519 2520 925 576
8 1 2519 2520 943 587
9 1 2519 2520 968 594
10 1 2519 2520 980 605
11 1 2519 2520 1006 622
12 1 2519 2520 1025 627
13 1 2519 2520 1040 632
14 1 2519 2520 1063 641
15 1 2519 2520 1083 652
16 1 2519 2520 1099 659
17 1 2519 2520 1120 667
18 1 2519 2520 1137 675
19 1 2519 2520 1157 674
20 1 2519 2520 1182 687
21 1 2519 2520 1198 691
22 1 2519 2520 1207 691
23 1 2519 2520 1211 690
24 2 2519 2520 1225 692
25 2 2519 2520 1262 704
26 2 2519 2520 1337 729
27 2 2519 2520 1420 768
28 2 2519 2520 1515 810
29 2 2519 2520 1580 826
30 2 2519 2520 1647 845
31 2 2519 2520 1710 873
32 2 2519 2520 1783 887
33 2 2519 2520 1845 903
34 2 2519 2520 1902 928
35 2 2519 2520 1958 943
36 2 2519 2520 2005 960
37 2 2519 2520 2063 971
38 2 2519 2520 2124 994
39 2 2519 2520 2165 1001
40 2 2519 2520 2213 1010
41 2 2519 2520 2257 1020
42 2 2519 2520 2282 1024
43 2 2519 2520 2313 1028
44 2 2519 2520 2338 1032
45 3 2519 2520 2370 1042
46 3 2519 2520 2414 1053
47 3 2519 2520 2496 1081
48 3 2519 2520 2578 1111
49 3 2519 2520 2656 1136
50 3 2519 2520 2711 1143
51 4 2519 2520 2776 1163
52 4 2519 2520 2868 1188
53 4 2519 2520 2974 1227
54 4 2519 2520 3068 1258
55 4 2519 2520 3178 1294
56 4 2519 2520 3275 1306
57 4 2519 2520 3387 1343
58 4 2519 2520 3507 1377
59 4 2519 2520 3608 1408
60 4 2519 2520 3695 1425
61 4 2519 2520 3778 1441
62 4 2519 2520 3858 1457
63 4 2519 2520 3945 1483
64 4 2519 2520 4043 1506
65 4 2519 2520 4109 1527
66 4 2519 2520 4207 1552
67 4 2519 2520 4272 1563
68 5 2519 2520 4326 1587
69 5 2519 2520 4393 1599
70 5 2519 2520 4503 1617
71 5 2519 2520 4622 1646
72 5 2519 2520 4739 1677
73 5 2519 2520 4840 1688
74 6 2519 2520 4940 1712
75 6 2519 2520 5047 1741
76 6 2519 2520 5193 1792
77 6 2519 2520 5305 1832
78 6 2519 2520 5427 1871
79 6 2519 2520 5543 1892
80 6 2518 2520 5650 1927
81 6 2518 2520 5780 1960
82 6 2518 2520 5882 1982
83 6 2518 2520 6030 2022
84 7 2518 2520 6142 2044
85 7 2518 2520 6282 2055
86 7 2518 2520 6450 2077
87 7 2518 2520 6609 2112
88 7 2518 2520 6736 2141
89 7 2518 2520 6871 2152
90 7 2518 2520 7016 2211
91 9 2518 2520 7126 2218
92 9 2518 2520 7272 2247
93 9 2518 2520 7453 2302
94 9 2518 2520 7603 2343
95 9 2518 2520 7774 2390
96 9 2518 2520 7932 2434
97 9 2518 2520 8086 2471
98 9 2518 2520 8223 2492
99 9 2518 2520 8374 2522
100 9 2518 2520 8519 2534
101 9 2518 2520 8670 2573
102 9 2518 2520 8838 2601
103 9 2518 2520 8971 2631
104 10 2518 2520 9074 2648
105 10 2518 2520 9218 2690
106 10 2518 2520 9367 2729
107 10 2517 2520 9527 2789
108 10 2517 2520 9660 2824
109 10 2517 2520 9793 2835
110 11 2517 2520 9941 2846
111 11 2517 2520 10078 2870
112 11 2517 2520 10248 2883
113 11 2517 2520 10407 2928
114 11 2517 2520 10568 2927
115 11 2517 2520 10740 2957
116 11 2517 2520 10899 2992
117 12 2517 2520 11034 3001
118 12 2517 2520 11204 3028
119 12 2517 2520 11384 3057
120 12 2517 2520 11527 3091
121 12 2516 2520 11645 3109
122 12 2516 2520 11807 3137
123 12 2516 2520 11931 3141
124 13 2516 2520 12096 3163
125 13 2516 2520 12256 3178
126 13 2516 2520 12408 3194
127 13 2516 2520 12507 3200
128 13 2516 2520 12640 3224
129 13 2516 2520 12773 3249
130 14 2516 2520 12884 3269
131 14 2516 2520 13008 3303
132 14 2516 2520 13158 3327
133 15 2516 2520 13290 3341
134 15 2516 2520 13440 3375
135 15 2516 2520 13586 3424
136 15 2516 2520 13743 3433
137 15 2516 2520 13913 3470
138 15 2516 2520 14080 3509
139 15 2516 2520 14246 3525
140 15 2516 2520 14417 3557
141 15 2516 2520 14580 3580
142 15 2516 2520 14738 3618
143 15 2516 2520 14889 3650
144 15 2516 2520 15033 3667
145 15 2516 2520 15155 3694
146 15 2516 2520 15283 3734
147 15 2516 2520 15392 3747
148 15 2516 2520 15497 3759
149 15 2516 2520 15606 3759
150 15 2516 2520 15743 3803
151 15 2516 2520 15842 3819
152 15 2516 2520 15932 3845
153 15 2516 2520 16026 3865
154 15 2516 2520 16118 3897
155 15 2516 2520 16203 3923
156 16 2516 2520 16295 3914
157 16 2516 2520 16408 3942
158 16 2516 2520 16488 3967
159 16 2516 2520 16590 3974
160 16 2516 2520 16697 4021
161 16 2516 2520 16811 4037
162 16 2516 2520 16936 4053
163 16 2516 2520 17034 4056
164 16 2516 2520 17111 4066
165 16 2516 2520 17193 4074
166 16 2516 2520 17287 4100
167 16 2516 2520 17380 4109
168 16 2516 2520 17450 4136
169 17 2516 2520 17541 4160
170 17 2516 2520 17617 4183
171 17 2516 2520 17703 4208
172 18 2516 2520 17766 4211
173 18 2516 2520 17881 4241
174 19 2516 2520 17996 4272
175 19 2516 2520 18114 4297
176 19 2516 2520 18244 4322
177 19 2516 2520 18395 4373
178 19 2516 2520 18485 4398
179 20 2516 2520 18595 4418
180 20 2516 2520 18749 4463
181 20 2516 2520 18887 4494
182 20 2516 2520 19041 4521
183 20 2516 2520 19202 4544
184 20 2516 2520 19316 4569
185 20 2516 2520 19442 4602
186 20 2516 2520 19571 4620
187 20 2516 2520 19695 4635
188 20 2516 2520 19822 4660
189 20 2516 2520 19977 4701
190 20 2516 2520 20099 4722
191 20 2516 2520 20196 4718
192 20 2516 2520 20329 4736
193 20 2516 2520 20439 4751
194 20 2516 2520 20569 4770
195 20 2516 2520 20689 4789
196 20 2516 2520 20822 4806
197 20 2516 2520 20913 4818
198 20 2516 2520 21024 4852
199 20 2516 2520 21110 4859
200 20 2516 2520 21229 4874
201 20 2516 2520 21346 4903
202 21 2516 2520 21459 4929
203 21 2516 2520 21572 4960
204 21 2516 2520 21678 4978
205 21 2516 2520 21777 5007
206 21 2516 2520 21902 5040
207 21 2516 2520 22006 5049
208 22 2516 2520 22136 5093
209 22 2516 2520 22285 5129
210 22 2516 2520 22392 5147
211 22 2516 2520 22500 5155
212 22 2516 2520 22614 5186
213 22 2516 2520 22731 5209
214 22 2516 2520 22852 5248
215 22 2516 2520 22968 5267
216 22 2516 2520 23068 5283
217 22 2516 2520 23163 5308
218 23 2516 2520 23274 5354
219 23 2516 2520 23395 5381
220 23 2516 2520 23503 5398
221 23 2516 2520 23646 5426
222 23 2516 2520 23778 5448
223 23 2516 2520 23889 5469
224 23 2516 2520 24010 5508
225 23 2516 2520 24123 5535
226 23 2516 2520 24245 5555
227 23 2516 2520 24361 5583
228 23 2516 2520 24489 5613
229 23 2516 2520 24613 5639
230 23 2516 2520 24724 5664
231 23 2516 2520 24829 5690
232 23 2516 2520 24920 5712
233 24 2516 2520 24995 5737
234 24 2516 2520 25067 5752
235 24 2516 2520 25160 5784
236 24 2516 2520 25244 5801
237 24 2516 2520 25354 5823
238 24 2516 2520 25463 5848
239 24 2516 2520 25581 5852
240 24 2516 2520 25680 5855
241 24 2516 2520 25744 5885
242 24 2516 2520 25804 5899
243 25 2516 2520 25875 5913
244 25 2516 2520 25945 5932
245 25 2516 2520 26030 5950
246 25 2516 2520 26110 5976
247 26 2516 2520 26193 5996
248 26 2516 2520 26268 6006
249 26 2516 2520 26363 6003
250 26 2516 2520 26458 6026
251 26 2516 2520 26555 6052
252 27 2516 2520 26657 6065
253 27 2516 2520 26776 6094
254 27 2515 2520 26930 6104
255 27 2515 2520 27100 6133
256 27 2515 2520 27248 6145
257 27 2515 2520 27386 6167
258 27 2515 2520 27522 6172
259 27 2515 2520 27661 6182
260 27 2515 2520 27803 6209
261 27 2515 2520 27951 6236
262 27 2515 2520 28090 6239
263 27 2515 2520 28208 6244
264 27 2515 2520 28362 6239
265 27 2515 2520 28477 6260
266 27 2515 2520 28583 6291
267 28 2515 2520 28698 6311
268 28 2515 2520 28780 6312
269 28 2515 2520 28907 6353
270 28 2515 2520 29020 6369
271 28 2515 2520 29117 6393
272 28 2515 2520 29207 6406
273 28 2515 2520 29306 6428
274 28 2515 2520 29411 6449
275 28 2515 2520 29526 6463
276 29 2515 2520 29619 6478
277 29 2515 2520 29702 6487
278 29 2515 2520 29823 6501
279 29 2515 2520 29921 6514
280 29 2515 2520 30012 6532
281 30 2515 2520 30141 6550
282 30 2515 2520 30271 6577
283 30 2515 2520 30414 6601
284 30 2515 2520 30548 6627
285 30 2515 2520 30688 6650
286 30 2515 2520 30805 6676
287 31 2515 2520 30921 6709
288 31 2515 2520 31036 6736
289 31 2515 2520 31157 6776
290 31 2515 2520 31276 6777
291 31 2515 2520 31401 6808
292 31 2515 2520 31516 6841
293 31 2515 2520 31649 6879
294 31 2515 2520 31759 6892
295 31 2515 2520 31895 6930
296 31 2515 2520 32042 6956
297 31 2515 2520 32156 6964
298 31 2515 2520 32273 6974
299 31 2515 2520 32380 6994
300 31 2515 2520 32467 7013
301 31 2515 2520 32583 7031
302 31 2515 2520 32682 7033
303 31 2515 2520 32770 7059
304 31 2515 2520 32881 7082
305 31 2515 2520 32984 7111
306 32 2515 2520 33082 7110
307 32 2515 2520 33186 7136
308 32 2515 2520 33283 7146
309 32 2515 2520 33389 7166
310 32 2515 2520 33490 7173
311 32 2515 2520 33573 7193
312 32 2515 2520 33702 7225
313 33 2515 2520 33794 7236
314 33 2515 2520 33910 7260
315 33 2515 2520 34054 7289
316 33 2515 2520 34177 7290
317 33 2515 2520 34301 7307
318 34 2515 2520 34411 7331
319 34 2515 2520 34551 7332
320 34 2515 2520 34695 7368
321 34 2515 2520 34834 7412
322 34 2515 2520 34947 7433
323 34 2515 2520 35060 7443
324 34 2515 2520 35198 7464
325 34 2515 2520 35309 7497
326 34 2515 2520 35421 7520
327 34 2515 2520 35538 7534
328 34 2515 2520 35655 7562
329 34 2515 2520 35764 7584
330 34 2515 2520 35878 7614
331 34 2515 2520 36015 7645
332 34 2515 2520 36114 7647
333 34 2515 2520 36213 7652
334 34 2515 2520 36298 7654
335 34 2515 2520 36391 7680
336 34 2515 2520 36487 7690
337 34 2515 2520 36598 7702
338 34 2515 2520 36671 7719
339 34 2515 2520 36756 7718
340 34 2515 2520 36834 7727
341 35 2515 2520 36922 7744
342 35 2515 2520 37005 7762
343 35 2515 2520 37093 7760
344 35 2515 2520 37190 7764
345 35 2515 2520 37277 7792
346 36 2515 2520 37360 7798
347 36 2515 2520 37464 7825
348 36 2515 2520 37540 7855
349 36 2515 2520 37669 7874
350 36 2515 2520 37788 7894
351 36 2515 2520 37906 7910
352 36 2515 2520 38009 7903
353 36 2515 2520 38114 7921
354 36 2515 2520 38224 7931
355 36 2515 2520 38322 7933
356 36 2515 2520 38411 7944
357 36 2515 2520 38514 7974
358 36 2515 2520 38608 8003
359 36 2515 2520 38676 8013
360 36 2515 2520 38763 8046
361 37 2515 2520 38854 8055
362 37 2515 2520 38954 8068
363 37 2515 2520 39070 8094
364 37 2515 2520 39173 8138
365 37 2515 2520 39286 8164
366 37 2515 2520 39407 8191
367 37 2515 2520 39517 8226
368 37 2515 2520 39594 8234
369 37 2515 2520 39706 8255
370 38 2515 2520 39793 8268
371 38 2515 2520 39909 8291
372 39 2515 2520 40028 8329
373 39 2515 2520 40155 8368
374 39 2515 2520 40258 8387
375 39 2515 2520 40399 8413
376 40 2515 2520 40520 8438
377 40 2515 2520 40651 8460
378 40 2515 2520 40815 8480
379 40 2515 2520 40974 8521
380 40 2515 2520 41115 8546
381 40 2515 2520 41254 8553
382 40 2515 2520 41402 8571
383 40 2515 2520 41574 8598
384 40 2515 2520 41698 8618
385 40 2515 2520 41830 8639
386 40 2515 2520 41963 8661
387 40 2515 2520 42128 8693
388 40 2515 2520 42247 8724
389 40 2515 2520 42410 8750
390 40 2515 2520 42519 8749
391 40 2515 2520 42628 8769
392 40 2515 2520 42745 8790
393 40 2515 2520 42860 8825
394 40 2515 2520 42938 8824
395 40 2515 2520 43054 8839
396 42 2515 2520 43161 8865
397 42 2515 2520 43279 8901
398 42 2515 2520 43387 8922
399 42 2515 2520 43522 8957
400 42 2515 2520 43637 8968
401 43 2515 2520 43751 8992
402 43 2515 2520 43867 9007
403 43 2515 2520 44000 9035
404 43 2515 2520 44164 9078
405 43 2515 2520 44318 9100
406 43 2515 2520 44475 9129
407 44 2515 2520 44617 9143
408 44 2515 2520 44760 9173
409 44 2515 2520 44900 9206
410 44 2515 2520 45051 9242
411 44 2515 2520 45192 9270
412 44 2515 2520 45343 9285
413 44 2515 2520 45519 9322
414 44 2515 2520 45706 9343
415 44 2515 2520 45867 9373
416 44 2515 2520 46004 9408
417 44 2515 2520 46145 9429
418 44 2515 2520 46280 9463
419 44 2515 2520 46400 9483
420 45 2515 2520 46550 9487
421 45 2515 2520 46683 9521
422 45 2515 2520 46821 9540
423 45 2515 2520 46988 9588
424 45 2515 2520 47143 9608
425 45 2515 2520 47280 9623
426 45 2515 2520 47425 9655
427 45 2515 2520 47558 9687
428 45 2515 2520 47690 9712
429 45 2515 2520 47843 9727
430 45 2515 2520 47980 9743
431 45 2515 2520 48147 9782
432 45 2515 2520 48256 9787
433 45 2515 2520 48360 9792
434 46 2515 2520 48489 9813
435 46 2515 2520 48617 9845
436 46 2515 2520 48767 9878
437 47 2515 2520 48922 9923
438 47 2515 2520 49056 9951
439 48 2515 2520 49187 9984
440 48 2515 2520 49376 10017
441 48 2515 2520 49550 10015
442 48 2515 2520 49711 10044
443 48 2515 2520 49855 10068
444 48 2515 2520 50002 10094
445 48 2515 2520 50179 10098
446 49 2515 2520 50355 10135
447 49 2515 2520 50512 10165
448 49 2515 2520 50672 10214
449 49 2515 2520 50807 10234
450 49 2515 2520 50935 10241
451 49 2515 2520 51112 10283
452 49 2515 2520 51271 10324
453 49 2515 2520 51448 10358
454 50 2515 2520 51605 10388
455 50 2515 2520 51745 10407
456 50 2515 2520 51913 10443
457 51 2515 2520 52117 10504
458 51 2515 2520 52280 10541
459 51 2515 2520 52469 10584
460 51 2515 2520 52650 10592
461 51 2515 2520 52807 10630
462 51 2515 2520 52984 10667
463 51 2515 2520 53131 10703
464 51 2515 2520 53313 10685
465 51 2515 2520 53477 10715
466 51 2515 2520 53635 10725
467 51 2515 2520 53821 10763
468 51 2515 2520 53965 10767
469 51 2515 2520 54080 10788
470 51 2515 2520 54199 10809
471 51 2515 2520 54321 10825
472 51 2515 2520 54441 10844
473 51 2515 2520 54548 10871
474 51 2515 2520 54657 10888
475 51 2515 2520 54776 10918
476 51 2515 2520 54885 10933
477 51 2515 2520 54998 10963
478 51 2515 2520 55106 10978
479 52 2515 2520 55215 10991
480 52 2515 2520 55303 11001
481 52 2515 2520 55418 11019
482 52 2515 2520 55557 11051
483 52 2515 2520 55680 11062
484 52 2515 2520 55808 11086
485 52 2514 2520 55949 11110
486 54 2514 2520 56075 11139
487 54 2514 2520 56239 11159
488 54 2514 2520 56394 11186
489 54 2514 2520 56548 11199
490 54 2514 2520 56705 11232
491 55 2514 2520 56842 11252
492 55 2514 2520 56992 11271
493 55 2514 2520 57164 11316
494 55 2514 2520 57327 11350
495 55 2514 2520 57483 11362
496 55 2514 2520 57656 11402
497 56 2514 2520 57831 11434
498 57 2514 2520 57980 11446
499 57 2514 2520 58147 11470
500 57 2514 2520 58307 11515
501 57 2514 2520 58481 11547
502 58 2514 2520 58635 11561
503 58 2514 2520 58832 11579
504 58 2514 2520 59025 11625
505 58 2514 2520 59232 11658
506 58 2514 2520 59398 11678
507 58 2514 2520 59573 11722
508 58 2514 2520 59741 11741
509 58 2514 2520 59892 11761
510 58 2514 2520 60024 11762
511 58 2514 2520 60192 11787
512 58 2514 2520 60387 11813
513 58 2514 2520 60572 11855
514 59 2514 2520 60722 11882
515 59 2514 2520 60892 11894
516 59 2514 2520 61055 11938
517 59 2514 2520 61193 11957
518 59 2514 2520 61386 11986
519 59 2514 2520 61552 11987
520 59 2514 2520 61705 12030
521 59 2514 2520 61879 12061
522 59 2514 2520 62022 12081
523 59 2514 2520 62166 12097
524 59 2514 2520 62318 12123
525 59 2514 2520 62442 12158
526 59 2514 2520 62585 12165
527 60 2514 2520 62736 12198
528 61 2514 2520 62891 12207
529 61 2514 2520 63038 12244
530 61 2514 2520 63196 12269
531 62 2514 2520 63372 12296
532 62 2514 2520 63516 12294
533 62 2514 2520 63709 12334
534 62 2514 2520 63861 12345
535 62 2514 2520 64005 12367
536 62 2514 2520 64183 12401
537 62 2514 2520 64344 12422
538 63 2514 2520 64533 12439
539 63 2514 2520 64698 12484
540 64 2514 2520 64836 12504
541 64 2514 2520 65008 12501
542 64 2514 2520 65186 12525
543 66 2514 2520 65334 12556
544 66 2514 2520 65548 12590
545 66 2514 2520 65735 12624
546 66 2514 2520 65990 12672
547 66 2514 2520 66177 12696
548 66 2514 2520 66366 12735
549 66 2514 2520 66550 12764
550 66 2514 2520 66709 12801
551 66 2514 2520 66897 12802
552 66 2514 2520 67096 12826
553 66 2514 2520 67273 12844
554 66 2514 2520 67475 12865
555 67 2514 2520 67648 12881
556 67 2514 2520 67840 12893
557 67 2514 2520 68051 12921
558 67 2514 2520 68229 12942
559 67 2514 2520 68394 12965
560 67 2514 2520 68600 12971
561 67 2514 2520 68779 12995
562 67 2514 2520 68975 13030
563 67 2514 2520 69149 13029
564 67 2514 2520 69311 13038
565 67 2514 2520 69480 13075
566 67 2514 2520 69642 13095
567 67 2514 2520 69786 13120
568 67 2514 2520 69978 13165
569 67 2514 2520 70136 13182
570 67 2514 2520 70279 13195
571 67 2514 2520 70419 13220
572 67 2514 2520 70552 13235
573 67 2514 2520 70685 13254
574 67 2514 2520 70822 13267
575 68 2514 2520 70940 13285
576 68 2514 2520 71067 13298
577 68 2514 2520 71216 13313
578 68 2514 2520 71365 13329
579 69 2514 2520 71486 13346
580 69 2514 2520 71662 13373
581 69 2514 2520 71833 13392
582 69 2514 2520 71977 13409
583 69 2514 2520 72122 13430
584 69 2514 2520 72275 13435
585 69 2514 2520 72424 13465
586 69 2514 2520 72565 13473
587 69 2514 2520 72726 13458
588 69 2514 2520 72913 13491
589 69 2514 2520 73068 13519
590 69 2514 2520 73215 13525
591 69 2514 2520 73336 13537
592 70 2514 2520 73476 13570
593 70 2514 2520 73645 13577
594 70 2514 2520 73815 13607
595 70 2514 2520 73955 13619
596 70 2514 2520 74125 13651
597 70 2514 2520 74276 13659
598 70 2514 2520 74413 13692
599 70 2514 2520 74568 13724
600 70 2514 2520 74720 13756
601 70 2514 2520 74886 13767
602 70 2514 2520 75040 13788
603 70 2514 2520 75164 13810
604 70 2514 2520 75298 13820
605 70 2514 2520 75437 13842
606 70 2514 2520 75551 13837
607 70 2514 2520 75652 13853
608 70 2514 2520 75817 13886
609 70 2514 2520 75900 13907
610 70 2514 2520 76001 13931
611 70 2514 2520 76110 13933
612 70 2514 2520 76224 13929
613 70 2514 2520 76333 13969
614 70 2514 2520 76414 13986
615 70 2514 2520 76512 14007
616 70 2514 2520 76597 14019
617 70 2514 2520 76673 14016
618 70 2514 2520 76753 14026
619 70 2514 2520 76847 14047
620 70 2514 2520 76944 14067
621 70 2514 2520 77039 14091
622 70 2514 2520 77126 14094
623 70 2514 2520 77224 14096
624 70 2514 2520 77292 14113
625 70 2514 2520 77406 14118
626 71 2514 2520 77515 14154
627 71 2514 2520 77606 14179
628 71 2514 2520 77719 14202
629 72 2514 2520 77805 14212
630 72 2514 2520 77955 14236
631 72 2514 2520 78096 14256
632 72 2514 2520 78210 14263
633 73 2514 2520 78315 14277
634 73 2514 2520 78463 14302
635 73 2514 2520 78604 14308
636 73 2514 2520 78764 14333
637 74 2514 2520 78923 14372
638 74 2514 2520 79107 14400
639 74 2514 2520 79268 14418
640 74 2514 2520 79451 14448
641 74 2514 2520 79612 14447
642 74 2514 2520 79789 14477
643 75 2514 2520 79979 14496
644 75 2514 2520 80143 14528
645 75 2514 2520 80299 14552
646 75 2514 2520 80468 14589
647 75 2514 2520 80635 14603
648 75 2514 2520 80808 14647
649 75 2514 2520 80981 14659
650 75 2514 2520 81120 14662
651 75 2514 2520 81255 14674
652 77 2514 2520 81406 14686
653 77 2514 2520 81549 14702
654 77 2514 2520 81717 14727
655 77 2514 2520 81858 14738
656 78 2514 2520 82033 14774
657 78 2514 2520 82197 14779
658 78 2514 2520 82409 14804
659 78 2514 2520 82607 14854
660 78 2514 2520 82783 14857
661 78 2514 2520 82972 14876
662 79 2514 2520 83159 14901
663 79 2514 2520 83323 14912
664 80 2514 2520 83529 14942
665 80 2514 2520 83742 14978
666 80 2514 2520 83952 15001
667 81 2514 2520 84146 15032
668 81 2514 2520 84334 15070
669 82 2514 2520 84514 15090
670 83 2514 2520 84722 15126
671 83 2514 2520 84897 15163
672 83 2514 2520 85129 15184
673 83 2514 2520 85335 15216
674 83 2514 2520 85555 15248
675 83 2514 2520 85805 15273
676 83 2514 2520 86010 15304
677 83 2514 2520 86232 15343
678 83 2514 2520 86433 15380
679 83 2514 2520 86597 15410
680 83 2514 2520 86794 15416
681 83 2514 2520 87004 15444
682 83 2514 2520 87193 15482
683 83 2514 2520 87370 15504
684 83 2514 2520 87577 15520
685 83 2514 2520 87793 15559
686 83 2514 2520 87945 15592
687 83 2514 2520 88117 15606
688 83 2514 2520 88271 15639
689 83 2514 2520 88416 15650
690 83 2514 2520 88566 15687
691 83 2514 2520 88689 15714
692 83 2514 2520 88847 15736
693 83 2514 2520 89001 15754
694 84 2514 2520 89101 15750
695 84 2514 2520 89248 15764
696 84 2513 2520 89392 15808
697 84 2513 2520 89519 15822
698 85 2513 2520 89631 15819
699 85 2513 2520 89777 15829
700 86 2513 2520 89936 15853
701 86 2513 2520 90098 15881
702 86 2513 2520 90277 15895
703 86 2513 2520 90414 15911
704 86 2513 2520 90576 15928
705 86 2513 2520 90726 15949
706 88 2513 2520 90882 15970
707 89 2513 2520 91069 16011
708 89 2513 2520 91236 16033
709 89 2513 2520 91480 16072
710 89 2513 2520 91712 16125
711 89 2513 2520 91924 16141
712 89 2513 2520 92129 16174
713 90 2513 2520 92358 16216
714 90 2513 2520 92569 16226
715 90 2513 2520 92813 16272
716 90 2513 2520 93015 16319
717 90 2513 2520 93249 16360
718 90 2513 2520 93442 16402
719 90 2513 2520 93651 16409
720 90 2513 2520 93864 16424
721 90 2513 2520 94018 16433
722 90 2513 2520 94217 16484
723 90 2513 2520 94378 16507
724 90 2513 2520 94577 16556
725 90 2513 2520 94735 16599
726 90 2513 2520 94931 16621
727 91 2513 2520 95123 16650
728 91 2513 2520 95292 16655
729 91 2513 2520 95454 16670
730 91 2513 2520 95648 16701
731 91 2513 2520 95786 16727
732 91 2513 2520 95943 16760
733 91 2513 2520 96092 16775
734 91 2513 2520 96211 16778
735 91 2513 2520 96374 16822
736 91 2513 2520 96487 16833
737 91 2513 2520 96649 16868
738 91 2513 2520 96815 16880
739 91 2513 2520 96961 16889
740 91 2513 2520 97106 16913
741 91 2513 2520 97238 16941
742 91 2513 2520 97374 16964
743 92 2513 2520 97529 16990
744 92 2513 2520 97698 17003
745 92 2513 2520 97849 17042
746 92 2513 2520 97994 17068
747 92 2513 2520 98150 17069
748 92 2513 2520 98326 17082
749 92 2513 2520 98497 17109
750 92 2513 2520 98672 17128
751 92 2513 2520 98845 17148
752 92 2513 2520 98997 17166
753 92 2513 2520 99165 17162
754 92 2513 2520 99292 17170
755 92 2513 2520 99448 17168
756 92 2513 2520 99600 17208
757 92 2513 2520 99743 17208
758 92 2513 2520 99874 17228
759 92 2513 2520 100012 17256
760 92 2513 2520 100123 17272
761 92 2513 2520 100220 17274
762 92 2513 2520 100326 17299
763 92 2513 2520 100454 17302
764 92 2513 2520 100532 17321
765 92 2513 2520 100637 17340
766 92 2513 2520 100763 17354
767 92 2513 2520 100859 17357
768 92 2513 2520 100951 17375
769 92 2513 2520 101041 17389
770 92 2513 2520 101152 17421
771 92 2513 2520 101242 17433
772 92 2513 2520 101336 17451
773 92 2513 2520 101416 17447
774 92 2513 2520 101521 17465
775 92 2513 2520 101628 17490
776 92 2513 2520 101720 17499
777 93 2513 2520 101808 17534
778 93 2513 2520 101908 17561
779 95 2513 2520 102015 17583
780 95 2513 2520 102100 17591
781 95 2513 2520 102258 17602
782 95 2513 2520 102421 17611
783 96 2513 2520 102546 17643
784 97 2513 2520 102738 17667
785 97 2513 2520 102947 17710
786 97 2513 2520 103115 17725
787 97 2513 2520 103304 17736
788 97 2513 2520 103478 17770
789 97 2513 2520 103682 17779
790 97 2513 2520 103876 17804
791 97 2513 2520 104053 17813
792 97 2513 2520 104225 17830
793 97 2513 2520 104423 17866
794 97 2513 2520 104587 17879
795 98 2513 2520 104800 17898
796 98 2513 2520 104962 17901
797 98 2513 2520 105138 17914
798 98 2513 2520 105301 17936
799 99 2513 2520 105458 17935
800 99 2513 2520 105616 17959
801 99 2513 2520 105776 17995
802 99 2513 2520 105906 18014
803 99 2513 2520 106073 18057
804 99 2513 2520 106240 18085
805 99 2513 2520 106382 18116
806 99 2513 2520 106519 18101
807 99 2513 2520 106657 18130
808 99 2513 2520 106783 18144
809 100 2513 2520 106909 18149
810 100 2513 2520 107026 18163
811 100 2513 2520 107184 18174
812 100 2513 2520 107331 18181
813 100 2513 2520 107479 18207
814 100 2513 2520 107622 18232
815 100 2513 2520 107746 18243
816 100 2513 2520 107903 18262
817 100 2513 2520 108045 18275
818 101 2513 2520 108177 18292
819 101 2513 2520 108296 18303
820 101 2513 2520 108432 18324
821 101 2513 2520 108550 18346
822 101 2513 2520 108690 18336
823 102 2513 2520 108836 18365
824 102 2513 2520 108960 18373
825 102 2513 2520 109130 18390
826 102 2513 2520 109272 18417
827 103 2513 2520 109370 18444
828 103 2513 2520 109515 18462
829 103 2513 2520 109617 18450
830 104 2513 2520 109764 18464
831 106 2513 2520 109901 18471
832 106 2513 2520 110076 18503
833 107 2513 2520 110237 18523
834 107 2513 2520 110423 18537
835 107 2513 2520 110590 18556
836 107 2513 2520 110812 18576
837 107 2513 2520 111035 18610
838 107 2513 2520 111262 18631
839 107 2513 2520 111490 18674
840 107 2513 2520 111707 18700
841 107 2513 2520 111926 18751
842 107 2513 2520 112152 18752
843 107 2513 2520 112352 18752
844 107 2513 2520 112532 18782
845 107 2513 2520 112740 18804
846 107 2513 2520 112945 18819
847 107 2513 2520 113159 18823
848 108 2513 2520 113328 18853
849 108 2513 2520 113546 18889
850 108 2513 2520 113777 18888
851 108 2513 2520 113981 18905
852 108 2513 2520 114159 18928
853 108 2513 2520 114328 18944
854 108 2513 2520 114572 18977
855 108 2513 2520 114760 18989
856 109 2513 2520 114930 19014
857 109 2513 2520 115134 19051
858 109 2513 2520 115370 19102
859 109 2513 2520 115540 19121
860 110 2513 2520 115734 19149
861 110 2513 2520 115969 19184
862 110 2513 2520 116144 19206
863 110 2513 2520 116335 19232
864 110 2513 2520 116489 19264
865 110 2513 2520 116692 19287
866 110 2513 2520 116865 19315
867 110 2513 2520 117064 19331
868 110 2513 2520 117201 19361
869 110 2513 2520 117351 19377
870 111 2513 2520 117494 19400
871 111 2513 2520 117683 19440
872 111 2513 2520 117875 19443
873 111 2513 2520 118057 19466
874 111 2513 2520 118216 19478
875 111 2513 2520 118429 19496
876 111 2513 2520 118616 19532
877 111 2513 2520 118846 19555
878 111 2513 2520 119082 19567
879 111 2513 2520 119268 19604
880 111 2513 2520 119472 19637
881 111 2513 2520 119648 19670
882 111 2513 2520 119832 19731
883 111 2513 2520 120015 19754
884 111 2513 2520 120229 19782
885 111 2513 2520 120381 19816
886 111 2513 2520 120524 19831
887 111 2513 2520 120680 19857
888 111 2513 2520 120802 19879
889 112 2513 2520 120941 19899
890 112 2513 2520 121084 19914
891 112 2513 2520 121276 19940
892 112 2513 2520 121422 19977
893 112 2513 2520 121571 19994
894 112 2513 2520 121701 20039
895 112 2513 2520 121841 20068
896 112 2513 2520 121981 20080
897 112 2513 2520 122109 20098
898 112 2513 2520 122235 20099
899 112 2513 2520 122383 20103
900 113 2513 2520 122499 20117
901 114 2513 2520 122632 20129
902 114 2513 2520 122732 20147
903 115 2513 2520 122875 20168
904 115 2513 2520 123044 20201
905 116 2513 2520 123242 20228
906 116 2513 2520 123416 20246
907 116 2513 2520 123581 20288
908 116 2513 2520 123762 20322
909 116 2513 2520 123947 20337
910 116 2513 2520 124137 20364
911 117 2513 2520 124273 20381
912 118 2513 2520 124445 20385
913 119 2513 2520 124639 20403
914 119 2513 2520 124888 20443
915 119 2513 2520 125121 20480
916 119 2513 2520 125365 20514
917 119 2513 2520 125566 20531
918 120 2513 2520 125815 20548
919 120 2513 2520 126042 20558
920 121 2513 2520 126315 20593
921 121 2513 2520 126585 20648
922 121 2513 2520 126852 20685
923 121 2513 2520 127111 20691
924 121 2513 2520 127389 20741
925 121 2513 2520 127663 20786
926 121 2513 2520 127940 20807
927 121 2513 2520 128193 20848
928 121 2513 2520 128461 20894
929 121 2513 2520 128702 20923
930 121 2513 2520 128908 20940
931 122 2513 2520 129165 20994
932 123 2513 2520 129425 21005
933 123 2513 2520 129646 21026
934 123 2513 2520 129911 21056
935 123 2513 2520 130155 21119
936 123 2513 2520 130405 21143
937 124 2513 2520 130641 21188
938 124 2513 2520 130902 21228
939 125 2513 2520 131196 21278
940 125 2513 2520 131446 21291
941 126 2513 2520 131672 21329
942 126 2513 2520 131952 21355
943 126 2513 2520 132246 21405
944 126 2513 2520 132535 21439
945 126 2513 2520 132834 21467
946 126 2513 2520 133135 21498
947 126 2513 2520 133407 21544
948 126 2513 2520 133682 21564
949 126 2513 2520 133927 21599
950 127 2513 2520 134175 21617
951 127 2513 2520 134482 21689
952 127 2513 2520 134729 21739
953 127 2513 2520 135026 21783
954 127 2513 2520 135270 21822
955 128 2513 2520 135510 21828
956 128 2513 2520 135781 21886
957 128 2513 2520 136060 21939
958 128 2513 2520 136323 21981
959 128 2513 2520 136565 22007
960 128 2513 2520 136791 22044
961 128 2513 2520 137033 22056
962 128 2513 2520 137225 22099
963 128 2513 2520 137443 22107
964 128 2513 2520 137681 22133
965 128 2513 2520 137924 22158
966 128 2513 2520 138094 22161
967 128 2513 2520 138292 22207
968 128 2513 2520 138480 22245
969 128 2513 2520 138684 22255
970 128 2513 2520 138901 22288
971 128 2513 2520 139119 22337
972 130 2513 2520 139346 22356
973 130 2513 2520 139533 22397
974 131 2513 2520 139814 22446
975 131 2513 2520 140025 22473
976 132 2513 2520 140273 22528
977 132 2513 2520 140558 22559
978 132 2513 2520 140831 22600
979 132 2513 2520 141048 22622
980 132 2513 2520 141286 22658
981 132 2513 2520 141555 22676
982 132 2513 2520 141799 22703
983 132 2513 2520 142029 22754
984 132 2513 2520 142259 22785
985 132 2513 2520 142505 22837
986 132 2513 2520 142756 22868
987 132 2513 2520 142990 22915
988 132 2513 2520 143223 22940
989 132 2513 2520 143442 22958
990 132 2513 2520 143633 22989
991 132 2512 2520 143838 22983
992 134 2512 2520 144041 23016
993 134 2512 2520 144240 23037
994 134 2512 2520 144441 23072
995 135 2512 2520 144629 23104
996 135 2512 2520 144848 23129
997 135 2512 2520 145072 23142
998 135 2512 2520 145314 23159
999 135 2512 2520 145486 23176
1000 136 2512 2520 145720 23206
