0 1 2519 2520 791 496
1 1 2519 2520 800 502
2 1 2519 2520 827 521
3 1 2519 2520 851 532
4 1 2519 2520 871 547
5 1 2519 2520 884 557
6 1 2519 2520 900 569
7 1 2519 2520 919 578
8 1 2519 2520 945 587
9 1 2519 2520 954 588
10 1 2519 2520 971 597
11 1 2519 2520 991 607
12 1 2519 2520 1007 617
13 1 2519 2520 1018 619
14 1 2519 2520 1034 626
15 1 2519 2520 1052 633
16 1 2519 2520 1065 635
17 1 2519 2520 1075 636
18 1 2519 2520 1084 638
19 1 2519 2520 1092 641
20 1 2519 2520 1104 643
21 1 2519 2520 1114 648
22 1 2519 2520 1124 651
23 1 2519 2520 1123 647
24 1 2519 2520 1134 646
25 1 2519 2520 1142 647
26 1 2519 2520 1151 651
27 1 2519 2520 1158 652
28 1 2519 2520 1167 655
29 1 2519 2520 1175 659
30 1 2519 2520 1180 659
31 1 2519 2520 1187 659
32 2 2519 2520 1197 660
33 2 2519 2520 1224 673
34 2 2519 2520 1273 692
35 2 2519 2520 1328 712
36 2 2519 2520 1364 725
37 2 2519 2520 1421 753
38 2 2519 2520 1469 767
39 2 2519 2520 1513 780
40 2 2519 2520 1560 797
41 2 2519 2520 1604 806
42 2 2519 2520 1662 828
43 2 2519 2520 1713 852
44 2 2519 2520 1752 866
45 2 2519 2520 1797 878
46 2 2519 2520 1828 887
47 2 2519 2520 1875 906
48 2 2519 2520 1909 918
49 2 2519 2520 1944 926
50 2 2519 2520 1973 932
51 2 2519 2520 2010 939
52 2 2519 2520 2044 947
53 2 2519 2520 2078 955
54 2 2519 2520 2110 972
55 2 2519 2520 2134 975
56 2 2519 2520 2157 983
57 2 2519 2520 2175 989
58 2 2519 2520 2197 999
59 2 2519 2520 2209 995
60 2 2519 2520 2226 1004
61 2 2519 2520 2238 1010
62 2 2519 2520 2255 1014
63 2 2519 2520 2264 1015
64 2 2519 2520 2277 1017
65 2 2519 2520 2291 1025
66 2 2519 2520 2306 1029
67 2 2519 2520 2319 1035
68 2 2519 2520 2324 1038
69 3 2519 2520 2335 1042
70 3 2519 2520 2365 1046
71 3 2519 2520 2393 1058
72 3 2519 2520 2429 1067
73 3 2519 2520 2464 1075
74 3 2519 2520 2503 1092
75 3 2519 2520 2548 1103
76 3 2519 2520 2594 1119
77 3 2519 2520 2644 1130
78 3 2519 2520 2681 1141
79 3 2519 2520 2726 1150
80 3 2519 2520 2767 1154
81 3 2519 2520 2809 1164
82 3 2519 2520 2842 1169
83 3 2519 2520 2888 1179
84 3 2519 2520 2934 1198
85 3 2519 2520 2963 1205
86 3 2519 2520 2997 1211
87 3 2519 2520 3027 1222
88 3 2519 2520 3048 1224
89 3 2519 2520 3076 1233
90 3 2519 2520 3087 1234
91 3 2519 2520 3106 1239
92 3 2519 2520 3120 1238
93 3 2519 2520 3141 1251
94 3 2519 2520 3169 1255
95 3 2519 2520 3176 1256
96 3 2519 2520 3201 1262
97 3 2519 2520 3210 1261
98 3 2519 2520 3223 1263
99 3 2519 2520 3237 1266
100 3 2519 2520 3255 1268
101 3 2519 2520 3264 1267
102 3 2519 2520 3280 1276
103 3 2519 2520 3287 1278
104 3 2519 2520 3303 1283
105 3 2519 2520 3311 1285
106 3 2519 2520 3322 1287
107 3 2519 2520 3329 1291
108 3 2519 2520 3341 1297
109 3 2519 2520 3356 1304
110 3 2519 2520 3362 1301
111 3 2519 2520 3368 1306
112 3 2519 2520 3381 1310
113 3 2519 2520 3394 1316
114 3 2519 2520 3409 1319
115 3 2519 2520 3413 1322
116 3 2519 2520 3421 1325
117 3 2519 2520 3429 1328
118 3 2519 2520 3441 1337
119 3 2519 2520 3459 1341
120 3 2519 2520 3467 1343
121 3 2519 2520 3474 1344
122 3 2519 2520 3481 1344
123 3 2519 2520 3495 1347
124 3 2519 2520 3495 1348
125 3 2519 2520 3498 1352
126 3 2519 2520 3507 1353
127 3 2519 2520 3512 1352
128 3 2519 2520 3518 1350
129 3 2519 2520 3522 1348
130 3 2519 2520 3525 1352
131 3 2519 2520 3530 1347
132 3 2519 2520 3532 1346
133 3 2519 2520 3538 1352
134 3 2519 2520 3544 1355
135 5 2519 2520 3552 1356
136 5 2519 2520 3565 1361
137 5 2519 2520 3599 1373
138 5 2519 2520 3645 1387
139 5 2519 2520 3689 1403
140 5 2519 2520 3743 1419
141 5 2519 2520 3801 1430
142 5 2519 2520 3860 1439
143 5 2519 2520 3925 1462
144 5 2519 2520 3994 1480
145 5 2519 2520 4042 1492
146 5 2519 2520 4101 1511
147 5 2519 2520 4154 1534
148 5 2519 2520 4219 1550
149 5 2519 2520 4274 1572
150 5 2519 2520 4333 1585
151 5 2519 2520 4413 1614
152 5 2519 2520 4468 1627
153 5 2519 2520 4531 1641
154 5 2519 2520 4589 1654
155 5 2519 2520 4652 1672
156 5 2519 2520 4689 1686
157 5 2519 2520 4718 1688
158 5 2519 2520 4767 1700
159 5 2519 2520 4801 1708
160 5 2519 2520 4836 1718
161 5 2519 2520 4870 1720
162 5 2519 2520 4912 1730
163 5 2519 2520 4947 1738
164 5 2519 2520 4975 1747
165 5 2519 2520 4999 1755
166 5 2519 2520 5028 1764
167 5 2519 2520 5050 1768
168 5 2519 2520 5074 1779
169 5 2519 2520 5096 1787
170 5 2519 2520 5126 1796
171 5 2519 2520 5151 1812
172 5 2519 2520 5171 1816
173 5 2519 2520 5203 1817
174 5 2519 2520 5222 1819
175 5 2519 2520 5251 1819
176 5 2519 2520 5269 1823
177 5 2519 2520 5297 1826
178 5 2519 2520 5308 1826
179 5 2519 2520 5325 1827
180 6 2519 2520 5347 1836
181 6 2519 2520 5381 1838
182 6 2519 2520 5449 1854
183 6 2519 2520 5500 1870
184 6 2519 2520 5548 1884
185 6 2519 2520 5604 1898
186 6 2519 2520 5638 1905
187 6 2519 2520 5692 1923
188 6 2519 2520 5740 1930
189 6 2519 2520 5779 1940
190 6 2519 2520 5819 1956
191 6 2519 2520 5859 1957
192 6 2519 2520 5895 1974
193 6 2519 2520 5937 1983
194 6 2519 2520 5979 2002
195 6 2519 2520 6007 2001
196 6 2519 2520 6033 1999
197 6 2519 2520 6074 2013
198 6 2519 2520 6106 2010
199 6 2519 2520 6148 2018
200 6 2519 2520 6183 2026
201 6 2519 2520 6230 2038
202 6 2519 2520 6272 2051
203 6 2519 2520 6314 2058
204 6 2519 2520 6334 2073
205 6 2519 2520 6350 2078
206 6 2519 2520 6373 2095
207 6 2519 2520 6407 2105
208 6 2519 2520 6430 2115
209 6 2519 2520 6438 2115
210 6 2519 2520 6460 2124
211 6 2519 2520 6487 2136
212 6 2519 2520 6515 2135
213 6 2519 2520 6542 2152
214 6 2519 2520 6566 2161
215 6 2519 2520 6581 2161
216 6 2519 2520 6590 2161
217 6 2519 2520 6611 2171
218 7 2519 2520 6640 2173
219 7 2519 2520 6665 2178
220 7 2519 2520 6696 2181
221 7 2519 2520 6739 2186
222 7 2519 2520 6769 2187
223 7 2519 2520 6815 2195
224 7 2519 2520 6872 2207
225 7 2519 2520 6905 2207
226 7 2519 2520 6955 2216
227 7 2519 2520 7000 2233
228 7 2519 2520 7030 2232
229 7 2519 2520 7072 2245
230 7 2519 2520 7111 2253
231 7 2519 2520 7146 2262
232 7 2519 2520 7194 2277
233 7 2519 2520 7229 2284
234 7 2519 2520 7267 2297
235 7 2519 2520 7316 2304
236 7 2519 2520 7336 2307
237 7 2519 2520 7381 2321
238 7 2519 2520 7403 2323
239 7 2519 2520 7446 2327
240 7 2519 2520 7472 2334
241 7 2519 2520 7515 2339
242 7 2519 2520 7545 2348
243 7 2519 2520 7574 2351
244 7 2519 2520 7602 2363
245 7 2519 2520 7632 2371
246 7 2519 2520 7668 2374
247 7 2519 2520 7689 2382
248 7 2519 2520 7701 2389
249 7 2519 2520 7722 2395
250 7 2519 2520 7735 2395
251 7 2519 2520 7755 2401
252 7 2519 2520 7772 2403
253 7 2519 2520 7792 2411
254 7 2519 2520 7810 2419
255 7 2519 2520 7836 2429
256 7 2519 2520 7841 2427
257 7 2519 2520 7863 2440
258 7 2519 2520 7891 2449
259 7 2519 2520 7912 2455
260 7 2519 2520 7921 2454
261 7 2519 2520 7950 2462
262 8 2519 2520 7965 2466
263 8 2519 2520 8009 2468
264 8 2519 2520 8049 2480
265 8 2519 2520 8082 2488
266 8 2519 2520 8115 2488
267 8 2519 2520 8149 2500
268 8 2519 2520 8184 2505
269 8 2519 2520 8220 2508
270 8 2519 2520 8261 2522
271 8 2519 2520 8294 2528
272 8 2519 2520 8326 2541
273 8 2519 2520 8359 2547
274 8 2519 2520 8397 2555
275 8 2519 2520 8443 2572
276 8 2519 2520 8465 2576
277 8 2519 2520 8491 2576
278 8 2519 2520 8524 2591
279 8 2519 2520 8554 2598
280 8 2519 2520 8588 2598
281 8 2519 2520 8620 2601
282 8 2519 2520 8656 2596
283 8 2519 2520 8682 2606
284 8 2519 2520 8708 2611
285 9 2519 2520 8741 2622
286 9 2519 2520 8766 2621
287 9 2519 2520 8820 2633
288 9 2519 2520 8845 2629
289 9 2519 2520 8876 2641
290 9 2519 2520 8939 2641
291 9 2519 2520 8991 2644
292 9 2519 2520 9015 2646
293 9 2519 2520 9057 2656
294 9 2519 2520 9098 2664
295 9 2519 2520 9143 2668
296 9 2519 2520 9196 2683
297 9 2519 2520 9236 2685
298 9 2519 2520 9286 2688
299 9 2519 2520 9329 2691
300 9 2519 2520 9367 2699
301 9 2519 2520 9413 2708
302 9 2519 2520 9461 2728
303 10 2519 2520 9505 2734
304 10 2519 2520 9547 2748
305 10 2519 2520 9577 2753
306 10 2519 2520 9610 2758
307 10 2519 2520 9634 2760
308 10 2519 2520 9658 2766
309 10 2519 2520 9704 2778
310 10 2519 2520 9732 2781
311 10 2519 2520 9756 2788
312 10 2519 2520 9788 2796
313 10 2519 2520 9823 2806
314 10 2519 2520 9859 2805
315 10 2519 2520 9899 2809
316 10 2519 2520 9940 2830
317 10 2519 2520 9976 2837
318 10 2519 2520 10013 2843
319 10 2519 2520 10051 2851
320 10 2519 2520 10075 2857
321 10 2519 2520 10099 2861
322 10 2519 2520 10126 2860
323 10 2519 2520 10160 2858
324 10 2519 2520 10195 2868
325 10 2519 2520 10223 2874
326 10 2519 2520 10254 2874
327 10 2519 2520 10288 2880
328 10 2519 2520 10318 2897
329 10 2519 2520 10337 2904
330 10 2519 2520 10362 2912
331 10 2519 2520 10383 2915
332 10 2519 2520 10402 2926
333 10 2519 2520 10418 2920
334 10 2519 2520 10438 2928
335 10 2519 2520 10449 2932
336 10 2519 2520 10465 2940
337 10 2519 2520 10486 2939
338 11 2519 2520 10512 2945
339 12 2519 2520 10545 2956
340 12 2519 2520 10567 2965
341 12 2519 2520 10608 2973
342 12 2519 2520 10654 2985
343 12 2519 2520 10714 2996
344 12 2519 2520 10762 3008
345 12 2519 2520 10808 3018
346 12 2519 2520 10876 3032
347 12 2519 2520 10935 3052
348 12 2519 2520 11004 3061
349 12 2519 2520 11083 3071
350 12 2519 2520 11144 3082
351 12 2519 2520 11208 3099
352 12 2519 2520 11269 3107
353 12 2519 2520 11335 3129
354 12 2519 2520 11402 3138
355 12 2519 2520 11461 3151
356 12 2519 2520 11523 3160
357 12 2519 2520 11585 3174
358 12 2519 2520 11648 3192
359 12 2519 2520 11700 3207
360 12 2519 2520 11765 3220
361 12 2519 2520 11812 3235
362 12 2519 2520 11864 3243
363 12 2519 2520 11913 3258
364 12 2519 2520 11947 3267
365 12 2519 2520 11987 3278
366 12 2519 2520 12034 3291
367 12 2519 2520 12070 3301
368 12 2519 2520 12102 3308
369 12 2519 2520 12140 3306
370 12 2519 2520 12158 3313
371 12 2519 2520 12208 3328
372 12 2519 2520 12236 3338
373 12 2519 2520 12256 3339
374 12 2519 2520 12287 3343
375 12 2519 2520 12319 3352
376 12 2519 2520 12346 3362
377 12 2519 2520 12368 3370
378 12 2519 2520 12388 3369
379 12 2519 2520 12426 3382
380 12 2519 2520 12450 3393
381 12 2519 2520 12476 3395
382 12 2519 2520 12501 3396
383 12 2519 2520 12530 3406
384 12 2519 2520 12553 3416
385 12 2519 2520 12571 3427
386 12 2519 2520 12590 3434
387 12 2519 2520 12613 3439
388 12 2519 2520 12638 3444
389 12 2519 2520 12663 3444
390 12 2519 2520 12674 3448
391 12 2519 2520 12695 3455
392 12 2519 2520 12716 3462
393 12 2519 2520 12734 3468
394 12 2519 2520 12747 3469
395 12 2519 2520 12768 3478
396 12 2519 2520 12777 3478
397 12 2519 2520 12789 3484
398 12 2519 2520 12807 3488
399 12 2519 2520 12821 3489
400 12 2519 2520 12836 3496
401 12 2519 2520 12846 3499
402 12 2519 2520 12852 3501
403 12 2519 2520 12859 3509
404 12 2519 2520 12868 3509
405 12 2519 2520 12887 3514
406 12 2519 2520 12900 3525
407 12 2519 2520 12918 3532
408 12 2519 2520 12933 3533
409 12 2519 2520 12941 3533
410 12 2519 2520 12954 3537
411 12 2519 2520 12963 3537
412 12 2519 2520 12967 3535
413 12 2519 2520 12978 3540
414 12 2519 2520 12989 3542
415 12 2519 2520 13001 3537
416 12 2519 2520 13014 3536
417 12 2519 2520 13018 3540
418 12 2519 2520 13033 3547
419 12 2519 2520 13045 3552
420 12 2519 2520 13060 3557
421 12 2519 2520 13077 3558
422 12 2519 2520 13088 3564
423 12 2519 2520 13101 3566
424 12 2519 2520 13111 3573
425 12 2519 2520 13108 3574
426 12 2519 2520 13121 3579
427 12 2519 2520 13131 3583
428 12 2519 2520 13136 3588
429 12 2519 2520 13145 3587
430 12 2519 2520 13152 3588
431 12 2519 2520 13169 3590
432 13 2519 2520 13189 3594
433 14 2519 2520 13204 3593
434 14 2519 2520 13249 3596
435 14 2519 2520 13289 3603
436 14 2519 2520 13322 3604
437 14 2519 2520 13371 3600
438 14 2519 2520 13418 3620
439 14 2519 2520 13471 3622
440 14 2519 2520 13520 3630
441 14 2519 2520 13565 3631
442 14 2519 2520 13604 3636
443 14 2519 2520 13646 3647
444 14 2519 2520 13692 3664
445 14 2519 2520 13749 3661
446 14 2519 2520 13800 3666
447 14 2519 2520 13854 3672
448 14 2519 2520 13892 3671
449 14 2519 2520 13928 3678
450 14 2519 2520 13992 3682
451 14 2519 2520 14051 3686
452 14 2519 2520 14114 3704
453 14 2519 2520 14158 3717
454 14 2519 2520 14195 3728
455 14 2519 2520 14238 3733
456 14 2519 2520 14273 3730
457 14 2519 2520 14319 3727
458 14 2519 2520 14366 3733
459 14 2519 2520 14387 3733
460 14 2519 2520 14427 3737
461 14 2519 2520 14453 3739
462 14 2519 2520 14492 3736
463 14 2519 2520 14525 3732
464 14 2519 2520 14569 3738
465 14 2519 2520 14588 3739
466 14 2519 2520 14614 3749
467 14 2519 2520 14646 3754
468 14 2519 2520 14667 3757
469 14 2519 2520 14685 3760
470 14 2519 2520 14713 3764
471 14 2519 2520 14742 3765
472 14 2519 2520 14750 3766
473 14 2519 2520 14776 3773
474 14 2519 2520 14801 3777
475 14 2519 2520 14826 3783
476 14 2519 2520 14839 3790
477 14 2519 2520 14859 3797
478 14 2519 2520 14869 3803
479 14 2519 2520 14896 3805
480 14 2519 2520 14923 3806
481 14 2519 2520 14948 3816
482 14 2519 2520 14957 3818
483 14 2519 2520 14973 3822
484 14 2519 2520 14991 3828
485 14 2519 2520 14993 3831
486 14 2519 2520 14988 3827
487 14 2519 2520 14997 3830
488 14 2519 2520 15021 3831
489 14 2519 2520 15047 3830
490 14 2519 2520 15056 3829
491 14 2519 2520 15085 3831
492 14 2519 2520 15109 3834
493 14 2519 2520 15113 3835
494 14 2519 2520 15141 3839
495 14 2519 2520 15170 3841
496 14 2519 2520 15185 3846
497 14 2519 2520 15201 3845
498 14 2519 2520 15223 3850
499 14 2519 2520 15236 3854
500 14 2519 2520 15251 3861
501 14 2519 2520 15270 3867
502 14 2519 2520 15287 3869
503 14 2519 2520 15299 3871
504 14 2519 2520 15316 3870
505 14 2519 2520 15324 3878
506 14 2519 2520 15338 3884
507 14 2519 2520 15347 3881
508 14 2519 2520 15357 3886
509 14 2519 2520 15365 3890
510 14 2519 2520 15376 3890
511 14 2519 2520 15396 3892
512 14 2519 2520 15410 3894
513 14 2519 2520 15417 3892
514 14 2519 2520 15429 3898
515 14 2519 2520 15435 3901
516 16 2519 2520 15451 3911
517 16 2519 2520 15467 3914
518 16 2519 2520 15495 3921
519 16 2519 2520 15525 3919
520 16 2519 2520 15568 3932
521 16 2519 2520 15607 3938
522 16 2519 2520 15657 3957
523 16 2519 2520 15712 3974
524 16 2519 2520 15758 3986
525 16 2519 2520 15812 4003
526 16 2519 2520 15870 4023
527 16 2519 2520 15933 4039
528 16 2519 2520 15978 4051
529 16 2519 2520 16037 4064
530 16 2519 2520 16107 4081
531 16 2519 2520 16158 4096
532 16 2519 2520 16204 4096
533 16 2519 2520 16278 4106
534 16 2519 2520 16346 4122
535 16 2519 2520 16404 4132
536 16 2519 2520 16439 4131
537 16 2519 2520 16505 4139
538 16 2519 2520 16563 4152
539 16 2519 2520 16604 4158
540 16 2519 2520 16655 4179
541 16 2519 2520 16694 4188
542 16 2519 2520 16738 4200
543 16 2519 2520 16766 4211
544 16 2519 2520 16805 4223
545 16 2519 2520 16830 4235
546 16 2519 2520 16862 4238
547 16 2519 2520 16896 4247
548 16 2519 2520 16920 4249
549 16 2519 2520 16947 4256
550 16 2519 2520 16966 4263
551 16 2519 2520 17007 4278
552 16 2519 2520 17023 4274
553 16 2519 2520 17060 4276
554 16 2519 2520 17078 4281
555 16 2519 2520 17109 4294
556 16 2519 2520 17141 4304
557 16 2519 2520 17159 4309
558 16 2519 2520 17190 4313
559 16 2519 2520 17218 4321
560 16 2519 2520 17242 4320
561 16 2519 2520 17271 4324
562 16 2519 2520 17306 4334
563 16 2519 2520 17323 4338
564 16 2519 2520 17345 4345
565 16 2519 2520 17372 4350
566 16 2519 2520 17389 4359
567 16 2519 2520 17400 4364
568 16 2519 2520 17413 4366
569 16 2519 2520 17433 4372
570 16 2519 2520 17457 4376
571 16 2519 2520 17473 4386
572 16 2519 2520 17487 4393
573 16 2519 2520 17502 4395
574 16 2519 2520 17517 4396
575 16 2519 2520 17538 4392
576 16 2519 2520 17550 4399
577 16 2519 2520 17582 4407
578 16 2519 2520 17605 4418
579 16 2519 2520 17622 4423
580 16 2519 2520 17638 4432
581 16 2519 2520 17652 4429
582 16 2519 2520 17673 4438
583 16 2519 2520 17691 4434
584 16 2519 2520 17706 4429
585 17 2519 2520 17716 4434
586 17 2519 2520 17738 4433
587 17 2519 2520 17773 4440
588 17 2519 2520 17805 4455
589 17 2519 2520 17843 4467
590 17 2519 2520 17883 4469
591 17 2519 2520 17917 4469
592 17 2519 2520 17947 4472
593 17 2519 2520 17972 4475
594 17 2519 2520 18014 4490
595 17 2519 2520 18053 4500
596 18 2519 2520 18106 4506
597 18 2519 2520 18135 4509
598 18 2519 2520 18209 4538
599 18 2519 2520 18254 4553
600 18 2519 2520 18303 4567
601 18 2519 2520 18369 4579
602 18 2519 2520 18433 4594
603 18 2519 2520 18488 4605
604 18 2519 2520 18539 4608
605 18 2519 2520 18586 4622
606 18 2519 2520 18631 4630
607 18 2519 2520 18678 4654
608 18 2519 2520 18713 4659
609 18 2519 2520 18746 4667
610 18 2519 2520 18788 4688
611 18 2519 2520 18823 4701
612 18 2519 2520 18860 4708
613 18 2519 2520 18890 4711
614 18 2519 2520 18916 4718
615 18 2519 2520 18937 4720
616 18 2519 2520 18962 4730
617 18 2519 2520 18986 4732
618 18 2519 2520 19006 4735
619 18 2519 2520 19024 4740
620 18 2519 2520 19048 4743
621 18 2519 2520 19062 4747
622 18 2519 2520 19097 4753
623 18 2519 2520 19111 4759
624 18 2519 2520 19122 4756
625 18 2519 2520 19147 4764
626 18 2519 2520 19161 4771
627 18 2519 2520 19187 4782
628 18 2519 2520 19198 4785
629 18 2519 2520 19215 4788
630 18 2519 2520 19222 4789
631 18 2519 2520 19245 4794
632 18 2519 2520 19268 4805
633 18 2519 2520 19292 4810
634 18 2519 2520 19318 4813
635 18 2519 2520 19339 4819
636 18 2519 2520 19355 4824
637 18 2519 2520 19372 4834
638 18 2519 2520 19400 4837
639 18 2519 2520 19414 4841
640 18 2519 2520 19420 4838
641 18 2519 2520 19451 4847
642 18 2519 2520 19460 4850
643 18 2519 2520 19475 4855
644 18 2519 2520 19488 4862
645 18 2519 2520 19502 4874
646 18 2519 2520 19524 4877
647 18 2519 2520 19526 4882
648 18 2519 2520 19536 4885
649 18 2519 2520 19547 4887
650 18 2519 2520 19559 4893
651 19 2519 2520 19571 4902
652 19 2519 2520 19582 4909
653 19 2519 2520 19601 4911
654 19 2519 2520 19617 4913
655 19 2519 2520 19638 4920
656 19 2519 2520 19650 4916
657 19 2519 2520 19675 4919
658 19 2519 2520 19707 4914
659 19 2519 2520 19728 4915
660 19 2519 2520 19754 4917
661 19 2519 2520 19764 4919
662 19 2519 2520 19805 4926
663 19 2519 2520 19833 4939
664 19 2519 2520 19862 4946
665 19 2519 2520 19892 4951
666 19 2519 2520 19918 4944
667 19 2519 2520 19939 4941
668 19 2519 2520 19976 4945
669 19 2519 2520 20003 4952
670 19 2519 2520 20042 4956
671 19 2519 2520 20061 4958
672 19 2519 2520 20090 4966
673 19 2519 2520 20120 4971
674 19 2519 2520 20152 4982
675 19 2519 2520 20177 4986
676 19 2519 2520 20197 4983
677 19 2519 2520 20221 4990
678 19 2519 2520 20257 4996
679 19 2519 2520 20273 5001
680 19 2519 2520 20306 5010
681 19 2519 2520 20343 5011
682 19 2519 2520 20368 5014
683 19 2519 2520 20385 5014
684 19 2519 2520 20407 5018
685 19 2519 2520 20414 5023
686 19 2519 2520 20430 5019
687 19 2519 2520 20454 5025
688 19 2519 2520 20486 5033
689 19 2519 2520 20511 5040
690 19 2519 2520 20539 5050
691 19 2519 2520 20567 5056
692 19 2519 2520 20598 5059
693 19 2519 2520 20614 5061
694 19 2519 2520 20643 5063
695 19 2519 2520 20673 5071
696 20 2519 2520 20699 5078
697 20 2519 2520 20718 5085
698 20 2519 2520 20753 5096
699 20 2519 2520 20796 5101
700 20 2519 2520 20829 5112
701 20 2519 2520 20865 5123
702 20 2519 2520 20911 5138
703 20 2519 2520 20957 5145
704 20 2519 2520 20996 5143
705 20 2519 2520 21031 5143
706 20 2519 2520 21075 5151
707 20 2519 2520 21124 5162
708 20 2519 2520 21163 5163
709 20 2519 2520 21223 5176
710 20 2519 2520 21272 5178
711 20 2519 2520 21324 5192
712 20 2519 2520 21364 5200
713 20 2519 2520 21416 5210
714 20 2519 2520 21462 5232
715 20 2519 2520 21501 5243
716 20 2519 2520 21551 5250
717 20 2519 2520 21587 5258
718 20 2519 2520 21637 5268
719 20 2519 2520 21679 5288
720 20 2519 2520 21731 5306
721 20 2519 2520 21750 5319
722 21 2519 2520 21777 5324
723 21 2519 2520 21806 5335
724 21 2519 2520 21836 5342
725 21 2519 2520 21871 5350
726 21 2519 2520 21911 5356
727 21 2519 2520 21948 5364
728 21 2519 2520 21989 5376
729 21 2519 2520 22013 5380
730 21 2519 2520 22057 5378
731 21 2519 2520 22092 5386
732 21 2519 2520 22120 5387
733 21 2519 2520 22154 5385
734 21 2519 2520 22186 5403
735 21 2519 2520 22204 5412
736 22 2519 2520 22239 5419
737 22 2519 2520 22270 5430
738 23 2519 2520 22320 5436
739 23 2519 2520 22370 5442
740 23 2519 2520 22422 5460
741 23 2519 2520 22488 5474
742 23 2519 2520 22546 5487
743 23 2519 2520 22598 5501
744 23 2519 2520 22664 5520
745 23 2519 2520 22743 5550
746 23 2519 2520 22801 5554
747 23 2519 2520 22865 5567
748 23 2519 2520 22931 5581
749 24 2519 2520 22997 5592
750 24 2519 2520 23064 5601
751 24 2519 2520 23137 5614
752 24 2519 2520 23193 5625
753 24 2519 2520 23247 5639
754 24 2519 2520 23324 5655
755 24 2519 2520 23389 5666
756 24 2519 2520 23432 5669
757 24 2519 2520 23481 5689
758 24 2519 2520 23548 5711
759 24 2519 2520 23621 5729
760 24 2519 2520 23685 5726
761 24 2519 2520 23755 5747
762 24 2519 2520 23833 5768
763 24 2519 2520 23898 5769
764 24 2519 2520 23942 5787
765 24 2519 2520 24000 5795
766 24 2519 2520 24050 5814
767 24 2519 2520 24119 5819
768 24 2519 2520 24180 5834
769 24 2519 2520 24224 5846
770 24 2519 2520 24292 5852
771 24 2519 2520 24347 5866
772 24 2519 2520 24399 5870
773 24 2519 2520 24451 5882
774 24 2519 2520 24509 5900
775 24 2519 2520 24558 5896
776 24 2519 2520 24605 5915
777 24 2519 2520 24639 5919
778 24 2519 2520 24691 5925
779 24 2519 2520 24730 5932
780 24 2519 2520 24766 5944
781 24 2519 2520 24786 5937
782 24 2519 2520 24817 5941
783 24 2519 2520 24844 5950
784 24 2519 2520 24872 5953
785 24 2519 2520 24936 5960
786 24 2519 2520 24954 5963
787 24 2519 2520 24980 5977
788 24 2519 2520 25010 5987
789 24 2519 2520 25042 5995
790 24 2519 2520 25080 5995
791 24 2519 2520 25110 6001
792 24 2519 2520 25141 6019
793 24 2519 2520 25180 6018
794 24 2519 2520 25218 6031
795 24 2519 2520 25261 6043
796 24 2519 2520 25299 6049
797 24 2519 2520 25335 6055
798 24 2519 2520 25356 6058
799 24 2519 2520 25384 6064
800 24 2519 2520 25404 6064
801 24 2519 2520 25426 6077
802 24 2519 2520 25458 6076
803 24 2519 2520 25482 6081
804 24 2519 2520 25505 6075
805 24 2519 2520 25531 6080
806 25 2519 2520 25559 6091
807 25 2519 2520 25589 6100
808 25 2519 2520 25612 6103
809 25 2519 2520 25644 6116
810 25 2519 2520 25690 6126
811 25 2519 2520 25731 6124
812 25 2519 2520 25783 6119
813 25 2519 2520 25841 6130
814 25 2519 2520 25882 6137
815 25 2519 2520 25912 6140
816 25 2519 2520 25945 6147
817 25 2519 2520 25985 6157
818 25 2519 2520 26016 6173
819 25 2519 2520 26067 6190
820 25 2519 2520 26109 6194
821 25 2519 2520 26154 6206
822 25 2519 2520 26180 6210
823 25 2519 2520 26231 6213
824 25 2519 2520 26272 6212
825 25 2519 2520 26295 6219
826 25 2519 2520 26332 6224
827 25 2519 2520 26371 6230
828 25 2519 2520 26406 6245
829 25 2519 2520 26430 6247
830 25 2519 2520 26474 6263
831 25 2519 2520 26487 6268
832 25 2519 2520 26513 6271
833 25 2519 2520 26529 6280
834 25 2519 2520 26560 6287
835 25 2519 2520 26585 6301
836 25 2519 2520 26606 6306
837 25 2519 2520 26632 6318
838 25 2519 2520 26657 6331
839 25 2519 2520 26697 6337
840 25 2519 2520 26738 6349
841 25 2519 2520 26764 6349
842 25 2519 2520 26787 6351
843 25 2519 2520 26799 6358
844 25 2519 2520 26816 6358
845 25 2519 2520 26834 6367
846 25 2519 2520 26848 6372
847 25 2519 2520 26883 6369
848 25 2519 2520 26912 6362
849 25 2519 2520 26921 6364
850 25 2519 2520 26961 6374
851 25 2519 2520 26995 6375
852 25 2519 2520 27038 6380
853 25 2519 2520 27064 6395
854 25 2519 2520 27086 6404
855 25 2519 2520 27094 6402
856 25 2519 2520 27123 6402
857 25 2519 2520 27141 6411
858 25 2519 2520 27158 6415
859 25 2519 2520 27174 6420
860 25 2519 2520 27188 6421
861 25 2519 2520 27209 6426
862 25 2519 2520 27219 6420
863 25 2519 2520 27232 6421
864 25 2519 2520 27249 6428
865 25 2519 2520 27267 6419
866 25 2519 2520 27297 6428
867 25 2519 2520 27319 6435
868 25 2519 2520 27350 6438
869 25 2519 2520 27368 6443
870 25 2519 2520 27379 6450
871 25 2519 2520 27397 6449
872 25 2519 2520 27422 6458
873 25 2519 2520 27446 6463
874 25 2519 2520 27465 6480
875 25 2519 2520 27486 6483
876 26 2519 2520 27508 6483
877 26 2519 2520 27522 6489
878 26 2519 2520 27568 6490
879 26 2519 2520 27595 6497
880 26 2519 2520 27650 6515
881 26 2519 2520 27672 6524
882 26 2519 2520 27722 6532
883 26 2519 2520 27778 6545
884 26 2519 2520 27831 6555
885 26 2519 2520 27881 6564
886 26 2519 2520 27901 6569
887 26 2519 2520 27945 6582
888 26 2519 2520 28003 6598
889 26 2519 2520 28033 6600
890 26 2519 2520 28071 6608
891 26 2519 2520 28111 6617
892 27 2519 2520 28145 6614
893 27 2519 2520 28207 6624
894 27 2519 2520 28239 6626
895 27 2519 2520 28257 6637
896 27 2519 2520 28302 6650
897 27 2519 2520 28342 6662
898 27 2519 2520 28390 6662
899 27 2519 2520 28444 6675
900 27 2519 2520 28504 6697
901 27 2519 2520 28553 6706
902 27 2519 2520 28597 6724
903 27 2519 2520 28638 6729
904 27 2519 2520 28663 6737
905 27 2519 2520 28701 6749
906 27 2519 2520 28750 6758
907 27 2519 2520 28795 6774
908 27 2519 2520 28836 6784
909 27 2519 2520 28880 6789
910 27 2519 2520 28910 6798
911 27 2519 2520 28933 6797
912 27 2519 2520 28966 6800
913 28 2519 2520 29019 6816
914 28 2519 2520 29069 6833
915 28 2519 2520 29104 6830
916 28 2519 2520 29161 6839
917 28 2519 2520 29222 6860
918 28 2519 2520 29266 6875
919 28 2519 2520 29319 6884
920 28 2519 2520 29378 6889
921 28 2519 2520 29439 6912
922 28 2519 2520 29492 6915
923 28 2519 2520 29530 6930
924 28 2519 2520 29583 6930
925 28 2519 2520 29642 6936
926 28 2519 2520 29698 6948
927 28 2519 2520 29758 6957
928 28 2519 2520 29807 6970
929 28 2519 2520 29877 6984
930 28 2519 2520 29920 6994
931 28 2519 2520 29963 6992
932 28 2519 2520 30018 7002
933 28 2519 2520 30061 6994
934 28 2519 2520 30108 6999
935 28 2519 2520 30159 6999
936 28 2519 2520 30201 7003
937 28 2519 2520 30244 7010
938 28 2519 2520 30292 7010
939 28 2519 2520 30341 7023
940 28 2519 2520 30386 7033
941 28 2519 2520 30413 7037
942 28 2519 2520 30442 7037
943 28 2519 2520 30470 7042
944 29 2519 2520 30520 7048
945 29 2519 2520 30569 7049
946 29 2519 2520 30633 7058
947 29 2519 2520 30686 7077
948 29 2519 2520 30735 7092
949 29 2519 2520 30791 7103
950 29 2519 2520 30830 7114
951 29 2519 2520 30886 7117
952 29 2519 2520 30942 7131
953 29 2519 2520 30996 7143
954 29 2519 2520 31052 7152
955 29 2519 2520 31095 7166
956 29 2519 2520 31146 7179
957 29 2519 2520 31193 7189
958 29 2519 2520 31248 7193
959 29 2519 2520 31321 7216
960 29 2519 2520 31363 7223
961 29 2519 2520 31383 7239
962 29 2519 2520 31437 7242
963 29 2519 2520 31481 7253
964 30 2519 2520 31511 7261
965 30 2519 2520 31553 7267
966 30 2519 2520 31618 7278
967 30 2519 2520 31672 7295
968 30 2519 2520 31718 7301
969 30 2519 2520 31770 7313
970 30 2519 2520 31814 7315
971 30 2519 2520 31873 7322
972 31 2519 2520 31907 7335
973 31 2519 2520 31960 7350
974 31 2519 2520 32024 7376
975 31 2519 2520 32071 7381
976 31 2519 2520 32126 7401
977 31 2519 2520 32191 7403
978 31 2519 2520 32251 7413
979 31 2519 2520 32317 7434
980 31 2519 2520 32369 7439
981 31 2519 2520 32435 7447
982 31 2519 2520 32500 7462
983 31 2519 2520 32555 7478
984 32 2519 2520 32614 7491
985 32 2519 2520 32664 7499
986 32 2519 2520 32703 7510
987 32 2519 2520 32751 7511
988 32 2519 2520 32817 7516
989 32 2519 2520 32868 7516
990 32 2519 2520 32929 7525
991 32 2519 2520 32973 7527
992 32 2519 2520 33026 7533
993 32 2519 2520 33082 7551
994 32 2519 2520 33131 7562
995 32 2519 2520 33166 7569
996 32 2519 2520 33221 7591
997 32 2519 2520 33264 7599
998 32 2519 2520 33306 7600
999 32 2519 2520 33351 7613
1000 32 2519 2520 33386 7617
