0 1 2519 2520 797 501
1 1 2519 2520 810 508
2 1 2519 2520 826 517
3 1 2519 2520 842 530
4 1 2519 2520 864 544
5 1 2519 2520 883 550
6 1 2519 2520 895 557
7 1 2519 2520 908 565
8 1 2519 2520 932 581
9 1 2519 2520 949 585
10 1 2519 2520 960 591
11 1 2519 2520 972 595
12 1 2519 2520 984 598
13 1 2519 2520 1002 601
14 1 2519 2520 1016 605
15 1 2519 2520 1035 612
16 1 2519 2520 1050 615
17 1 2519 2520 1067 624
18 1 2519 2520 1077 628
19 1 2519 2520 1098 635
20 1 2519 2520 1109 639
21 1 2519 2520 1121 640
22 1 2519 2520 1135 643
23 1 2519 2520 1145 650
24 1 2519 2520 1153 652
25 1 2519 2520 1162 657
26 1 2519 2520 1172 660
27 1 2519 2520 1179 660
28 1 2519 2520 1189 663
29 2 2519 2520 1194 664
30 2 2519 2520 1223 676
31 2 2519 2520 1274 689
32 2 2519 2520 1334 713
33 2 2519 2520 1382 729
34 2 2519 2520 1433 746
35 2 2519 2520 1483 762
36 2 2519 2520 1539 790
37 2 2519 2520 1587 804
38 2 2519 2520 1641 816
39 2 2519 2520 1692 833
40 2 2519 2520 1723 840
41 2 2519 2520 1758 849
42 2 2519 2520 1800 865
43 2 2519 2520 1831 878
44 2 2519 2520 1871 892
45 2 2519 2520 1904 900
46 2 2519 2520 1945 915
47 2 2519 2520 1986 925
48 2 2519 2520 2023 942
49 2 2519 2520 2049 947
50 2 2519 2520 2070 956
51 2 2519 2520 2099 966
52 2 2519 2520 2131 976
53 2 2519 2520 2167 980
54 2 2519 2520 2198 991
55 2 2519 2520 2224 998
56 2 2519 2520 2252 1001
57 2 2519 2520 2278 1007
58 2 2519 2520 2309 1005
59 2 2519 2520 2325 1003
60 2 2519 2520 2335 1005
61 2 2519 2520 2353 1009
62 3 2519 2520 2379 1016
63 3 2519 2520 2417 1028
64 3 2519 2520 2463 1040
65 4 2519 2520 2524 1069
66 4 2519 2520 2572 1081
67 4 2519 2520 2641 1105
68 4 2519 2520 2714 1136
69 4 2519 2520 2783 1166
70 4 2519 2520 2846 1170
71 4 2519 2520 2908 1187
72 4 2519 2520 2988 1206
73 4 2519 2520 3075 1243
74 4 2519 2520 3147 1262
75 4 2519 2520 3222 1282
76 4 2519 2520 3298 1314
77 4 2519 2520 3375 1339
78 4 2519 2520 3438 1344
79 4 2519 2520 3487 1354
80 4 2519 2520 3553 1377
81 4 2519 2520 3616 1388
82 4 2519 2520 3662 1403
83 4 2519 2520 3708 1424
84 4 2519 2520 3757 1441
85 4 2519 2520 3805 1445
86 4 2519 2520 3859 1465
87 4 2519 2520 3895 1474
88 4 2519 2520 3924 1487
89 4 2519 2520 3955 1497
90 4 2519 2520 3997 1504
91 4 2519 2520 4039 1516
92 4 2519 2520 4074 1522
93 4 2519 2520 4111 1537
94 4 2519 2520 4139 1550
95 4 2519 2520 4167 1549
96 4 2519 2520 4196 1560
97 4 2519 2520 4229 1569
98 4 2519 2520 4288 1590
99 4 2519 2520 4313 1594
100 4 2519 2520 4349 1605
101 5 2519 2520 4378 1617
102 5 2519 2520 4419 1625
103 5 2519 2520 4490 1640
104 5 2519 2520 4547 1649
105 5 2519 2520 4627 1666
106 5 2519 2520 4676 1671
107 5 2519 2520 4735 1689
108 5 2519 2520 4787 1696
109 5 2519 2520 4836 1715
110 5 2519 2520 4897 1727
111 5 2519 2520 4967 1741
112 5 2519 2520 5031 1752
113 5 2519 2520 5093 1764
114 5 2519 2520 5159 1788
115 5 2519 2520 5234 1804
116 5 2519 2520 5269 1812
117 6 2519 2520 5312 1824
118 6 2519 2520 5374 1847
119 6 2519 2520 5435 1868
120 6 2519 2520 5490 1871
121 6 2519 2520 5560 1872
122 6 2519 2520 5611 1897
123 6 2519 2520 5684 1908
124 6 2519 2520 5742 1919
125 6 2519 2520 5808 1937
126 6 2519 2520 5875 1948
127 6 2519 2520 5942 1954
128 6 2519 2520 5997 1969
129 6 2519 2520 6048 1980
130 6 2519 2520 6106 1998
131 6 2519 2520 6152 2003
132 6 2519 2520 6212 2015
133 6 2519 2520 6271 2036
134 6 2519 2520 6316 2042
135 6 2519 2520 6350 2048
136 6 2519 2520 6385 2061
137 6 2519 2520 6421 2060
138 6 2519 2520 6461 2072
139 7 2519 2520 6508 2080
140 7 2519 2520 6566 2100
141 7 2519 2520 6640 2120
142 7 2519 2520 6724 2138
143 7 2519 2520 6806 2156
144 8 2519 2520 6874 2177
145 8 2519 2520 6956 2186
146 8 2519 2520 7059 2218
147 8 2519 2520 7144 2240
148 8 2519 2520 7246 2263
149 8 2519 2520 7345 2277
150 8 2519 2520 7420 2301
151 8 2519 2520 7500 2303
152 8 2519 2520 7561 2321
153 8 2519 2520 7625 2318
154 8 2519 2520 7710 2339
155 8 2519 2520 7787 2360
156 8 2519 2520 7860 2375
157 8 2519 2520 7918 2396
158 8 2519 2520 7985 2406
159 8 2519 2520 8067 2430
160 8 2519 2520 8122 2436
161 8 2519 2520 8173 2451
162 8 2519 2520 8210 2451
163 8 2519 2520 8253 2457
164 8 2519 2520 8309 2482
165 8 2519 2520 8369 2492
166 8 2519 2520 8416 2499
167 8 2519 2520 8467 2507
168 8 2519 2520 8508 2528
169 8 2519 2520 8561 2538
170 8 2519 2520 8602 2562
171 8 2519 2520 8639 2579
172 8 2519 2520 8671 2587
173 8 2519 2520 8719 2597
174 8 2519 2520 8746 2603
175 8 2519 2520 8786 2619
176 8 2519 2520 8811 2617
177 8 2519 2520 8830 2625
178 8 2519 2520 8853 2635
179 8 2519 2520 8877 2639
180 8 2519 2520 8903 2645
181 8 2519 2520 8922 2656
182 8 2519 2520 8941 2665
183 8 2519 2520 8957 2673
184 8 2519 2520 8975 2671
185 8 2519 2520 8993 2678
186 8 2519 2520 9016 2694
187 8 2519 2520 9040 2706
188 8 2519 2520 9059 2702
189 8 2519 2520 9083 2717
190 8 2519 2520 9092 2717
191 10 2519 2520 9121 2733
192 10 2519 2520 9161 2730
193 10 2519 2520 9221 2735
194 10 2519 2520 9287 2752
195 10 2519 2520 9374 2760
196 10 2519 2520 9452 2781
197 11 2519 2520 9534 2805
198 11 2519 2520 9604 2816
199 11 2519 2520 9705 2840
200 11 2519 2520 9803 2864
201 11 2519 2520 9893 2886
202 11 2519 2520 9976 2904
203 11 2519 2520 10068 2917
204 11 2519 2520 10159 2940
205 11 2519 2520 10243 2959
206 11 2519 2520 10311 2972
207 11 2519 2520 10406 2991
208 11 2519 2520 10477 2997
209 11 2519 2520 10566 3025
210 11 2519 2520 10642 3028
211 11 2519 2520 10715 3045
212 11 2519 2520 10811 3070
213 11 2519 2520 10874 3077
214 11 2519 2520 10930 3095
215 11 2519 2520 10998 3110
216 11 2519 2520 11065 3117
217 11 2519 2520 11127 3136
218 11 2519 2520 11183 3149
219 11 2519 2520 11235 3162
220 11 2519 2520 11309 3181
221 11 2519 2520 11371 3201
222 11 2519 2520 11412 3212
223 11 2519 2520 11448 3223
224 11 2519 2520 11476 3236
225 11 2519 2520 11509 3241
226 11 2519 2520 11539 3242
227 11 2519 2520 11585 3256
228 11 2519 2520 11624 3257
229 11 2519 2520 11669 3261
230 11 2519 2520 11698 3258
231 11 2519 2520 11735 3264
232 11 2519 2520 11767 3277
233 11 2519 2520 11819 3281
234 11 2519 2520 11868 3281
235 11 2519 2520 11908 3294
236 12 2519 2520 11941 3293
237 12 2519 2520 11997 3313
238 12 2519 2520 12037 3327
239 12 2519 2520 12100 3335
240 12 2519 2520 12154 3341
241 12 2519 2520 12207 3353
242 12 2519 2520 12271 3375
243 12 2519 2520 12338 3391
244 12 2519 2520 12395 3414
245 12 2519 2520 12448 3426
246 12 2519 2520 12487 3431
247 12 2519 2520 12519 3433
248 12 2519 2520 12564 3436
249 12 2519 2520 12616 3462
250 12 2519 2520 12657 3474
251 13 2519 2520 12697 3477
252 13 2519 2520 12743 3478
253 13 2519 2520 12798 3496
254 13 2519 2520 12866 3516
255 13 2519 2520 12926 3522
256 13 2519 2520 12975 3526
257 13 2519 2520 13041 3534
258 13 2519 2520 13084 3548
259 13 2519 2520 13136 3551
260 13 2519 2520 13178 3563
261 13 2519 2520 13224 3581
262 13 2519 2520 13274 3584
263 13 2519 2520 13317 3594
264 13 2519 2520 13360 3608
265 13 2519 2520 13377 3605
266 13 2519 2520 13430 3622
267 13 2519 2520 13474 3631
268 13 2519 2520 13515 3642
269 13 2519 2520 13566 3657
270 13 2519 2520 13595 3653
271 13 2519 2520 13638 3665
272 13 2519 2520 13672 3678
273 13 2519 2520 13698 3684
274 14 2519 2520 13734 3688
275 14 2519 2520 13779 3700
276 14 2519 2520 13814 3708
277 14 2519 2520 13866 3717
278 14 2519 2520 13901 3727
279 14 2519 2520 13948 3745
280 14 2519 2520 14000 3766
281 14 2519 2520 14064 3777
282 14 2519 2520 14116 3784
283 14 2519 2520 14172 3806
284 14 2519 2520 14234 3824
285 14 2519 2520 14277 3830
286 14 2519 2520 14339 3844
287 15 2519 2520 14395 3863
288 15 2519 2520 14445 3889
289 15 2519 2520 14506 3900
290 15 2519 2520 14571 3917
291 15 2519 2520 14630 3929
292 15 2519 2520 14690 3942
293 15 2519 2520 14763 3960
294 15 2519 2520 14825 3974
295 15 2519 2520 14885 3988
296 15 2519 2520 14935 4005
297 15 2519 2520 14979 4019
298 15 2519 2520 15025 4031
299 15 2519 2520 15073 4049
300 15 2519 2520 15109 4051
301 15 2519 2520 15154 4058
302 15 2519 2520 15211 4076
303 15 2519 2520 15257 4083
304 15 2519 2520 15303 4088
305 15 2519 2520 15350 4106
306 15 2519 2520 15388 4119
307 15 2519 2520 15446 4133
308 15 2519 2520 15474 4139
309 15 2519 2520 15519 4138
310 15 2519 2520 15568 4139
311 15 2519 2520 15604 4146
312 15 2519 2520 15660 4155
313 15 2519 2520 15701 4157
314 15 2519 2520 15732 4156
315 15 2519 2520 15760 4161
316 15 2519 2520 15796 4163
317 15 2519 2520 15831 4171
318 15 2519 2520 15872 4180
319 15 2519 2520 15906 4190
320 15 2519 2520 15939 4197
321 15 2519 2520 15963 4201
322 15 2519 2520 15995 4209
323 15 2519 2520 16017 4212
324 15 2519 2520 16044 4220
325 15 2519 2520 16059 4227
326 15 2519 2520 16083 4232
327 15 2519 2520 16109 4234
328 15 2519 2520 16132 4236
329 15 2519 2520 16163 4245
330 15 2519 2520 16202 4249
331 15 2519 2520 16236 4256
332 15 2519 2520 16277 4263
333 15 2519 2520 16304 4272
334 15 2519 2520 16330 4283
335 15 2519 2520 16352 4292
336 15 2519 2520 16370 4296
337 15 2519 2520 16398 4303
338 15 2519 2520 16419 4311
339 15 2519 2520 16446 4320
340 15 2519 2520 16467 4332
341 15 2519 2520 16477 4325
342 15 2519 2520 16482 4324
343 15 2519 2520 16495 4328
344 15 2519 2520 16525 4334
345 15 2519 2520 16536 4337
346 15 2519 2520 16549 4336
347 15 2519 2520 16572 4342
348 15 2519 2520 16572 4346
349 15 2519 2520 16582 4345
350 15 2519 2520 16600 4350
351 15 2519 2520 16614 4350
352 15 2519 2520 16620 4347
353 15 2519 2520 16642 4355
354 15 2519 2520 16648 4354
355 15 2519 2520 16664 4355
356 15 2519 2520 16675 4351
357 15 2519 2520 16687 4352
358 15 2519 2520 16692 4356
359 15 2519 2520 16701 4357
360 15 2519 2520 16718 4354
361 15 2519 2520 16723 4354
362 15 2519 2520 16738 4352
363 15 2519 2520 16745 4354
364 15 2519 2520 16754 4356
365 15 2519 2520 16756 4356
366 15 2519 2520 16773 4358
367 15 2519 2520 16800 4365
368 15 2519 2520 16809 4365
369 15 2519 2520 16810 4368
370 16 2519 2520 16816 4368
371 17 2519 2520 16816 4370
372 17 2519 2520 16836 4372
373 17 2519 2520 16876 4379
374 17 2519 2520 16907 4392
375 17 2519 2520 16946 4405
376 17 2519 2520 16984 4410
377 17 2519 2520 17028 4413
378 17 2519 2520 17087 4422
379 17 2519 2520 17139 4439
380 17 2519 2520 17189 4443
381 17 2519 2520 17236 4453
382 17 2519 2520 17311 4460
383 17 2519 2520 17379 4472
384 17 2519 2520 17449 4475
385 17 2519 2520 17495 4487
386 17 2519 2520 17559 4498
387 17 2519 2520 17610 4506
388 17 2519 2520 17658 4508
389 17 2519 2520 17707 4508
390 17 2519 2520 17759 4516
391 17 2519 2520 17814 4522
392 17 2519 2520 17846 4527
393 17 2519 2520 17889 4528
394 17 2519 2520 17951 4539
395 17 2519 2520 17996 4542
396 17 2519 2520 18029 4549
397 17 2519 2520 18062 4555
398 17 2519 2520 18099 4563
399 17 2519 2520 18133 4575
400 17 2519 2520 18165 4581
401 17 2519 2520 18191 4587
402 17 2519 2520 18214 4595
403 17 2519 2520 18239 4599
404 17 2519 2520 18264 4609
405 17 2519 2520 18306 4616
406 17 2519 2520 18324 4622
407 17 2519 2520 18364 4635
408 17 2519 2520 18379 4639
409 17 2519 2520 18406 4645
410 17 2519 2520 18422 4644
411 17 2519 2520 18441 4650
412 17 2519 2520 18458 4652
413 17 2519 2520 18470 4656
414 17 2519 2520 18489 4657
415 17 2519 2520 18506 4667
416 17 2519 2520 18532 4671
417 17 2519 2520 18556 4669
418 17 2519 2520 18582 4677
419 17 2519 2520 18592 4679
420 17 2519 2520 18607 4688
421 17 2519 2520 18616 4689
422 17 2519 2520 18616 4685
423 17 2519 2520 18635 4696
424 17 2519 2520 18645 4703
425 17 2519 2520 18660 4713
426 17 2519 2520 18676 4715
427 17 2519 2520 18688 4724
428 17 2519 2520 18693 4725
429 17 2519 2520 18706 4726
430 17 2519 2520 18713 4724
431 17 2519 2520 18724 4728
432 17 2519 2520 18732 4736
433 17 2519 2520 18744 4738
434 17 2519 2520 18750 4736
435 17 2519 2520 18767 4742
436 17 2519 2520 18772 4748
437 17 2519 2520 18790 4758
438 17 2519 2520 18798 4758
439 17 2519 2520 18816 4759
440 17 2519 2520 18824 4763
441 17 2519 2520 18833 4770
442 17 2519 2520 18838 4775
443 17 2519 2520 18840 4775
444 17 2519 2520 18850 4777
445 17 2519 2520 18862 4782
446 17 2519 2520 18875 4786
447 17 2519 2520 18889 4787
448 17 2519 2520 18893 4788
449 17 2519 2520 18896 4786
450 17 2519 2520 18895 4789
451 17 2519 2520 18897 4789
452 17 2519 2520 18901 4791
453 17 2519 2520 18902 4790
454 17 2519 2520 18906 4789
455 17 2519 2520 18914 4790
456 17 2519 2520 18918 4787
457 17 2519 2520 18929 4793
458 17 2519 2520 18926 4794
459 17 2519 2520 18934 4790
460 17 2519 2520 18938 4791
461 17 2519 2520 18941 4799
462 17 2519 2520 18939 4791
463 17 2519 2520 18945 4795
464 17 2519 2520 18947 4790
465 17 2519 2520 18957 4791
466 17 2519 2520 18962 4791
467 17 2519 2520 18963 4791
468 17 2519 2520 18976 4795
469 17 2519 2520 18982 4798
470 17 2519 2520 18985 4796
471 17 2519 2520 18986 4794
472 17 2519 2520 18995 4801
473 17 2519 2520 18994 4794
474 17 2519 2520 19008 4798
475 17 2519 2520 19014 4795
476 17 2519 2520 19009 4791
477 17 2519 2520 19009 4792
478 17 2519 2520 19020 4794
479 17 2519 2520 19036 4799
480 17 2519 2520 19046 4797
481 17 2519 2520 19061 4798
482 18 2519 2520 19065 4797
483 18 2519 2520 19079 4800
484 18 2519 2520 19091 4813
485 18 2519 2520 19121 4831
486 18 2519 2520 19130 4836
487 18 2519 2520 19141 4837
488 18 2519 2520 19170 4844
489 18 2519 2520 19194 4849
490 18 2519 2520 19223 4858
491 18 2519 2520 19258 4866
492 18 2519 2520 19279 4863
493 19 2519 2520 19311 4874
494 19 2519 2520 19347 4875
495 19 2519 2520 19379 4891
496 19 2519 2520 19425 4901
497 19 2519 2520 19462 4913
498 19 2519 2520 19505 4917
499 19 2519 2520 19545 4931
500 19 2519 2520 19590 4940
501 19 2519 2520 19645 4950
502 19 2519 2520 19697 4967
503 19 2519 2520 19737 4978
504 19 2519 2520 19783 4986
505 19 2519 2520 19828 4989
506 19 2519 2520 19860 4985
507 19 2519 2520 19897 4987
508 19 2519 2520 19950 4995
509 19 2519 2520 19984 4986
510 19 2519 2520 20016 4999
511 19 2519 2520 20055 5000
512 19 2519 2520 20098 5003
513 19 2519 2520 20146 5024
514 19 2519 2520 20162 5034
515 19 2519 2520 20202 5036
516 19 2519 2520 20242 5048
517 19 2519 2520 20284 5050
518 19 2519 2520 20300 5050
519 19 2519 2520 20325 5051
520 19 2519 2520 20364 5063
521 19 2519 2520 20392 5067
522 19 2519 2520 20420 5072
523 19 2519 2520 20455 5079
524 19 2519 2520 20484 5085
525 20 2519 2520 20511 5087
526 20 2519 2520 20552 5104
527 20 2519 2520 20583 5112
528 20 2519 2520 20615 5114
529 20 2519 2520 20651 5116
530 20 2519 2520 20682 5124
531 20 2519 2520 20728 5135
532 20 2519 2520 20793 5146
533 20 2519 2520 20829 5162
534 20 2519 2520 20876 5167
535 20 2519 2520 20931 5178
536 20 2519 2520 20971 5193
537 20 2519 2520 21002 5192
538 20 2519 2520 21059 5204
539 20 2519 2520 21092 5215
540 20 2519 2520 21132 5227
541 20 2519 2520 21174 5238
542 20 2519 2520 21228 5240
543 20 2519 2520 21282 5256
544 20 2519 2520 21324 5271
545 20 2519 2520 21368 5281
546 20 2519 2520 21415 5291
547 20 2519 2520 21459 5300
548 20 2519 2520 21497 5304
549 20 2519 2520 21520 5308
550 20 2519 2520 21552 5311
551 20 2519 2520 21584 5320
552 20 2519 2520 21624 5324
553 20 2519 2520 21665 5337
554 20 2519 2520 21691 5342
555 20 2519 2520 21718 5349
556 20 2519 2520 21743 5353
557 20 2519 2520 21788 5365
558 20 2519 2520 21800 5366
559 20 2519 2520 21823 5370
560 20 2519 2520 21838 5370
561 20 2519 2520 21863 5374
562 20 2519 2520 21890 5377
563 20 2519 2520 21907 5386
564 20 2519 2520 21929 5392
565 21 2519 2520 21963 5398
566 21 2519 2520 21986 5406
567 21 2519 2520 22019 5410
568 21 2519 2520 22050 5427
569 21 2519 2520 22089 5429
570 21 2519 2520 22113 5437
571 21 2519 2520 22155 5448
572 21 2519 2520 22198 5456
573 21 2519 2520 22240 5465
574 21 2519 2520 22273 5474
575 21 2519 2520 22311 5482
576 21 2519 2520 22342 5478
577 21 2519 2520 22385 5487
578 21 2519 2520 22427 5492
579 21 2519 2520 22480 5502
580 21 2519 2520 22532 5509
581 21 2519 2520 22579 5521
582 21 2519 2520 22616 5534
583 21 2519 2520 22649 5538
584 21 2519 2520 22691 5553
585 22 2519 2520 22703 5552
586 22 2519 2520 22740 5562
587 23 2519 2520 22798 5570
588 23 2519 2520 22829 5580
589 23 2519 2520 22896 5598
590 23 2519 2520 22973 5610
591 23 2519 2520 23029 5628
592 23 2519 2520 23105 5635
593 23 2519 2520 23180 5645
594 23 2519 2520 23274 5669
595 23 2519 2520 23333 5662
596 23 2519 2520 23416 5684
597 23 2519 2520 23477 5697
598 23 2519 2520 23558 5701
599 23 2519 2520 23628 5713
600 23 2519 2520 23698 5726
601 23 2519 2520 23769 5743
602 23 2519 2520 23818 5749
603 23 2519 2520 23872 5761
604 23 2519 2520 23929 5780
605 23 2519 2520 23978 5783
606 23 2519 2520 24033 5798
607 23 2519 2520 24081 5817
608 23 2519 2520 24139 5833
609 23 2519 2520 24183 5837
610 23 2519 2520 24236 5844
611 23 2519 2520 24284 5862
612 23 2519 2520 24321 5868
613 23 2519 2520 24370 5884
614 23 2519 2520 24415 5901
615 23 2519 2520 24450 5908
616 23 2519 2520 24492 5916
617 23 2519 2520 24534 5926
618 23 2519 2520 24572 5932
619 23 2519 2520 24611 5948
620 23 2519 2520 24632 5953
621 23 2519 2520 24672 5961
622 23 2519 2520 24703 5971
623 23 2519 2520 24739 5981
624 23 2519 2520 24765 5983
625 23 2519 2520 24788 5983
626 23 2519 2520 24817 5989
627 23 2519 2520 24851 5996
628 23 2519 2520 24885 6001
629 23 2519 2520 24929 6011
630 23 2519 2520 24958 6017
631 23 2519 2520 24970 6025
632 23 2519 2520 25001 6039
633 23 2519 2520 25024 6040
634 23 2519 2520 25045 6051
635 23 2519 2520 25074 6057
636 23 2519 2520 25084 6063
637 23 2519 2520 25121 6068
638 23 2519 2520 25142 6072
639 23 2519 2520 25155 6072
640 23 2519 2520 25168 6075
641 23 2519 2520 25191 6088
642 23 2519 2520 25207 6090
643 23 2519 2520 25227 6094
644 23 2519 2520 25240 6098
645 23 2519 2520 25256 6102
646 23 2519 2520 25277 6112
647 23 2519 2520 25286 6117
648 23 2519 2520 25306 6120
649 23 2519 2520 25317 6119
650 23 2519 2520 25323 6127
651 23 2519 2520 25339 6136
652 23 2519 2520 25355 6140
653 23 2519 2520 25373 6135
654 23 2519 2520 25379 6138
655 23 2519 2520 25403 6148
656 23 2519 2520 25409 6156
657 23 2519 2520 25416 6154
658 23 2519 2520 25428 6153
659 23 2519 2520 25438 6152
660 23 2519 2520 25462 6162
661 23 2519 2520 25480 6162
662 23 2519 2520 25498 6167
663 23 2519 2520 25519 6172
664 24 2519 2520 25534 6172
665 24 2519 2520 25557 6178
666 24 2519 2520 25596 6177
667 24 2519 2520 25649 6185
668 24 2519 2520 25677 6190
669 24 2519 2520 25730 6213
670 24 2519 2520 25777 6225
671 24 2519 2520 25813 6219
672 24 2519 2520 25850 6228
673 24 2519 2520 25880 6232
674 24 2519 2520 25906 6233
675 24 2519 2520 25943 6236
676 24 2519 2520 25986 6239
677 24 2519 2520 26034 6251
678 24 2519 2520 26056 6254
679 24 2519 2520 26093 6255
680 24 2519 2520 26130 6262
681 24 2519 2520 26159 6274
682 24 2519 2520 26185 6280
683 24 2519 2520 26201 6275
684 24 2519 2520 26233 6287
685 24 2519 2520 26265 6295
686 24 2519 2520 26286 6307
687 24 2519 2520 26318 6317
688 24 2519 2520 26345 6321
689 24 2519 2520 26364 6321
690 24 2519 2520 26377 6321
691 24 2519 2520 26384 6328
692 24 2519 2520 26405 6326
693 24 2519 2520 26430 6333
694 24 2519 2520 26450 6336
695 24 2519 2520 26463 6337
696 24 2519 2520 26481 6337
697 24 2519 2520 26509 6340
698 24 2519 2520 26539 6339
699 24 2519 2520 26561 6338
700 24 2519 2520 26588 6342
701 25 2519 2520 26612 6341
702 25 2519 2520 26644 6352
703 25 2519 2520 26668 6355
704 25 2519 2520 26703 6366
705 25 2519 2520 26717 6372
706 26 2519 2520 26745 6378
707 26 2519 2520 26775 6386
708 26 2519 2520 26809 6394
709 26 2519 2520 26835 6393
710 26 2519 2520 26876 6395
711 26 2519 2520 26918 6404
712 26 2519 2520 26953 6411
713 26 2519 2520 26999 6426
714 26 2519 2520 27055 6430
715 26 2519 2520 27082 6431
716 26 2519 2520 27105 6432
717 26 2519 2520 27151 6439
718 26 2519 2520 27170 6443
719 26 2519 2520 27203 6447
720 26 2519 2520 27228 6450
721 26 2519 2520 27262 6452
722 26 2519 2520 27299 6455
723 26 2519 2520 27346 6466
724 26 2519 2520 27385 6479
725 26 2519 2520 27407 6485
726 26 2519 2520 27426 6492
727 26 2519 2520 27440 6492
728 26 2519 2520 27474 6514
729 26 2519 2520 27508 6524
730 26 2519 2520 27527 6527
731 26 2519 2520 27548 6532
732 26 2519 2520 27577 6537
733 26 2519 2520 27613 6537
734 26 2519 2520 27637 6542
735 26 2519 2520 27675 6563
736 26 2519 2520 27703 6565
737 26 2519 2520 27725 6565
738 26 2519 2520 27747 6563
739 26 2519 2520 27757 6571
740 26 2519 2520 27781 6570
741 26 2519 2520 27819 6578
742 26 2519 2520 27856 6582
743 26 2519 2520 27882 6599
744 26 2519 2520 27916 6607
745 26 2519 2520 27933 6612
746 26 2519 2520 27954 6611
747 26 2519 2520 27981 6617
748 26 2519 2520 28001 6622
749 26 2519 2520 28030 6627
750 26 2519 2520 28071 6630
751 26 2519 2520 28082 6634
752 26 2519 2520 28109 6639
753 26 2519 2520 28122 6634
754 26 2519 2520 28144 6645
755 27 2519 2520 28161 6659
756 27 2519 2520 28184 6666
757 27 2519 2520 28209 6678
758 27 2519 2520 28242 6683
759 27 2519 2520 28257 6687
760 27 2519 2520 28286 6690
761 27 2519 2520 28317 6702
762 27 2519 2520 28351 6718
763 27 2519 2520 28377 6718
764 27 2519 2520 28402 6726
765 27 2519 2520 28440 6728
766 27 2519 2520 28454 6729
767 27 2519 2520 28479 6732
768 27 2519 2520 28514 6737
769 27 2519 2520 28548 6742
770 27 2519 2520 28569 6746
771 27 2519 2520 28591 6749
772 27 2519 2520 28621 6757
773 27 2519 2520 28640 6760
774 27 2519 2520 28670 6770
775 27 2519 2520 28687 6774
776 27 2519 2520 28704 6771
777 27 2519 2520 28728 6786
778 27 2519 2520 28757 6783
779 27 2519 2520 28778 6788
780 27 2519 2520 28818 6787
781 27 2519 2520 28838 6791
782 28 2519 2520 28876 6797
783 28 2519 2520 28903 6800
784 28 2519 2520 28934 6802
785 28 2519 2520 28964 6813
786 28 2519 2520 28996 6814
787 28 2519 2520 29027 6814
788 28 2519 2520 29045 6821
789 28 2519 2520 29067 6831
790 28 2519 2520 29081 6828
791 28 2519 2520 29100 6821
792 28 2519 2520 29138 6827
793 28 2519 2520 29145 6816
794 28 2519 2520 29174 6826
795 28 2519 2520 29206 6829
796 28 2519 2520 29228 6819
797 28 2519 2520 29270 6829
798 28 2519 2520 29298 6825
799 28 2519 2520 29344 6829
800 28 2519 2520 29363 6829
801 28 2519 2520 29395 6825
802 28 2519 2520 29431 6829
803 28 2519 2520 29468 6826
804 28 2519 2520 29508 6827
805 28 2519 2520 29547 6832
806 28 2519 2520 29589 6846
807 28 2519 2520 29630 6858
808 28 2519 2520 29665 6860
809 28 2519 2520 29705 6869
810 28 2519 2520 29729 6876
811 28 2519 2520 29764 6881
812 28 2519 2520 29785 6885
813 28 2519 2520 29811 6886
814 28 2519 2520 29856 6888
815 28 2519 2520 29903 6896
816 28 2519 2520 29943 6898
817 28 2519 2520 29967 6907
818 28 2519 2520 29990 6913
819 28 2519 2520 30028 6925
820 28 2519 2520 30078 6931
821 28 2519 2520 30114 6931
822 28 2519 2520 30161 6936
823 28 2519 2520 30185 6940
824 28 2519 2520 30205 6942
825 28 2519 2520 30230 6951
826 29 2519 2520 30268 6964
827 30 2519 2520 30292 6968
828 30 2519 2520 30330 6979
829 30 2519 2520 30375 6988
830 30 2519 2520 30406 6990
831 30 2519 2520 30435 6983
832 30 2519 2520 30475 6994
833 30 2519 2520 30506 7003
834 30 2519 2520 30545 7007
835 30 2519 2520 30583 7006
836 30 2519 2520 30628 7013
837 30 2519 2520 30667 7007
838 30 2519 2520 30716 7014
839 30 2519 2520 30755 7017
840 30 2519 2520 30812 7034
841 30 2519 2520 30856 7031
842 30 2519 2520 30928 7046
843 30 2519 2520 30993 7064
844 30 2519 2520 31037 7072
845 30 2519 2520 31075 7073
846 30 2519 2520 31121 7074
847 30 2519 2520 31173 7085
848 30 2519 2520 31247 7092
849 30 2519 2520 31297 7087
850 30 2519 2520 31359 7106
851 30 2519 2520 31397 7135
852 30 2519 2520 31427 7135
853 30 2519 2520 31478 7140
854 30 2519 2520 31530 7144
855 30 2519 2520 31559 7159
856 30 2519 2520 31608 7175
857 30 2519 2520 31644 7183
858 30 2519 2520 31700 7192
859 30 2519 2520 31746 7203
860 30 2519 2520 31789 7213
861 30 2519 2520 31831 7224
862 30 2519 2520 31857 7223
863 30 2519 2520 31892 7236
864 30 2519 2520 31920 7243
865 30 2519 2520 31960 7245
866 30 2519 2520 31994 7254
867 30 2519 2520 32030 7258
868 30 2519 2520 32066 7267
869 30 2519 2520 32106 7281
870 30 2519 2520 32141 7284
871 30 2519 2520 32184 7297
872 30 2519 2520 32212 7307
873 30 2519 2520 32247 7315
874 30 2519 2520 32268 7315
875 30 2519 2520 32310 7322
876 30 2519 2520 32345 7324
877 30 2519 2520 32379 7326
878 30 2519 2520 32418 7330
879 30 2519 2520 32464 7339
880 30 2519 2520 32496 7344
881 30 2519 2520 32519 7348
882 30 2519 2520 32544 7352
883 30 2519 2520 32581 7355
884 30 2519 2520 32614 7351
885 30 2519 2520 32639 7344
886 30 2519 2520 32653 7355
887 30 2519 2520 32674 7363
888 31 2519 2520 32707 7364
889 31 2519 2520 32751 7371
890 31 2519 2520 32799 7376
891 31 2519 2520 32849 7381
892 31 2519 2520 32903 7382
893 31 2519 2520 32952 7391
894 31 2519 2520 32998 7399
895 31 2519 2520 33072 7408
896 31 2519 2520 33119 7409
897 31 2519 2520 33165 7413
898 31 2519 2520 33232 7424
899 31 2519 2520 33301 7429
900 31 2519 2520 33361 7442
901 31 2519 2520 33414 7455
902 31 2519 2520 33475 7471
903 31 2519 2520 33521 7469
904 31 2519 2520 33588 7480
905 31 2519 2520 33652 7480
906 31 2519 2520 33686 7476
907 31 2519 2520 33724 7500
908 31 2519 2520 33769 7503
909 31 2519 2520 33824 7505
910 31 2519 2520 33859 7508
911 31 2519 2520 33895 7514
912 31 2519 2520 33951 7524
913 31 2519 2520 34005 7534
914 31 2519 2520 34037 7541
915 31 2519 2520 34083 7545
916 31 2519 2520 34133 7560
917 31 2519 2520 34188 7567
918 31 2519 2520 34241 7581
919 31 2519 2520 34290 7593
920 31 2519 2520 34317 7592
921 31 2519 2520 34351 7606
922 31 2519 2520 34404 7610
923 31 2519 2520 34439 7611
924 31 2519 2520 34472 7612
925 31 2519 2520 34497 7626
926 31 2519 2520 34530 7642
927 31 2519 2520 34548 7649
928 31 2519 2520 34587 7658
929 31 2519 2520 34616 7671
930 31 2519 2520 34644 7673
931 31 2519 2520 34678 7667
932 31 2519 2520 34731 7677
933 32 2519 2520 34755 7687
934 32 2519 2520 34781 7694
935 32 2519 2520 34811 7699
936 32 2519 2520 34840 7706
937 33 2519 2520 34882 7718
938 33 2519 2520 34938 7724
939 33 2519 2520 34993 7735
940 33 2519 2520 35053 7761
941 33 2519 2520 35112 7779
942 33 2519 2520 35188 7806
943 33 2519 2520 35243 7819
944 33 2519 2520 35311 7838
945 33 2519 2520 35374 7835
946 33 2519 2520 35457 7838
947 33 2519 2520 35509 7859
948 33 2519 2520 35568 7880
949 33 2519 2520 35637 7885
950 33 2519 2520 35702 7898
951 33 2519 2520 35763 7905
952 34 2519 2520 35828 7912
953 34 2519 2520 35890 7924
954 34 2519 2520 35955 7944
955 34 2519 2520 36016 7957
956 34 2519 2520 36053 7976
957 34 2519 2520 36110 7981
958 34 2519 2520 36172 7993
959 34 2519 2520 36237 8001
960 34 2519 2520 36307 8001
961 34 2519 2520 36375 8000
962 34 2519 2520 36447 8012
963 34 2519 2520 36486 8024
964 34 2519 2520 36556 8033
965 34 2519 2520 36639 8048
966 34 2519 2520 36698 8061
967 34 2519 2520 36731 8074
968 34 2519 2520 36774 8080
969 34 2519 2520 36806 8093
970 34 2519 2520 36850 8097
971 34 2519 2520 36891 8105
972 34 2519 2520 36929 8110
973 35 2519 2520 36968 8124
974 35 2519 2520 37003 8118
975 35 2519 2520 37073 8133
976 35 2519 2520 37143 8135
977 35 2519 2520 37197 8146
978 35 2519 2520 37248 8165
979 35 2519 2520 37309 8171
980 35 2519 2520 37373 8184
981 35 2519 2520 37445 8189
982 35 2519 2520 37514 8192
983 35 2519 2520 37586 8200
984 35 2519 2520 37667 8207
985 35 2519 2520 37725 8213
986 35 2519 2520 37778 8225
987 35 2519 2520 37854 8240
988 35 2519 2520 37899 8245
989 35 2519 2520 37937 8257
990 35 2519 2520 37993 8272
991 35 2519 2520 38026 8280
992 35 2519 2520 38074 8289
993 35 2519 2520 38115 8300
994 36 2519 2520 38161 8314
995 36 2519 2520 38217 8334
996 36 2519 2520 38276 8335
997 36 2519 2520 38328 8344
998 36 2519 2520 38407 8361
999 36 2519 2520 38469 8363
1000 36 2519 2520 38541 8382
