0 1 2519 2520 793 499
1 1 2519 2520 805 504
2 1 2519 2520 828 520
3 1 2519 2520 845 530
4 1 2519 2520 864 540
5 1 2519 2520 877 548
6 1 2519 2520 897 560
7 1 2519 2520 916 574
8 1 2519 2520 926 577
9 1 2519 2520 938 584
10 1 2519 2520 955 594
11 1 2519 2520 966 597
12 1 2519 2520 978 603
13 1 2519 2520 993 607
14 1 2519 2520 1007 613
15 1 2519 2520 1019 614
16 1 2519 2520 1028 613
17 1 2519 2520 1042 621
18 1 2519 2520 1051 624
19 1 2519 2520 1059 626
20 1 2519 2520 1076 630
21 1 2519 2520 1089 637
22 1 2519 2520 1104 645
23 1 2519 2520 1119 649
24 1 2519 2520 1134 656
25 1 2519 2520 1147 658
26 1 2519 2520 1155 661
27 1 2519 2520 1168 669
28 1 2519 2520 1179 670
29 1 2519 2520 1190 671
30 2 2519 2520 1198 674
31 2 2519 2520 1221 681
32 2 2519 2520 1268 702
33 2 2519 2520 1319 721
34 2 2519 2520 1365 740
35 2 2519 2520 1408 762
36 2 2519 2520 1466 786
37 2 2519 2520 1501 798
38 2 2519 2520 1538 815
39 2 2519 2520 1571 823
40 2 2519 2520 1610 833
41 2 2519 2520 1653 846
42 2 2519 2520 1692 864
43 2 2519 2520 1740 868
44 2 2519 2520 1794 887
45 2 2519 2520 1845 900
46 2 2519 2520 1882 906
47 2 2519 2520 1921 917
48 2 2519 2520 1964 929
49 2 2519 2520 1992 932
50 2 2519 2520 2030 936
51 2 2519 2520 2049 940
52 2 2519 2520 2077 955
53 2 2519 2520 2112 963
54 2 2519 2520 2135 970
55 2 2519 2520 2178 982
56 2 2519 2520 2199 987
57 2 2519 2520 2212 994
58 2 2519 2520 2220 993
59 2 2519 2520 2246 1006
60 2 2519 2520 2271 1014
61 2 2519 2520 2286 1018
62 2 2519 2520 2309 1032
63 2 2519 2520 2325 1037
64 2 2519 2520 2344 1046
65 3 2519 2520 2363 1050
66 3 2519 2520 2399 1063
67 3 2519 2520 2455 1075
68 3 2519 2520 2508 1084
69 3 2519 2520 2548 1091
70 3 2519 2520 2598 1111
71 3 2519 2520 2643 1126
72 3 2519 2520 2701 1142
73 3 2519 2520 2747 1150
74 3 2519 2520 2800 1167
75 3 2519 2520 2847 1176
76 3 2519 2520 2880 1195
77 3 2519 2520 2920 1209
78 3 2519 2520 2956 1213
79 3 2519 2520 2995 1223
80 3 2519 2520 3045 1236
81 3 2519 2520 3084 1244
82 3 2519 2520 3127 1258
83 3 2519 2520 3155 1266
84 3 2519 2520 3201 1285
85 3 2519 2520 3241 1297
86 3 2519 2520 3274 1312
87 3 2519 2520 3315 1322
88 3 2519 2520 3344 1325
89 3 2519 2520 3371 1332
90 3 2519 2520 3402 1342
91 3 2519 2520 3431 1356
92 3 2519 2520 3458 1361
93 3 2519 2520 3480 1373
94 4 2519 2520 3497 1379
95 4 2519 2520 3518 1378
96 4 2519 2520 3546 1387
97 4 2519 2520 3568 1395
98 4 2519 2520 3612 1418
99 4 2519 2520 3656 1428
100 5 2519 2520 3709 1442
101 5 2519 2520 3779 1468
102 5 2519 2520 3847 1483
103 6 2519 2520 3931 1496
104 6 2519 2520 4020 1519
105 6 2519 2520 4141 1531
106 6 2519 2520 4271 1573
107 6 2519 2520 4400 1604
108 6 2519 2520 4533 1652
109 6 2519 2520 4655 1675
110 6 2519 2520 4767 1702
111 6 2519 2520 4904 1732
112 6 2519 2520 5001 1757
113 6 2519 2520 5083 1778
114 6 2519 2520 5162 1793
115 6 2519 2520 5239 1808
116 6 2519 2520 5322 1843
117 6 2519 2520 5407 1853
118 6 2519 2520 5477 1860
119 6 2519 2520 5574 1884
120 6 2519 2520 5639 1904
121 6 2519 2520 5695 1906
122 6 2519 2520 5754 1924
123 6 2519 2520 5818 1924
124 6 2519 2520 5879 1935
125 6 2519 2520 5930 1949
126 6 2519 2520 5992 1953
127 6 2519 2520 6064 1954
128 6 2519 2520 6106 1962
129 6 2519 2520 6144 1971
130 6 2519 2520 6190 1983
131 6 2519 2520 6238 1990
132 6 2519 2520 6292 2004
133 6 2519 2520 6340 2006
134 6 2519 2520 6369 2007
135 7 2519 2520 6419 2025
136 7 2519 2520 6463 2039
137 7 2519 2520 6529 2055
138 7 2519 2520 6590 2078
139 7 2519 2520 6637 2089
140 7 2519 2520 6684 2092
141 7 2519 2520 6750 2115
142 7 2519 2520 6804 2123
143 7 2519 2520 6847 2131
144 7 2519 2520 6913 2158
145 7 2519 2520 6973 2160
146 7 2519 2520 7030 2167
147 7 2519 2520 7068 2178
148 7 2519 2520 7099 2183
149 7 2519 2520 7144 2182
150 7 2519 2520 7193 2182
151 7 2519 2520 7242 2197
152 7 2519 2520 7315 2214
153 7 2519 2520 7357 2233
154 7 2519 2520 7401 2237
155 7 2519 2520 7441 2236
156 7 2519 2520 7473 2245
157 7 2519 2520 7508 2249
158 7 2519 2520 7557 2257
159 7 2519 2520 7598 2269
160 8 2519 2520 7626 2273
161 8 2519 2520 7676 2280
162 8 2519 2520 7739 2290
163 8 2519 2520 7794 2301
164 8 2519 2520 7841 2312
165 8 2519 2520 7893 2323
166 8 2519 2520 7942 2340
167 8 2519 2520 7998 2344
168 8 2519 2520 8065 2360
169 8 2519 2520 8116 2367
170 8 2519 2520 8170 2382
171 8 2519 2520 8205 2391
172 8 2519 2520 8253 2390
173 8 2519 2520 8316 2410
174 8 2519 2520 8371 2431
175 8 2519 2520 8435 2448
176 8 2519 2520 8483 2454
177 9 2519 2520 8519 2462
178 9 2519 2520 8542 2460
179 9 2519 2520 8592 2481
180 9 2519 2520 8647 2498
181 9 2519 2520 8705 2507
182 9 2519 2520 8754 2521
183 9 2519 2520 8806 2539
184 9 2519 2520 8875 2547
185 9 2519 2520 8929 2558
186 10 2519 2520 8989 2577
187 10 2519 2520 9059 2596
188 10 2519 2520 9129 2615
189 10 2519 2520 9197 2624
190 10 2519 2520 9285 2632
191 10 2519 2520 9362 2656
192 10 2519 2520 9444 2676
193 10 2519 2520 9506 2677
194 10 2519 2520 9576 2680
195 10 2519 2520 9628 2690
196 10 2519 2520 9701 2714
197 10 2519 2520 9757 2714
198 10 2519 2520 9808 2722
199 10 2519 2520 9861 2737
200 10 2519 2520 9920 2744
201 10 2519 2520 9964 2751
202 10 2519 2520 10040 2768
203 10 2519 2520 10105 2782
204 10 2519 2520 10145 2798
205 10 2519 2520 10187 2826
206 10 2519 2520 10230 2841
207 10 2519 2520 10277 2847
208 10 2519 2520 10329 2849
209 10 2519 2520 10382 2869
210 10 2519 2520 10422 2894
211 10 2519 2520 10456 2908
212 10 2519 2520 10485 2922
213 10 2519 2520 10522 2928
214 10 2519 2520 10557 2938
215 10 2519 2520 10569 2937
216 10 2519 2520 10595 2946
217 10 2519 2520 10618 2948
218 10 2519 2520 10641 2954
219 10 2519 2520 10668 2956
220 10 2519 2520 10698 2966
221 10 2519 2520 10734 2977
222 10 2519 2520 10751 2986
223 10 2519 2520 10769 2988
224 10 2519 2520 10783 2990
225 10 2519 2520 10793 2992
226 10 2519 2520 10808 2999
227 10 2519 2520 10829 3002
228 10 2519 2520 10855 3005
229 10 2519 2520 10885 3015
230 10 2519 2520 10912 3027
231 10 2519 2520 10934 3031
232 10 2519 2520 10951 3037
233 10 2519 2520 10989 3052
234 10 2519 2520 11005 3058
235 10 2519 2520 11009 3061
236 10 2519 2520 11031 3060
237 11 2519 2520 11056 3062
238 11 2519 2520 11078 3062
239 11 2519 2520 11124 3073
240 11 2519 2520 11168 3084
241 11 2519 2520 11205 3088
242 11 2519 2520 11239 3096
243 11 2519 2520 11283 3109
244 11 2519 2520 11311 3120
245 11 2519 2520 11332 3127
246 11 2519 2520 11359 3134
247 11 2519 2520 11374 3135
248 11 2519 2520 11405 3150
249 11 2519 2520 11448 3158
250 11 2519 2520 11480 3170
251 11 2519 2520 11508 3177
252 11 2519 2520 11536 3185
253 11 2519 2520 11579 3192
254 11 2519 2520 11601 3189
255 11 2519 2520 11624 3187
256 11 2519 2520 11656 3195
257 11 2519 2520 11676 3194
258 11 2519 2520 11706 3202
259 11 2519 2520 11730 3203
260 11 2519 2520 11760 3197
261 11 2519 2520 11785 3201
262 11 2519 2520 11826 3207
263 11 2519 2520 11858 3202
264 11 2519 2520 11897 3204
265 11 2519 2520 11931 3203
266 11 2519 2520 11955 3210
267 11 2519 2520 11991 3214
268 11 2519 2520 12035 3217
269 11 2519 2520 12047 3223
270 11 2519 2520 12078 3224
271 11 2519 2520 12117 3241
272 12 2519 2520 12164 3253
273 12 2519 2520 12201 3272
274 12 2519 2520 12248 3270
275 12 2519 2520 12298 3279
276 12 2519 2520 12344 3289
277 12 2519 2520 12379 3300
278 12 2519 2520 12431 3319
279 13 2519 2520 12501 3331
280 13 2519 2520 12561 3342
281 13 2519 2520 12634 3354
282 13 2519 2520 12711 3384
283 13 2519 2520 12774 3389
284 13 2519 2520 12845 3410
285 13 2519 2520 12863 3416
286 13 2519 2520 12918 3431
287 13 2519 2520 12965 3438
288 13 2519 2520 13029 3449
289 13 2519 2520 13059 3464
290 13 2519 2520 13102 3472
291 13 2519 2520 13144 3481
292 13 2519 2520 13185 3500
293 13 2519 2520 13231 3515
294 13 2519 2520 13271 3520
295 13 2519 2520 13309 3534
296 13 2519 2520 13351 3540
297 13 2519 2520 13390 3555
298 13 2519 2520 13424 3557
299 13 2519 2520 13439 3563
300 13 2519 2520 13474 3568
301 13 2519 2520 13512 3579
302 13 2519 2520 13545 3594
303 13 2519 2520 13587 3600
304 13 2519 2520 13627 3599
305 14 2519 2520 13678 3609
306 14 2519 2520 13710 3620
307 14 2519 2520 13738 3620
308 14 2519 2520 13776 3621
309 14 2519 2520 13806 3616
310 14 2519 2520 13852 3630
311 14 2519 2520 13883 3641
312 14 2519 2520 13913 3650
313 14 2519 2520 13961 3656
314 14 2519 2520 14018 3657
315 14 2519 2520 14042 3656
316 14 2519 2520 14080 3660
317 14 2519 2520 14122 3661
318 14 2519 2520 14164 3669
319 14 2519 2520 14213 3675
320 14 2519 2520 14264 3686
321 14 2519 2520 14301 3695
322 14 2519 2520 14335 3697
323 14 2519 2520 14377 3701
324 14 2519 2520 14420 3709
325 14 2519 2520 14470 3724
326 14 2519 2520 14527 3731
327 14 2519 2520 14559 3741
328 14 2519 2520 14597 3754
329 14 2519 2520 14627 3759
330 14 2519 2520 14658 3768
331 14 2519 2520 14692 3779
332 14 2519 2520 14727 3779
333 14 2519 2520 14761 3774
334 14 2519 2520 14800 3770
335 14 2519 2520 14827 3778
336 14 2519 2520 14860 3798
337 14 2519 2520 14885 3811
338 14 2519 2520 14899 3813
339 14 2519 2520 14934 3811
340 14 2519 2520 14975 3821
341 14 2519 2520 15007 3828
342 14 2519 2520 15033 3840
343 14 2519 2520 15054 3840
344 14 2519 2520 15096 3838
345 14 2519 2520 15138 3847
346 14 2519 2520 15152 3853
347 14 2519 2520 15179 3864
348 14 2519 2520 15221 3875
349 14 2519 2520 15235 3875
350 14 2519 2520 15261 3877
351 14 2519 2520 15280 3885
352 14 2519 2520 15301 3882
353 14 2519 2520 15311 3880
354 14 2519 2520 15333 3881
355 14 2519 2520 15352 3888
356 14 2519 2520 15379 3885
357 14 2519 2520 15396 3883
358 14 2519 2520 15420 3886
359 14 2519 2520 15439 3887
360 15 2519 2520 15453 3889
361 15 2519 2520 15478 3886
362 15 2519 2520 15508 3898
363 15 2519 2520 15547 3913
364 15 2519 2520 15570 3919
365 15 2519 2520 15590 3925
366 15 2519 2520 15631 3937
367 15 2519 2520 15661 3950
368 15 2519 2520 15691 3966
369 15 2519 2520 15727 3968
370 15 2519 2520 15765 3976
371 15 2519 2520 15803 3984
372 15 2519 2520 15841 3988
373 15 2519 2520 15884 4004
374 15 2519 2520 15905 4012
375 15 2519 2520 15937 4016
376 15 2519 2520 15972 4022
377 15 2519 2520 15995 4028
378 15 2519 2520 16039 4033
379 15 2519 2520 16061 4037
380 15 2519 2520 16106 4040
381 15 2519 2520 16142 4051
382 15 2519 2520 16168 4051
383 15 2519 2520 16196 4050
384 15 2519 2520 16225 4054
385 15 2519 2520 16260 4059
386 15 2519 2520 16301 4060
387 15 2519 2520 16342 4066
388 15 2519 2520 16382 4067
389 15 2519 2520 16405 4077
390 15 2519 2520 16435 4078
391 15 2519 2520 16457 4083
392 16 2519 2520 16487 4084
393 16 2519 2520 16531 4081
394 16 2519 2520 16571 4100
395 16 2519 2520 16593 4118
396 16 2519 2520 16632 4134
397 16 2519 2520 16677 4139
398 16 2519 2520 16718 4144
399 16 2519 2520 16762 4141
400 16 2519 2520 16808 4155
401 16 2519 2520 16839 4165
402 16 2519 2520 16871 4181
403 16 2519 2520 16905 4199
404 16 2519 2520 16942 4193
405 16 2519 2520 16990 4203
406 16 2519 2520 17016 4206
407 16 2519 2520 17054 4212
408 16 2519 2520 17090 4222
409 16 2519 2520 17122 4234
410 16 2519 2520 17144 4233
411 16 2519 2520 17161 4236
412 17 2519 2520 17193 4243
413 17 2519 2520 17239 4245
414 17 2519 2520 17286 4250
415 18 2519 2520 17326 4262
416 18 2519 2520 17390 4265
417 18 2519 2520 17475 4273
418 18 2519 2520 17549 4292
419 18 2519 2520 17606 4307
420 18 2519 2520 17671 4324
421 18 2519 2520 17738 4334
422 18 2519 2520 17796 4347
423 18 2519 2520 17879 4372
424 18 2519 2520 17950 4386
425 18 2519 2520 18023 4403
426 18 2519 2520 18095 4419
427 18 2519 2520 18142 4423
428 18 2519 2520 18194 4437
429 18 2519 2520 18240 4454
430 18 2519 2520 18307 4471
431 18 2519 2520 18358 4482
432 18 2519 2520 18404 4484
433 18 2519 2520 18452 4491
434 18 2519 2520 18503 4518
435 18 2519 2520 18549 4534
436 18 2519 2520 18598 4539
437 18 2519 2520 18622 4542
438 18 2519 2520 18689 4550
439 18 2519 2520 18728 4566
440 18 2519 2520 18773 4572
441 18 2519 2520 18817 4574
442 18 2519 2520 18866 4582
443 18 2519 2520 18911 4585
444 18 2519 2520 18938 4588
445 18 2519 2520 18977 4604
446 18 2519 2520 19031 4608
447 19 2519 2520 19076 4619
448 19 2519 2520 19114 4630
449 19 2519 2520 19153 4635
450 19 2519 2520 19203 4642
451 19 2519 2520 19244 4645
452 19 2519 2520 19294 4656
453 19 2519 2520 19334 4657
454 19 2519 2520 19385 4672
455 19 2519 2520 19423 4676
456 19 2519 2520 19465 4684
457 19 2519 2520 19506 4692
458 19 2519 2520 19546 4696
459 19 2519 2520 19579 4696
460 19 2519 2520 19621 4704
461 19 2519 2520 19677 4719
462 19 2519 2520 19714 4713
463 19 2519 2520 19752 4712
464 19 2519 2520 19807 4727
465 19 2519 2520 19852 4751
466 19 2519 2520 19875 4754
467 19 2519 2520 19907 4768
468 19 2519 2520 19940 4782
469 19 2519 2520 19983 4793
470 19 2519 2520 20020 4794
471 19 2519 2520 20050 4789
472 19 2519 2520 20086 4800
473 19 2519 2520 20114 4806
474 19 2519 2520 20122 4814
475 19 2519 2520 20145 4820
476 19 2519 2520 20171 4831
477 19 2519 2520 20202 4837
478 19 2519 2520 20227 4837
479 20 2519 2520 20248 4836
480 20 2519 2520 20284 4838
481 20 2519 2520 20326 4857
482 20 2519 2520 20370 4853
483 20 2519 2520 20426 4861
484 20 2519 2520 20483 4867
485 20 2519 2520 20535 4869
486 20 2519 2520 20578 4870
487 20 2519 2520 20620 4889
488 20 2519 2520 20669 4899
489 20 2519 2520 20726 4906
490 20 2519 2520 20778 4902
491 20 2519 2520 20801 4903
492 20 2519 2520 20854 4918
493 20 2519 2520 20906 4929
494 20 2519 2520 20937 4933
495 20 2519 2520 20977 4952
496 20 2519 2520 21015 4953
497 20 2519 2520 21044 4970
498 20 2519 2520 21074 4979
499 20 2519 2520 21108 4989
500 20 2519 2520 21140 4986
501 20 2519 2520 21181 4997
502 20 2519 2520 21205 4993
503 20 2519 2520 21240 4988
504 20 2519 2520 21274 4991
505 20 2519 2520 21310 5004
506 20 2519 2520 21330 5004
507 20 2519 2520 21360 5005
508 20 2519 2520 21383 5019
509 20 2519 2520 21403 5019
510 20 2519 2520 21421 5022
511 20 2519 2520 21458 5026
512 20 2519 2520 21486 5026
513 20 2519 2520 21521 5032
514 20 2519 2520 21545 5039
515 20 2519 2520 21583 5048
516 20 2519 2520 21615 5049
517 20 2519 2520 21642 5057
518 20 2519 2520 21659 5062
519 20 2519 2520 21671 5060
520 20 2519 2520 21696 5065
521 21 2519 2520 21729 5074
522 21 2519 2520 21753 5071
523 21 2519 2520 21787 5070
524 21 2519 2520 21814 5081
525 21 2519 2520 21840 5079
526 21 2519 2520 21870 5083
527 21 2519 2520 21900 5092
528 21 2519 2520 21943 5098
529 21 2519 2520 21985 5113
530 21 2519 2520 22025 5129
531 21 2519 2520 22061 5136
532 21 2519 2520 22097 5130
533 21 2519 2520 22132 5139
534 21 2519 2520 22171 5146
535 21 2519 2520 22191 5160
536 21 2519 2520 22222 5170
537 21 2519 2520 22278 5171
538 21 2519 2520 22304 5175
539 21 2519 2520 22333 5180
540 21 2519 2520 22372 5180
541 21 2519 2520 22406 5193
542 21 2519 2520 22420 5192
543 21 2519 2520 22443 5190
544 21 2519 2520 22484 5201
545 21 2519 2520 22518 5199
546 22 2519 2520 22557 5197
547 22 2519 2520 22599 5213
548 22 2519 2520 22658 5229
549 22 2519 2520 22705 5252
550 22 2519 2520 22762 5257
551 22 2519 2520 22829 5267
552 22 2519 2520 22874 5286
553 22 2519 2520 22928 5294
554 22 2519 2520 22990 5308
555 22 2519 2520 23025 5305
556 22 2519 2520 23063 5306
557 22 2519 2520 23111 5325
558 22 2519 2520 23149 5341
559 22 2519 2520 23207 5351
560 22 2519 2520 23255 5368
561 23 2519 2520 23281 5373
562 23 2519 2520 23340 5384
563 23 2519 2520 23390 5393
564 23 2519 2520 23431 5403
565 23 2519 2520 23482 5416
566 23 2519 2520 23525 5411
567 23 2519 2520 23564 5415
568 23 2519 2520 23615 5419
569 23 2519 2520 23671 5435
570 23 2519 2520 23713 5445
571 23 2519 2520 23757 5452
572 23 2519 2520 23798 5459
573 23 2519 2520 23846 5475
574 23 2519 2520 23872 5480
575 23 2519 2520 23911 5494
576 23 2519 2520 23950 5501
577 23 2519 2520 23975 5499
578 23 2519 2520 24016 5507
579 23 2519 2520 24048 5510
580 23 2519 2520 24078 5510
581 23 2519 2520 24113 5527
582 23 2519 2520 24144 5522
583 23 2519 2520 24185 5525
584 23 2519 2520 24209 5532
585 23 2519 2520 24231 5540
586 23 2519 2520 24255 5541
587 23 2519 2520 24283 5540
588 23 2519 2520 24312 5548
589 23 2519 2520 24328 5549
590 23 2519 2520 24363 5563
591 23 2519 2520 24394 5561
592 23 2519 2520 24421 5558
593 23 2519 2520 24463 5562
594 23 2519 2520 24483 5563
595 23 2519 2520 24503 5566
596 23 2519 2520 24523 5578
597 23 2519 2520 24549 5587
598 23 2519 2520 24577 5584
599 23 2519 2520 24600 5587
600 23 2519 2520 24627 5593
601 23 2519 2520 24650 5596
602 23 2519 2520 24683 5606
603 23 2519 2520 24691 5607
604 23 2519 2520 24708 5608
605 23 2519 2520 24751 5615
606 23 2519 2520 24778 5622
607 23 2519 2520 24786 5628
608 23 2519 2520 24804 5621
609 23 2519 2520 24828 5630
610 23 2519 2520 24849 5633
611 23 2519 2520 24862 5625
612 23 2519 2520 24893 5638
613 23 2519 2520 24918 5648
614 23 2519 2520 24910 5643
615 23 2519 2520 24928 5643
616 23 2519 2520 24944 5649
617 23 2519 2520 24962 5653
618 23 2519 2520 24987 5658
619 23 2519 2520 24983 5656
620 23 2519 2520 24988 5656
621 23 2519 2520 25009 5662
622 23 2519 2520 25029 5663
623 23 2519 2520 25042 5670
624 23 2519 2520 25059 5672
625 23 2519 2520 25068 5666
626 23 2519 2520 25080 5660
627 23 2519 2520 25087 5661
628 24 2519 2520 25103 5669
629 24 2519 2520 25126 5672
630 24 2519 2520 25158 5676
631 24 2519 2520 25197 5685
632 24 2519 2520 25233 5694
633 24 2519 2520 25280 5701
634 24 2519 2520 25320 5709
635 24 2519 2520 25356 5713
636 24 2519 2520 25391 5721
637 24 2519 2520 25430 5725
638 24 2519 2520 25473 5727
639 24 2519 2520 25510 5734
640 24 2519 2520 25554 5741
641 24 2519 2520 25591 5751
642 24 2519 2520 25638 5758
643 24 2519 2520 25670 5767
644 24 2519 2520 25705 5777
645 24 2519 2520 25735 5783
646 24 2519 2520 25778 5791
647 25 2519 2520 25801 5789
648 25 2519 2520 25833 5798
649 25 2519 2520 25872 5806
650 25 2519 2520 25913 5814
651 25 2519 2520 25966 5824
652 25 2519 2520 26019 5836
653 25 2519 2520 26095 5834
654 25 2519 2520 26143 5853
655 25 2519 2520 26205 5865
656 25 2519 2520 26242 5873
657 25 2519 2520 26273 5887
658 25 2519 2520 26309 5895
659 25 2519 2520 26358 5907
660 25 2519 2520 26400 5910
661 25 2519 2520 26450 5913
662 25 2519 2520 26507 5924
663 25 2519 2520 26545 5928
664 25 2519 2520 26578 5931
665 25 2519 2520 26623 5941
666 25 2519 2520 26666 5939
667 25 2519 2520 26704 5951
668 25 2519 2520 26745 5965
669 25 2519 2520 26790 5966
670 25 2519 2520 26835 5971
671 25 2519 2520 26872 5984
672 25 2519 2520 26922 5995
673 25 2519 2520 26961 6009
674 25 2519 2520 26991 6016
675 25 2519 2520 27025 6026
676 25 2519 2520 27050 6036
677 25 2519 2520 27092 6052
678 25 2519 2520 27117 6057
679 25 2519 2520 27145 6050
680 25 2519 2520 27168 6049
681 25 2519 2520 27205 6059
682 25 2519 2520 27230 6072
683 25 2519 2520 27254 6080
684 25 2519 2520 27265 6091
685 25 2519 2520 27297 6098
686 25 2519 2520 27317 6102
687 25 2519 2520 27345 6112
688 26 2519 2520 27359 6114
689 26 2519 2520 27399 6121
690 26 2519 2520 27445 6128
691 26 2519 2520 27485 6137
692 26 2519 2520 27532 6158
693 26 2519 2520 27564 6161
694 26 2519 2520 27595 6158
695 26 2519 2520 27623 6164
696 26 2519 2520 27652 6175
697 26 2519 2520 27694 6169
698 26 2519 2520 27734 6178
699 26 2519 2520 27777 6178
700 26 2519 2520 27827 6201
701 26 2519 2520 27867 6205
702 26 2519 2520 27906 6210
703 26 2519 2520 27941 6217
704 26 2519 2520 27981 6222
705 26 2519 2520 28029 6223
706 26 2519 2520 28058 6236
707 26 2519 2520 28100 6246
708 26 2519 2520 28147 6249
709 26 2519 2520 28185 6264
710 26 2519 2520 28210 6274
711 26 2519 2520 28241 6278
712 26 2519 2520 28269 6278
713 26 2519 2520 28300 6285
714 26 2519 2520 28338 6304
715 26 2519 2520 28376 6313
716 26 2519 2520 28403 6327
717 26 2519 2520 28433 6331
718 26 2519 2520 28467 6341
719 26 2519 2520 28495 6349
720 26 2519 2520 28527 6360
721 26 2519 2520 28545 6367
722 26 2519 2520 28564 6381
723 26 2519 2520 28581 6380
724 26 2519 2520 28604 6387
725 26 2519 2520 28625 6389
726 26 2519 2520 28661 6383
727 26 2519 2520 28686 6393
728 26 2519 2520 28693 6399
729 26 2519 2520 28707 6404
730 26 2519 2520 28731 6408
731 26 2519 2520 28739 6407
732 26 2519 2520 28749 6409
733 26 2519 2520 28775 6412
734 26 2519 2520 28790 6417
735 26 2519 2520 28796 6425
736 26 2519 2520 28814 6427
737 26 2519 2520 28833 6428
738 26 2519 2520 28854 6424
739 26 2519 2520 28868 6426
740 26 2519 2520 28890 6424
741 26 2519 2520 28912 6428
742 26 2519 2520 28930 6432
743 26 2519 2520 28947 6433
744 26 2519 2520 28950 6437
745 26 2519 2520 28962 6442
746 26 2519 2520 28979 6445
747 26 2519 2520 28992 6451
748 26 2519 2520 29018 6456
749 26 2519 2520 29033 6460
750 27 2519 2520 29053 6454
751 27 2519 2520 29069 6447
752 27 2519 2520 29092 6453
753 27 2519 2520 29111 6458
754 27 2519 2520 29142 6464
755 27 2519 2520 29173 6477
756 27 2519 2520 29201 6492
757 27 2519 2520 29233 6502
758 27 2519 2520 29269 6504
759 27 2519 2520 29300 6510
760 27 2519 2520 29354 6520
761 27 2519 2520 29386 6526
762 27 2519 2520 29428 6540
763 27 2519 2520 29472 6552
764 27 2519 2520 29495 6558
765 27 2519 2520 29523 6567
766 27 2519 2520 29558 6570
767 27 2519 2520 29603 6583
768 27 2519 2520 29629 6587
769 27 2519 2520 29654 6590
770 27 2519 2520 29687 6584
771 27 2519 2520 29721 6594
772 27 2519 2520 29753 6601
773 27 2519 2520 29794 6607
774 27 2519 2520 29812 6613
775 27 2519 2520 29837 6621
776 27 2519 2520 29870 6630
777 27 2519 2520 29899 6640
778 27 2519 2520 29926 6640
779 27 2519 2520 29962 6644
780 27 2519 2520 29992 6654
781 27 2519 2520 30001 6648
782 27 2519 2520 30027 6643
783 27 2519 2520 30057 6651
784 27 2519 2520 30091 6660
785 27 2519 2520 30126 6669
786 27 2519 2520 30154 6670
787 27 2519 2520 30179 6672
788 27 2519 2520 30197 6670
789 27 2519 2520 30221 6671
790 27 2519 2520 30253 6682
791 27 2519 2520 30277 6685
792 27 2519 2520 30302 6688
793 27 2519 2520 30324 6688
794 27 2519 2520 30352 6695
795 27 2519 2520 30382 6698
796 27 2519 2520 30396 6701
797 27 2519 2520 30426 6698
798 27 2519 2520 30458 6708
799 27 2519 2520 30473 6717
800 27 2519 2520 30491 6720
801 27 2519 2520 30502 6723
802 27 2519 2520 30514 6726
803 27 2519 2520 30520 6725
804 27 2519 2520 30531 6719
805 27 2519 2520 30544 6725
806 27 2519 2520 30566 6731
807 27 2519 2520 30580 6736
808 27 2519 2520 30607 6742
809 27 2519 2520 30629 6746
810 27 2519 2520 30649 6758
811 27 2519 2520 30661 6762
812 27 2519 2520 30675 6768
813 27 2519 2520 30684 6771
814 27 2519 2520 30692 6775
815 27 2519 2520 30704 6780
816 27 2519 2520 30717 6782
817 27 2519 2520 30725 6779
818 28 2519 2520 30748 6782
819 28 2519 2520 30761 6785
820 28 2519 2520 30784 6797
821 28 2519 2520 30799 6799
822 28 2519 2520 30821 6796
823 28 2519 2520 30839 6799
824 28 2519 2520 30872 6802
825 28 2519 2520 30916 6811
826 28 2519 2520 30943 6817
827 28 2519 2520 30973 6814
828 28 2519 2520 31006 6822
829 28 2519 2520 31041 6836
830 28 2519 2520 31065 6830
831 29 2519 2520 31096 6826
832 29 2519 2520 31141 6838
833 29 2519 2520 31216 6836
834 29 2519 2520 31292 6857
835 29 2519 2520 31349 6865
836 30 2519 2520 31404 6868
837 30 2519 2520 31460 6888
838 30 2519 2520 31512 6889
839 30 2519 2520 31583 6911
840 30 2519 2520 31650 6919
841 30 2519 2520 31697 6936
842 30 2519 2520 31757 6954
843 30 2519 2520 31812 6946
844 30 2519 2520 31881 6958
845 30 2519 2520 31939 6971
846 30 2519 2520 31988 6974
847 30 2519 2520 32040 6986
848 30 2519 2520 32094 6992
849 30 2519 2520 32150 6993
850 30 2519 2520 32186 6990
851 30 2519 2520 32234 6995
852 30 2519 2520 32301 6996
853 30 2519 2520 32322 6997
854 30 2519 2520 32364 7005
855 30 2519 2520 32413 7007
856 30 2519 2520 32460 7011
857 30 2519 2520 32499 7013
858 30 2519 2520 32554 7014
859 30 2519 2520 32613 7036
860 30 2519 2520 32668 7043
861 30 2519 2520 32707 7066
862 30 2519 2520 32734 7066
863 30 2519 2520 32778 7064
864 30 2519 2520 32820 7072
865 30 2519 2520 32854 7081
866 30 2519 2520 32875 7078
867 30 2519 2520 32901 7082
868 30 2519 2520 32941 7077
869 30 2519 2520 32984 7088
870 30 2519 2520 33019 7092
871 30 2519 2520 33063 7100
872 30 2519 2520 33099 7109
873 30 2519 2520 33145 7098
874 30 2519 2520 33178 7105
875 30 2519 2520 33213 7109
876 30 2519 2520 33232 7106
877 30 2519 2520 33259 7115
878 30 2519 2520 33304 7131
879 30 2519 2520 33331 7129
880 30 2519 2520 33353 7128
881 30 2519 2520 33374 7136
882 31 2519 2520 33410 7132
883 31 2519 2520 33435 7137
884 31 2519 2520 33489 7159
885 31 2519 2520 33548 7163
886 31 2519 2520 33603 7181
887 31 2519 2520 33638 7189
888 31 2519 2520 33682 7197
889 31 2519 2520 33733 7201
890 31 2519 2520 33771 7199
891 31 2519 2520 33801 7210
892 31 2519 2520 33832 7210
893 31 2519 2520 33870 7222
894 31 2519 2520 33925 7246
895 31 2519 2520 33958 7252
896 31 2519 2520 33987 7254
897 31 2519 2520 34034 7267
898 31 2519 2520 34058 7267
899 31 2519 2520 34108 7264
900 31 2519 2520 34134 7278
901 31 2519 2520 34171 7282
902 32 2519 2520 34210 7284
903 32 2519 2520 34260 7293
904 32 2519 2520 34314 7319
905 32 2519 2520 34360 7338
906 32 2519 2520 34410 7337
907 32 2519 2520 34464 7355
908 32 2519 2520 34508 7372
909 32 2519 2520 34552 7383
910 32 2519 2520 34608 7394
911 32 2519 2520 34667 7408
912 32 2519 2520 34713 7424
913 32 2519 2520 34749 7431
914 32 2519 2520 34792 7447
915 32 2519 2520 34826 7452
916 32 2519 2520 34874 7466
917 32 2519 2520 34923 7461
918 32 2519 2520 34977 7465
919 32 2519 2520 35012 7482
920 32 2519 2520 35075 7500
921 32 2519 2520 35129 7516
922 32 2519 2520 35161 7514
923 32 2519 2520 35209 7531
924 32 2519 2520 35236 7529
925 32 2519 2520 35277 7535
926 32 2519 2520 35314 7544
927 32 2519 2520 35338 7548
928 32 2519 2520 35374 7544
929 32 2519 2520 35391 7547
930 32 2519 2520 35419 7552
931 32 2519 2520 35439 7564
932 32 2519 2520 35473 7575
933 32 2519 2520 35495 7571
934 32 2519 2520 35528 7582
935 32 2519 2520 35547 7591
936 32 2519 2520 35569 7594
937 32 2519 2520 35609 7604
938 32 2519 2520 35639 7599
939 32 2519 2520 35678 7601
940 32 2519 2520 35700 7603
941 32 2519 2520 35717 7603
942 32 2519 2520 35744 7600
943 32 2519 2520 35762 7605
944 32 2519 2520 35786 7616
945 32 2519 2520 35804 7621
946 32 2519 2520 35813 7621
947 32 2519 2520 35842 7623
948 32 2519 2520 35858 7633
949 32 2519 2520 35874 7634
950 32 2519 2520 35878 7635
951 32 2519 2520 35895 7635
952 32 2519 2520 35916 7641
953 32 2519 2520 35928 7650
954 32 2519 2520 35946 7646
955 32 2519 2520 35967 7647
956 32 2519 2520 35985 7642
957 32 2519 2520 35992 7650
958 32 2519 2520 36009 7652
959 32 2519 2520 36030 7657
960 33 2519 2520 36059 7667
961 33 2519 2520 36085 7670
962 33 2519 2520 36130 7680
963 33 2519 2520 36161 7699
964 33 2519 2520 36181 7700
965 33 2519 2520 36204 7692
966 33 2519 2520 36218 7686
967 33 2519 2520 36241 7688
968 33 2519 2520 36266 7689
969 33 2519 2520 36279 7687
970 33 2519 2520 36310 7691
971 33 2519 2520 36332 7692
972 33 2519 2520 36352 7690
973 33 2519 2520 36386 7697
974 33 2519 2520 36410 7698
975 33 2519 2520 36436 7709
976 33 2519 2520 36464 7708
977 33 2519 2520 36489 7709
978 33 2519 2520 36514 7715
979 33 2519 2520 36545 7719
980 34 2519 2520 36573 7727
981 34 2519 2520 36612 7729
982 34 2519 2520 36656 7742
983 34 2519 2520 36682 7747
984 34 2519 2520 36706 7754
985 34 2519 2520 36747 7763
986 34 2519 2520 36781 7761
987 34 2519 2520 36821 7768
988 34 2519 2520 36862 7771
989 34 2519 2520 36914 7791
990 34 2519 2520 36960 7792
991 34 2519 2520 36997 7804
992 34 2519 2520 37049 7815
993 34 2519 2520 37099 7825
994 34 2519 2520 37126 7829
995 34 2519 2520 37168 7830
996 34 2519 2520 37195 7838
997 34 2519 2520 37228 7840
998 34 2519 2520 37269 7845
999 34 2519 2520 37302 7853
1000 34 2519 2520 37352 7855
