0 1 2520 2519 422 293
1 1 2520 2519 496 338
2 1 2520 2519 565 373
3 1 2520 2519 660 409
4 1 2520 2519 724 436
5 1 2520 2519 780 460
6 1 2520 2519 863 493
7 1 2520 2519 937 525
8 1 2520 2519 997 546
9 1 2520 2519 1041 561
10 1 2520 2519 1079 574
11 1 2520 2519 1118 595
12 1 2520 2519 1147 610
13 1 2520 2519 1173 613
14 1 2520 2519 1183 617
15 1 2520 2519 1207 627
16 1 2520 2519 1225 632
17 1 2520 2519 1237 636
18 1 2520 2519 1254 641
19 1 2520 2519 1257 643
20 1 2520 2519 1267 648
21 1 2520 2519 1274 652
22 1 2520 2519 1295 654
23 2 2520 2519 1313 663
24 2 2520 2519 1348 677
25 2 2520 2519 1435 713
26 2 2520 2519 1538 753
27 2 2520 2519 1637 795
28 2 2520 2519 1735 834
29 2 2520 2519 1835 856
30 2 2520 2519 1939 892
31 2 2520 2519 2037 920
32 2 2520 2519 2133 935
33 2 2520 2519 2218 963
34 2 2520 2519 2276 977
35 2 2520 2519 2322 992
36 2 2520 2519 2396 1011
37 2 2520 2519 2438 1037
38 2 2520 2519 2478 1045
39 2 2520 2519 2517 1048
40 2 2520 2519 2549 1056
41 2 2520 2519 2596 1078
42 2 2520 2519 2637 1096
43 2 2520 2519 2663 1091
44 3 2520 2519 2695 1109
45 3 2520 2519 2725 1118
46 3 2520 2519 2795 1154
47 4 2520 2519 2901 1187
48 4 2520 2519 2998 1217
49 4 2520 2519 3126 1250
50 4 2520 2519 3269 1299
51 4 2520 2519 3404 1336
52 4 2520 2519 3556 1365
53 4 2520 2519 3709 1406
54 4 2520 2519 3821 1434
55 4 2520 2519 3948 1469
56 4 2520 2519 4072 1502
57 4 2520 2519 4212 1532
58 4 2520 2519 4303 1559
59 4 2520 2519 4400 1575
60 4 2520 2519 4464 1597
61 4 2520 2519 4548 1638
62 5 2520 2519 4624 1664
63 5 2520 2519 4736 1691
64 5 2520 2519 4843 1713
65 5 2520 2519 4963 1752
66 5 2520 2519 5071 1784
67 6 2520 2519 5148 1822
68 6 2520 2519 5262 1842
69 6 2520 2519 5403 1884
70 7 2520 2519 5568 1912
71 7 2520 2519 5720 1953
72 7 2520 2519 5901 1996
73 8 2520 2519 6063 2036
74 8 2520 2519 6261 2085
75 8 2520 2519 6497 2146
76 8 2520 2519 6703 2179
77 8 2520 2519 6923 2231
78 8 2520 2519 7152 2289
79 8 2520 2519 7360 2334
80 8 2520 2519 7567 2402
81 8 2520 2519 7779 2442
82 8 2520 2519 7957 2477
83 8 2520 2519 8148 2533
84 8 2520 2519 8323 2584
85 8 2520 2519 8488 2632
86 8 2520 2519 8630 2654
87 9 2520 2519 8802 2693
88 9 2520 2519 8965 2710
89 9 2520 2519 9151 2790
90 9 2520 2519 9329 2842
91 9 2520 2519 9505 2863
92 9 2520 2519 9665 2887
93 9 2520 2519 9762 2916
94 10 2520 2519 9890 2957
95 12 2520 2519 10039 2977
96 12 2520 2519 10287 3040
97 12 2520 2519 10528 3091
98 13 2520 2519 10784 3152
99 13 2520 2519 11089 3230
100 13 2520 2519 11379 3295
101 13 2520 2519 11638 3334
102 13 2520 2519 11902 3391
103 13 2520 2519 12158 3454
104 13 2520 2519 12376 3504
105 14 2520 2519 12597 3548
106 14 2520 2519 12809 3596
107 14 2520 2519 13060 3639
108 14 2520 2519 13268 3648
109 14 2520 2519 13485 3692
110 14 2520 2519 13687 3736
111 15 2520 2519 13887 3801
112 15 2520 2519 14111 3872
113 15 2520 2519 14329 3892
114 15 2520 2519 14546 3949
115 15 2520 2519 14759 3968
116 15 2520 2519 14963 4001
117 15 2520 2519 15137 4046
118 15 2520 2519 15368 4078
119 16 2520 2519 15565 4091
120 16 2520 2519 15772 4144
121 17 2520 2519 15990 4185
122 17 2520 2519 16241 4246
123 18 2520 2519 16506 4299
124 18 2520 2519 16754 4346
125 18 2520 2519 17006 4390
126 18 2520 2519 17236 4448
127 18 2520 2519 17474 4527
128 18 2520 2519 17721 4565
129 18 2520 2519 17941 4589
130 19 2520 2519 18137 4633
131 19 2520 2519 18364 4661
132 19 2520 2519 18578 4712
133 20 2520 2519 18772 4753
134 20 2520 2519 18976 4782
135 20 2520 2519 19223 4844
136 20 2520 2519 19419 4894
137 20 2520 2519 19630 4959
138 20 2520 2519 19830 4993
139 20 2520 2519 20017 5007
140 20 2520 2519 20211 5045
141 21 2520 2519 20432 5076
142 21 2520 2519 20617 5097
143 21 2520 2519 20849 5133
144 21 2520 2519 21092 5175
145 21 2520 2519 21324 5216
146 22 2520 2519 21516 5266
147 23 2520 2519 21737 5321
148 23 2520 2519 22007 5397
149 23 2520 2519 22277 5479
150 23 2520 2519 22537 5521
151 23 2520 2519 22808 5554
152 23 2520 2519 23085 5624
153 23 2520 2519 23315 5669
154 23 2520 2519 23530 5691
155 23 2520 2519 23758 5727
156 23 2520 2519 23951 5762
157 23 2520 2519 24142 5810
158 23 2520 2519 24271 5841
159 23 2520 2519 24417 5882
160 23 2520 2519 24553 5930
161 23 2520 2519 24696 5953
162 23 2520 2519 24846 5992
163 23 2520 2519 24967 6012
164 23 2520 2519 25070 6031
165 24 2520 2519 25166 6058
166 25 2520 2519 25337 6109
167 25 2520 2519 25502 6162
168 25 2520 2519 25720 6210
169 26 2520 2519 25927 6261
170 27 2520 2519 26126 6309
171 27 2520 2519 26359 6358
172 27 2520 2519 26653 6420
173 27 2520 2519 26947 6475
174 27 2520 2519 27238 6545
175 27 2520 2519 27502 6574
176 27 2520 2519 27754 6642
177 27 2520 2519 27961 6685
178 27 2520 2519 28210 6762
179 27 2520 2519 28449 6808
180 28 2520 2519 28636 6847
181 28 2520 2519 28870 6894
182 28 2520 2519 29083 6945
183 29 2520 2519 29253 6963
184 29 2520 2519 29505 7015
185 29 2520 2519 29754 7089
186 29 2520 2519 29955 7100
187 29 2520 2519 30193 7163
188 29 2520 2519 30425 7198
189 29 2520 2519 30676 7265
190 29 2520 2519 30880 7283
191 29 2520 2519 31070 7290
192 29 2520 2519 31292 7331
193 31 2520 2519 31471 7386
194 32 2520 2519 31698 7437
195 32 2520 2519 31965 7511
196 32 2520 2519 32274 7613
197 32 2520 2519 32548 7673
198 32 2520 2519 32816 7720
199 32 2520 2519 33084 7789
200 32 2520 2519 33299 7824
201 32 2520 2519 33538 7878
202 32 2520 2519 33792 7928
203 32 2520 2519 34029 7979
204 32 2520 2519 34263 8011
205 33 2520 2519 34481 8020
206 33 2520 2519 34707 8056
207 33 2520 2519 34935 8078
208 33 2520 2519 35153 8137
209 33 2520 2519 35348 8191
210 33 2520 2519 35533 8241
211 33 2520 2519 35738 8294
212 33 2520 2519 35915 8334
213 34 2520 2519 36074 8355
214 34 2520 2519 36305 8410
215 35 2520 2519 36528 8468
216 35 2520 2519 36754 8511
217 36 2520 2519 36955 8548
218 37 2520 2519 37165 8589
219 37 2520 2519 37387 8652
220 37 2520 2519 37628 8688
221 37 2520 2519 37947 8791
222 37 2520 2519 38160 8827
223 37 2520 2519 38436 8877
224 39 2520 2519 38700 8926
225 39 2520 2519 38957 8975
226 39 2520 2519 39221 9010
227 39 2520 2519 39486 9037
228 39 2520 2519 39708 9102
229 39 2520 2519 40009 9159
230 39 2520 2519 40277 9191
231 41 2520 2519 40534 9245
232 43 2520 2519 40818 9298
233 44 2520 2519 41131 9367
234 45 2520 2519 41480 9446
235 45 2520 2519 41850 9500
236 46 2520 2519 42206 9576
237 46 2520 2519 42602 9674
238 46 2520 2519 42973 9753
239 46 2520 2519 43399 9822
240 46 2520 2519 43802 9874
241 46 2520 2519 44194 10001
242 46 2520 2519 44549 10037
243 46 2520 2519 44900 10084
244 46 2520 2519 45283 10136
245 46 2520 2519 45664 10196
246 46 2520 2519 46038 10247
247 46 2520 2519 46310 10274
248 46 2520 2519 46592 10307
249 46 2520 2519 46874 10356
250 46 2520 2519 47124 10400
251 46 2520 2519 47403 10452
252 46 2520 2519 47598 10503
253 46 2520 2519 47782 10514
254 47 2520 2519 47960 10552
255 47 2520 2519 48174 10591
256 47 2520 2519 48387 10638
257 47 2520 2519 48661 10675
258 47 2520 2519 48863 10727
259 48 2520 2519 49123 10801
260 49 2520 2519 49352 10829
261 49 2520 2519 49659 10904
262 49 2520 2519 49915 10954
263 49 2520 2519 50191 11004
264 49 2520 2519 50442 11066
265 49 2520 2519 50682 11113
266 49 2520 2519 50898 11135
267 49 2520 2519 51167 11173
268 49 2520 2519 51396 11199
269 49 2520 2519 51656 11254
270 49 2520 2519 51836 11289
271 49 2520 2519 52050 11327
272 49 2520 2519 52253 11354
273 49 2520 2519 52446 11375
274 50 2520 2519 52681 11409
275 50 2520 2519 52910 11445
276 50 2520 2519 53112 11482
277 50 2520 2519 53342 11525
278 50 2520 2519 53543 11562
279 50 2520 2519 53748 11613
280 50 2520 2519 53907 11603
281 50 2520 2519 54118 11647
282 50 2520 2519 54308 11709
283 50 2520 2519 54493 11733
284 50 2520 2519 54660 11742
285 50 2520 2519 54831 11804
286 52 2520 2519 55016 11858
287 52 2520 2519 55225 11881
288 52 2520 2519 55430 11945
289 53 2520 2519 55663 12008
290 53 2520 2519 55846 12047
291 53 2520 2519 56083 12100
292 54 2520 2519 56281 12134
293 54 2520 2519 56528 12171
294 56 2520 2519 56793 12241
295 56 2520 2519 57022 12275
296 57 2520 2519 57253 12306
297 58 2520 2519 57590 12397
298 58 2520 2519 57901 12449
299 58 2520 2519 58270 12542
300 59 2520 2519 58666 12618
301 59 2520 2519 58984 12712
302 59 2520 2519 59384 12781
303 59 2520 2519 59783 12855
304 59 2520 2519 60154 12919
305 59 2520 2519 60518 12949
306 59 2520 2519 60862 12988
307 59 2520 2519 61147 13024
308 59 2520 2519 61418 13070
309 59 2520 2519 61698 13124
310 59 2520 2519 61995 13203
311 59 2520 2519 62264 13242
312 59 2520 2519 62532 13295
313 59 2520 2519 62801 13329
314 59 2520 2519 63003 13380
315 59 2520 2519 63259 13427
316 60 2520 2519 63519 13495
317 60 2520 2519 63771 13535
318 60 2520 2519 63966 13586
319 60 2520 2519 64123 13600
320 60 2520 2519 64320 13626
321 60 2520 2519 64482 13639
322 60 2520 2519 64664 13685
323 60 2520 2519 64855 13725
324 62 2520 2519 65030 13762
325 62 2520 2519 65221 13792
326 62 2520 2519 65434 13842
327 63 2520 2519 65665 13902
328 63 2520 2519 65928 13956
329 63 2520 2519 66201 14030
330 63 2520 2519 66492 14102
331 64 2520 2519 66766 14155
332 64 2520 2519 67073 14197
333 64 2520 2519 67396 14274
334 65 2520 2519 67699 14337
335 66 2520 2519 67988 14404
336 66 2520 2519 68299 14479
337 66 2520 2519 68598 14533
338 66 2520 2519 68937 14592
339 66 2520 2519 69226 14653
340 66 2520 2519 69490 14713
341 66 2520 2519 69774 14750
342 66 2520 2519 70018 14797
343 67 2520 2519 70303 14853
344 67 2520 2519 70536 14877
345 67 2520 2519 70757 14952
346 67 2520 2519 71029 15015
347 67 2520 2519 71296 15027
348 67 2520 2519 71562 15090
349 67 2520 2519 71804 15142
350 67 2520 2519 72042 15178
351 67 2520 2519 72280 15192
352 67 2520 2519 72498 15210
353 68 2520 2519 72732 15256
354 68 2520 2519 72955 15330
355 69 2520 2519 73180 15409
356 69 2520 2519 73397 15421
357 69 2520 2519 73653 15451
358 69 2520 2519 73884 15460
359 69 2520 2519 74147 15536
360 70 2520 2519 74359 15568
361 70 2520 2519 74619 15622
362 70 2520 2519 74903 15689
363 70 2520 2519 75165 15749
364 70 2520 2519 75419 15784
365 71 2520 2519 75626 15811
366 71 2520 2519 75857 15843
367 72 2520 2519 76132 15871
368 73 2520 2519 76430 15943
369 73 2520 2519 76734 15986
370 73 2520 2519 77024 16047
371 73 2520 2519 77328 16124
372 73 2520 2519 77553 16168
373 74 2520 2519 77835 16212
374 74 2520 2519 78147 16242
375 74 2520 2519 78485 16317
376 74 2520 2519 78763 16356
377 75 2520 2519 79021 16422
378 76 2520 2519 79307 16496
379 77 2520 2519 79646 16584
380 77 2520 2519 80022 16646
381 78 2520 2519 80369 16670
382 79 2520 2519 80751 16721
383 79 2520 2519 81128 16795
384 79 2520 2519 81530 16893
385 79 2520 2519 81889 16952
386 79 2520 2519 82270 17020
387 80 2520 2519 82632 17069
388 80 2520 2519 82924 17128
389 81 2520 2519 83308 17198
390 81 2520 2519 83698 17242
391 81 2520 2519 84062 17269
392 81 2520 2519 84455 17334
393 81 2520 2519 84843 17366
394 81 2520 2519 85170 17414
395 81 2520 2519 85499 17463
396 81 2520 2519 85795 17504
397 81 2520 2519 86146 17572
398 82 2520 2519 86461 17640
399 82 2520 2519 86794 17687
400 82 2520 2519 87088 17761
401 82 2520 2519 87401 17823
402 82 2520 2519 87671 17881
403 82 2520 2519 87932 17932
404 83 2520 2519 88196 17957
405 83 2520 2519 88458 18004
406 83 2520 2519 88746 18069
407 84 2520 2519 89027 18115
408 84 2520 2519 89315 18174
409 84 2520 2519 89607 18218
410 84 2520 2519 89882 18266
411 84 2520 2519 90183 18295
412 85 2520 2519 90505 18345
413 85 2520 2519 90813 18421
414 85 2520 2519 91104 18479
415 85 2520 2519 91406 18526
416 86 2520 2519 91736 18592
417 87 2520 2519 92059 18641
418 87 2520 2519 92402 18721
419 88 2520 2519 92725 18754
420 88 2520 2519 93052 18838
421 88 2520 2519 93420 18888
422 89 2520 2519 93724 18941
423 89 2520 2519 94057 18994
424 90 2520 2519 94418 19051
425 91 2520 2519 94722 19118
426 92 2520 2519 95035 19180
427 92 2520 2519 95379 19245
428 92 2520 2519 95781 19332
429 92 2520 2519 96167 19416
430 92 2520 2519 96538 19502
431 92 2520 2519 96914 19552
432 92 2520 2519 97278 19592
433 94 2520 2519 97637 19663
434 94 2520 2519 97923 19723
435 95 2520 2519 98328 19855
436 95 2520 2519 98721 19912
437 96 2520 2519 99155 20010
438 96 2520 2519 99583 20102
439 96 2520 2519 99970 20182
440 96 2520 2519 100395 20276
441 96 2520 2519 100793 20315
442 97 2520 2519 101238 20403
443 98 2520 2519 101699 20526
444 98 2520 2519 102066 20621
445 98 2520 2519 102479 20724
446 98 2520 2519 102934 20831
447 98 2520 2519 103352 20910
448 98 2520 2519 103697 20983
449 98 2520 2519 104068 21077
450 98 2520 2519 104424 21137
451 99 2520 2519 104779 21193
452 99 2519 2519 105113 21252
453 101 2519 2519 105470 21328
454 101 2519 2519 105834 21407
455 101 2519 2519 106238 21477
456 101 2519 2519 106670 21540
457 102 2519 2519 107058 21608
458 102 2519 2519 107465 21703
459 102 2519 2519 107842 21763
460 104 2519 2519 108190 21804
461 104 2519 2519 108644 21907
462 104 2519 2519 109077 21980
463 104 2519 2519 109469 22028
464 104 2519 2519 109881 22119
465 105 2519 2519 110236 22170
466 105 2519 2519 110585 22230
467 105 2519 2519 110982 22264
468 105 2519 2519 111348 22316
469 105 2519 2519 111724 22349
470 105 2519 2519 112072 22405
471 107 2519 2519 112405 22453
472 108 2519 2519 112759 22517
473 110 2519 2519 113197 22593
474 110 2519 2519 113647 22668
475 110 2519 2519 114125 22766
476 111 2519 2519 114575 22853
477 111 2519 2519 115053 22906
478 113 2519 2519 115554 23039
479 113 2519 2519 116120 23160
480 114 2519 2519 116632 23218
481 114 2519 2519 117192 23283
482 114 2519 2519 117796 23393
483 114 2519 2519 118332 23517
484 114 2519 2519 118886 23625
485 114 2519 2519 119430 23719
486 114 2519 2519 119883 23780
487 114 2519 2519 120421 23895
488 114 2519 2519 120938 23963
489 115 2519 2519 121369 24045
490 115 2518 2519 121831 24092
491 115 2518 2519 122316 24164
492 115 2518 2519 122754 24251
493 115 2518 2519 123160 24300
494 115 2518 2519 123565 24393
495 115 2518 2519 123913 24469
496 115 2518 2519 124289 24524
497 116 2517 2519 124681 24562
498 116 2517 2519 125047 24605
499 117 2517 2519 125417 24674
500 117 2517 2519 125827 24763
501 118 2517 2519 126223 24833
502 118 2517 2519 126641 24893
503 118 2517 2519 127053 24946
504 119 2517 2519 127453 25037
505 119 2517 2519 127896 25096
506 120 2517 2519 128329 25154
507 121 2517 2519 128702 25211
508 124 2517 2519 129146 25266
509 125 2517 2519 129655 25358
510 125 2517 2519 130202 25466
511 125 2517 2519 130741 25548
512 125 2517 2519 131277 25633
513 125 2517 2519 131838 25716
514 125 2517 2519 132409 25826
515 125 2517 2519 132941 25903
516 126 2517 2519 133430 25952
517 126 2517 2519 133888 26034
518 126 2517 2519 134347 26103
519 126 2517 2519 134815 26180
520 126 2517 2519 135195 26245
521 128 2517 2519 135661 26329
522 128 2517 2519 136097 26392
523 129 2517 2519 136565 26470
524 129 2517 2519 136988 26550
525 129 2517 2519 137439 26625
526 129 2517 2519 137924 26704
527 131 2517 2519 138355 26805
528 131 2517 2519 138762 26837
529 132 2517 2519 139202 26901
530 132 2517 2519 139691 26981
531 133 2517 2519 140151 26999
532 133 2517 2519 140672 27081
533 134 2517 2519 141093 27145
534 134 2517 2519 141530 27163
535 134 2517 2519 142002 27258
536 134 2517 2519 142480 27341
537 134 2517 2519 142946 27402
538 134 2517 2519 143411 27470
539 135 2517 2519 143845 27502
540 135 2517 2519 144261 27581
541 135 2517 2519 144621 27621
542 136 2517 2519 145047 27696
543 136 2517 2519 145432 27731
544 136 2517 2519 145836 27767
545 138 2517 2519 146247 27824
546 139 2517 2519 146677 27883
547 141 2517 2519 147137 27975
548 142 2517 2519 147587 28084
549 142 2517 2519 148171 28167
550 142 2517 2519 148756 28322
551 142 2517 2519 149324 28422
552 143 2517 2519 149882 28527
553 143 2517 2519 150434 28632
554 143 2517 2519 150989 28743
555 143 2517 2519 151496 28793
556 143 2517 2519 151940 28871
557 143 2516 2519 152431 28961
558 143 2516 2519 152902 29046
559 143 2516 2519 153337 29116
560 143 2516 2519 153765 29191
561 143 2516 2519 154224 29258
562 143 2516 2519 154606 29339
563 144 2516 2519 154972 29363
564 144 2516 2519 155359 29415
565 144 2516 2519 155739 29498
566 144 2516 2519 156106 29545
567 144 2516 2519 156401 29596
568 145 2516 2519 156767 29658
569 145 2516 2519 157134 29757
570 147 2516 2519 157515 29796
571 147 2516 2519 157905 29884
572 147 2516 2519 158280 29962
573 147 2516 2519 158673 30026
574 148 2516 2519 159049 30117
575 149 2516 2519 159436 30201
576 149 2516 2519 159939 30270
577 151 2516 2519 160419 30335
578 151 2516 2519 160890 30413
579 151 2516 2519 161406 30503
580 151 2516 2519 161911 30568
581 153 2516 2519 162439 30646
582 153 2516 2519 162934 30713
583 153 2516 2519 163445 30820
584 155 2516 2519 163890 30882
585 155 2516 2519 164411 31016
586 156 2516 2519 164900 31067
587 158 2516 2519 165436 31179
588 159 2516 2519 165970 31311
589 159 2516 2519 166548 31416
590 159 2516 2519 167110 31509
591 159 2516 2519 167711 31609
592 159 2516 2519 168301 31699
593 160 2516 2519 168863 31764
594 161 2515 2519 169466 31871
595 161 2515 2519 170056 31974
596 161 2514 2519 170688 32041
597 161 2514 2519 171305 32138
598 161 2514 2519 171838 32214
599 161 2513 2519 172379 32295
600 161 2513 2519 172862 32333
601 161 2513 2519 173336 32374
602 162 2513 2519 173797 32394
603 163 2513 2519 174270 32472
604 163 2513 2519 174750 32528
605 166 2513 2519 175234 32578
606 167 2511 2519 175707 32624
607 167 2511 2519 176313 32685
608 168 2511 2519 176976 32743
609 170 2510 2519 177560 32821
610 170 2510 2519 178181 32903
611 170 2510 2519 178821 32959
612 171 2510 2519 179481 33072
613 171 2510 2519 180110 33102
614 171 2510 2519 180768 33167
615 172 2510 2519 181392 33250
616 172 2510 2519 182006 33289
617 173 2510 2519 182633 33338
618 173 2510 2519 183210 33389
619 173 2508 2519 183747 33468
620 174 2508 2519 184400 33565
621 174 2508 2519 184983 33651
622 174 2508 2519 185606 33702
623 174 2508 2519 186242 33770
624 175 2508 2519 186925 33829
625 175 2508 2519 187442 33910
626 178 2508 2519 188035 33987
627 178 2508 2519 188566 34051
628 179 2508 2519 189151 34166
629 179 2508 2519 189734 34249
630 180 2508 2519 190378 34280
631 182 2508 2519 190962 34335
632 182 2508 2519 191548 34483
633 182 2508 2519 192163 34580
634 183 2508 2519 192730 34642
635 183 2508 2519 193317 34747
636 184 2508 2519 193957 34843
637 185 2508 2519 194600 34975
638 185 2508 2519 195195 35062
639 185 2507 2519 195791 35186
640 185 2507 2519 196449 35314
641 185 2507 2519 197042 35424
642 186 2507 2519 197640 35514
643 187 2507 2519 198223 35581
644 188 2507 2519 198846 35644
645 190 2507 2519 199478 35730
646 190 2507 2519 200000 35807
647 190 2506 2519 200533 35836
648 190 2506 2519 201058 35907
649 190 2506 2519 201570 35971
650 191 2506 2519 202083 36016
651 192 2506 2519 202576 36054
652 193 2506 2519 203153 36103
653 194 2506 2519 203690 36157
654 194 2506 2519 204269 36217
655 195 2506 2519 204831 36279
656 195 2506 2519 205434 36352
657 195 2506 2519 206053 36427
658 195 2506 2519 206603 36500
659 196 2506 2519 207164 36547
660 197 2506 2519 207688 36623
661 197 2506 2519 208290 36725
662 199 2505 2519 208889 36795
663 199 2505 2519 209509 36910
664 199 2505 2519 210113 36985
665 200 2505 2519 210716 37080
666 200 2505 2519 211370 37154
667 200 2505 2519 212066 37245
668 200 2505 2519 212629 37333
669 201 2505 2519 213179 37397
670 202 2505 2519 213771 37455
671 202 2505 2519 214404 37515
672 203 2505 2519 215057 37584
673 203 2505 2519 215670 37671
674 203 2505 2519 216291 37714
675 203 2505 2519 216846 37790
676 203 2505 2519 217384 37818
677 204 2505 2519 217948 37899
678 204 2505 2519 218523 37986
679 205 2504 2519 219060 38090
680 205 2504 2519 219672 38170
681 205 2504 2519 220224 38215
682 205 2504 2519 220739 38274
683 207 2504 2519 221303 38357
684 208 2504 2519 221854 38446
685 209 2503 2519 222408 38538
686 211 2503 2519 222997 38601
687 211 2503 2519 223613 38720
688 214 2503 2519 224240 38799
689 215 2503 2519 224878 38879
690 215 2503 2519 225550 38975
691 215 2503 2519 226304 39089
692 215 2503 2519 226965 39167
693 215 2503 2519 227628 39208
694 215 2503 2519 228298 39280
695 216 2503 2519 228980 39404
696 216 2503 2519 229610 39483
697 217 2503 2519 230260 39608
698 218 2503 2519 230952 39727
699 220 2503 2519 231603 39876
700 220 2503 2519 232310 39965
701 220 2503 2519 232972 40052
702 220 2503 2519 233691 40134
703 222 2503 2519 234335 40188
704 222 2503 2519 235072 40359
705 222 2503 2519 235757 40474
706 223 2503 2519 236503 40563
707 223 2503 2519 237178 40694
708 224 2503 2519 237796 40783
709 226 2503 2519 238476 40903
710 226 2503 2519 239225 41058
711 228 2503 2519 239905 41159
712 231 2503 2519 240564 41239
713 231 2503 2519 241366 41413
714 231 2503 2519 242159 41543
715 231 2503 2519 242958 41655
716 232 2503 2519 243671 41758
717 232 2503 2519 244384 41857
718 233 2503 2519 245118 41977
719 235 2503 2519 245832 42081
720 235 2503 2519 246636 42259
721 236 2503 2519 247385 42393
722 236 2503 2519 248105 42498
723 236 2503 2519 248839 42635
724 236 2503 2519 249586 42720
725 237 2502 2519 250286 42792
726 237 2502 2519 250958 42883
727 237 2502 2519 251733 43030
728 237 2502 2519 252417 43128
729 238 2502 2519 253158 43251
730 239 2502 2519 253837 43376
731 239 2502 2519 254562 43475
732 240 2502 2519 255239 43580
733 240 2502 2519 255936 43667
734 240 2502 2519 256557 43725
735 240 2502 2519 257298 43845
736 241 2502 2519 257885 43881
737 241 2502 2519 258477 43954
738 241 2502 2519 259024 44074
739 243 2502 2519 259630 44143
740 243 2502 2519 260184 44241
741 244 2502 2519 260806 44341
742 247 2502 2519 261341 44449
743 247 2502 2519 261920 44563
744 247 2502 2519 262547 44674
745 248 2502 2519 263213 44770
746 249 2502 2519 263861 44856
747 251 2502 2519 264481 44979
748 251 2502 2519 265182 45064
749 252 2502 2519 265837 45176
750 252 2502 2519 266470 45255
751 252 2502 2519 267086 45364
752 255 2502 2519 267695 45475
753 255 2502 2519 268405 45595
754 255 2502 2519 269141 45721
755 256 2502 2519 269933 45841
756 256 2502 2519 270689 45923
757 257 2502 2519 271360 46077
758 257 2502 2519 272069 46216
759 257 2502 2519 272666 46311
760 257 2502 2519 273342 46402
761 257 2502 2519 274030 46506
762 257 2502 2519 274705 46627
763 258 2502 2519 275380 46690
764 258 2502 2519 276036 46811
765 258 2502 2519 276758 46895
766 259 2501 2519 277372 46975
767 260 2501 2519 277993 47101
768 260 2501 2519 278668 47199
769 261 2501 2519 279312 47295
770 261 2501 2519 280015 47386
771 261 2501 2519 280703 47504
772 262 2501 2519 281336 47546
773 262 2501 2519 281948 47649
774 262 2501 2519 282614 47751
775 263 2501 2519 283296 47798
776 266 2501 2519 283878 47828
777 266 2501 2519 284500 47900
778 268 2501 2519 285136 47945
779 269 2501 2519 285870 48021
780 269 2501 2519 286647 48178
781 269 2501 2519 287326 48320
782 269 2501 2519 288035 48400
783 270 2501 2519 288641 48482
784 271 2501 2519 289352 48559
785 272 2501 2519 290138 48659
786 272 2501 2519 290870 48824
787 272 2501 2519 291623 48907
788 272 2501 2519 292360 49048
789 272 2501 2519 292990 49131
790 273 2500 2519 293609 49193
791 274 2500 2519 294235 49259
792 274 2500 2519 294964 49341
793 277 2500 2519 295748 49472
794 279 2500 2519 296395 49565
795 280 2500 2519 297134 49702
796 282 2500 2519 297810 49776
797 283 2500 2519 298551 49881
798 284 2500 2519 299289 49953
799 284 2500 2519 300100 50052
800 284 2500 2519 300927 50162
801 284 2500 2519 301705 50266
802 285 2500 2519 302595 50352
803 285 2499 2519 303326 50450
804 285 2499 2519 304075 50587
805 286 2499 2519 304880 50651
806 286 2499 2519 305629 50725
807 287 2499 2519 306453 50834
808 288 2499 2519 307237 50912
809 288 2499 2519 308003 51072
810 288 2499 2519 308805 51134
811 289 2499 2519 309519 51234
812 289 2499 2519 310318 51327
813 290 2499 2519 311027 51458
814 291 2499 2519 311775 51514
815 292 2499 2519 312399 51587
816 293 2499 2519 313137 51688
817 294 2499 2519 313892 51737
818 294 2499 2519 314628 51833
819 295 2499 2519 315385 51982
820 296 2499 2519 316114 52095
821 297 2499 2519 316804 52199
822 299 2499 2519 317621 52295
823 300 2498 2519 318376 52420
824 300 2498 2519 319279 52483
825 301 2498 2519 320085 52575
826 301 2498 2519 320868 52749
827 303 2498 2519 321728 52869
828 303 2498 2519 322536 53011
829 304 2498 2519 323341 53146
830 304 2498 2519 324175 53310
831 304 2498 2519 324976 53346
832 304 2498 2519 325757 53466
833 304 2498 2519 326496 53567
834 304 2498 2519 327317 53730
835 304 2498 2519 328076 53866
836 305 2498 2519 328788 53965
837 305 2498 2519 329595 54042
838 306 2498 2519 330334 54099
839 306 2498 2519 331070 54130
840 307 2498 2519 331733 54268
841 309 2498 2519 332389 54356
842 309 2497 2519 333099 54408
843 310 2497 2519 333850 54544
844 310 2497 2519 334542 54634
845 310 2497 2519 335243 54671
846 310 2497 2519 335955 54716
847 310 2497 2519 336700 54840
848 311 2497 2519 337340 54900
849 311 2497 2519 338001 54989
850 313 2496 2519 338661 55130
851 313 2496 2519 339417 55209
852 316 2496 2519 340199 55318
853 317 2496 2519 340885 55419
854 319 2496 2519 341649 55512
855 319 2496 2519 342485 55643
856 319 2496 2519 343261 55749
857 320 2495 2519 344091 55882
858 321 2495 2519 344873 55970
859 322 2495 2519 345708 56068
860 323 2495 2519 346504 56185
861 324 2495 2519 347321 56322
862 324 2495 2519 348199 56420
863 325 2495 2519 348984 56504
864 325 2495 2519 349850 56656
865 327 2495 2519 350695 56815
866 329 2495 2519 351490 56941
867 331 2495 2519 352316 57007
868 331 2495 2519 353099 57075
869 332 2495 2519 353944 57133
870 333 2495 2519 354724 57257
871 333 2495 2519 355614 57372
872 333 2495 2519 356416 57478
873 333 2495 2519 357192 57584
874 334 2495 2519 358062 57685
875 334 2495 2519 358810 57790
876 335 2495 2519 359581 57866
877 336 2495 2519 360347 57982
878 337 2495 2519 361137 58055
879 337 2495 2519 361873 58095
880 339 2495 2519 362558 58184
881 339 2495 2519 363260 58250
882 339 2495 2519 364076 58365
883 341 2495 2519 364786 58428
884 342 2495 2519 365445 58526
885 342 2495 2519 366199 58679
886 342 2495 2519 366951 58816
887 343 2495 2519 367619 58919
888 343 2495 2519 368369 58983
889 345 2495 2519 369113 59072
890 347 2495 2519 369876 59155
891 347 2495 2519 370699 59272
892 348 2495 2519 371529 59357
893 349 2495 2519 372369 59410
894 349 2494 2519 373124 59462
895 350 2494 2519 373924 59574
896 350 2494 2519 374688 59694
897 351 2494 2519 375491 59808
898 351 2494 2519 376378 59919
899 352 2493 2519 377202 60001
900 353 2493 2519 377992 60098
901 354 2493 2519 378831 60224
902 354 2493 2519 379648 60311
903 357 2493 2519 380532 60412
904 358 2493 2519 381358 60526
905 360 2493 2519 382159 60617
906 361 2492 2519 383000 60768
907 362 2492 2519 383913 60828
908 362 2492 2519 384802 60964
909 362 2492 2519 385715 61064
910 362 2492 2519 386543 61208
911 363 2492 2519 387385 61291
912 364 2492 2519 388232 61380
913 364 2492 2519 389025 61460
914 366 2492 2519 389902 61534
915 367 2492 2519 390797 61582
916 368 2492 2519 391648 61693
917 368 2492 2519 392420 61727
918 369 2492 2519 393198 61890
919 371 2492 2519 393978 62003
920 372 2492 2519 394779 62108
921 372 2492 2519 395644 62215
922 373 2491 2519 396517 62347
923 374 2491 2519 397305 62409
924 375 2491 2519 398137 62500
925 375 2490 2519 398988 62610
926 376 2490 2519 399857 62668
927 376 2489 2519 400706 62785
928 376 2489 2519 401578 62820
929 377 2489 2519 402433 62846
930 377 2489 2519 403255 62880
931 377 2488 2519 404087 62878
932 378 2488 2519 404917 62977
933 381 2488 2519 405673 63025
934 382 2488 2519 406532 63137
935 382 2488 2519 407354 63186
936 383 2488 2519 408164 63282
937 383 2488 2519 408895 63340
938 383 2487 2519 409675 63434
939 383 2487 2519 410465 63516
940 383 2487 2519 411326 63605
941 384 2487 2519 412146 63670
942 385 2487 2519 412971 63725
943 387 2487 2519 413709 63793
944 387 2487 2519 414503 63894
945 387 2487 2519 415168 63928
946 388 2487 2519 415916 64011
947 388 2487 2519 416710 64110
948 388 2487 2519 417466 64160
949 389 2487 2519 418170 64249
950 390 2487 2519 418851 64310
951 391 2486 2519 419606 64408
952 392 2486 2519 420296 64429
953 392 2486 2519 421046 64529
954 392 2486 2519 421838 64626
955 394 2486 2519 422633 64708
956 394 2486 2519 423405 64842
957 394 2486 2519 424221 64963
958 394 2486 2519 424965 65022
959 394 2486 2519 425763 65122
960 397 2486 2519 426507 65190
961 399 2486 2519 427361 65297
962 400 2486 2519 428164 65418
963 401 2486 2519 428913 65526
964 403 2486 2519 429720 65646
965 403 2486 2519 430633 65763
966 404 2485 2519 431454 65867
967 404 2485 2519 432325 65962
968 405 2485 2519 433118 66034
969 405 2484 2519 433957 66173
970 405 2484 2519 434797 66254
971 406 2484 2519 435644 66338
972 406 2484 2519 436427 66445
973 407 2484 2519 437302 66541
974 407 2484 2519 438077 66603
975 407 2484 2519 438859 66681
976 409 2484 2519 439661 66769
977 410 2484 2519 440494 66880
978 412 2484 2519 441285 66922
979 412 2484 2519 442180 67063
980 413 2484 2519 443063 67214
981 416 2484 2519 443962 67348
982 417 2484 2519 444836 67437
983 418 2484 2519 445791 67619
984 418 2483 2519 446771 67703
985 418 2483 2519 447670 67813
986 418 2482 2519 448622 67938
987 418 2482 2519 449443 68038
988 418 2482 2519 450278 68148
989 420 2482 2519 451090 68215
990 421 2482 2519 451906 68272
991 421 2481 2519 452834 68398
992 421 2481 2519 453718 68528
993 422 2481 2519 454664 68613
994 422 2481 2519 455541 68680
995 424 2481 2519 456382 68704
996 425 2481 2519 457322 68850
997 427 2481 2519 458133 68913
998 427 2481 2519 459021 68967
999 428 2481 2519 459832 69026
1000 430 2481 2519 460694 69117
