0 1 2520 2519 431 297
1 1 2520 2519 499 341
2 1 2520 2519 562 368
3 1 2520 2519 627 395
4 1 2520 2519 721 440
5 1 2520 2519 792 472
6 1 2520 2519 872 493
7 1 2520 2519 952 538
8 1 2520 2519 1007 555
9 1 2520 2519 1075 573
10 1 2520 2519 1107 579
11 1 2520 2519 1146 591
12 1 2520 2519 1178 601
13 1 2520 2519 1210 617
14 1 2520 2519 1226 628
15 1 2520 2519 1243 636
16 1 2520 2519 1258 647
17 1 2520 2519 1280 653
18 1 2520 2519 1291 657
19 1 2520 2519 1309 667
20 2 2520 2519 1320 667
21 2 2520 2519 1351 684
22 2 2520 2519 1435 720
23 2 2520 2519 1525 745
24 2 2520 2519 1611 781
25 2 2520 2519 1714 807
26 2 2520 2519 1802 836
27 2 2520 2519 1867 850
28 2 2520 2519 1946 878
29 2 2520 2519 2026 902
30 2 2520 2519 2099 919
31 2 2520 2519 2174 941
32 2 2520 2519 2249 961
33 2 2520 2519 2309 989
34 3 2520 2519 2365 1009
35 3 2520 2519 2436 1035
36 3 2520 2519 2552 1073
37 3 2520 2519 2635 1106
38 3 2520 2519 2752 1143
39 3 2520 2519 2856 1184
40 3 2520 2519 2949 1206
41 4 2520 2519 3016 1231
42 4 2520 2519 3116 1252
43 4 2520 2519 3237 1288
44 4 2520 2519 3367 1321
45 4 2520 2519 3492 1354
46 4 2520 2519 3616 1396
47 4 2520 2519 3751 1424
48 4 2520 2519 3849 1440
49 4 2520 2519 3985 1480
50 4 2520 2519 4074 1497
51 4 2520 2519 4190 1518
52 4 2520 2519 4279 1527
53 4 2520 2519 4345 1552
54 5 2520 2519 4405 1578
55 5 2520 2519 4505 1602
56 5 2520 2519 4627 1663
57 5 2520 2519 4727 1679
58 6 2520 2519 4838 1698
59 6 2520 2519 5005 1728
60 6 2520 2519 5172 1776
61 7 2520 2519 5339 1813
62 7 2520 2519 5523 1851
63 7 2520 2519 5700 1902
64 7 2520 2519 5879 1971
65 7 2520 2519 6076 2021
66 7 2520 2519 6251 2058
67 7 2520 2519 6442 2114
68 7 2520 2519 6610 2132
69 7 2520 2519 6775 2165
70 7 2520 2519 6928 2187
71 7 2520 2519 7082 2241
72 7 2520 2519 7201 2269
73 7 2520 2519 7321 2302
74 7 2520 2519 7465 2338
75 7 2520 2519 7586 2365
76 7 2520 2519 7700 2377
77 7 2520 2519 7810 2399
78 8 2520 2519 7907 2418
79 8 2520 2519 8027 2453
80 8 2520 2519 8158 2486
81 8 2520 2519 8284 2521
82 8 2520 2519 8383 2546
83 8 2520 2519 8500 2578
84 8 2520 2519 8634 2613
85 10 2520 2519 8759 2649
86 11 2520 2519 8869 2663
87 11 2520 2519 9061 2708
88 12 2520 2519 9226 2732
89 12 2520 2519 9451 2784
90 12 2520 2519 9680 2842
91 12 2520 2519 9898 2888
92 12 2520 2519 10123 2935
93 12 2520 2519 10365 2986
94 13 2520 2519 10634 3072
95 13 2520 2519 10898 3131
96 13 2520 2519 11196 3188
97 13 2520 2519 11431 3253
98 13 2520 2519 11715 3329
99 13 2520 2519 11976 3396
100 13 2520 2519 12224 3437
101 13 2520 2519 12460 3499
102 13 2520 2519 12660 3512
103 13 2520 2519 12867 3568
104 13 2520 2519 13048 3584
105 13 2520 2519 13221 3616
106 13 2520 2519 13382 3663
107 13 2520 2519 13546 3700
108 13 2520 2519 13718 3715
109 13 2520 2519 13884 3752
110 13 2520 2519 14025 3791
111 14 2520 2519 14195 3810
112 14 2520 2519 14343 3833
113 15 2520 2519 14482 3866
114 15 2520 2519 14671 3911
115 16 2520 2519 14868 3962
116 16 2520 2519 15078 4010
117 16 2520 2519 15271 4056
118 16 2520 2519 15504 4084
119 17 2520 2519 15729 4134
120 17 2520 2519 15921 4169
121 17 2520 2519 16187 4234
122 17 2520 2519 16438 4293
123 17 2520 2519 16641 4344
124 18 2520 2519 16835 4389
125 18 2520 2519 17058 4425
126 18 2520 2519 17263 4462
127 18 2520 2519 17488 4493
128 18 2520 2519 17713 4533
129 19 2520 2519 17913 4547
130 19 2520 2519 18123 4570
131 20 2520 2519 18340 4638
132 20 2520 2519 18546 4700
133 20 2520 2519 18756 4743
134 20 2520 2519 18997 4825
135 20 2520 2519 19227 4872
136 20 2520 2519 19428 4928
137 20 2520 2519 19686 4933
138 20 2520 2519 19870 4958
139 20 2520 2519 20053 4993
140 20 2520 2519 20249 5011
141 20 2520 2519 20417 5082
142 20 2520 2519 20578 5117
143 21 2520 2519 20797 5136
144 22 2520 2519 20994 5187
145 22 2520 2519 21214 5261
146 22 2520 2519 21437 5312
147 23 2520 2519 21631 5349
148 23 2520 2519 21912 5414
149 23 2520 2519 22149 5457
150 23 2520 2519 22392 5499
151 23 2520 2519 22634 5554
152 23 2520 2519 22878 5607
153 24 2520 2519 23101 5648
154 24 2520 2519 23352 5693
155 24 2520 2519 23559 5731
156 24 2520 2519 23824 5798
157 24 2520 2519 24079 5857
158 25 2520 2519 24299 5873
159 25 2520 2519 24549 5916
160 25 2520 2519 24800 5975
161 25 2520 2519 25046 6037
162 25 2520 2519 25289 6088
163 25 2520 2519 25532 6147
164 25 2520 2519 25777 6224
165 25 2520 2519 26012 6258
166 25 2520 2519 26244 6298
167 25 2520 2519 26415 6314
168 25 2520 2519 26570 6340
169 25 2520 2519 26801 6376
170 26 2520 2519 26977 6418
171 26 2520 2519 27138 6448
172 26 2520 2519 27336 6503
173 28 2520 2519 27499 6548
174 28 2520 2519 27713 6587
175 29 2520 2519 27986 6654
176 29 2520 2519 28275 6695
177 29 2520 2519 28552 6776
178 29 2520 2519 28807 6841
179 29 2520 2519 29085 6895
180 29 2520 2519 29314 6937
181 29 2520 2519 29516 6975
182 29 2520 2519 29760 7045
183 29 2520 2519 29986 7109
184 29 2520 2519 30212 7133
185 30 2520 2519 30399 7189
186 30 2520 2519 30610 7232
187 31 2520 2519 30809 7254
188 31 2520 2519 31073 7331
189 31 2519 2519 31365 7397
190 31 2519 2519 31637 7444
191 31 2519 2519 31947 7487
192 31 2519 2519 32237 7556
193 31 2519 2519 32465 7619
194 31 2519 2519 32700 7661
195 31 2519 2519 32920 7695
196 32 2519 2519 33134 7706
197 33 2519 2519 33339 7760
198 33 2519 2519 33586 7819
199 34 2519 2519 33850 7853
200 34 2519 2519 34117 7897
201 34 2519 2519 34367 7948
202 35 2519 2519 34608 7987
203 35 2519 2519 34905 8023
204 36 2519 2519 35157 8097
205 36 2519 2519 35400 8132
206 36 2519 2519 35703 8195
207 37 2519 2519 36009 8245
208 37 2519 2519 36305 8308
209 38 2519 2519 36647 8348
210 38 2519 2519 36932 8367
211 38 2519 2519 37215 8410
212 38 2519 2519 37502 8445
213 38 2519 2519 37791 8484
214 38 2519 2519 38103 8523
215 39 2519 2519 38412 8564
216 40 2519 2519 38707 8598
217 40 2519 2519 39031 8645
218 40 2519 2519 39363 8648
219 41 2519 2519 39723 8695
220 41 2519 2519 40043 8762
221 42 2519 2519 40371 8791
222 42 2519 2519 40696 8845
223 42 2519 2519 41037 8907
224 42 2519 2519 41382 8970
225 43 2519 2519 41735 9044
226 43 2519 2519 42102 9117
227 43 2519 2519 42466 9179
228 43 2519 2519 42853 9252
229 43 2519 2519 43142 9297
230 43 2519 2519 43449 9352
231 43 2519 2519 43693 9399
232 43 2519 2519 43951 9437
233 43 2519 2519 44227 9510
234 43 2519 2519 44483 9541
235 43 2519 2519 44762 9592
236 43 2519 2519 45033 9633
237 43 2519 2519 45254 9672
238 43 2519 2519 45475 9714
239 43 2519 2519 45715 9770
240 43 2519 2519 45931 9770
241 44 2519 2519 46092 9810
242 45 2519 2519 46271 9861
243 45 2519 2519 46507 9884
244 45 2519 2519 46736 9928
245 45 2519 2519 46932 9995
246 45 2519 2519 47184 10034
247 45 2519 2519 47391 10072
248 45 2519 2519 47617 10111
249 45 2519 2519 47849 10152
250 47 2519 2519 48079 10189
251 47 2519 2519 48364 10269
252 47 2519 2519 48680 10345
253 47 2519 2519 48931 10403
254 47 2519 2519 49228 10445
255 47 2519 2519 49532 10485
256 49 2519 2519 49758 10478
257 50 2519 2519 50088 10554
258 50 2519 2519 50412 10623
259 50 2519 2519 50735 10699
260 50 2519 2519 51061 10757
261 50 2519 2519 51371 10818
262 50 2519 2519 51666 10861
263 50 2519 2519 51922 10902
264 50 2519 2519 52220 10951
265 51 2519 2519 52515 11004
266 52 2519 2519 52812 11051
267 53 2519 2519 53141 11089
268 53 2519 2519 53467 11141
269 54 2519 2519 53825 11184
270 54 2519 2519 54158 11235
271 54 2519 2519 54522 11268
272 55 2519 2519 54862 11345
273 55 2519 2519 55183 11384
274 55 2519 2519 55537 11447
275 55 2519 2519 55848 11503
276 55 2518 2519 56158 11567
277 55 2518 2519 56468 11637
278 55 2518 2519 56728 11682
279 55 2518 2519 57034 11716
280 55 2518 2519 57318 11766
281 55 2518 2519 57591 11815
282 55 2518 2519 57847 11844
283 55 2518 2519 58107 11849
284 55 2518 2519 58380 11897
285 55 2518 2519 58597 11931
286 56 2518 2519 58858 11952
287 56 2518 2519 59109 12008
288 57 2518 2519 59341 12055
289 58 2518 2519 59607 12094
290 58 2518 2519 59875 12121
291 58 2518 2519 60156 12151
292 58 2518 2519 60447 12216
293 59 2518 2519 60722 12286
294 61 2518 2519 61064 12334
295 61 2518 2519 61386 12423
296 61 2518 2519 61820 12487
297 61 2518 2519 62194 12531
298 62 2518 2519 62629 12594
299 63 2518 2519 63036 12694
300 63 2518 2519 63452 12752
301 63 2518 2519 63883 12847
302 64 2518 2519 64321 12926
303 64 2518 2519 64716 12966
304 64 2518 2519 65065 13032
305 65 2518 2519 65465 13096
306 65 2518 2519 65843 13174
307 66 2518 2519 66268 13228
308 66 2518 2519 66698 13279
309 66 2518 2519 67084 13361
310 66 2518 2519 67485 13429
311 66 2518 2519 67897 13484
312 67 2518 2519 68292 13557
313 67 2518 2519 68652 13614
314 67 2518 2519 69036 13652
315 67 2518 2519 69422 13728
316 67 2518 2519 69761 13825
317 68 2518 2519 70108 13889
318 68 2518 2519 70419 13941
319 68 2518 2519 70743 13998
320 68 2518 2519 71071 14037
321 68 2518 2519 71416 14100
322 68 2518 2519 71755 14159
323 68 2518 2519 72061 14219
324 68 2518 2519 72368 14267
325 68 2518 2519 72648 14315
326 68 2518 2519 72872 14380
327 68 2518 2519 73117 14420
328 70 2518 2519 73385 14436
329 70 2518 2519 73615 14479
330 70 2518 2519 73925 14493
331 71 2518 2519 74219 14534
332 72 2518 2519 74498 14614
333 72 2518 2519 74820 14669
334 72 2518 2519 75173 14743
335 73 2518 2519 75536 14793
336 73 2518 2519 75871 14851
337 74 2518 2519 76209 14896
338 74 2518 2519 76586 14970
339 74 2518 2519 76957 15035
340 74 2518 2519 77248 15105
341 75 2518 2519 77573 15155
342 75 2518 2519 77935 15211
343 75 2518 2519 78307 15260
344 75 2517 2519 78645 15305
345 75 2517 2519 79026 15371
346 76 2517 2519 79363 15407
347 76 2517 2519 79732 15488
348 76 2517 2519 80061 15525
349 76 2517 2519 80343 15543
350 77 2517 2519 80674 15599
351 77 2517 2519 80980 15654
352 77 2517 2519 81347 15703
353 78 2517 2519 81638 15766
354 79 2517 2519 81993 15843
355 80 2517 2519 82278 15890
356 80 2517 2519 82641 15958
357 80 2517 2519 83039 16043
358 80 2517 2519 83402 16135
359 82 2517 2519 83762 16183
360 82 2517 2519 84111 16218
361 82 2517 2519 84494 16268
362 82 2517 2519 84872 16324
363 82 2517 2519 85260 16366
364 82 2517 2519 85584 16427
365 82 2517 2519 85961 16495
366 82 2517 2519 86318 16541
367 82 2517 2519 86679 16596
368 82 2517 2519 87023 16637
369 82 2516 2519 87330 16709
370 82 2516 2519 87695 16750
371 83 2516 2519 88007 16825
372 83 2516 2519 88325 16881
373 83 2516 2519 88673 16897
374 83 2516 2519 88968 16968
375 83 2516 2519 89248 17018
376 83 2516 2519 89519 17033
377 83 2516 2519 89769 17073
378 84 2516 2519 90049 17092
379 85 2516 2519 90343 17126
380 85 2516 2519 90627 17171
381 86 2516 2519 90914 17199
382 86 2516 2519 91208 17236
383 87 2516 2519 91533 17256
384 87 2516 2519 91839 17290
385 88 2516 2519 92144 17333
386 88 2516 2519 92509 17388
387 88 2516 2519 92868 17450
388 88 2516 2519 93129 17492
389 88 2515 2519 93493 17524
390 88 2515 2519 93848 17556
391 88 2515 2519 94212 17602
392 88 2515 2519 94529 17648
393 88 2515 2519 94896 17687
394 90 2515 2519 95168 17694
395 90 2515 2519 95522 17762
396 90 2515 2519 95871 17816
397 91 2515 2519 96185 17867
398 92 2515 2519 96477 17888
399 92 2515 2519 96881 17943
400 93 2515 2519 97273 18027
401 94 2515 2519 97638 18078
402 94 2515 2519 98013 18161
403 94 2515 2519 98431 18245
404 95 2515 2519 98861 18351
405 95 2515 2519 99287 18483
406 95 2515 2519 99772 18568
407 95 2515 2519 100252 18620
408 95 2515 2519 100686 18669
409 96 2515 2519 101071 18733
410 96 2515 2519 101495 18834
411 96 2515 2519 101903 18900
412 97 2515 2519 102254 18956
413 97 2515 2519 102639 19027
414 98 2515 2519 103040 19077
415 98 2515 2519 103398 19143
416 98 2515 2519 103771 19207
417 99 2515 2519 104120 19274
418 99 2515 2519 104524 19345
419 99 2515 2519 104864 19392
420 99 2515 2519 105212 19416
421 99 2515 2519 105549 19479
422 99 2515 2519 105873 19506
423 99 2515 2519 106176 19582
424 100 2515 2519 106453 19603
425 101 2515 2519 106779 19685
426 102 2515 2519 107116 19733
427 102 2515 2519 107415 19834
428 102 2515 2519 107728 19892
429 102 2515 2519 108121 19951
430 102 2515 2519 108476 19977
431 103 2515 2519 108847 20019
432 104 2515 2519 109199 20045
433 105 2515 2519 109595 20089
434 105 2515 2519 110007 20170
435 105 2515 2519 110472 20239
436 105 2515 2519 110899 20270
437 106 2515 2519 111293 20304
438 106 2515 2519 111757 20351
439 107 2515 2519 112178 20429
440 109 2515 2519 112696 20524
441 109 2515 2519 113199 20622
442 110 2515 2519 113710 20731
443 110 2515 2519 114248 20795
444 110 2515 2519 114768 20900
445 110 2515 2519 115236 20969
446 110 2515 2519 115747 21033
447 110 2515 2519 116187 21089
448 110 2515 2519 116645 21164
449 110 2515 2519 117062 21240
450 111 2515 2519 117530 21280
451 111 2515 2519 117972 21314
452 112 2515 2519 118385 21377
453 112 2515 2519 118826 21430
454 112 2515 2519 119228 21477
455 112 2515 2519 119661 21526
456 112 2515 2519 120021 21554
457 114 2515 2519 120377 21608
458 115 2515 2519 120773 21644
459 115 2515 2519 121187 21721
460 116 2514 2519 121630 21813
461 118 2514 2519 122043 21885
462 118 2514 2519 122523 21990
463 119 2514 2519 122970 22074
464 120 2514 2519 123454 22144
465 120 2514 2519 123915 22212
466 120 2514 2519 124449 22337
467 121 2514 2519 124979 22461
468 121 2514 2519 125532 22548
469 121 2514 2519 126004 22582
470 121 2514 2519 126444 22652
471 121 2514 2519 126949 22728
472 121 2514 2519 127363 22803
473 121 2514 2519 127802 22867
474 122 2514 2519 128230 22912
475 122 2514 2519 128700 23009
476 122 2514 2519 129137 23086
477 123 2514 2519 129598 23157
478 123 2514 2519 129990 23232
479 123 2514 2519 130346 23272
480 123 2514 2519 130767 23299
481 123 2514 2519 131139 23384
482 123 2514 2519 131558 23397
483 123 2514 2519 131945 23451
484 124 2514 2519 132291 23512
485 124 2514 2519 132647 23559
486 124 2514 2519 133010 23629
487 124 2514 2519 133381 23677
488 124 2514 2519 133740 23723
489 124 2514 2519 134105 23767
490 124 2514 2519 134409 23827
491 125 2514 2519 134687 23873
492 126 2514 2519 134991 23913
493 126 2514 2519 135343 23955
494 128 2514 2519 135679 24052
495 130 2514 2519 136100 24092
496 130 2514 2519 136479 24185
497 130 2514 2519 136910 24259
498 131 2514 2519 137358 24322
499 131 2514 2519 137815 24432
500 133 2514 2519 138251 24500
501 133 2514 2519 138785 24573
502 134 2514 2519 139359 24662
503 134 2514 2519 139960 24792
504 134 2514 2519 140475 24858
505 134 2514 2519 141024 24929
506 134 2514 2519 141554 25068
507 135 2514 2519 142035 25147
508 135 2514 2519 142559 25205
509 135 2514 2519 143106 25276
510 136 2514 2519 143648 25362
511 136 2514 2519 144141 25437
512 136 2514 2519 144600 25516
513 136 2514 2519 145004 25582
514 136 2514 2519 145414 25630
515 137 2514 2519 145822 25711
516 137 2514 2519 146254 25742
517 137 2514 2519 146661 25819
518 138 2514 2519 147124 25891
519 138 2514 2519 147520 25943
520 138 2514 2519 147967 26018
521 139 2514 2519 148359 26092
522 140 2514 2519 148796 26166
523 140 2514 2519 149271 26207
524 140 2514 2519 149706 26260
525 140 2514 2519 150155 26348
526 140 2514 2519 150616 26397
527 141 2514 2519 151043 26444
528 141 2514 2519 151502 26559
529 143 2514 2519 151946 26626
530 143 2514 2519 152411 26661
531 143 2513 2519 152832 26696
532 144 2513 2519 153304 26771
533 145 2513 2519 153743 26808
534 146 2513 2519 154182 26851
535 146 2513 2519 154626 26893
536 146 2513 2519 155131 26957
537 146 2513 2519 155640 27057
538 147 2513 2519 156147 27085
539 147 2513 2519 156640 27106
540 147 2513 2519 157175 27222
541 147 2513 2519 157655 27258
542 147 2513 2519 158131 27330
543 147 2513 2519 158595 27378
544 148 2513 2519 159047 27413
545 148 2513 2519 159512 27469
546 149 2513 2519 159942 27515
547 149 2513 2519 160345 27577
548 150 2513 2519 160788 27691
549 151 2513 2519 161231 27790
550 151 2513 2519 161646 27860
551 151 2513 2519 162108 27889
552 151 2513 2519 162586 27978
553 152 2513 2519 163000 28063
554 153 2513 2519 163409 28141
555 154 2513 2519 163850 28212
556 154 2512 2519 164317 28257
557 154 2512 2519 164846 28344
558 154 2512 2519 165318 28433
559 155 2512 2519 165763 28478
560 156 2512 2519 166238 28536
561 156 2512 2519 166742 28634
562 156 2512 2519 167187 28645
563 156 2512 2519 167649 28694
564 156 2512 2519 168180 28773
565 160 2512 2519 168719 28849
566 162 2512 2519 169228 28934
567 162 2512 2519 169847 29049
568 163 2512 2519 170415 29174
569 163 2511 2519 171004 29293
570 164 2511 2519 171665 29357
571 164 2510 2519 172332 29447
572 164 2510 2519 173007 29542
573 164 2510 2519 173662 29619
574 164 2509 2519 174326 29717
575 165 2509 2519 174951 29787
576 165 2509 2519 175605 29883
577 165 2509 2519 176179 29922
578 165 2508 2519 176825 29965
579 165 2508 2519 177437 29997
580 165 2508 2519 177984 30098
581 165 2508 2519 178600 30170
582 166 2508 2519 179117 30221
583 167 2508 2519 179685 30281
584 169 2508 2519 180248 30320
585 169 2508 2519 180720 30368
586 169 2508 2519 181223 30439
587 169 2508 2519 181759 30533
588 169 2508 2519 182260 30577
589 169 2508 2519 182831 30642
590 169 2508 2519 183321 30760
591 169 2507 2519 183795 30824
592 171 2507 2519 184322 30884
593 172 2507 2519 184864 30957
594 172 2507 2519 185352 31042
595 172 2507 2519 185886 31060
596 173 2507 2519 186391 31095
597 174 2506 2519 186925 31183
598 175 2506 2519 187576 31235
599 176 2505 2519 188139 31274
600 176 2505 2519 188802 31342
601 176 2504 2519 189426 31427
602 176 2504 2519 190047 31521
603 176 2504 2519 190616 31555
604 179 2504 2519 191203 31577
605 180 2504 2519 191805 31672
606 180 2504 2519 192429 31723
607 180 2504 2519 193070 31812
608 182 2504 2519 193678 31908
609 182 2504 2519 194281 32033
610 182 2504 2519 194998 32129
611 182 2504 2519 195676 32228
612 185 2504 2519 196265 32312
613 186 2504 2519 196905 32385
614 186 2504 2519 197640 32492
615 188 2504 2519 198298 32587
616 188 2504 2519 198962 32711
617 189 2503 2519 199739 32804
618 191 2503 2519 200514 32857
619 191 2503 2519 201256 32980
620 191 2503 2519 202035 33071
621 191 2503 2519 202777 33144
622 192 2503 2519 203472 33220
623 192 2503 2519 204213 33278
624 193 2503 2519 204875 33338
625 193 2503 2519 205573 33432
626 193 2503 2519 206248 33492
627 193 2503 2519 206840 33594
628 193 2503 2519 207462 33645
629 194 2503 2519 208066 33712
630 195 2503 2519 208645 33766
631 195 2503 2519 209230 33805
632 196 2503 2519 209787 33837
633 198 2503 2519 210318 33887
634 200 2502 2519 210897 33961
635 200 2502 2519 211553 34033
636 200 2502 2519 212268 34124
637 201 2502 2519 212967 34251
638 202 2502 2519 213587 34316
639 203 2502 2519 214330 34398
640 204 2502 2519 215069 34476
641 204 2502 2519 215825 34540
642 204 2502 2519 216462 34583
643 205 2502 2519 217128 34716
644 205 2502 2519 217843 34833
645 206 2502 2519 218490 34879
646 208 2502 2519 219169 34982
647 209 2502 2519 219832 35051
648 210 2502 2519 220516 35117
649 210 2502 2519 221286 35212
650 210 2502 2519 221978 35297
651 211 2502 2519 222708 35354
652 211 2502 2519 223470 35461
653 211 2502 2519 224208 35578
654 211 2502 2519 224918 35653
655 213 2501 2519 225601 35727
656 213 2501 2519 226343 35842
657 213 2501 2519 227032 35893
658 215 2501 2519 227729 35966
659 217 2501 2519 228421 36046
660 217 2501 2519 229145 36115
661 217 2501 2519 229789 36174
662 218 2501 2519 230496 36239
663 219 2501 2519 231113 36274
664 221 2501 2519 231764 36366
665 221 2501 2519 232459 36474
666 221 2501 2519 233183 36608
667 221 2501 2519 233919 36734
668 221 2501 2519 234572 36825
669 221 2500 2519 235286 36959
670 221 2500 2519 235983 37086
671 221 2500 2519 236663 37162
672 222 2500 2519 237275 37211
673 223 2500 2519 237876 37302
674 224 2500 2519 238471 37337
675 224 2500 2519 239087 37445
676 225 2500 2519 239784 37499
677 227 2500 2519 240384 37612
678 227 2500 2519 241028 37716
679 228 2500 2519 241727 37797
680 229 2500 2519 242420 37901
681 229 2500 2519 243083 37975
682 230 2500 2519 243761 38007
683 230 2500 2519 244428 38138
684 231 2500 2519 245133 38225
685 231 2500 2519 245837 38348
686 232 2500 2519 246483 38408
687 232 2500 2519 247134 38440
688 233 2500 2519 247844 38502
689 233 2500 2519 248522 38584
690 233 2500 2519 249210 38648
691 233 2500 2519 249927 38747
692 233 2500 2519 250545 38824
693 234 2500 2519 251190 38879
694 236 2500 2519 251871 38993
695 236 2500 2519 252561 39072
696 236 2500 2519 253245 39112
697 238 2500 2519 253869 39177
698 238 2500 2519 254529 39277
699 238 2500 2519 255132 39376
700 239 2500 2519 255756 39448
701 240 2500 2519 256435 39552
702 241 2500 2519 257091 39639
703 242 2500 2519 257672 39708
704 243 2500 2519 258338 39737
705 243 2500 2519 259049 39806
706 243 2500 2519 259758 39886
707 245 2500 2519 260413 39979
708 247 2500 2519 261193 40077
709 247 2500 2519 261973 40148
710 248 2500 2519 262792 40238
711 249 2500 2519 263503 40292
712 249 2500 2519 264255 40377
713 250 2500 2519 265098 40450
714 250 2500 2519 265892 40566
715 253 2500 2519 266675 40621
716 255 2500 2519 267442 40741
717 255 2500 2519 268242 40836
718 257 2500 2519 269057 40964
719 258 2500 2519 269842 41060
720 258 2500 2519 270581 41134
721 258 2499 2519 271409 41240
722 259 2499 2519 272242 41324
723 260 2499 2519 273068 41425
724 260 2499 2519 273917 41543
725 260 2499 2519 274701 41632
726 261 2499 2519 275480 41703
727 261 2499 2519 276234 41784
728 262 2499 2519 277094 41856
729 262 2499 2519 277951 41935
730 264 2498 2519 278809 42009
731 264 2498 2519 279579 42083
732 264 2498 2519 280366 42187
733 265 2498 2519 281129 42274
734 268 2498 2519 281834 42341
735 268 2498 2519 282636 42508
736 269 2498 2519 283365 42587
737 269 2498 2519 284157 42668
738 273 2498 2519 284969 42748
739 274 2498 2519 285792 42878
740 274 2498 2519 286699 42956
741 274 2497 2519 287589 43120
742 274 2497 2519 288510 43247
743 274 2497 2519 289346 43360
744 274 2497 2519 290185 43491
745 274 2497 2519 291009 43605
746 276 2497 2519 291842 43686
747 278 2497 2519 292645 43793
748 280 2497 2519 293469 43921
749 280 2497 2519 294303 44040
750 281 2497 2519 295138 44135
751 283 2497 2519 296026 44251
752 283 2497 2519 296895 44320
753 284 2497 2519 297787 44432
754 284 2497 2519 298664 44555
755 284 2497 2519 299587 44714
756 284 2497 2519 300513 44799
757 285 2497 2519 301358 44868
758 285 2497 2519 302127 44950
759 285 2497 2519 303011 45084
760 285 2497 2519 303870 45149
761 285 2497 2519 304713 45280
762 286 2497 2519 305404 45360
763 286 2497 2519 306245 45464
764 287 2497 2519 306903 45514
765 287 2497 2519 307593 45591
766 287 2497 2519 308317 45685
767 289 2497 2519 309042 45756
768 290 2497 2519 309744 45843
769 290 2497 2519 310443 45934
770 291 2497 2519 311168 46027
771 291 2497 2519 311836 46136
772 293 2497 2519 312578 46203
773 293 2497 2519 313296 46321
774 294 2497 2519 313877 46379
775 294 2497 2519 314604 46519
776 295 2497 2519 315370 46658
777 296 2497 2519 316006 46725
778 297 2497 2519 316687 46819
779 298 2497 2519 317497 46907
780 301 2497 2519 318214 46979
781 301 2497 2519 318971 47083
782 302 2497 2519 319811 47194
783 302 2497 2519 320647 47281
784 303 2497 2519 321477 47399
785 304 2497 2519 322323 47517
786 304 2497 2519 323256 47619
787 304 2497 2519 324088 47702
788 304 2497 2519 324958 47799
789 304 2497 2519 325793 47902
790 305 2496 2519 326584 48017
791 305 2496 2519 327327 48109
792 305 2496 2519 328087 48149
793 307 2496 2519 328793 48231
794 308 2496 2519 329513 48312
795 309 2495 2519 330254 48343
796 309 2495 2519 330951 48393
797 309 2495 2519 331671 48453
798 310 2495 2519 332436 48526
799 310 2495 2519 333180 48586
800 310 2495 2519 333956 48704
801 310 2495 2519 334707 48763
802 311 2495 2519 335483 48844
803 311 2495 2519 336168 48886
804 312 2495 2519 336964 49007
805 314 2495 2519 337677 49055
806 315 2495 2519 338412 49127
807 318 2495 2519 339135 49197
808 320 2495 2519 339955 49302
809 320 2495 2519 340803 49456
810 320 2495 2519 341589 49582
811 320 2495 2519 342451 49638
812 321 2495 2519 343282 49762
813 322 2495 2519 344162 49833
814 323 2495 2519 345035 49913
815 323 2495 2519 345900 49998
816 324 2494 2519 346761 50108
817 326 2494 2519 347584 50238
818 326 2494 2519 348432 50296
819 326 2494 2519 349284 50433
820 327 2494 2519 350077 50525
821 327 2494 2519 350928 50588
822 330 2494 2519 351712 50664
823 331 2494 2519 352561 50807
824 332 2494 2519 353495 50903
825 333 2494 2519 354351 50973
826 333 2494 2519 355255 51079
827 336 2494 2519 356097 51166
828 337 2494 2519 356958 51279
829 339 2494 2519 357917 51416
830 340 2493 2519 358857 51503
831 340 2493 2519 359863 51649
832 340 2493 2519 360804 51795
833 340 2493 2519 361792 51912
834 340 2493 2519 362782 52020
835 340 2493 2519 363727 52053
836 340 2492 2519 364601 52144
837 340 2492 2519 365494 52220
838 340 2492 2519 366307 52343
839 340 2492 2519 367126 52438
840 340 2492 2519 367902 52515
841 342 2492 2519 368741 52602
842 342 2492 2519 369545 52699
843 342 2492 2519 370319 52779
844 345 2492 2519 371139 52872
845 345 2492 2519 371874 52932
846 345 2492 2519 372661 53047
847 345 2492 2519 373402 53051
848 346 2492 2519 374216 53144
849 347 2492 2519 374953 53202
850 348 2492 2519 375680 53321
851 349 2492 2519 376494 53387
852 349 2492 2519 377257 53480
853 350 2492 2519 378064 53622
854 350 2492 2519 378848 53720
855 350 2492 2519 379551 53808
856 351 2492 2519 380268 53827
857 354 2492 2519 380995 53967
858 355 2492 2519 381808 54084
859 355 2492 2519 382686 54146
860 355 2492 2519 383582 54251
861 359 2492 2519 384408 54335
862 360 2492 2519 385332 54432
863 361 2492 2519 386215 54533
864 361 2492 2519 387152 54659
865 361 2492 2519 388058 54772
866 363 2492 2519 388934 54931
867 364 2492 2519 389860 55044
868 365 2492 2519 390672 55164
869 365 2492 2519 391589 55234
870 366 2492 2519 392508 55327
871 368 2491 2519 393400 55473
872 369 2491 2519 394306 55576
873 370 2491 2519 395293 55658
874 370 2490 2519 396212 55795
875 371 2490 2519 397179 55920
876 371 2490 2519 398152 56047
877 371 2490 2519 399179 56141
878 371 2490 2519 400126 56210
879 371 2490 2519 400984 56328
880 372 2490 2519 401836 56444
881 374 2490 2519 402757 56534
882 376 2490 2519 403575 56621
883 378 2490 2519 404479 56685
884 380 2490 2519 405375 56774
885 380 2490 2519 406275 56853
886 381 2490 2519 407184 56963
887 381 2490 2519 408141 57071
888 381 2490 2519 409079 57217
889 381 2490 2519 409949 57305
890 383 2490 2519 410843 57415
891 385 2490 2519 411721 57557
892 387 2490 2519 412564 57613
893 387 2490 2519 413501 57672
894 390 2489 2519 414533 57813
895 393 2489 2519 415602 57959
896 395 2489 2519 416633 58136
897 395 2488 2519 417671 58287
898 395 2488 2519 418791 58382
899 395 2488 2519 419864 58461
900 396 2488 2519 420967 58575
901 398 2488 2519 422033 58728
902 399 2488 2519 423146 58805
903 400 2488 2519 424214 58953
904 400 2488 2519 425255 59097
905 401 2488 2519 426345 59208
906 402 2488 2519 427361 59301
907 402 2488 2519 428389 59396
908 405 2488 2519 429447 59453
909 406 2488 2519 430431 59550
910 406 2487 2519 431529 59620
911 406 2487 2519 432638 59681
912 406 2487 2519 433625 59773
913 407 2487 2519 434643 59880
914 408 2487 2519 435621 59945
915 409 2487 2519 436595 60076
916 411 2487 2519 437606 60134
917 411 2487 2519 438654 60251
918 411 2487 2519 439637 60323
919 411 2486 2519 440769 60442
920 413 2486 2519 441728 60499
921 414 2486 2519 442694 60556
922 414 2486 2519 443648 60650
923 414 2486 2519 444617 60749
924 415 2486 2519 445533 60882
925 416 2486 2519 446484 61014
926 417 2486 2519 447459 61094
927 417 2486 2519 448382 61183
928 417 2485 2519 449272 61313
929 417 2485 2519 450255 61464
930 420 2485 2519 451178 61624
931 420 2485 2519 452215 61707
932 421 2485 2519 453251 61846
933 421 2485 2519 454225 61953
934 426 2485 2519 455087 62037
935 428 2485 2519 456125 62105
936 428 2485 2519 457145 62168
937 428 2485 2519 458168 62286
938 429 2485 2519 459188 62378
939 429 2485 2519 460290 62487
940 430 2485 2519 461354 62607
941 431 2485 2519 462399 62713
942 432 2484 2519 463556 62876
943 434 2484 2519 464647 62947
944 435 2484 2519 465780 63057
945 436 2484 2519 466871 63161
946 438 2484 2519 468029 63263
947 438 2484 2519 469149 63398
948 440 2484 2519 470350 63514
949 441 2484 2519 471447 63649
950 441 2484 2519 472515 63775
951 441 2484 2519 473660 63865
952 443 2484 2519 474827 64031
953 444 2484 2519 475975 64113
954 445 2484 2519 477059 64260
955 447 2484 2519 478185 64371
956 447 2484 2519 479288 64441
957 448 2484 2519 480430 64524
958 448 2484 2519 481478 64678
959 448 2484 2519 482502 64738
960 451 2484 2519 483536 64853
961 452 2484 2519 484543 64948
962 453 2483 2519 485612 65051
963 455 2482 2519 486713 65165
964 457 2482 2519 487772 65277
965 458 2482 2519 488896 65416
966 458 2482 2519 490038 65530
967 460 2482 2519 491147 65633
968 461 2482 2519 492330 65798
969 461 2482 2519 493563 65917
970 463 2482 2519 494823 66046
971 465 2482 2519 496019 66142
972 466 2482 2519 497171 66315
973 467 2481 2519 498362 66446
974 467 2481 2519 499527 66552
975 467 2481 2519 500725 66683
976 468 2481 2519 501892 66768
977 470 2481 2519 502985 66849
978 471 2481 2519 504131 67004
979 471 2481 2519 505290 67090
980 471 2481 2519 506500 67209
981 472 2481 2519 507571 67329
982 472 2481 2519 508668 67471
983 473 2481 2519 509738 67565
984 477 2480 2519 510732 67688
985 477 2480 2519 511813 67761
986 477 2480 2519 512851 67871
987 478 2480 2519 513864 67982
988 479 2480 2519 514887 68094
989 482 2480 2519 515892 68206
990 485 2479 2519 516929 68276
991 485 2478 2519 518035 68384
992 486 2478 2519 519205 68489
993 486 2478 2519 520344 68605
994 486 2478 2519 521559 68745
995 487 2478 2519 522680 68873
996 488 2478 2519 523827 69036
997 488 2478 2519 525003 69139
998 491 2477 2519 526229 69267
999 493 2477 2519 527429 69420
1000 495 2477 2519 528643 69554
