0 1 2519 2520 795 500
1 1 2519 2520 825 521
2 1 2519 2520 859 542
3 1 2519 2520 903 571
4 1 2519 2520 948 597
5 1 2519 2520 985 614
6 1 2519 2520 1026 631
7 1 2519 2520 1067 653
8 1 2519 2520 1097 664
9 1 2519 2520 1123 674
10 1 2519 2520 1169 693
11 2 2519 2520 1204 706
12 2 2519 2520 1286 740
13 2 2519 2520 1394 783
14 2 2519 2520 1513 824
15 2 2519 2520 1640 868
16 2 2519 2520 1776 915
17 2 2519 2520 1903 954
18 2 2519 2520 1994 981
19 2 2519 2520 2078 1003
20 2 2519 2520 2146 1023
21 2 2519 2520 2221 1045
22 2 2519 2520 2291 1059
23 2 2519 2520 2350 1080
24 2 2519 2520 2397 1100
25 2 2519 2520 2445 1118
26 2 2519 2520 2487 1131
27 2 2519 2520 2526 1141
28 2 2519 2520 2553 1146
29 2 2519 2520 2580 1161
30 2 2519 2520 2607 1162
31 2 2519 2520 2632 1166
32 4 2519 2520 2654 1171
33 4 2519 2520 2707 1189
34 4 2519 2520 2823 1234
35 4 2519 2520 2977 1286
36 4 2519 2520 3141 1334
37 4 2519 2520 3308 1390
38 4 2519 2520 3509 1449
39 4 2519 2520 3672 1502
40 4 2519 2520 3815 1522
41 4 2519 2520 3982 1575
42 4 2519 2520 4130 1614
43 4 2519 2520 4267 1654
44 4 2519 2520 4355 1685
45 4 2519 2520 4487 1708
46 4 2519 2520 4586 1732
47 4 2519 2520 4681 1748
48 4 2519 2520 4798 1769
49 4 2519 2520 4893 1806
50 5 2519 2520 4941 1832
51 6 2519 2520 5036 1856
52 7 2519 2520 5193 1900
53 7 2519 2520 5404 1981
54 8 2519 2520 5622 2040
55 8 2519 2520 5873 2086
56 8 2519 2520 6176 2166
57 8 2519 2520 6464 2233
58 8 2519 2520 6789 2332
59 8 2519 2520 7090 2378
60 8 2517 2520 7362 2430
61 8 2517 2520 7666 2465
62 8 2517 2520 7931 2529
63 8 2517 2520 8186 2528
64 8 2517 2520 8424 2558
65 8 2517 2520 8627 2588
66 8 2517 2520 8804 2580
67 8 2517 2520 8987 2615
68 8 2517 2520 9157 2631
69 8 2517 2520 9330 2648
70 9 2517 2520 9466 2680
71 10 2517 2520 9612 2722
72 11 2517 2520 9781 2750
73 12 2517 2520 9998 2800
74 13 2517 2520 10271 2888
75 13 2517 2520 10585 2967
76 13 2517 2520 10959 3019
77 13 2517 2520 11303 3120
78 14 2517 2520 11623 3172
79 14 2517 2520 11936 3245
80 14 2517 2520 12308 3320
81 14 2517 2520 12648 3389
82 14 2517 2520 12932 3436
83 14 2517 2520 13280 3485
84 14 2517 2520 13589 3525
85 14 2517 2520 13879 3554
86 14 2516 2520 14133 3608
87 14 2516 2520 14381 3621
88 14 2516 2520 14593 3669
89 14 2515 2520 14794 3695
90 14 2515 2520 14996 3724
91 14 2515 2520 15187 3753
92 16 2515 2520 15401 3791
93 19 2515 2520 15619 3804
94 19 2515 2520 15922 3866
95 19 2515 2520 16247 3938
96 19 2515 2520 16581 4016
97 19 2515 2520 16923 4087
98 19 2515 2520 17286 4152
99 20 2515 2520 17627 4198
100 20 2515 2520 18020 4262
101 20 2515 2520 18410 4318
102 20 2515 2520 18777 4391
103 20 2515 2520 19119 4428
104 20 2515 2520 19489 4486
105 20 2515 2520 19820 4536
106 20 2515 2520 20135 4609
107 20 2515 2520 20442 4695
108 20 2515 2520 20705 4766
109 20 2515 2520 20968 4783
110 20 2515 2520 21202 4831
111 20 2515 2520 21422 4848
112 20 2515 2520 21635 4895
113 20 2515 2520 21859 4941
114 22 2515 2520 22046 4976
115 22 2515 2520 22229 5011
116 22 2515 2520 22468 5067
117 22 2515 2520 22679 5143
118 22 2515 2520 22892 5197
119 22 2515 2520 23106 5239
120 22 2515 2520 23331 5277
121 22 2515 2520 23547 5320
122 23 2515 2520 23771 5380
123 24 2515 2520 24003 5446
124 25 2515 2520 24229 5488
125 25 2515 2520 24536 5538
126 26 2515 2520 24817 5610
127 26 2515 2520 25118 5682
128 26 2515 2520 25420 5745
129 26 2515 2520 25794 5839
130 26 2515 2520 26093 5906
131 27 2515 2520 26423 5966
132 27 2515 2520 26773 6027
133 27 2515 2520 27140 6077
134 27 2515 2520 27493 6160
135 28 2515 2520 27883 6217
136 28 2515 2520 28259 6286
137 29 2515 2520 28608 6374
138 31 2515 2520 29055 6487
139 31 2515 2520 29445 6535
140 31 2515 2520 29860 6612
141 31 2515 2520 30298 6723
142 31 2515 2520 30695 6804
143 31 2515 2520 31134 6876
144 32 2515 2520 31489 6934
145 33 2514 2520 31823 7003
146 34 2514 2520 32190 7057
147 34 2514 2520 32644 7137
148 34 2514 2520 33105 7209
149 34 2514 2520 33568 7285
150 35 2514 2520 34026 7323
151 35 2514 2520 34451 7375
152 35 2514 2520 34882 7472
153 35 2514 2520 35272 7533
154 35 2514 2520 35725 7627
155 35 2514 2520 36155 7682
156 35 2514 2520 36516 7796
157 35 2514 2520 36895 7853
158 35 2514 2520 37216 7920
159 35 2514 2520 37557 8006
160 36 2514 2520 37833 8063
161 36 2514 2520 38121 8119
162 36 2514 2520 38471 8173
163 37 2514 2520 38766 8234
164 37 2514 2520 39075 8289
165 37 2513 2520 39350 8338
166 37 2513 2520 39654 8409
167 39 2513 2520 39958 8467
168 39 2513 2520 40256 8522
169 40 2513 2520 40646 8623
170 40 2513 2520 41038 8658
171 42 2513 2520 41383 8694
172 42 2513 2520 41798 8761
173 42 2513 2520 42252 8833
174 46 2513 2520 42708 8903
175 46 2513 2520 43132 8998
176 46 2513 2520 43678 9129
177 46 2513 2520 44260 9261
178 47 2513 2520 44780 9343
179 47 2513 2520 45399 9469
180 47 2513 2520 45964 9573
181 47 2513 2520 46496 9665
182 47 2513 2520 47013 9720
183 47 2513 2520 47452 9787
184 48 2513 2520 47936 9894
185 49 2512 2520 48431 9983
186 49 2512 2520 48950 10060
187 49 2512 2520 49439 10141
188 49 2512 2520 49904 10195
189 50 2512 2520 50433 10272
190 50 2512 2520 50898 10325
191 50 2512 2520 51396 10423
192 50 2512 2520 51865 10483
193 52 2512 2520 52259 10513
194 53 2511 2520 52694 10575
195 53 2511 2520 53188 10641
196 53 2511 2520 53743 10745
197 53 2511 2520 54321 10823
198 53 2511 2520 54841 10885
199 53 2511 2520 55315 10945
200 55 2511 2520 55746 11021
201 55 2511 2520 56298 11118
202 56 2511 2520 56834 11211
203 57 2511 2520 57380 11283
204 57 2511 2520 57932 11381
205 59 2511 2520 58462 11439
206 59 2511 2520 59039 11542
207 59 2511 2520 59632 11610
208 59 2511 2520 60176 11693
209 60 2511 2520 60712 11798
210 62 2511 2520 61284 11905
211 62 2511 2520 61886 11997
212 62 2511 2520 62509 12102
213 62 2510 2520 63091 12171
214 62 2510 2520 63699 12299
215 63 2510 2520 64263 12376
216 63 2510 2520 64837 12456
217 65 2510 2520 65405 12537
218 65 2510 2520 65957 12589
219 66 2510 2520 66544 12671
220 66 2510 2520 67138 12767
221 66 2510 2520 67712 12828
222 66 2510 2520 68243 12903
223 66 2509 2520 68753 12945
224 66 2509 2520 69292 13026
225 66 2509 2520 69795 13095
226 66 2509 2520 70254 13158
227 66 2508 2520 70736 13224
228 67 2508 2520 71210 13272
229 69 2508 2520 71670 13377
230 69 2508 2520 72116 13399
231 71 2508 2520 72589 13467
232 73 2508 2520 73143 13552
233 74 2508 2520 73751 13656
234 74 2508 2520 74349 13749
235 74 2508 2520 74924 13850
236 74 2508 2520 75576 13923
237 75 2508 2520 76197 14012
238 76 2508 2520 76797 14121
239 76 2508 2520 77477 14278
240 76 2508 2520 78141 14399
241 76 2508 2520 78682 14482
242 77 2508 2520 79306 14562
243 77 2508 2520 79878 14636
244 77 2507 2520 80461 14704
245 78 2507 2520 81010 14785
246 78 2507 2520 81544 14868
247 78 2507 2520 82080 14965
248 78 2507 2520 82623 15033
249 78 2507 2520 83113 15117
250 78 2506 2520 83561 15163
251 78 2506 2520 84012 15182
252 78 2506 2520 84503 15201
253 81 2506 2520 84935 15235
254 84 2506 2520 85413 15285
255 85 2506 2520 86034 15375
256 85 2506 2520 86645 15494
257 86 2506 2520 87320 15597
258 86 2506 2520 87993 15719
259 87 2506 2520 88706 15851
260 87 2506 2520 89373 15974
261 88 2506 2520 90040 16060
262 88 2506 2520 90731 16156
263 89 2506 2520 91389 16217
264 90 2506 2520 92059 16320
265 90 2506 2520 92679 16446
266 90 2505 2520 93344 16578
267 90 2505 2520 94004 16696
268 91 2505 2520 94630 16766
269 91 2505 2520 95278 16882
270 91 2505 2520 95947 16964
271 91 2505 2520 96482 17013
272 91 2505 2520 97062 17112
273 91 2505 2520 97650 17192
274 91 2505 2520 98245 17264
275 91 2505 2520 98793 17350
276 91 2505 2520 99292 17435
277 91 2505 2520 99770 17505
278 95 2505 2520 100238 17587
279 95 2505 2520 100781 17657
280 97 2505 2520 101323 17725
281 101 2505 2520 101889 17836
282 103 2505 2520 102544 17950
283 103 2505 2520 103262 18037
284 103 2505 2520 103975 18158
285 103 2505 2520 104729 18217
286 104 2505 2520 105471 18315
287 104 2505 2520 106237 18414
288 105 2505 2520 106999 18528
289 106 2505 2520 107788 18638
290 107 2505 2520 108616 18709
291 107 2505 2520 109385 18817
292 107 2505 2520 110115 18942
293 108 2505 2520 110847 19103
294 108 2505 2520 111598 19184
295 108 2505 2520 112343 19234
296 108 2505 2520 113047 19288
297 108 2504 2520 113716 19338
298 108 2504 2520 114367 19411
299 108 2504 2520 115009 19518
300 109 2504 2520 115606 19560
301 109 2504 2520 116189 19607
302 110 2504 2520 116790 19720
303 111 2504 2520 117303 19766
304 114 2504 2520 117905 19853
305 117 2504 2520 118522 19930
306 117 2503 2520 119212 20017
307 118 2503 2520 119941 20055
308 118 2503 2520 120715 20140
309 119 2503 2520 121440 20217
310 120 2503 2520 122205 20328
311 120 2503 2520 122961 20404
312 121 2503 2520 123769 20498
313 121 2503 2520 124569 20613
314 122 2503 2520 125331 20694
315 123 2503 2520 126070 20751
316 123 2503 2520 126822 20883
317 123 2503 2520 127548 21035
318 123 2503 2520 128259 21125
319 124 2503 2520 128929 21206
320 125 2503 2520 129672 21303
321 126 2503 2520 130350 21357
322 127 2502 2520 131061 21490
323 128 2502 2520 131785 21565
324 129 2502 2520 132597 21670
325 129 2501 2520 133448 21778
326 130 2501 2520 134272 21928
327 130 2500 2520 135092 22032
328 130 2500 2520 135914 22110
329 130 2500 2520 136682 22190
330 133 2500 2520 137521 22270
331 133 2500 2520 138204 22352
332 133 2500 2520 138978 22399
333 135 2500 2520 139714 22437
334 136 2500 2520 140436 22512
335 136 2500 2520 141228 22609
336 136 2500 2520 142053 22743
337 137 2500 2520 142836 22876
338 139 2500 2520 143599 22987
339 139 2500 2520 144381 23057
340 140 2500 2520 145154 23187
341 141 2500 2520 145877 23275
342 141 2499 2520 146587 23338
343 142 2499 2520 147383 23432
344 142 2499 2520 148173 23532
345 142 2499 2520 148929 23631
346 142 2499 2520 149668 23696
347 142 2499 2520 150438 23782
348 143 2499 2520 151171 23863
349 143 2499 2520 151897 23909
350 144 2498 2520 152552 24025
351 144 2498 2520 153188 24109
352 145 2498 2520 153884 24178
353 146 2498 2520 154507 24244
354 146 2497 2520 155209 24344
355 146 2497 2520 155858 24443
356 147 2497 2520 156607 24556
357 147 2497 2520 157293 24599
358 148 2497 2520 158069 24712
359 148 2497 2520 158654 24752
360 150 2497 2520 159334 24858
361 153 2497 2520 160095 24962
362 153 2496 2520 160810 25065
363 153 2496 2520 161591 25179
364 154 2496 2520 162406 25300
365 156 2496 2520 163130 25333
366 156 2495 2520 163952 25416
367 157 2494 2520 164778 25514
368 159 2494 2520 165626 25559
369 159 2494 2520 166465 25632
370 160 2494 2520 167346 25715
371 160 2493 2520 168170 25802
372 161 2492 2520 169075 25948
373 163 2492 2520 169918 26053
374 164 2492 2520 170747 26124
375 164 2491 2520 171709 26269
376 164 2491 2520 172580 26365
377 166 2490 2520 173380 26456
378 167 2490 2520 174310 26562
379 167 2490 2520 175289 26751
380 168 2490 2520 176276 26905
381 170 2490 2520 177216 27015
382 170 2490 2520 178135 27110
383 170 2489 2520 179032 27218
384 171 2489 2520 179851 27312
385 176 2489 2520 180702 27440
386 177 2488 2520 181688 27570
387 177 2488 2520 182795 27746
388 177 2488 2520 183861 27871
389 178 2487 2520 184920 27989
390 178 2487 2520 186032 28163
391 178 2487 2520 187141 28305
392 178 2487 2520 188051 28407
393 179 2487 2520 189033 28499
394 181 2487 2520 189949 28568
395 181 2487 2520 190910 28691
396 182 2486 2520 191823 28815
397 182 2485 2520 192751 28934
398 183 2485 2520 193695 29087
399 183 2485 2520 194611 29199
400 184 2485 2520 195495 29298
401 185 2485 2520 196369 29377
402 186 2485 2520 197234 29461
403 191 2485 2520 198113 29606
404 192 2484 2520 199083 29704
405 195 2484 2520 200082 29846
406 195 2484 2520 201180 29992
407 195 2484 2520 202252 30141
408 195 2484 2520 203306 30278
409 196 2483 2520 204450 30410
410 196 2483 2520 205535 30554
411 196 2483 2520 206660 30717
412 197 2482 2520 207675 30854
413 198 2482 2520 208728 30967
414 200 2482 2520 209788 31091
415 201 2482 2520 210828 31246
416 202 2482 2520 211854 31384
417 203 2481 2520 212938 31479
418 204 2481 2520 214036 31590
419 204 2481 2520 215108 31703
420 205 2481 2520 216168 31803
421 205 2481 2520 217220 31912
422 207 2481 2520 218195 32002
423 207 2481 2520 219139 32121
424 207 2481 2520 220191 32261
425 207 2481 2520 221112 32341
426 207 2481 2520 222015 32426
427 210 2481 2520 222916 32466
428 213 2480 2520 223782 32601
429 214 2480 2520 224763 32791
430 214 2480 2520 225830 32947
431 214 2480 2520 226813 33037
432 215 2479 2520 227795 33181
433 215 2479 2520 228681 33308
434 216 2479 2520 229723 33417
435 218 2479 2520 230718 33567
436 219 2478 2520 231706 33696
437 219 2478 2520 232748 33861
438 219 2478 2520 233751 33962
439 221 2478 2520 234758 34069
440 221 2478 2520 235742 34187
441 224 2478 2520 236802 34335
442 226 2478 2520 237915 34486
443 227 2478 2520 238965 34632
444 229 2478 2520 240089 34824
445 229 2478 2520 241183 34968
446 231 2478 2520 242340 35042
447 231 2478 2520 243434 35175
448 231 2478 2520 244532 35347
449 232 2478 2520 245628 35449
450 232 2478 2520 246784 35535
451 233 2478 2520 247882 35655
452 237 2478 2520 248895 35752
453 237 2478 2520 249937 35874
454 238 2478 2520 251028 36028
455 239 2478 2520 252099 36121
456 239 2478 2520 253176 36246
457 239 2478 2520 254213 36418
458 240 2477 2520 255291 36550
459 242 2477 2520 256352 36707
460 244 2477 2520 257467 36808
461 244 2477 2520 258502 36924
462 246 2477 2520 259669 37050
463 246 2477 2520 260710 37221
464 246 2477 2520 261776 37337
465 249 2477 2520 262863 37439
466 250 2477 2520 263885 37539
467 252 2477 2520 265046 37704
468 253 2477 2520 266153 37825
469 253 2477 2520 267386 37926
470 254 2477 2520 268499 38057
471 254 2477 2520 269681 38256
472 255 2477 2520 270807 38413
473 255 2477 2520 271939 38523
474 255 2476 2520 272997 38678
475 256 2476 2520 274067 38783
476 256 2476 2520 275162 38914
477 257 2476 2520 276239 39119
478 257 2476 2520 277306 39282
479 258 2476 2520 278311 39388
480 258 2475 2520 279317 39541
481 258 2475 2520 280354 39710
482 260 2475 2520 281326 39801
483 260 2475 2520 282254 39938
484 263 2474 2520 283228 40002
485 264 2474 2520 284254 40103
486 267 2473 2520 285275 40276
487 270 2472 2520 286307 40412
488 272 2472 2520 287452 40519
489 275 2472 2520 288708 40729
490 277 2472 2520 289813 40839
491 277 2472 2520 291045 40941
492 278 2471 2520 292379 41141
493 279 2471 2520 293741 41246
494 279 2471 2520 295052 41344
495 280 2471 2520 296395 41461
496 283 2471 2520 297718 41681
497 284 2471 2520 299028 41815
498 287 2471 2520 300385 42048
499 287 2471 2520 301659 42137
500 287 2471 2520 302995 42306
501 288 2471 2520 304244 42478
502 289 2471 2520 305468 42610
503 290 2471 2520 306701 42747
504 290 2471 2520 307877 42915
505 291 2471 2520 309098 43106
506 291 2471 2520 310184 43279
507 292 2471 2520 311366 43387
508 293 2471 2520 312566 43533
509 295 2471 2520 313632 43604
510 296 2471 2520 314879 43741
511 301 2471 2520 316074 43893
512 302 2471 2520 317290 44045
513 304 2471 2520 318655 44215
514 306 2471 2520 319998 44415
515 308 2471 2520 321475 44607
516 308 2471 2520 322916 44850
517 309 2471 2520 324279 44996
518 310 2471 2520 325707 45142
519 312 2471 2520 327154 45387
520 312 2471 2520 328560 45533
521 313 2471 2520 330014 45728
522 313 2471 2520 331405 45930
523 314 2471 2520 332750 46064
524 314 2471 2520 334091 46219
525 317 2471 2520 335517 46387
526 317 2471 2520 336856 46557
527 318 2471 2520 338230 46767
528 318 2471 2520 339594 46897
529 318 2470 2520 340922 47065
530 318 2470 2520 342181 47216
531 319 2470 2520 343382 47383
532 321 2470 2520 344718 47533
533 322 2470 2520 345895 47659
534 323 2470 2520 347058 47861
535 325 2470 2520 348313 48047
536 325 2470 2520 349579 48227
537 326 2469 2520 350749 48353
538 328 2469 2520 351878 48484
539 331 2469 2520 353226 48672
540 332 2469 2520 354501 48880
541 334 2469 2520 355723 49039
542 335 2469 2520 356952 49205
543 339 2469 2520 358223 49360
544 339 2469 2520 359603 49563
545 340 2469 2520 360882 49691
546 341 2469 2520 362219 49899
547 342 2469 2520 363537 50076
548 344 2468 2520 364830 50239
549 347 2468 2520 366183 50345
550 348 2468 2520 367521 50546
551 350 2468 2520 368886 50648
552 351 2468 2520 370169 50833
553 351 2468 2520 371573 51057
554 353 2467 2520 372860 51169
555 354 2467 2520 374279 51252
556 358 2467 2520 375682 51369
557 359 2466 2520 377149 51522
558 359 2466 2520 378651 51691
559 361 2465 2520 380090 51876
560 362 2465 2520 381517 51995
561 363 2464 2520 382952 52126
562 363 2464 2520 384484 52288
563 364 2464 2520 385971 52461
564 366 2464 2520 387439 52627
565 366 2464 2520 388925 52784
566 368 2463 2520 390325 52898
567 370 2463 2520 391723 53061
568 370 2462 2520 393251 53273
569 371 2461 2520 394836 53426
570 371 2461 2520 396401 53570
571 373 2461 2520 397779 53723
572 373 2461 2520 399148 53836
573 373 2461 2520 400438 53994
574 373 2460 2520 401730 54154
575 374 2460 2520 403063 54392
576 377 2460 2520 404371 54514
577 378 2460 2520 405771 54699
578 379 2460 2520 407093 54770
579 384 2459 2520 408464 54909
580 387 2459 2520 409883 55081
581 389 2459 2520 411311 55286
582 392 2459 2520 412779 55452
583 392 2459 2520 414322 55626
584 392 2458 2520 415837 55762
585 392 2457 2520 417235 55923
586 392 2457 2520 418845 56079
587 394 2457 2520 420332 56186
588 394 2456 2520 421712 56302
589 399 2456 2520 423260 56484
590 399 2455 2520 424771 56668
591 401 2455 2520 426194 56870
592 404 2455 2520 427747 56986
593 407 2455 2520 429186 57129
594 409 2455 2520 430726 57202
595 410 2455 2520 432247 57334
596 410 2455 2520 433790 57439
597 412 2455 2520 435227 57563
598 415 2455 2520 436751 57739
599 416 2454 2520 438391 57872
600 416 2454 2520 439969 58065
601 417 2454 2520 441525 58201
602 420 2453 2520 443105 58306
603 420 2453 2520 444742 58477
604 420 2453 2520 446299 58674
605 424 2453 2520 447870 58768
606 426 2453 2520 449387 58916
607 427 2453 2520 450939 59102
608 428 2453 2520 452569 59359
609 429 2453 2520 454167 59563
610 429 2453 2520 455699 59706
611 429 2453 2520 457203 59872
612 430 2453 2520 458717 59989
613 430 2452 2520 460121 60141
614 430 2452 2520 461648 60265
615 431 2452 2520 463099 60395
616 434 2452 2520 464432 60482
617 435 2452 2520 465770 60683
618 436 2452 2520 467236 60882
619 436 2452 2520 468668 60972
620 436 2452 2520 470010 61096
621 438 2452 2520 471273 61185
622 441 2452 2520 472661 61300
623 441 2452 2520 474062 61507
624 442 2452 2520 475431 61636
625 444 2452 2520 476868 61762
626 444 2452 2520 478210 61850
627 444 2452 2520 479524 62006
628 447 2452 2520 480849 62182
629 451 2451 2520 482075 62259
630 452 2451 2520 483509 62447
631 457 2451 2520 484891 62631
632 459 2451 2520 486336 62771
633 460 2451 2520 487811 62960
634 462 2451 2520 489339 63106
635 465 2451 2520 490803 63263
636 467 2451 2520 492312 63451
637 467 2451 2520 493856 63661
638 467 2451 2520 495430 63800
639 468 2451 2520 497032 63912
640 470 2451 2520 498463 64052
641 471 2451 2520 500033 64279
642 472 2450 2520 501531 64462
643 474 2450 2520 502956 64567
644 476 2450 2520 504470 64693
645 478 2450 2520 506020 64809
646 478 2450 2520 507591 64937
647 479 2450 2520 509093 65081
648 483 2450 2520 510588 65226
649 486 2450 2520 512238 65434
650 488 2448 2520 513903 65641
651 489 2447 2520 515489 65811
652 490 2447 2520 517195 65991
653 495 2447 2520 518856 66082
654 496 2447 2520 520568 66264
655 498 2446 2520 522468 66532
656 499 2443 2520 524231 66711
657 500 2443 2520 526032 66817
658 501 2443 2520 527800 66960
659 501 2442 2520 529730 67114
660 503 2442 2520 531366 67300
661 505 2442 2520 533185 67517
662 505 2442 2520 534907 67676
663 505 2442 2520 536649 67882
664 505 2442 2520 538249 68034
665 505 2442 2520 539847 68153
666 505 2442 2520 541444 68325
667 507 2442 2520 542932 68406
668 507 2441 2520 544384 68622
669 509 2441 2520 545790 68782
670 511 2441 2520 547193 68922
671 511 2441 2520 548615 69009
672 511 2441 2520 549974 69223
673 512 2440 2520 551303 69406
674 514 2440 2520 552719 69575
675 516 2440 2520 554102 69715
676 517 2440 2520 555456 69835
677 518 2440 2520 556821 69980
678 519 2440 2520 558212 70150
679 524 2440 2520 559576 70261
680 524 2440 2520 561056 70433
681 525 2440 2520 562560 70530
682 525 2440 2520 563926 70697
683 525 2440 2520 565441 70813
684 526 2440 2520 566975 70966
685 530 2439 2520 568450 71114
686 532 2439 2520 569968 71307
687 534 2439 2520 571507 71453
688 537 2439 2520 573114 71663
689 539 2438 2520 574735 71829
690 540 2438 2520 576351 71967
691 541 2438 2520 577994 72141
692 542 2438 2520 579716 72334
693 543 2438 2520 581282 72468
694 547 2438 2520 582763 72647
695 547 2436 2520 584461 72816
696 547 2436 2520 586038 72905
697 548 2436 2520 587627 73068
698 550 2436 2520 589150 73224
699 552 2436 2520 590761 73441
700 553 2436 2520 592467 73613
701 556 2436 2520 594159 73746
702 556 2435 2520 595811 73963
703 558 2435 2520 597376 74070
704 560 2435 2520 599013 74220
705 560 2435 2520 600704 74378
706 562 2435 2520 602290 74569
707 562 2434 2520 603908 74741
708 565 2432 2520 605596 74927
709 567 2431 2520 607157 75090
710 568 2431 2520 608818 75280
711 569 2431 2520 610448 75476
712 572 2430 2520 612061 75641
713 573 2430 2520 613765 75818
714 573 2430 2520 615442 76003
715 578 2430 2520 617138 76200
716 579 2430 2520 618691 76359
717 580 2430 2520 620396 76568
718 580 2430 2520 622008 76710
719 585 2430 2520 623737 76899
720 587 2430 2520 625477 77092
721 588 2430 2520 627270 77321
722 590 2430 2520 628998 77543
723 590 2429 2520 630731 77777
724 591 2428 2520 632456 77938
725 593 2428 2520 634180 78114
726 599 2428 2520 635935 78277
727 599 2428 2520 637637 78498
728 601 2426 2520 639369 78658
729 601 2426 2520 641169 78829
730 606 2425 2520 642950 78972
731 608 2425 2520 644678 79151
732 608 2425 2520 646579 79330
733 608 2425 2520 648540 79464
734 610 2425 2520 650441 79611
735 611 2425 2520 652277 79764
736 613 2425 2520 654075 79931
737 614 2425 2520 655877 80174
738 616 2425 2520 657628 80354
739 621 2425 2520 659353 80448
740 621 2424 2520 661140 80609
741 623 2424 2520 663027 80813
742 624 2424 2520 664766 80980
743 630 2423 2520 666604 81183
744 632 2423 2520 668466 81377
745 633 2423 2520 670472 81616
746 636 2423 2520 672402 81851
747 638 2422 2520 674426 82019
748 638 2421 2520 676527 82251
749 640 2421 2520 678557 82468
750 641 2420 2520 680642 82629
751 641 2420 2520 682744 82878
752 642 2419 2520 684780 83060
753 642 2419 2520 686737 83254
754 642 2418 2520 688730 83460
755 643 2418 2520 690565 83624
756 644 2417 2520 692394 83796
757 646 2416 2520 694235 83907
758 650 2415 2520 696044 84132
759 650 2415 2520 697880 84250
760 652 2415 2520 699614 84441
761 655 2415 2520 701427 84636
762 658 2415 2520 703217 84759
763 658 2415 2520 705150 84900
764 659 2415 2520 706999 85018
765 661 2415 2520 708867 85162
766 663 2414 2520 710789 85412
767 664 2414 2520 712656 85592
768 667 2414 2520 714498 85733
769 667 2414 2520 716412 85945
770 668 2414 2520 718290 86126
771 671 2414 2520 720222 86247
772 672 2414 2520 722106 86394
773 672 2414 2520 724075 86560
774 674 2414 2520 725997 86761
775 678 2414 2520 727770 86927
776 680 2413 2520 729672 87086
777 682 2413 2520 731570 87337
778 683 2412 2520 733455 87490
779 685 2412 2520 735312 87681
780 686 2412 2520 737062 87923
781 686 2410 2520 738944 88095
782 689 2410 2520 740828 88205
783 689 2410 2520 742638 88347
784 691 2410 2520 744405 88582
785 693 2409 2520 746239 88765
786 694 2408 2520 747986 88870
787 695 2408 2520 749843 89049
788 698 2408 2520 751740 89286
789 700 2408 2520 753593 89421
790 701 2408 2520 755463 89592
791 704 2408 2520 757390 89729
792 704 2408 2520 759324 89905
793 711 2408 2520 761205 90109
794 712 2408 2520 763184 90317
795 713 2408 2520 765197 90538
796 716 2408 2520 767315 90746
797 718 2406 2520 769306 90861
798 718 2406 2520 771292 91011
799 720 2406 2520 773277 91220
800 722 2406 2520 775250 91389
801 722 2406 2520 777290 91581
802 722 2406 2520 779329 91694
803 723 2406 2520 781266 91794
804 726 2406 2520 783171 91984
805 726 2405 2520 784935 92114
806 726 2405 2520 786794 92211
807 732 2404 2520 788504 92377
808 735 2404 2520 790214 92536
809 738 2403 2520 791987 92718
810 740 2403 2520 793888 92889
811 743 2403 2520 795772 93040
812 744 2401 2520 797660 93167
813 745 2401 2520 799605 93296
814 747 2401 2520 801619 93483
815 749 2401 2520 803561 93722
816 750 2400 2520 805701 93831
817 750 2400 2520 807734 94075
818 754 2400 2520 809643 94243
819 757 2398 2520 811512 94405
820 757 2398 2520 813468 94583
821 758 2398 2520 815374 94744
822 758 2396 2520 817290 94917
823 761 2396 2520 819249 95060
824 763 2395 2520 821229 95242
825 764 2393 2520 823207 95419
826 769 2393 2520 825219 95606
827 771 2393 2520 827247 95788
828 773 2393 2520 829272 95919
829 773 2392 2520 831330 96126
830 775 2391 2520 833340 96201
831 776 2391 2520 835330 96391
832 780 2389 2520 837236 96498
833 782 2389 2520 839133 96655
834 783 2388 2520 841119 96788
835 785 2387 2520 843041 96867
836 786 2387 2520 845079 97075
837 787 2387 2520 846984 97169
838 792 2387 2520 848905 97336
839 795 2387 2520 850873 97426
840 797 2387 2520 852817 97610
841 800 2387 2520 855021 97852
842 802 2387 2520 857061 98059
843 802 2387 2520 859024 98261
844 802 2387 2520 861119 98463
845 802 2387 2520 863096 98622
846 805 2387 2520 865082 98753
847 806 2387 2520 867023 98909
848 807 2387 2520 869037 99097
849 809 2385 2520 870980 99259
850 810 2385 2520 872916 99390
851 811 2385 2520 874810 99554
852 818 2384 2520 876826 99826
853 819 2383 2520 878786 100024
854 820 2383 2520 880673 100165
855 821 2383 2520 882668 100340
856 823 2383 2520 884647 100554
857 824 2383 2520 886612 100658
858 826 2383 2520 888578 100853
859 828 2382 2520 890500 100944
860 832 2382 2520 892494 101103
861 835 2381 2520 894500 101258
862 838 2380 2520 896535 101378
863 839 2379 2520 898628 101549
864 840 2379 2520 900758 101803
865 842 2379 2520 903031 102002
866 843 2379 2520 905110 102193
867 846 2378 2520 907044 102334
868 846 2378 2520 909122 102569
869 847 2378 2520 911240 102769
870 850 2378 2520 913288 102984
871 852 2378 2520 915269 103226
872 853 2376 2520 917515 103401
873 857 2376 2520 919550 103609
874 860 2375 2520 921597 103751
875 863 2375 2520 923730 103928
876 865 2375 2520 925851 104152
877 867 2373 2520 928032 104391
878 869 2373 2520 930291 104585
879 871 2372 2520 932431 104760
880 871 2372 2520 934646 104954
881 872 2370 2520 936882 105212
882 872 2369 2520 938996 105416
883 875 2369 2520 941134 105520
884 877 2368 2520 943159 105642
885 880 2368 2520 945101 105807
886 881 2368 2520 947201 105982
887 883 2368 2520 949235 106031
888 886 2368 2520 951310 106115
889 888 2368 2520 953396 106247
890 892 2367 2520 955451 106397
891 894 2366 2520 957552 106511
892 896 2365 2520 959654 106662
893 896 2365 2520 961830 106864
894 898 2365 2520 963965 107091
895 902 2364 2520 966156 107238
896 906 2364 2520 968399 107408
897 909 2364 2520 970647 107607
898 913 2364 2520 973086 107818
899 916 2363 2520 975474 108033
900 916 2363 2520 977786 108220
901 919 2363 2520 980179 108415
902 920 2363 2520 982653 108669
903 921 2363 2520 984970 108868
904 922 2362 2520 987335 109070
905 926 2360 2520 989752 109250
906 927 2359 2520 992020 109505
907 928 2358 2520 994338 109760
908 928 2357 2520 996674 109933
909 929 2356 2520 998911 110042
910 931 2356 2520 1001134 110216
911 933 2355 2520 1003333 110378
912 935 2355 2520 1005507 110541
913 936 2354 2520 1007698 110679
914 939 2354 2520 1009859 110846
915 940 2354 2520 1011985 110942
916 942 2352 2520 1014198 111085
917 944 2352 2520 1016269 111269
918 947 2352 2520 1018317 111406
919 948 2352 2520 1020395 111547
920 950 2352 2520 1022459 111638
921 953 2352 2520 1024508 111723
922 954 2351 2520 1026535 111870
923 956 2351 2520 1028643 112003
924 958 2351 2520 1030775 112167
925 960 2350 2520 1032867 112354
926 962 2350 2520 1035010 112438
927 965 2349 2520 1037225 112613
928 967 2348 2520 1039387 112810
929 970 2348 2520 1041498 112936
930 973 2348 2520 1043592 113015
931 976 2348 2520 1045865 113225
932 981 2348 2520 1048127 113372
933 982 2348 2520 1050385 113456
934 989 2346 2520 1052750 113600
935 990 2346 2520 1055253 113880
936 990 2346 2520 1057934 114162
937 992 2345 2520 1060541 114438
938 994 2345 2520 1063063 114608
939 995 2345 2520 1065673 114874
940 995 2345 2520 1068201 115064
941 996 2345 2520 1070628 115234
942 1000 2345 2520 1073012 115351
943 1002 2343 2520 1075587 115582
944 1005 2343 2520 1078015 115789
945 1008 2343 2520 1080354 115968
946 1010 2343 2520 1082857 116182
947 1011 2343 2520 1085212 116384
948 1012 2342 2520 1087629 116540
949 1015 2340 2520 1090004 116731
950 1016 2339 2520 1092460 116917
951 1020 2337 2520 1094691 117083
952 1023 2337 2520 1097069 117163
953 1024 2336 2520 1099470 117407
954 1026 2336 2520 1101941 117607
955 1027 2336 2520 1104134 117775
956 1030 2335 2520 1106478 117956
957 1032 2334 2520 1108805 118157
958 1033 2333 2520 1111158 118300
959 1034 2333 2520 1113526 118466
960 1035 2332 2520 1115826 118661
961 1041 2332 2520 1118222 118823
962 1043 2331 2520 1120552 119082
963 1043 2331 2520 1123077 119372
964 1046 2331 2520 1125475 119544
965 1047 2331 2520 1127834 119692
966 1048 2331 2520 1130374 119923
967 1053 2331 2520 1132656 120100
968 1058 2331 2520 1135078 120318
969 1059 2331 2520 1137278 120474
970 1061 2331 2520 1139711 120714
971 1062 2331 2520 1142031 120946
972 1068 2331 2520 1144508 121075
973 1069 2330 2520 1146937 121280
974 1072 2329 2520 1149432 121480
975 1075 2329 2520 1151877 121705
976 1077 2329 2520 1154420 121840
977 1078 2329 2520 1157047 122073
978 1083 2328 2520 1159569 122331
979 1084 2328 2520 1162120 122552
980 1084 2328 2520 1164742 122741
981 1086 2328 2520 1167260 122843
982 1088 2328 2520 1169761 123087
983 1092 2328 2520 1172304 123388
984 1092 2328 2520 1174871 123605
985 1095 2328 2520 1177364 123715
986 1097 2328 2520 1179870 123861
987 1101 2328 2520 1182187 124102
988 1102 2328 2520 1184645 124382
989 1103 2326 2520 1186996 124515
990 1107 2325 2520 1189401 124719
991 1107 2325 2520 1191864 124902
992 1108 2324 2520 1194407 125178
993 1110 2324 2520 1196877 125335
994 1110 2324 2520 1199367 125535
995 1112 2324 2520 1201837 125770
996 1115 2323 2520 1204265 125978
997 1116 2322 2520 1206723 126147
998 1117 2321 2520 1209180 126372
999 1120 2321 2520 1211495 126664
1000 1122 2320 2520 1213699 126769
