0 1 2519 2520 795 499
1 1 2519 2520 819 513
2 1 2519 2520 857 534
3 1 2519 2520 920 566
4 1 2519 2520 963 583
5 1 2519 2520 1009 604
6 1 2519 2520 1038 619
7 1 2519 2520 1075 630
8 1 2519 2520 1120 646
9 1 2519 2520 1153 654
10 1 2519 2520 1170 660
11 1 2519 2520 1200 671
12 1 2519 2520 1236 682
13 1 2519 2520 1250 679
14 1 2519 2520 1268 687
15 1 2519 2520 1288 694
16 2 2519 2520 1300 695
17 2 2519 2520 1351 716
18 2 2519 2520 1475 766
19 2 2519 2520 1567 810
20 2 2519 2520 1683 847
21 2 2519 2520 1785 887
22 2 2519 2520 1906 937
23 2 2519 2520 1992 954
24 2 2519 2520 2066 978
25 2 2519 2520 2156 998
26 2 2519 2520 2231 1014
27 2 2519 2520 2296 1045
28 2 2519 2520 2376 1064
29 2 2519 2520 2430 1089
30 2 2519 2520 2478 1098
31 2 2519 2520 2507 1106
32 2 2519 2520 2549 1121
33 2 2519 2520 2587 1132
34 2 2519 2520 2608 1143
35 2 2519 2520 2634 1149
36 2 2519 2520 2656 1155
37 2 2519 2520 2699 1171
38 2 2519 2520 2709 1176
39 4 2519 2520 2711 1180
40 4 2519 2520 2752 1196
41 4 2519 2520 2910 1257
42 4 2519 2520 3056 1300
43 4 2519 2520 3221 1366
44 4 2519 2520 3394 1436
45 4 2519 2520 3568 1474
46 4 2519 2520 3744 1512
47 4 2519 2520 3906 1562
48 4 2519 2520 4064 1602
49 4 2519 2520 4200 1643
50 4 2519 2520 4357 1662
51 4 2519 2520 4490 1699
52 4 2519 2520 4602 1732
53 4 2519 2520 4692 1756
54 4 2519 2520 4778 1784
55 5 2519 2520 4861 1804
56 6 2519 2520 4945 1827
57 6 2519 2520 5091 1875
58 6 2519 2520 5269 1940
59 7 2519 2520 5487 2006
60 7 2519 2520 5706 2063
61 7 2519 2520 5954 2125
62 8 2519 2520 6209 2191
63 8 2519 2520 6469 2249
64 8 2519 2520 6780 2313
65 8 2519 2520 7085 2382
66 8 2518 2520 7377 2452
67 8 2518 2520 7643 2502
68 8 2518 2520 7914 2527
69 8 2517 2520 8146 2555
70 8 2517 2520 8390 2582
71 8 2517 2520 8620 2581
72 8 2517 2520 8840 2604
73 8 2517 2520 9044 2625
74 8 2517 2520 9235 2641
75 8 2517 2520 9396 2665
76 10 2517 2520 9530 2675
77 12 2517 2520 9712 2704
78 12 2517 2520 9989 2773
79 13 2517 2520 10265 2863
80 13 2517 2520 10597 2930
81 14 2517 2520 10992 3036
82 14 2517 2520 11355 3115
83 14 2517 2520 11732 3214
84 15 2517 2520 12088 3266
85 15 2517 2520 12446 3324
86 15 2516 2520 12834 3409
87 15 2516 2520 13224 3461
88 15 2516 2520 13581 3531
89 15 2516 2520 13908 3595
90 15 2516 2520 14253 3659
91 15 2516 2520 14579 3690
92 15 2516 2520 14897 3720
93 15 2516 2520 15153 3771
94 15 2516 2520 15416 3805
95 16 2516 2520 15666 3839
96 16 2516 2520 15906 3868
97 16 2516 2520 16150 3914
98 16 2516 2520 16381 3971
99 16 2515 2520 16591 4002
100 18 2515 2520 16828 4064
101 19 2515 2520 17055 4099
102 19 2515 2520 17386 4162
103 20 2515 2520 17717 4246
104 21 2515 2520 18054 4326
105 21 2515 2520 18502 4399
106 21 2515 2520 18930 4488
107 21 2515 2520 19310 4574
108 21 2515 2520 19687 4647
109 21 2515 2520 20028 4714
110 21 2515 2520 20357 4769
111 21 2515 2520 20672 4817
112 22 2515 2520 21007 4882
113 22 2515 2520 21305 4928
114 22 2515 2520 21576 4978
115 22 2515 2520 21900 5024
116 23 2515 2520 22223 5073
117 23 2515 2520 22535 5129
118 23 2515 2520 22856 5181
119 23 2515 2520 23187 5226
120 23 2515 2520 23470 5297
121 25 2515 2520 23763 5356
122 26 2515 2520 24095 5445
123 27 2515 2520 24459 5530
124 27 2515 2520 24816 5623
125 27 2515 2520 25252 5699
126 27 2515 2520 25663 5816
127 28 2515 2520 26085 5883
128 28 2515 2520 26505 5962
129 29 2515 2520 26936 6056
130 29 2515 2520 27306 6124
131 29 2515 2520 27691 6216
132 29 2515 2520 28088 6272
133 29 2515 2520 28456 6333
134 29 2515 2520 28825 6394
135 29 2515 2520 29120 6448
136 29 2515 2520 29424 6489
137 29 2514 2520 29736 6537
138 29 2514 2520 30001 6591
139 29 2514 2520 30294 6646
140 30 2514 2520 30568 6680
141 30 2514 2520 30859 6718
142 30 2514 2520 31117 6797
143 31 2514 2520 31403 6865
144 33 2514 2520 31722 6898
145 33 2514 2520 32036 6966
146 34 2514 2520 32423 7076
147 34 2514 2520 32807 7099
148 36 2514 2520 33252 7198
149 37 2514 2520 33700 7294
150 37 2514 2520 34184 7416
151 37 2513 2520 34690 7518
152 37 2513 2520 35227 7623
153 37 2513 2520 35756 7704
154 37 2513 2520 36262 7752
155 37 2513 2520 36714 7825
156 37 2513 2520 37162 7873
157 37 2513 2520 37590 7931
158 37 2513 2520 38030 7981
159 37 2513 2520 38412 8030
160 37 2513 2520 38761 8094
161 37 2513 2520 39110 8130
162 37 2513 2520 39440 8191
163 38 2513 2520 39716 8242
164 38 2513 2520 40001 8296
165 38 2513 2520 40309 8341
166 38 2512 2520 40632 8404
167 40 2512 2520 40877 8437
168 40 2512 2520 41187 8500
169 41 2512 2520 41581 8567
170 41 2512 2520 41980 8650
171 41 2512 2520 42330 8729
172 42 2512 2520 42767 8780
173 44 2512 2520 43168 8836
174 44 2512 2520 43595 8908
175 44 2512 2520 44066 8993
176 44 2512 2520 44489 9043
177 44 2512 2520 44960 9128
178 45 2512 2520 45470 9207
179 45 2512 2520 45932 9248
180 45 2512 2520 46422 9347
181 47 2512 2520 46877 9403
182 47 2512 2520 47330 9470
183 48 2512 2520 47835 9534
184 48 2512 2520 48339 9638
185 49 2512 2520 48781 9727
186 49 2512 2520 49251 9821
187 49 2512 2520 49754 9956
188 49 2512 2520 50206 10025
189 49 2512 2520 50674 10103
190 49 2512 2520 51099 10151
191 49 2512 2520 51505 10234
192 49 2512 2520 51924 10305
193 49 2512 2520 52291 10382
194 51 2512 2520 52663 10458
195 51 2512 2520 53047 10515
196 51 2512 2520 53451 10561
197 51 2512 2520 53846 10663
198 51 2512 2520 54193 10726
199 51 2512 2520 54534 10769
200 52 2512 2520 54918 10833
201 52 2512 2520 55279 10909
202 53 2512 2520 55644 10952
203 53 2512 2520 55955 11019
204 54 2512 2520 56251 11092
205 55 2511 2520 56631 11152
206 55 2511 2520 57055 11237
207 55 2511 2520 57501 11348
208 57 2511 2520 57994 11402
209 59 2511 2520 58515 11502
210 60 2511 2520 59090 11573
211 60 2511 2520 59699 11753
212 60 2511 2520 60324 11827
213 61 2511 2520 60860 11878
214 61 2511 2520 61393 11938
215 61 2511 2520 61937 12030
216 62 2511 2520 62517 12110
217 62 2511 2520 63045 12193
218 62 2511 2520 63600 12278
219 62 2511 2520 64133 12373
220 62 2511 2520 64661 12474
221 62 2511 2520 65202 12583
222 62 2511 2520 65662 12652
223 62 2511 2520 66106 12670
224 62 2511 2520 66492 12758
225 62 2511 2520 66878 12827
226 62 2511 2520 67211 12860
227 62 2511 2520 67565 12904
228 62 2511 2520 67903 13019
229 62 2511 2520 68233 13074
230 63 2510 2520 68570 13143
231 63 2510 2520 68937 13233
232 66 2510 2520 69279 13267
233 67 2510 2520 69643 13333
234 71 2510 2520 70049 13427
235 73 2510 2520 70502 13508
236 73 2510 2520 71129 13615
237 75 2510 2520 71817 13723
238 75 2510 2520 72467 13846
239 75 2510 2520 73242 13997
240 75 2510 2520 73907 14073
241 76 2510 2520 74544 14157
242 76 2510 2520 75273 14277
243 76 2510 2520 75963 14365
244 76 2510 2520 76662 14461
245 76 2509 2520 77341 14565
246 76 2509 2520 77948 14657
247 76 2509 2520 78557 14780
248 76 2509 2520 79150 14830
249 76 2509 2520 79744 14931
250 76 2509 2520 80248 15001
251 78 2509 2520 80724 15041
252 78 2509 2520 81248 15090
253 78 2509 2520 81724 15151
254 78 2509 2520 82200 15213
255 78 2509 2520 82674 15261
256 78 2509 2520 83151 15311
257 78 2509 2520 83594 15370
258 79 2509 2520 84053 15458
259 82 2509 2520 84485 15496
260 84 2509 2520 85007 15583
261 86 2509 2520 85594 15664
262 86 2509 2520 86244 15775
263 86 2508 2520 86988 15921
264 86 2508 2520 87749 16060
265 86 2508 2520 88489 16138
266 86 2507 2520 89152 16276
267 86 2507 2520 89840 16380
268 86 2507 2520 90471 16467
269 87 2507 2520 91028 16513
270 87 2507 2520 91611 16624
271 87 2507 2520 92156 16677
272 87 2507 2520 92674 16754
273 87 2507 2520 93193 16838
274 89 2507 2520 93693 16912
275 91 2507 2520 94209 16974
276 91 2506 2520 94765 17039
277 91 2506 2520 95317 17163
278 91 2506 2520 95887 17212
279 91 2506 2520 96401 17305
280 92 2506 2520 96907 17371
281 92 2506 2520 97457 17457
282 92 2506 2520 98000 17566
283 95 2506 2520 98538 17669
284 96 2506 2520 99016 17723
285 97 2506 2520 99592 17846
286 98 2506 2520 100173 17964
287 98 2505 2520 100874 18055
288 98 2505 2520 101575 18186
289 99 2505 2520 102268 18271
290 99 2505 2520 102928 18375
291 100 2505 2520 103625 18499
292 102 2504 2520 104364 18592
293 102 2504 2520 105048 18729
294 102 2504 2520 105786 18864
295 102 2504 2520 106423 18970
296 102 2504 2520 107091 19059
297 103 2504 2520 107744 19151
298 103 2502 2520 108402 19251
299 103 2502 2520 109016 19332
300 103 2502 2520 109633 19360
301 103 2502 2520 110222 19404
302 103 2502 2520 110790 19479
303 104 2502 2520 111323 19558
304 104 2502 2520 111833 19646
305 105 2502 2520 112374 19717
306 107 2502 2520 112927 19806
307 107 2502 2520 113451 19849
308 109 2502 2520 114054 19915
309 110 2502 2520 114630 19980
310 112 2502 2520 115201 20092
311 113 2502 2520 115807 20206
312 115 2502 2520 116461 20319
313 115 2502 2520 117176 20433
314 115 2502 2520 117936 20552
315 116 2502 2520 118683 20660
316 117 2501 2520 119416 20705
317 117 2501 2520 120232 20815
318 118 2500 2520 121060 20958
319 119 2499 2520 121890 21056
320 120 2499 2520 122739 21172
321 121 2499 2520 123535 21252
322 121 2499 2520 124405 21354
323 121 2499 2520 125210 21471
324 121 2499 2520 126015 21571
325 121 2498 2520 126793 21642
326 121 2498 2520 127532 21746
327 121 2498 2520 128207 21767
328 121 2498 2520 128915 21885
329 121 2498 2520 129529 21948
330 121 2498 2520 130113 21988
331 121 2498 2520 130705 22066
332 122 2498 2520 131229 22131
333 122 2498 2520 131729 22175
334 123 2497 2520 132226 22220
335 124 2497 2520 132787 22301
336 126 2497 2520 133296 22365
337 127 2497 2520 133796 22422
338 127 2497 2520 134306 22453
339 129 2495 2520 134880 22560
340 130 2494 2520 135505 22666
341 131 2494 2520 136149 22769
342 133 2494 2520 136819 22865
343 133 2494 2520 137526 22997
344 134 2494 2520 138290 23107
345 134 2493 2520 139157 23265
346 134 2493 2520 140034 23397
347 136 2493 2520 140900 23499
348 136 2492 2520 141721 23556
349 137 2492 2520 142564 23686
350 137 2492 2520 143439 23767
351 138 2490 2520 144222 23832
352 139 2490 2520 145005 23905
353 139 2490 2520 145731 24002
354 139 2490 2520 146544 24080
355 139 2490 2520 147301 24187
356 139 2490 2520 147987 24214
357 139 2490 2520 148716 24283
358 140 2490 2520 149306 24354
359 141 2490 2520 149905 24402
360 141 2489 2520 150495 24428
361 141 2489 2520 151167 24476
362 142 2488 2520 151785 24551
363 142 2488 2520 152410 24630
364 144 2487 2520 153027 24649
365 144 2487 2520 153680 24685
366 145 2487 2520 154449 24745
367 146 2487 2520 155091 24845
368 148 2487 2520 155786 24916
369 149 2487 2520 156503 25035
370 150 2487 2520 157305 25134
371 150 2487 2520 158037 25224
372 150 2487 2520 158837 25314
373 150 2487 2520 159620 25403
374 150 2487 2520 160425 25506
375 152 2487 2520 161196 25581
376 153 2487 2520 161973 25654
377 153 2487 2520 162654 25737
378 153 2487 2520 163414 25814
379 153 2487 2520 164043 25884
380 153 2486 2520 164711 25952
381 154 2486 2520 165375 26063
382 154 2486 2520 166053 26098
383 157 2486 2520 166709 26165
384 159 2486 2520 167390 26254
385 159 2486 2520 168092 26339
386 161 2486 2520 168852 26423
387 161 2486 2520 169633 26528
388 162 2486 2520 170500 26629
389 163 2486 2520 171400 26753
390 163 2486 2520 172192 26853
391 164 2485 2520 173041 26918
392 166 2485 2520 173852 26999
393 166 2485 2520 174756 27092
394 166 2485 2520 175742 27240
395 166 2485 2520 176636 27358
396 167 2485 2520 177539 27516
397 167 2485 2520 178391 27603
398 168 2485 2520 179266 27695
399 169 2485 2520 180097 27762
400 170 2485 2520 180969 27865
401 170 2485 2520 181790 27987
402 171 2485 2520 182619 28128
403 171 2485 2520 183387 28229
404 172 2485 2520 184209 28344
405 172 2485 2520 184972 28463
406 173 2485 2520 185688 28526
407 173 2485 2520 186446 28633
408 173 2485 2520 187204 28728
409 175 2485 2520 187966 28826
410 176 2485 2520 188618 28951
411 176 2485 2520 189336 28985
412 177 2485 2520 190034 29069
413 178 2485 2520 190734 29140
414 179 2485 2520 191445 29299
415 181 2485 2520 192187 29405
416 182 2485 2520 192886 29508
417 185 2485 2520 193712 29570
418 186 2485 2520 194528 29683
419 187 2485 2520 195386 29801
420 189 2485 2520 196295 29912
421 190 2485 2520 197217 29990
422 190 2485 2520 198201 30121
423 190 2485 2520 199208 30267
424 194 2484 2520 200201 30445
425 194 2484 2520 201210 30546
426 195 2483 2520 202244 30701
427 197 2483 2520 203302 30812
428 197 2483 2520 204387 30998
429 198 2483 2520 205440 31101
430 200 2482 2520 206570 31260
431 201 2482 2520 207645 31371
432 201 2481 2520 208777 31454
433 201 2481 2520 209833 31516
434 202 2481 2520 210902 31665
435 202 2481 2520 211910 31813
436 202 2481 2520 212883 31864
437 203 2481 2520 213786 31958
438 203 2481 2520 214690 32055
439 206 2481 2520 215596 32137
440 206 2480 2520 216491 32277
441 207 2480 2520 217447 32365
442 208 2480 2520 218373 32474
443 209 2480 2520 219347 32572
444 210 2480 2520 220241 32731
445 210 2480 2520 221256 32898
446 211 2480 2520 222150 33027
447 212 2480 2520 223040 33126
448 212 2480 2520 223974 33260
449 212 2479 2520 224864 33339
450 213 2479 2520 225798 33427
451 216 2479 2520 226788 33531
452 217 2479 2520 227800 33699
453 218 2479 2520 228808 33831
454 218 2479 2520 229697 33930
455 218 2478 2520 230696 34050
456 219 2478 2520 231657 34170
457 221 2478 2520 232691 34315
458 222 2477 2520 233650 34421
459 222 2477 2520 234704 34498
460 222 2477 2520 235791 34628
461 223 2477 2520 236812 34763
462 224 2477 2520 237800 34904
463 225 2477 2520 238810 35046
464 226 2477 2520 239830 35204
465 228 2477 2520 240837 35297
466 228 2477 2520 241802 35445
467 228 2477 2520 242748 35570
468 229 2477 2520 243738 35686
469 230 2477 2520 244694 35815
470 230 2477 2520 245605 35943
471 232 2477 2520 246608 36053
472 233 2477 2520 247558 36165
473 236 2477 2520 248495 36300
474 237 2477 2520 249447 36375
475 237 2477 2520 250403 36519
476 237 2477 2520 251447 36671
477 238 2477 2520 252448 36737
478 240 2477 2520 253447 36840
479 240 2476 2520 254438 36977
480 241 2476 2520 255503 37088
481 242 2476 2520 256534 37258
482 243 2476 2520 257562 37404
483 244 2476 2520 258554 37549
484 244 2475 2520 259541 37669
485 244 2475 2520 260425 37783
486 247 2475 2520 261456 37935
487 250 2475 2520 262439 38049
488 251 2475 2520 263539 38246
489 252 2475 2520 264719 38413
490 252 2475 2520 265795 38594
491 253 2475 2520 266976 38722
492 254 2475 2520 268122 38905
493 254 2475 2520 269255 39049
494 254 2475 2520 270408 39199
495 255 2475 2520 271431 39333
496 255 2475 2520 272474 39440
497 256 2475 2520 273471 39568
498 257 2475 2520 274461 39722
499 260 2475 2520 275439 39893
500 260 2472 2520 276319 40011
501 260 2472 2520 277346 40140
502 261 2472 2520 278359 40235
503 262 2472 2520 279332 40326
504 263 2472 2520 280276 40431
505 263 2472 2520 281320 40569
506 265 2471 2520 282333 40650
507 267 2471 2520 283313 40728
508 270 2471 2520 284380 40878
509 272 2471 2520 285476 41005
510 274 2471 2520 286625 41208
511 274 2471 2520 287859 41323
512 277 2471 2520 289084 41465
513 278 2471 2520 290359 41672
514 278 2471 2520 291695 41838
515 278 2471 2520 292934 41955
516 278 2471 2520 294073 42089
517 278 2471 2520 295222 42213
518 279 2471 2520 296335 42390
519 280 2469 2520 297462 42556
520 280 2468 2520 298549 42653
521 280 2468 2520 299680 42788
522 280 2468 2520 300739 42881
523 282 2467 2520 301783 42974
524 282 2467 2520 302735 43075
525 282 2467 2520 303722 43208
526 284 2467 2520 304664 43304
527 285 2467 2520 305625 43460
528 286 2466 2520 306628 43578
529 287 2466 2520 307633 43727
530 287 2466 2520 308665 43831
531 287 2466 2520 309676 43946
532 290 2465 2520 310700 44093
533 292 2464 2520 311693 44228
534 292 2464 2520 312900 44381
535 292 2464 2520 313955 44525
536 296 2464 2520 315077 44643
537 298 2463 2520 316078 44739
538 300 2463 2520 317174 44869
539 301 2463 2520 318350 45014
540 302 2463 2520 319643 45207
541 303 2463 2520 320928 45418
542 305 2463 2520 322226 45575
543 307 2463 2520 323546 45762
544 309 2463 2520 324773 45892
545 309 2463 2520 326151 46035
546 310 2463 2520 327295 46243
547 310 2463 2520 328596 46346
548 312 2463 2520 329820 46475
549 312 2463 2520 331046 46565
550 312 2462 2520 332209 46703
551 312 2461 2520 333357 46807
552 313 2461 2520 334528 46975
553 313 2461 2520 335717 47095
554 313 2459 2520 336843 47216
555 315 2457 2520 337971 47313
556 316 2457 2520 339107 47397
557 319 2457 2520 340308 47529
558 321 2457 2520 341503 47652
559 321 2457 2520 342661 47738
560 324 2456 2520 343804 47883
561 324 2456 2520 344971 48003
562 327 2455 2520 346275 48119
563 328 2454 2520 347563 48248
564 328 2454 2520 348916 48401
565 329 2454 2520 350194 48536
566 329 2454 2520 351523 48673
567 330 2453 2520 352797 48785
568 332 2453 2520 354079 48900
569 333 2453 2520 355356 48988
570 333 2451 2520 356653 49112
571 334 2451 2520 357877 49270
572 334 2451 2520 359102 49435
573 334 2451 2520 360279 49588
574 335 2451 2520 361552 49699
575 336 2451 2520 362792 49814
576 336 2450 2520 363993 49913
577 338 2450 2520 365201 50011
578 340 2450 2520 366406 50126
579 341 2450 2520 367522 50267
580 342 2450 2520 368689 50404
581 344 2449 2520 369888 50502
582 345 2448 2520 371123 50661
583 346 2448 2520 372313 50822
584 347 2448 2520 373577 50943
585 348 2448 2520 374842 51156
586 350 2448 2520 376076 51284
587 351 2448 2520 377290 51392
588 352 2448 2520 378539 51482
589 354 2448 2520 379820 51614
590 356 2448 2520 381180 51786
591 359 2448 2520 382533 51925
592 361 2448 2520 383885 52085
593 365 2448 2520 385305 52269
594 365 2448 2520 386871 52402
595 365 2448 2520 388391 52524
596 365 2448 2520 389874 52723
597 366 2448 2520 391277 52840
598 366 2448 2520 392721 52977
599 366 2447 2520 394063 53122
600 366 2447 2520 395269 53280
601 366 2447 2520 396582 53412
602 366 2446 2520 397873 53543
603 367 2445 2520 399075 53706
604 368 2445 2520 400239 53854
605 368 2445 2520 401455 53966
606 370 2445 2520 402480 54065
607 371 2445 2520 403569 54176
608 376 2445 2520 404696 54292
609 377 2445 2520 405891 54420
610 377 2445 2520 407109 54522
611 379 2445 2520 408312 54612
612 379 2444 2520 409525 54737
613 381 2444 2520 410751 54915
614 384 2444 2520 411933 55005
615 392 2444 2520 413228 55169
616 394 2443 2520 414630 55365
617 394 2443 2520 416041 55551
618 395 2443 2520 417515 55714
619 397 2442 2520 418945 55840
620 397 2442 2520 420528 56093
621 401 2442 2520 422008 56239
622 403 2441 2520 423531 56379
623 404 2441 2520 425149 56511
624 404 2441 2520 426691 56700
625 405 2441 2520 428228 56890
626 408 2441 2520 429731 57097
627 409 2441 2520 431188 57254
628 409 2441 2520 432806 57437
629 410 2441 2520 434263 57609
630 411 2441 2520 435666 57764
631 414 2441 2520 437127 57918
632 414 2441 2520 438557 58088
633 415 2441 2520 439914 58188
634 415 2440 2520 441285 58305
635 415 2439 2520 442803 58458
636 415 2438 2520 444215 58683
637 416 2438 2520 445655 58820
638 417 2438 2520 447030 58927
639 419 2438 2520 448287 58959
640 421 2438 2520 449609 59080
641 422 2438 2520 450963 59183
642 422 2438 2520 452253 59360
643 424 2438 2520 453550 59538
644 424 2438 2520 454827 59707
645 426 2438 2520 456115 59831
646 428 2438 2520 457404 59949
647 428 2438 2520 458752 60097
648 428 2438 2520 460075 60254
649 431 2438 2520 461359 60368
650 432 2438 2520 462628 60511
651 433 2438 2520 463959 60616
652 433 2438 2520 465218 60754
653 437 2438 2520 466507 60869
654 441 2437 2520 467809 61055
655 442 2437 2520 469311 61201
656 443 2436 2520 470744 61378
657 444 2436 2520 472323 61564
658 445 2436 2520 473885 61703
659 445 2435 2520 475461 61889
660 446 2435 2520 477032 62062
661 448 2435 2520 478606 62210
662 449 2434 2520 480153 62407
663 450 2434 2520 481585 62552
664 451 2434 2520 483023 62682
665 451 2434 2520 484445 62825
666 452 2434 2520 485833 63001
667 452 2433 2520 487177 63112
668 453 2433 2520 488504 63218
669 453 2433 2520 489784 63475
670 455 2433 2520 491133 63685
671 457 2433 2520 492329 63796
672 458 2433 2520 493635 63873
673 459 2433 2520 495003 64052
674 461 2432 2520 496406 64148
675 462 2432 2520 497765 64293
676 465 2432 2520 499178 64476
677 467 2432 2520 500575 64610
678 468 2432 2520 501990 64736
679 470 2432 2520 503498 64856
680 470 2432 2520 504953 65019
681 471 2432 2520 506382 65127
682 472 2432 2520 507935 65282
683 474 2432 2520 509422 65468
684 476 2432 2520 510962 65616
685 476 2432 2520 512439 65819
686 479 2432 2520 513871 65979
687 480 2432 2520 515390 66176
688 482 2432 2520 516965 66326
689 483 2432 2520 518530 66479
690 483 2432 2520 520192 66663
691 484 2432 2520 521798 66835
692 485 2432 2520 523404 67052
693 485 2430 2520 524943 67242
694 487 2430 2520 526463 67410
695 487 2430 2520 527933 67566
696 487 2430 2520 529340 67704
697 487 2430 2520 530684 67783
698 490 2430 2520 532073 67903
699 494 2429 2520 533397 68054
700 495 2429 2520 534850 68180
701 495 2429 2520 536326 68310
702 497 2429 2520 537637 68413
703 500 2429 2520 538993 68596
704 503 2429 2520 540383 68755
705 506 2429 2520 541804 68879
706 506 2429 2520 543282 69029
707 507 2429 2520 544857 69229
708 509 2429 2520 546426 69395
709 511 2429 2520 548108 69546
710 513 2429 2520 549698 69715
711 516 2429 2520 551166 69878
712 519 2428 2520 552825 70169
713 521 2428 2520 554555 70359
714 523 2428 2520 556208 70482
715 525 2428 2520 557978 70683
716 525 2428 2520 559749 70895
717 528 2428 2520 561545 71118
718 530 2428 2520 563246 71295
719 530 2428 2520 564994 71475
720 532 2428 2520 566772 71764
721 534 2428 2520 568548 71932
722 534 2428 2520 570303 72047
723 536 2428 2520 572068 72201
724 538 2428 2520 573746 72313
725 539 2428 2520 575537 72506
726 539 2428 2520 577218 72703
727 539 2426 2520 578854 72837
728 540 2425 2520 580515 72994
729 543 2425 2520 582168 73148
730 548 2425 2520 583866 73300
731 548 2425 2520 585611 73465
732 548 2425 2520 587374 73694
733 550 2424 2520 589108 73893
734 551 2424 2520 590898 74035
735 552 2423 2520 592824 74215
736 554 2423 2520 594509 74418
737 557 2423 2520 596241 74582
738 558 2422 2520 598019 74766
739 563 2422 2520 599832 74903
740 565 2422 2520 601614 75058
741 566 2422 2520 603431 75239
742 568 2422 2520 605161 75426
743 569 2422 2520 606929 75596
744 570 2421 2520 608652 75789
745 571 2421 2520 610421 75942
746 572 2419 2520 612171 76146
747 574 2419 2520 613903 76308
748 575 2419 2520 615656 76490
749 575 2418 2520 617413 76678
750 579 2417 2520 619104 76824
751 582 2417 2520 620699 77001
752 584 2417 2520 622316 77078
753 585 2416 2520 623968 77303
754 589 2416 2520 625753 77450
755 590 2416 2520 627566 77613
756 592 2416 2520 629376 77833
757 593 2416 2520 631216 78024
758 596 2416 2520 633049 78234
759 597 2416 2520 634988 78470
760 597 2415 2520 636896 78710
761 597 2415 2520 638732 78859
762 597 2414 2520 640570 79046
763 597 2413 2520 642367 79205
764 600 2412 2520 644094 79391
765 601 2411 2520 645769 79553
766 603 2410 2520 647419 79679
767 604 2410 2520 649106 79927
768 605 2409 2520 650947 80042
769 606 2409 2520 652638 80233
770 610 2408 2520 654417 80450
771 610 2408 2520 656123 80526
772 612 2408 2520 657730 80679
773 615 2408 2520 659358 80823
774 617 2408 2520 661032 80990
775 619 2408 2520 662773 81136
776 620 2408 2520 664461 81309
777 623 2408 2520 666154 81471
778 624 2408 2520 667969 81672
779 626 2407 2520 669725 81869
780 629 2407 2520 671581 82085
781 630 2407 2520 673471 82182
782 634 2405 2520 675299 82381
783 634 2405 2520 677161 82652
784 636 2405 2520 679005 82861
785 639 2405 2520 680826 83120
786 642 2403 2520 682745 83261
787 647 2403 2520 684655 83529
788 649 2402 2520 686632 83716
789 650 2402 2520 688729 83895
790 651 2402 2520 690821 84098
791 653 2401 2520 692848 84298
792 653 2400 2520 695008 84427
793 657 2400 2520 697150 84630
794 658 2400 2520 699293 84856
795 660 2400 2520 701187 85098
796 661 2400 2520 703218 85277
797 662 2400 2520 705340 85426
798 665 2400 2520 707340 85574
799 668 2400 2520 709319 85688
800 671 2400 2520 711210 85887
801 672 2400 2520 713243 86138
802 672 2400 2520 715262 86353
803 673 2399 2520 717379 86537
804 675 2398 2520 719407 86650
805 675 2398 2520 721465 86885
806 675 2398 2520 723625 87050
807 678 2397 2520 725648 87237
808 679 2395 2520 727613 87388
809 679 2395 2520 729556 87573
810 680 2394 2520 731415 87690
811 681 2394 2520 733339 87847
812 682 2394 2520 735146 88028
813 682 2394 2520 736950 88197
814 684 2393 2520 738632 88312
815 687 2393 2520 740353 88499
816 690 2392 2520 742085 88724
817 692 2391 2520 743900 88866
818 692 2391 2520 745786 89046
819 692 2391 2520 747667 89202
820 694 2391 2520 749400 89354
821 694 2390 2520 751168 89509
822 697 2390 2520 752985 89717
823 699 2390 2520 754686 89886
824 701 2390 2520 756405 90025
825 704 2390 2520 758120 90182
826 706 2389 2520 759881 90361
827 709 2389 2520 761783 90547
828 712 2389 2520 763704 90790
829 713 2388 2520 765606 90973
830 714 2387 2520 767633 91090
831 716 2386 2520 769524 91285
832 718 2384 2520 771459 91469
833 720 2384 2520 773441 91672
834 723 2384 2520 775502 91881
835 727 2384 2520 777473 92022
836 728 2384 2520 779524 92152
837 729 2384 2520 781552 92184
838 731 2384 2520 783430 92336
839 734 2384 2520 785390 92532
840 735 2384 2520 787291 92742
841 736 2384 2520 789253 92915
842 740 2384 2520 791119 93111
843 741 2383 2520 793055 93230
844 741 2382 2520 795107 93396
845 742 2381 2520 797046 93550
846 743 2381 2520 799030 93696
847 743 2381 2520 800949 93788
848 744 2381 2520 802888 93999
849 748 2380 2520 804693 94150
850 748 2380 2520 806562 94331
851 753 2380 2520 808392 94413
852 755 2380 2520 810162 94573
853 757 2380 2520 812003 94757
854 760 2379 2520 813997 94968
855 762 2379 2520 815970 95173
856 764 2378 2520 817878 95367
857 765 2378 2520 819917 95552
858 768 2378 2520 821866 95683
859 770 2377 2520 823772 95860
860 770 2377 2520 825710 96010
861 771 2377 2520 827721 96257
862 772 2377 2520 829730 96394
863 773 2377 2520 831786 96558
864 777 2377 2520 833802 96762
865 778 2377 2520 835750 96955
866 778 2377 2520 837688 97119
867 779 2376 2520 839685 97285
868 781 2375 2520 841622 97452
869 784 2375 2520 843544 97599
870 785 2375 2520 845561 97776
871 786 2374 2520 847530 97966
872 788 2373 2520 849546 98200
873 788 2373 2520 851442 98390
874 788 2373 2520 853393 98538
875 788 2373 2520 855279 98726
876 790 2373 2520 857140 98815
877 794 2373 2520 858977 98994
878 795 2372 2520 860859 99112
879 797 2372 2520 862744 99291
880 797 2372 2520 864542 99436
881 801 2372 2520 866413 99608
882 803 2372 2520 868188 99768
883 805 2372 2520 869961 99920
884 809 2372 2520 871926 100053
885 810 2372 2520 873776 100313
886 810 2371 2520 875740 100508
887 813 2371 2520 877648 100657
888 815 2371 2520 879578 100851
889 816 2371 2520 881472 100968
890 818 2370 2520 883408 101067
891 819 2370 2520 885338 101209
892 820 2370 2520 887326 101371
893 821 2370 2520 889269 101611
894 825 2369 2520 891203 101834
895 825 2369 2520 893171 101997
896 825 2369 2520 895179 102180
897 829 2369 2520 897166 102358
898 830 2369 2520 899150 102546
899 832 2369 2520 901048 102804
900 835 2369 2520 902947 102908
901 839 2369 2520 904981 103143
902 842 2368 2520 906952 103293
903 843 2368 2520 909015 103540
904 843 2367 2520 911012 103646
905 845 2367 2520 912974 103827
906 846 2366 2520 914988 103982
907 850 2366 2520 916935 104154
908 850 2366 2520 918921 104247
909 851 2366 2520 920981 104439
910 853 2366 2520 923058 104675
911 856 2366 2520 925040 104844
912 861 2366 2520 927015 104974
913 865 2366 2520 928926 105145
914 866 2366 2520 930948 105327
915 866 2366 2520 933070 105527
916 867 2366 2520 935125 105625
917 870 2366 2520 937274 105757
918 871 2366 2520 939372 105935
919 872 2366 2520 941564 106166
920 872 2366 2520 943579 106291
921 878 2366 2520 945530 106505
922 879 2366 2520 947586 106646
923 882 2366 2520 949775 106782
924 884 2366 2520 951838 106949
925 885 2366 2520 953951 107173
926 889 2366 2520 955975 107346
927 891 2366 2520 958077 107515
928 891 2364 2520 960236 107669
929 894 2364 2520 962442 107796
930 897 2363 2520 964608 107888
931 898 2363 2520 966736 108067
932 902 2363 2520 968841 108269
933 905 2362 2520 971129 108478
934 908 2362 2520 973400 108698
935 909 2361 2520 975745 108887
936 910 2361 2520 978131 109023
937 911 2359 2520 980371 109250
938 913 2359 2520 982642 109404
939 914 2359 2520 984952 109626
940 918 2359 2520 987110 109782
941 922 2359 2520 989498 109957
942 923 2358 2520 991785 110196
943 924 2358 2520 994052 110389
944 926 2358 2520 996314 110545
945 927 2357 2520 998660 110792
946 928 2356 2520 1000829 111006
947 933 2356 2520 1003149 111144
948 933 2356 2520 1005401 111291
949 935 2356 2520 1007725 111398
950 937 2356 2520 1009954 111585
951 937 2356 2520 1012117 111822
952 938 2355 2520 1014278 112009
953 939 2354 2520 1016454 112183
954 939 2354 2520 1018565 112347
955 942 2354 2520 1020688 112553
956 946 2354 2520 1022768 112769
957 947 2354 2520 1024733 112941
958 947 2354 2520 1026701 113086
959 949 2354 2520 1028632 113207
960 950 2354 2520 1030639 113350
961 952 2353 2520 1032627 113454
962 957 2353 2520 1034537 113675
963 960 2353 2520 1036501 113808
964 963 2353 2520 1038554 113905
965 969 2353 2520 1040557 114120
966 970 2353 2520 1042893 114335
967 972 2353 2520 1045086 114538
968 975 2352 2520 1047295 114679
969 977 2352 2520 1049589 114843
970 979 2352 2520 1051891 114998
971 981 2352 2520 1054116 115209
972 986 2352 2520 1056462 115456
973 989 2350 2520 1058803 115628
974 989 2350 2520 1061129 115836
975 993 2350 2520 1063616 116075
976 994 2350 2520 1066026 116329
977 996 2349 2520 1068424 116517
978 998 2348 2520 1070779 116641
979 998 2347 2520 1073299 116785
980 998 2347 2520 1075734 116969
981 1002 2347 2520 1078091 117125
982 1002 2347 2520 1080389 117313
983 1004 2346 2520 1082685 117558
984 1006 2346 2520 1084919 117693
985 1006 2346 2520 1087179 117788
986 1008 2345 2520 1089338 117843
987 1008 2345 2520 1091451 117889
988 1013 2344 2520 1093478 118025
989 1014 2344 2520 1095504 118181
990 1014 2344 2520 1097612 118245
991 1015 2344 2520 1099738 118436
992 1017 2344 2520 1101778 118602
993 1020 2344 2520 1103761 118647
994 1020 2344 2520 1105935 118821
995 1021 2344 2520 1108056 118948
996 1024 2344 2520 1110052 119135
997 1026 2343 2520 1112180 119264
998 1030 2343 2520 1114285 119445
999 1035 2343 2520 1116526 119653
1000 1039 2343 2520 1118669 119801
