0 1 2519 2520 797 501
1 1 2519 2520 828 524
2 1 2519 2520 856 542
3 1 2519 2520 890 565
4 1 2519 2520 932 585
5 1 2519 2520 967 603
6 1 2519 2520 999 614
7 1 2519 2520 1041 637
8 1 2519 2520 1084 660
9 1 2519 2520 1120 676
10 1 2519 2520 1140 682
11 1 2519 2520 1176 693
12 2 2519 2520 1199 705
13 2 2519 2520 1255 727
14 2 2519 2520 1344 776
15 2 2519 2520 1437 814
16 2 2519 2520 1562 856
17 2 2519 2520 1685 899
18 2 2519 2520 1809 944
19 2 2519 2520 1929 966
20 2 2519 2520 2048 999
21 2 2519 2520 2152 1031
22 2 2519 2520 2227 1048
23 2 2519 2520 2281 1052
24 2 2519 2520 2376 1084
25 2 2519 2520 2437 1108
26 2 2519 2520 2509 1124
27 2 2519 2520 2555 1134
28 2 2519 2520 2601 1145
29 2 2519 2520 2630 1147
30 3 2519 2520 2657 1148
31 3 2519 2520 2715 1167
32 3 2519 2520 2829 1205
33 4 2519 2520 2932 1242
34 4 2519 2520 3054 1280
35 4 2519 2520 3241 1348
36 4 2519 2520 3414 1395
37 4 2519 2520 3580 1431
38 4 2519 2520 3756 1461
39 4 2519 2520 3916 1503
40 4 2519 2520 4074 1541
41 4 2519 2520 4227 1582
42 4 2519 2520 4346 1609
43 4 2519 2520 4428 1619
44 4 2519 2520 4538 1629
45 4 2519 2520 4656 1654
46 4 2519 2520 4744 1671
47 4 2519 2520 4836 1686
48 4 2519 2520 4926 1704
49 4 2519 2520 5021 1721
50 5 2519 2520 5087 1733
51 5 2518 2520 5177 1747
52 5 2518 2520 5314 1792
53 6 2518 2520 5445 1841
54 6 2518 2520 5557 1861
55 6 2518 2520 5689 1900
56 7 2518 2520 5855 1937
57 8 2518 2520 6031 1968
58 8 2517 2520 6284 2006
59 8 2517 2520 6520 2056
60 8 2517 2520 6801 2134
61 8 2517 2520 7081 2199
62 8 2517 2520 7341 2221
63 8 2517 2520 7582 2257
64 8 2517 2520 7823 2295
65 8 2517 2520 8039 2340
66 8 2517 2520 8231 2375
67 8 2517 2520 8427 2391
68 8 2517 2520 8612 2442
69 8 2517 2520 8788 2476
70 8 2517 2520 8952 2504
71 8 2517 2520 9104 2515
72 8 2517 2520 9222 2537
73 9 2517 2520 9351 2568
74 10 2517 2520 9498 2587
75 12 2517 2520 9668 2620
76 12 2517 2520 9890 2669
77 13 2516 2520 10176 2734
78 13 2516 2520 10457 2795
79 14 2516 2520 10783 2856
80 14 2516 2520 11127 2929
81 14 2516 2520 11462 2984
82 14 2516 2520 11823 3044
83 14 2516 2520 12189 3092
84 14 2516 2520 12535 3160
85 14 2516 2520 12867 3209
86 14 2516 2520 13218 3273
87 14 2516 2520 13528 3310
88 14 2515 2520 13804 3378
89 14 2515 2520 14083 3423
90 14 2515 2520 14338 3452
91 14 2515 2520 14577 3477
92 15 2515 2520 14822 3531
93 15 2515 2520 15078 3575
94 15 2515 2520 15341 3606
95 15 2515 2520 15547 3656
96 16 2515 2520 15779 3662
97 17 2515 2520 16004 3688
98 19 2515 2520 16252 3727
99 19 2515 2520 16554 3790
100 19 2515 2520 16921 3872
101 19 2515 2520 17307 3939
102 21 2515 2520 17657 4026
103 21 2515 2520 18023 4081
104 22 2514 2520 18408 4158
105 23 2514 2520 18807 4220
106 23 2514 2520 19221 4295
107 23 2514 2520 19655 4333
108 23 2514 2520 20082 4386
109 23 2514 2520 20512 4443
110 23 2514 2520 20930 4492
111 23 2514 2520 21341 4543
112 23 2514 2520 21677 4594
113 23 2514 2520 22029 4624
114 23 2514 2520 22371 4697
115 23 2514 2520 22690 4752
116 23 2513 2520 23013 4782
117 23 2513 2520 23361 4819
118 23 2513 2520 23636 4839
119 24 2513 2520 23946 4867
120 25 2513 2520 24241 4916
121 25 2513 2520 24554 4970
122 25 2513 2520 24866 5032
123 25 2513 2520 25163 5083
124 26 2513 2520 25477 5106
125 26 2513 2520 25780 5129
126 27 2513 2520 26069 5170
127 27 2513 2520 26376 5235
128 28 2513 2520 26675 5266
129 28 2513 2520 27024 5337
130 29 2513 2520 27423 5412
131 29 2513 2520 27782 5500
132 30 2513 2520 28144 5579
133 30 2513 2520 28474 5639
134 30 2513 2520 28819 5704
135 30 2513 2520 29150 5761
136 30 2513 2520 29505 5822
137 30 2513 2520 29840 5893
138 31 2513 2520 30175 5946
139 31 2512 2520 30535 6026
140 31 2512 2520 30902 6071
141 31 2512 2520 31249 6120
142 31 2512 2520 31564 6163
143 31 2512 2520 31895 6219
144 32 2512 2520 32236 6259
145 32 2512 2520 32600 6300
146 32 2512 2520 32922 6345
147 32 2512 2520 33224 6379
148 34 2512 2520 33520 6415
149 35 2511 2520 33879 6475
150 35 2511 2520 34225 6548
151 36 2511 2520 34634 6634
152 36 2511 2520 35017 6706
153 36 2510 2520 35407 6747
154 36 2510 2520 35863 6821
155 36 2509 2520 36262 6842
156 36 2509 2520 36698 6885
157 37 2509 2520 37079 6952
158 38 2509 2520 37472 6992
159 39 2508 2520 37876 7060
160 39 2508 2520 38273 7126
161 40 2508 2520 38661 7163
162 40 2508 2520 39093 7250
163 40 2507 2520 39534 7279
164 40 2507 2520 39929 7328
165 40 2507 2520 40342 7405
166 40 2507 2520 40711 7485
167 41 2507 2520 41101 7532
168 41 2507 2520 41450 7582
169 42 2507 2520 41869 7644
170 42 2506 2520 42251 7671
171 43 2506 2520 42641 7725
172 44 2506 2520 43004 7779
173 44 2506 2520 43431 7881
174 44 2505 2520 43844 7940
175 44 2505 2520 44248 8016
176 44 2505 2520 44667 8069
177 45 2505 2520 45055 8117
178 46 2505 2520 45476 8142
179 46 2505 2520 45893 8193
180 46 2505 2520 46338 8270
181 46 2505 2520 46721 8305
182 48 2505 2520 47100 8386
183 48 2505 2520 47493 8437
184 49 2505 2520 47925 8503
185 49 2505 2520 48362 8582
186 50 2504 2520 48787 8630
187 50 2504 2520 49244 8688
188 50 2504 2520 49751 8741
189 50 2504 2520 50234 8825
190 50 2504 2520 50676 8877
191 50 2503 2520 51137 8954
192 50 2503 2520 51547 9007
193 51 2503 2520 51948 9034
194 51 2503 2520 52369 9108
195 51 2503 2520 52730 9169
196 52 2503 2520 53083 9197
197 53 2502 2520 53488 9268
198 53 2502 2520 53933 9321
199 53 2502 2520 54369 9393
200 53 2502 2520 54822 9432
201 53 2502 2520 55226 9500
202 55 2500 2520 55675 9570
203 55 2499 2520 56122 9643
204 56 2498 2520 56596 9691
205 56 2498 2520 57070 9768
206 57 2498 2520 57610 9807
207 57 2497 2520 58106 9868
208 57 2497 2520 58538 9956
209 58 2497 2520 59087 10001
210 61 2497 2520 59547 10051
211 61 2496 2520 60044 10119
212 61 2496 2520 60521 10187
213 61 2495 2520 61032 10263
214 61 2495 2520 61525 10344
215 62 2495 2520 61994 10378
216 63 2495 2520 62449 10396
217 63 2495 2520 62990 10486
218 63 2495 2520 63459 10551
219 63 2495 2520 63944 10621
220 63 2495 2520 64364 10692
221 63 2495 2520 64777 10743
222 63 2495 2520 65185 10754
223 63 2495 2520 65596 10836
224 63 2495 2520 65968 10880
225 64 2495 2520 66376 10923
226 65 2495 2520 66786 10969
227 65 2495 2520 67188 11010
228 65 2494 2520 67643 11058
229 67 2493 2520 68046 11113
230 69 2493 2520 68508 11200
231 69 2493 2520 69011 11260
232 70 2491 2520 69546 11350
233 70 2491 2520 70048 11456
234 71 2490 2520 70560 11518
235 71 2490 2520 71118 11603
236 71 2490 2520 71724 11693
237 72 2490 2520 72186 11758
238 72 2489 2520 72718 11854
239 72 2489 2520 73267 11934
240 72 2487 2520 73756 11993
241 72 2486 2520 74295 12043
242 74 2486 2520 74830 12120
243 74 2486 2520 75332 12189
244 74 2486 2520 75817 12257
245 75 2485 2520 76400 12319
246 75 2485 2520 76896 12368
247 75 2485 2520 77440 12398
248 75 2485 2520 77946 12446
249 75 2485 2520 78414 12481
250 75 2485 2520 78846 12506
251 77 2485 2520 79340 12591
252 77 2485 2520 79808 12641
253 79 2484 2520 80271 12676
254 79 2484 2520 80784 12749
255 81 2484 2520 81283 12815
256 81 2483 2520 81899 12888
257 81 2482 2520 82517 12980
258 81 2481 2520 83088 13044
259 82 2481 2520 83666 13128
260 82 2481 2520 84247 13218
261 82 2480 2520 84810 13354
262 82 2480 2520 85374 13421
263 82 2480 2520 85914 13480
264 82 2480 2520 86447 13546
265 83 2480 2520 86966 13597
266 83 2480 2520 87498 13662
267 84 2480 2520 88101 13711
268 84 2479 2520 88571 13787
269 84 2479 2520 89118 13859
270 84 2479 2520 89599 13901
271 85 2478 2520 90040 13963
272 86 2478 2520 90509 13991
273 87 2478 2520 91037 14035
274 88 2478 2520 91531 14088
275 88 2478 2520 92016 14143
276 91 2478 2520 92538 14211
277 92 2478 2520 93147 14313
278 93 2478 2520 93735 14415
279 94 2478 2520 94356 14503
280 97 2478 2520 94947 14596
281 97 2478 2520 95633 14719
282 97 2478 2520 96423 14824
283 97 2478 2520 97208 14931
284 97 2478 2520 97907 15011
285 97 2478 2520 98579 15097
286 97 2478 2520 99236 15180
287 97 2478 2520 99898 15266
288 97 2478 2520 100546 15336
289 98 2478 2520 101185 15409
290 98 2477 2520 101793 15464
291 98 2475 2520 102368 15530
292 98 2473 2520 102938 15643
293 99 2473 2520 103580 15694
294 100 2472 2520 104156 15746
295 101 2472 2520 104788 15816
296 102 2472 2520 105393 15907
297 104 2472 2520 105981 15938
298 104 2472 2520 106660 16026
299 104 2472 2520 107330 16139
300 104 2472 2520 107984 16240
301 106 2471 2520 108585 16312
302 106 2471 2520 109225 16391
303 110 2471 2520 109830 16414
304 110 2471 2520 110573 16527
305 110 2470 2520 111311 16616
306 111 2470 2520 112080 16697
307 112 2470 2520 112850 16773
308 114 2470 2520 113597 16868
309 114 2470 2520 114332 16929
310 114 2470 2520 115054 17072
311 115 2470 2520 115797 17192
312 115 2470 2520 116541 17304
313 115 2470 2520 117369 17428
314 115 2470 2520 118110 17517
315 116 2470 2520 118802 17628
316 116 2470 2520 119479 17709
317 116 2470 2520 120153 17806
318 117 2470 2520 120870 17898
319 117 2470 2520 121523 17994
320 118 2470 2520 122166 18066
321 119 2470 2520 122784 18165
322 120 2470 2520 123468 18258
323 120 2470 2520 124056 18339
324 121 2469 2520 124724 18392
325 121 2469 2520 125332 18450
326 122 2468 2520 125963 18505
327 124 2468 2520 126575 18625
328 124 2468 2520 127194 18678
329 125 2468 2520 127925 18800
330 125 2468 2520 128608 18864
331 125 2467 2520 129273 18941
332 125 2467 2520 130001 19030
333 126 2466 2520 130682 19110
334 126 2466 2520 131324 19212
335 126 2466 2520 131974 19301
336 128 2465 2520 132635 19338
337 129 2465 2520 133319 19399
338 129 2465 2520 133947 19509
339 130 2465 2520 134629 19600
340 131 2465 2520 135302 19696
341 133 2465 2520 135940 19807
342 133 2465 2520 136684 19898
343 133 2465 2520 137404 19992
344 134 2464 2520 138158 20145
345 135 2464 2520 138935 20178
346 136 2464 2520 139692 20263
347 136 2464 2520 140448 20386
348 136 2463 2520 141240 20486
349 136 2463 2520 141954 20565
350 138 2461 2520 142710 20636
351 138 2461 2520 143426 20714
352 141 2460 2520 144239 20851
353 143 2460 2520 145066 20948
354 145 2459 2520 145982 21059
355 145 2459 2520 146818 21148
356 145 2459 2520 147605 21231
357 145 2459 2520 148343 21336
358 145 2459 2520 149178 21428
359 146 2459 2520 149921 21508
360 147 2459 2520 150664 21567
361 147 2459 2520 151436 21688
362 148 2459 2520 152209 21739
363 149 2459 2520 152988 21834
364 150 2459 2520 153770 21925
365 151 2459 2520 154576 22065
366 152 2459 2520 155307 22165
367 153 2459 2520 156109 22271
368 153 2459 2520 156941 22355
369 153 2459 2520 157768 22447
370 153 2459 2520 158581 22534
371 154 2459 2520 159438 22653
372 154 2459 2520 160197 22758
373 154 2459 2520 160971 22869
374 156 2459 2520 161708 22932
375 156 2459 2520 162501 23042
376 156 2459 2520 163296 23135
377 156 2458 2520 163990 23249
378 156 2457 2520 164654 23316
379 156 2457 2520 165347 23384
380 157 2457 2520 166094 23519
381 159 2455 2520 166784 23594
382 159 2454 2520 167515 23659
383 161 2453 2520 168239 23778
384 162 2452 2520 168967 23844
385 162 2452 2520 169696 23942
386 163 2452 2520 170467 24096
387 163 2452 2520 171238 24159
388 163 2452 2520 171969 24192
389 165 2452 2520 172742 24273
390 166 2451 2520 173469 24375
391 167 2451 2520 174270 24469
392 168 2451 2520 175082 24584
393 168 2450 2520 175893 24707
394 168 2448 2520 176784 24785
395 170 2447 2520 177664 24940
396 171 2447 2520 178515 24998
397 171 2446 2520 179384 25097
398 173 2446 2520 180246 25149
399 174 2446 2520 181066 25285
400 176 2446 2520 181842 25381
401 180 2446 2520 182677 25507
402 181 2445 2520 183589 25629
403 181 2444 2520 184532 25720
404 181 2444 2520 185563 25850
405 183 2444 2520 186522 25970
406 183 2444 2520 187487 26085
407 184 2443 2520 188513 26228
408 186 2442 2520 189536 26356
409 187 2441 2520 190614 26516
410 189 2441 2520 191664 26641
411 189 2441 2520 192747 26721
412 190 2441 2520 193789 26859
413 190 2438 2520 194869 26964
414 190 2437 2520 195929 27084
415 191 2436 2520 196984 27187
416 191 2436 2520 198096 27329
417 191 2434 2520 199120 27457
418 192 2434 2520 200153 27562
419 193 2434 2520 201171 27656
420 193 2434 2520 202196 27753
421 193 2434 2520 203165 27888
422 193 2434 2520 204147 27951
423 193 2433 2520 205047 28085
424 198 2431 2520 205964 28130
425 198 2431 2520 206906 28262
426 198 2430 2520 207856 28400
427 198 2429 2520 208746 28479
428 199 2429 2520 209697 28612
429 199 2429 2520 210674 28742
430 200 2428 2520 211586 28866
431 200 2427 2520 212412 29012
432 203 2426 2520 213257 29110
433 203 2426 2520 214109 29219
434 204 2425 2520 215084 29317
435 204 2425 2520 215968 29417
436 206 2423 2520 216882 29572
437 209 2423 2520 217800 29669
438 210 2422 2520 218799 29803
439 211 2422 2520 219801 29942
440 211 2421 2520 220836 30067
441 211 2420 2520 221933 30158
442 212 2420 2520 222948 30312
443 212 2420 2520 223992 30446
444 212 2420 2520 225036 30568
445 214 2420 2520 225967 30670
446 214 2420 2520 226970 30742
447 215 2419 2520 227996 30798
448 215 2418 2520 228981 30937
449 217 2418 2520 229972 31099
450 218 2418 2520 230966 31190
451 221 2418 2520 231962 31284
452 221 2418 2520 232974 31396
453 221 2418 2520 234009 31579
454 221 2417 2520 235033 31682
455 221 2415 2520 236082 31810
456 223 2414 2520 237112 31905
457 224 2413 2520 238154 31977
458 225 2412 2520 239194 32118
459 226 2412 2520 240223 32260
460 227 2412 2520 241324 32410
461 228 2411 2520 242370 32548
462 229 2410 2520 243349 32657
463 233 2409 2520 244349 32809
464 234 2409 2520 245439 32955
465 234 2408 2520 246639 33106
466 236 2408 2520 247818 33237
467 237 2408 2520 249027 33358
468 238 2408 2520 250173 33438
469 239 2406 2520 251345 33552
470 240 2406 2520 252453 33710
471 240 2406 2520 253600 33832
472 244 2406 2520 254673 33905
473 245 2406 2520 255741 33966
474 246 2406 2520 256855 34099
475 246 2406 2520 258011 34200
476 246 2405 2520 259122 34314
477 247 2405 2520 260249 34402
478 247 2405 2520 261470 34572
479 248 2405 2520 262559 34683
480 249 2405 2520 263757 34846
481 251 2403 2520 264880 34951
482 253 2403 2520 266002 35024
483 254 2402 2520 267130 35205
484 255 2401 2520 268194 35334
485 256 2400 2520 269299 35460
486 257 2400 2520 270467 35552
487 258 2399 2520 271621 35692
488 260 2398 2520 272691 35831
489 261 2397 2520 273817 35974
490 262 2396 2520 274946 36093
491 265 2395 2520 276106 36222
492 265 2395 2520 277183 36289
493 267 2395 2520 278362 36429
494 268 2394 2520 279559 36517
495 269 2393 2520 280771 36647
496 271 2392 2520 281949 36823
497 272 2392 2520 283118 36940
498 273 2391 2520 284293 37082
499 277 2389 2520 285647 37241
500 278 2389 2520 286836 37367
501 279 2389 2520 288083 37515
502 279 2388 2520 289422 37627
503 280 2387 2520 290653 37808
504 281 2386 2520 291922 37958
505 282 2386 2520 293196 38129
506 283 2385 2520 294437 38261
507 284 2385 2520 295666 38367
508 285 2384 2520 296881 38551
509 285 2384 2520 298166 38745
510 286 2384 2520 299430 38942
511 287 2384 2520 300697 39089
512 289 2382 2520 301841 39190
513 289 2381 2520 303002 39335
514 290 2381 2520 304151 39444
515 290 2380 2520 305352 39574
516 292 2380 2520 306535 39688
517 293 2379 2520 307709 39813
518 295 2379 2520 308838 39928
519 297 2379 2520 310041 40054
520 297 2378 2520 311212 40233
521 297 2378 2520 312423 40287
522 299 2377 2520 313597 40389
523 299 2376 2520 314715 40574
524 299 2375 2520 315915 40733
525 299 2375 2520 316942 40846
526 299 2374 2520 318007 40984
527 300 2374 2520 319108 41104
528 301 2374 2520 320272 41219
529 302 2372 2520 321361 41331
530 304 2371 2520 322436 41454
531 304 2370 2520 323511 41548
532 307 2370 2520 324654 41664
533 309 2370 2520 325804 41758
534 309 2370 2520 326994 41914
535 310 2370 2520 328162 42092
536 310 2370 2520 329246 42199
537 312 2367 2520 330360 42275
538 314 2367 2520 331516 42432
539 317 2365 2520 332736 42626
540 317 2364 2520 333973 42751
541 318 2364 2520 335231 42865
542 319 2364 2520 336489 43045
543 320 2364 2520 337810 43138
544 321 2363 2520 339047 43242
545 321 2363 2520 340335 43352
546 321 2360 2520 341542 43450
547 321 2356 2520 342809 43561
548 322 2356 2520 344056 43680
549 323 2356 2520 345178 43776
550 325 2356 2520 346363 43895
551 327 2356 2520 347445 44024
552 328 2356 2520 348633 44112
553 329 2355 2520 349735 44157
554 331 2355 2520 350831 44280
555 333 2354 2520 351929 44333
556 337 2353 2520 353089 44449
557 338 2352 2520 354300 44547
558 338 2352 2520 355562 44658
559 339 2352 2520 356865 44735
560 342 2352 2520 358091 44866
561 342 2350 2520 359429 45060
562 343 2349 2520 360783 45180
563 347 2347 2520 362159 45356
564 348 2346 2520 363506 45517
565 350 2344 2520 364945 45657
566 354 2344 2520 366477 45822
567 355 2344 2520 367965 45909
568 355 2342 2520 369454 46048
569 355 2342 2520 371035 46214
570 357 2341 2520 372527 46306
571 357 2339 2520 374034 46407
572 359 2339 2520 375557 46624
573 359 2337 2520 377062 46718
574 361 2336 2520 378597 46882
575 362 2335 2520 380101 46981
576 362 2333 2520 381606 47090
577 362 2332 2520 383144 47233
578 362 2332 2520 384613 47379
579 364 2331 2520 385960 47508
580 366 2330 2520 387309 47598
581 368 2329 2520 388693 47701
582 370 2329 2520 390151 47822
583 373 2329 2520 391563 47953
584 375 2327 2520 393080 48098
585 378 2327 2520 394582 48244
586 379 2326 2520 396078 48442
587 380 2326 2520 397599 48619
588 383 2326 2520 399188 48737
589 384 2325 2520 400762 48994
590 386 2325 2520 402410 49202
591 388 2325 2520 404067 49427
592 390 2325 2520 405791 49673
593 392 2325 2520 407430 49834
594 392 2324 2520 409068 50013
595 392 2324 2520 410800 50153
596 393 2323 2520 412442 50290
597 393 2322 2520 413954 50454
598 393 2321 2520 415552 50587
599 393 2320 2520 417138 50719
600 395 2319 2520 418573 50943
601 395 2318 2520 420038 51072
602 396 2318 2520 421484 51233
603 396 2318 2520 422860 51409
604 399 2318 2520 424232 51556
605 400 2316 2520 425635 51707
606 402 2315 2520 427013 51825
607 405 2315 2520 428392 52029
608 406 2313 2520 429802 52146
609 409 2313 2520 431315 52330
610 410 2313 2520 432837 52495
611 410 2312 2520 434317 52700
612 414 2309 2520 435791 52917
613 415 2309 2520 437228 53050
614 416 2307 2520 438787 53268
615 416 2305 2520 440325 53427
616 417 2305 2520 441883 53570
617 420 2305 2520 443373 53704
618 422 2304 2520 444894 53861
619 423 2302 2520 446415 53897
620 425 2300 2520 448059 54037
621 427 2298 2520 449709 54234
622 428 2298 2520 451406 54369
623 429 2298 2520 453048 54522
624 429 2298 2520 454708 54605
625 429 2298 2520 456379 54754
626 430 2298 2520 457966 54924
627 433 2298 2520 459588 55005
628 434 2296 2520 461125 55089
629 435 2295 2520 462737 55310
630 436 2292 2520 464313 55507
631 438 2292 2520 465826 55682
632 440 2291 2520 467288 55775
633 442 2290 2520 468834 55937
634 443 2289 2520 470333 56101
635 443 2289 2520 471897 56346
636 444 2289 2520 473500 56465
637 445 2289 2520 475009 56514
638 446 2289 2520 476551 56651
639 448 2287 2520 478003 56830
640 452 2287 2520 479542 56906
641 455 2287 2520 481048 57048
642 459 2287 2520 482587 57213
643 461 2287 2520 484155 57344
644 463 2287 2520 485804 57561
645 465 2286 2520 487490 57765
646 467 2284 2520 489311 57951
647 469 2284 2520 490998 58108
648 470 2283 2520 492696 58366
649 470 2282 2520 494492 58512
650 470 2281 2520 496289 58721
651 471 2280 2520 498024 58892
652 473 2279 2520 499705 59031
653 474 2279 2520 501284 59173
654 476 2279 2520 502774 59301
655 477 2279 2520 504418 59428
656 479 2279 2520 506024 59537
657 479 2277 2520 507523 59667
658 480 2276 2520 509034 59841
659 481 2275 2520 510567 60053
660 482 2275 2520 512056 60205
661 483 2272 2520 513566 60343
662 484 2272 2520 515046 60451
663 486 2271 2520 516617 60620
664 488 2270 2520 518184 60721
665 490 2269 2520 519673 60848
666 492 2268 2520 521230 61022
667 492 2268 2520 522836 61226
668 495 2267 2520 524455 61398
669 495 2267 2520 525992 61547
670 499 2265 2520 527539 61703
671 502 2265 2520 529216 61882
672 502 2265 2520 530923 62106
673 503 2263 2520 532610 62315
674 503 2262 2520 534439 62509
675 504 2260 2520 536242 62673
676 507 2259 2520 537955 62847
677 507 2258 2520 539678 63004
678 508 2258 2520 541404 63229
679 512 2258 2520 543013 63358
680 513 2257 2520 544633 63539
681 514 2257 2520 546197 63658
682 517 2256 2520 547838 63870
683 519 2256 2520 549547 63978
684 520 2256 2520 551384 64133
685 521 2256 2520 553165 64260
686 522 2256 2520 554844 64437
687 523 2256 2520 556479 64621
688 525 2255 2520 558205 64814
689 525 2253 2520 559853 64984
690 525 2253 2520 561454 65184
691 525 2253 2520 563143 65398
692 529 2253 2520 564711 65540
693 531 2253 2520 566296 65685
694 532 2252 2520 567869 65837
695 532 2251 2520 569504 66013
696 534 2251 2520 571050 66201
697 535 2249 2520 572661 66368
698 539 2247 2520 574293 66482
699 540 2247 2520 575858 66646
700 541 2246 2520 577564 66805
701 541 2246 2520 579196 66974
702 542 2245 2520 580826 67111
703 543 2245 2520 582317 67236
704 544 2242 2520 583768 67366
705 547 2240 2520 585239 67492
706 549 2239 2520 586797 67652
707 551 2238 2520 588405 67836
708 554 2238 2520 590106 67985
709 556 2238 2520 591763 68155
710 557 2236 2520 593450 68356
711 558 2234 2520 595242 68566
712 560 2234 2520 596978 68679
713 564 2229 2520 598719 68850
714 567 2227 2520 600457 68983
715 568 2227 2520 602355 69170
716 571 2225 2520 604211 69398
717 571 2221 2520 606056 69635
718 574 2220 2520 607876 69842
719 577 2220 2520 609792 70010
720 578 2219 2520 611657 70204
721 580 2216 2520 613590 70371
722 580 2213 2520 615608 70557
723 581 2212 2520 617444 70681
724 584 2212 2520 619418 70882
725 584 2211 2520 621202 71005
726 586 2209 2520 623051 71120
727 588 2209 2520 624940 71272
728 590 2208 2520 626839 71460
729 594 2207 2520 628709 71643
730 597 2204 2520 630552 71805
731 599 2202 2520 632413 72014
732 602 2199 2520 634381 72208
733 603 2199 2520 636413 72430
734 604 2198 2520 638366 72608
735 605 2198 2520 640589 72821
736 606 2197 2520 642628 72983
737 607 2197 2520 644607 73228
738 609 2196 2520 646719 73366
739 611 2196 2520 648577 73502
740 612 2194 2520 650513 73757
741 613 2192 2520 652459 73938
742 615 2191 2520 654299 74083
743 618 2189 2520 656125 74279
744 619 2188 2520 657908 74431
745 620 2188 2520 659848 74549
746 625 2187 2520 661714 74721
747 627 2186 2520 663791 74895
748 627 2184 2520 665833 75094
749 631 2184 2520 667770 75262
750 632 2184 2520 669713 75416
751 633 2184 2520 671841 75604
752 636 2184 2520 673904 75822
753 637 2183 2520 675886 75980
754 639 2182 2520 677791 76137
755 643 2180 2520 679797 76399
756 644 2180 2520 681852 76578
757 645 2179 2520 683779 76817
758 647 2178 2520 685852 76943
759 650 2177 2520 687941 77040
760 650 2174 2520 690004 77182
761 651 2174 2520 691878 77332
762 655 2174 2520 693840 77513
763 656 2174 2520 695863 77757
764 659 2174 2520 697825 77949
765 660 2173 2520 699674 78120
766 661 2171 2520 701727 78317
767 661 2169 2520 703674 78539
768 664 2168 2520 705538 78667
769 666 2166 2520 707397 78840
770 670 2164 2520 709281 79043
771 674 2162 2520 711283 79202
772 677 2162 2520 713251 79322
773 678 2162 2520 715241 79496
774 680 2162 2520 717233 79768
775 681 2162 2520 719197 79976
776 683 2160 2520 721350 80152
777 683 2160 2520 723516 80323
778 686 2158 2520 725643 80547
779 686 2158 2520 727509 80678
780 689 2157 2520 729473 80827
781 693 2155 2520 731410 80998
782 694 2154 2520 733439 81212
783 695 2153 2520 735471 81395
784 697 2153 2520 737395 81545
785 697 2153 2520 739441 81742
786 700 2150 2520 741366 81942
787 702 2149 2520 743401 82063
788 707 2148 2520 745321 82245
789 708 2147 2520 747348 82433
790 712 2147 2520 749373 82567
791 712 2146 2520 751528 82771
792 712 2146 2520 753596 82989
793 714 2144 2520 755663 83177
794 716 2144 2520 757837 83370
795 716 2144 2520 759858 83594
796 719 2144 2520 761712 83750
797 720 2143 2520 763744 83951
798 722 2143 2520 765705 84105
799 724 2143 2520 767614 84265
800 726 2143 2520 769513 84418
801 728 2143 2520 771434 84605
802 731 2142 2520 773284 84783
803 732 2142 2520 775303 85010
804 735 2142 2520 777341 85223
805 735 2141 2520 779215 85394
806 737 2141 2520 781145 85557
807 739 2139 2520 783019 85691
808 740 2137 2520 785092 85908
809 744 2134 2520 787119 86106
810 746 2133 2520 789223 86266
811 749 2132 2520 791270 86466
812 749 2132 2520 793276 86665
813 750 2132 2520 795362 86809
814 751 2130 2520 797519 87076
815 752 2129 2520 799627 87192
816 754 2129 2520 801609 87395
817 755 2127 2520 803730 87480
818 758 2127 2520 805810 87700
819 758 2126 2520 807699 87802
820 759 2124 2520 809692 87934
821 762 2123 2520 811665 88136
822 762 2121 2520 813728 88271
823 764 2121 2520 815594 88469
824 767 2121 2520 817519 88582
825 771 2119 2520 819529 88852
826 772 2119 2520 821518 89017
827 773 2117 2520 823581 89188
828 773 2117 2520 825564 89305
829 775 2115 2520 827626 89444
830 777 2114 2520 829754 89533
831 778 2112 2520 831720 89688
832 782 2111 2520 833729 89801
833 785 2111 2520 835804 89975
834 788 2110 2520 837869 90120
835 789 2110 2520 839939 90325
836 789 2109 2520 842044 90523
837 791 2109 2520 844068 90677
838 794 2107 2520 846031 90761
839 795 2107 2520 848012 90917
840 796 2107 2520 850192 91145
841 799 2106 2520 852325 91357
842 800 2103 2520 854278 91439
843 802 2102 2520 856399 91603
844 802 2101 2520 858558 91814
845 805 2100 2520 860428 92013
846 807 2100 2520 862368 92141
847 807 2100 2520 864293 92282
848 813 2100 2520 866184 92451
849 815 2099 2520 868173 92572
850 817 2096 2519 870171 92691
851 818 2095 2519 872219 92893
852 820 2093 2519 874232 93034
853 822 2092 2519 876422 93220
854 824 2090 2519 878470 93371
855 825 2089 2519 880655 93602
856 825 2089 2519 882768 93785
857 829 2089 2519 884880 93944
858 833 2089 2519 886950 94153
859 834 2089 2519 889049 94301
860 836 2088 2519 891100 94462
861 837 2088 2519 893132 94619
862 837 2087 2519 895211 94761
863 838 2086 2519 897168 94888
864 839 2084 2519 899145 95019
865 840 2083 2519 901124 95245
866 840 2083 2519 903077 95438
867 843 2079 2519 904948 95538
868 845 2078 2519 906763 95626
869 847 2076 2519 908703 95777
870 848 2075 2519 910576 95879
871 854 2073 2519 912436 96070
872 854 2072 2519 914439 96181
873 861 2070 2519 916454 96407
874 864 2070 2519 918433 96602
875 865 2069 2519 920588 96787
876 866 2068 2519 922762 97034
877 867 2065 2519 924774 97202
878 872 2063 2519 926913 97332
879 874 2061 2519 929121 97543
880 875 2058 2519 931326 97735
881 879 2055 2519 933573 97897
882 880 2054 2519 935747 98012
883 881 2050 2519 938079 98272
884 884 2050 2519 940328 98406
885 886 2046 2519 942578 98594
886 887 2045 2519 944934 98808
887 888 2044 2519 947135 98982
888 889 2044 2519 949363 99139
889 890 2043 2519 951493 99325
890 890 2042 2519 953650 99524
891 894 2040 2519 955744 99645
892 899 2040 2519 957854 99731
893 901 2038 2519 960013 99889
894 902 2037 2519 962293 100144
895 906 2034 2519 964479 100378
896 909 2034 2519 966572 100584
897 913 2034 2519 968825 100888
898 917 2034 2519 971136 101070
899 920 2032 2519 973434 101296
900 920 2030 2519 975754 101516
901 921 2030 2519 978135 101702
902 924 2029 2519 980503 101979
903 925 2029 2519 982851 102170
904 926 2029 2519 985133 102374
905 927 2028 2519 987449 102570
906 928 2026 2519 989547 102841
907 929 2025 2519 991682 102935
908 931 2024 2519 993785 103185
909 933 2023 2519 995902 103413
910 934 2023 2519 997999 103529
911 935 2023 2519 1000103 103649
912 938 2021 2519 1002043 103810
913 940 2021 2519 1004153 103953
914 944 2020 2519 1006234 104115
915 948 2019 2519 1008322 104276
916 952 2016 2519 1010430 104492
917 952 2016 2519 1012682 104660
918 952 2016 2519 1014861 104936
919 953 2015 2519 1017118 105111
920 956 2014 2519 1019371 105238
921 956 2014 2519 1021505 105448
922 958 2012 2519 1023657 105672
923 959 2012 2519 1025841 105780
924 960 2011 2519 1027894 105936
925 964 2011 2519 1030045 106075
926 967 2011 2519 1032029 106240
927 971 2009 2519 1034163 106395
928 972 2008 2519 1036249 106601
929 974 2007 2519 1038367 106662
930 975 2006 2519 1040506 106860
931 976 2006 2519 1042766 107002
932 976 2004 2519 1045001 107245
933 980 2004 2519 1047106 107443
934 983 2004 2519 1049167 107584
935 986 2001 2519 1051241 107787
936 991 1999 2519 1053446 107940
937 994 1999 2519 1055785 108132
938 996 1998 2519 1058201 108447
939 997 1997 2519 1060465 108541
940 1000 1996 2519 1062788 108770
941 1000 1996 2519 1065201 108945
942 1002 1992 2519 1067486 109063
943 1005 1991 2519 1069708 109219
944 1007 1989 2519 1071990 109285
945 1009 1987 2519 1074261 109511
946 1012 1986 2519 1076566 109717
947 1013 1984 2519 1078922 109909
948 1014 1984 2519 1081216 110124
949 1018 1984 2519 1083534 110385
950 1021 1984 2519 1085846 110570
951 1021 1983 2519 1088128 110739
952 1024 1982 2519 1090423 110852
953 1026 1982 2519 1092712 111027
954 1030 1982 2519 1095033 111119
955 1033 1982 2519 1097195 111257
956 1035 1982 2519 1099393 111401
957 1037 1981 2519 1101711 111566
958 1040 1981 2519 1103922 111728
959 1042 1980 2519 1106033 111939
960 1046 1980 2519 1108276 112113
961 1048 1980 2519 1110578 112298
962 1050 1980 2519 1112835 112427
963 1051 1978 2519 1115284 112682
964 1054 1975 2519 1117560 112904
965 1058 1975 2519 1119958 113149
966 1059 1974 2519 1122367 113328
967 1060 1973 2519 1124899 113518
968 1067 1972 2519 1127305 113772
969 1068 1971 2519 1129756 113914
970 1071 1971 2519 1132299 114138
971 1073 1970 2519 1134591 114382
972 1075 1969 2519 1137047 114546
973 1077 1967 2519 1139530 114831
974 1078 1966 2519 1141991 114937
975 1079 1965 2519 1144545 115158
976 1079 1962 2519 1146980 115344
977 1080 1961 2519 1149365 115487
978 1081 1959 2519 1151710 115642
979 1081 1959 2519 1154180 115783
980 1083 1958 2519 1156447 115974
981 1084 1956 2519 1158756 116155
982 1086 1954 2519 1160918 116268
983 1090 1954 2519 1163183 116417
984 1091 1954 2519 1165472 116550
985 1092 1953 2519 1167539 116731
986 1095 1953 2519 1169698 116887
987 1096 1949 2519 1171845 117033
988 1096 1948 2519 1173998 117263
989 1097 1948 2519 1176215 117438
990 1102 1947 2519 1178451 117573
991 1105 1947 2519 1180680 117741
992 1106 1947 2519 1182936 117943
993 1110 1947 2519 1185197 118080
994 1112 1947 2519 1187554 118273
995 1114 1946 2519 1189820 118451
996 1116 1946 2519 1192194 118585
997 1118 1942 2519 1194542 118827
998 1120 1941 2519 1196920 119051
999 1126 1940 2519 1199278 119209
1000 1127 1939 2519 1201667 119437
