0 1 2519 2520 800 502
1 1 2519 2520 828 518
2 1 2519 2520 870 547
3 1 2519 2520 915 577
4 1 2519 2520 936 585
5 1 2519 2520 976 609
6 1 2519 2520 1016 630
7 1 2519 2520 1047 638
8 1 2519 2520 1081 653
9 1 2519 2520 1117 670
10 1 2519 2520 1146 680
11 1 2519 2520 1175 694
12 1 2519 2520 1206 707
13 1 2519 2520 1241 722
14 1 2519 2520 1268 729
15 1 2519 2520 1278 728
16 1 2519 2520 1305 735
17 1 2519 2520 1324 735
18 1 2519 2520 1338 737
19 1 2519 2520 1344 734
20 1 2519 2520 1366 742
21 2 2519 2520 1368 744
22 2 2519 2520 1403 754
23 2 2519 2520 1486 794
24 2 2519 2520 1589 821
25 2 2519 2520 1699 866
26 2 2519 2520 1807 905
27 2 2519 2520 1910 940
28 2 2519 2520 2005 965
29 2 2519 2520 2104 988
30 2 2519 2520 2180 1018
31 2 2519 2520 2251 1036
32 2 2519 2520 2321 1057
33 2 2519 2520 2368 1063
34 2 2519 2520 2416 1071
35 2 2519 2520 2460 1085
36 2 2519 2520 2507 1092
37 2 2519 2520 2540 1091
38 2 2519 2520 2577 1103
39 2 2519 2520 2621 1109
40 3 2519 2520 2654 1121
41 3 2519 2520 2700 1125
42 4 2519 2520 2802 1163
43 4 2519 2520 2897 1199
44 4 2519 2520 3089 1278
45 4 2519 2520 3274 1326
46 4 2519 2520 3426 1354
47 4 2519 2520 3593 1382
48 4 2519 2520 3744 1425
49 4 2519 2520 3885 1453
50 4 2519 2520 4037 1504
51 4 2519 2520 4187 1541
52 4 2519 2520 4313 1581
53 4 2519 2520 4452 1598
54 4 2519 2520 4575 1624
55 4 2519 2520 4696 1647
56 4 2519 2520 4802 1680
57 4 2519 2520 4899 1700
58 4 2519 2520 4990 1713
59 5 2519 2520 5056 1739
60 6 2518 2520 5148 1738
61 7 2518 2520 5283 1764
62 7 2518 2520 5475 1833
63 8 2517 2520 5697 1889
64 8 2517 2520 5967 1951
65 8 2517 2520 6268 2030
66 8 2517 2520 6574 2110
67 8 2517 2520 6877 2147
68 8 2517 2520 7168 2203
69 8 2517 2520 7445 2245
70 8 2517 2520 7683 2294
71 8 2517 2520 7901 2328
72 8 2517 2520 8107 2351
73 8 2517 2520 8314 2386
74 8 2517 2520 8504 2407
75 8 2517 2520 8690 2460
76 8 2517 2520 8826 2483
77 8 2517 2520 8983 2507
78 8 2517 2520 9136 2520
79 8 2517 2520 9296 2548
80 9 2517 2520 9444 2565
81 10 2517 2520 9608 2600
82 10 2517 2520 9756 2633
83 13 2517 2520 9987 2690
84 13 2517 2520 10239 2734
85 13 2517 2520 10539 2776
86 14 2517 2520 10871 2849
87 14 2517 2520 11161 2912
88 14 2516 2520 11481 2978
89 14 2515 2520 11861 3045
90 14 2515 2520 12205 3114
91 14 2515 2520 12521 3148
92 14 2515 2520 12840 3197
93 14 2515 2520 13153 3223
94 15 2515 2520 13474 3259
95 15 2515 2520 13756 3292
96 15 2515 2520 14051 3326
97 15 2515 2520 14358 3373
98 15 2515 2520 14642 3394
99 15 2515 2520 14908 3443
100 15 2515 2520 15157 3481
101 15 2515 2520 15382 3507
102 15 2515 2520 15621 3518
103 16 2515 2520 15828 3550
104 16 2515 2520 16077 3587
105 17 2515 2520 16336 3627
106 17 2515 2520 16573 3687
107 18 2515 2520 16833 3734
108 18 2515 2520 17069 3781
109 19 2515 2520 17379 3845
110 20 2515 2520 17662 3903
111 20 2515 2520 18000 3973
112 21 2515 2520 18357 4030
113 21 2514 2520 18734 4098
114 21 2514 2520 19081 4153
115 21 2514 2520 19461 4233
116 21 2514 2520 19833 4253
117 22 2514 2520 20191 4310
118 22 2514 2520 20541 4348
119 22 2514 2520 20867 4377
120 22 2514 2520 21210 4429
121 22 2514 2520 21506 4451
122 22 2513 2520 21803 4488
123 22 2513 2520 22116 4511
124 22 2513 2520 22428 4587
125 23 2513 2520 22723 4623
126 23 2513 2520 23014 4686
127 23 2513 2520 23255 4721
128 24 2513 2520 23528 4772
129 24 2513 2520 23792 4797
130 24 2513 2520 24085 4823
131 26 2513 2520 24360 4860
132 27 2513 2520 24713 4939
133 28 2513 2520 25042 5012
134 28 2513 2520 25397 5106
135 28 2513 2520 25783 5178
136 28 2513 2520 26139 5258
137 28 2513 2520 26505 5325
138 28 2513 2520 26872 5394
139 28 2513 2520 27237 5464
140 28 2513 2520 27603 5527
141 29 2513 2520 27902 5564
142 29 2513 2520 28264 5614
143 29 2513 2520 28600 5676
144 29 2513 2520 28948 5717
145 29 2513 2520 29308 5778
146 29 2513 2520 29622 5841
147 30 2513 2520 29939 5916
148 31 2513 2520 30278 5999
149 31 2513 2520 30623 6053
150 31 2513 2520 30952 6116
151 31 2513 2520 31257 6185
152 32 2513 2520 31550 6223
153 33 2512 2520 31855 6284
154 33 2512 2520 32171 6346
155 33 2512 2520 32489 6401
156 35 2512 2520 32846 6464
157 36 2511 2520 33234 6515
158 37 2511 2520 33640 6579
159 37 2511 2520 34060 6631
160 37 2511 2520 34540 6708
161 37 2511 2520 35015 6770
162 38 2511 2520 35446 6806
163 38 2511 2520 35866 6873
164 38 2510 2520 36319 6958
165 38 2510 2520 36797 7010
166 38 2510 2520 37230 7091
167 38 2510 2520 37620 7154
168 38 2510 2520 37984 7210
169 39 2510 2520 38383 7276
170 39 2510 2520 38790 7339
171 39 2510 2520 39150 7411
172 39 2510 2520 39510 7456
173 39 2509 2520 39854 7524
174 39 2509 2520 40195 7584
175 40 2509 2520 40503 7640
176 40 2509 2520 40861 7704
177 40 2508 2520 41211 7729
178 40 2506 2520 41522 7771
179 41 2506 2520 41860 7825
180 42 2506 2520 42226 7907
181 43 2506 2520 42612 7998
182 43 2506 2520 42999 8029
183 45 2506 2520 43400 8074
184 45 2506 2520 43848 8164
185 45 2506 2520 44267 8216
186 45 2506 2520 44728 8303
187 47 2506 2520 45123 8365
188 48 2505 2520 45606 8464
189 48 2504 2520 46105 8538
190 48 2503 2520 46589 8602
191 49 2502 2520 47084 8646
192 49 2501 2520 47579 8746
193 49 2501 2520 48113 8807
194 49 2501 2520 48677 8911
195 50 2501 2520 49196 9013
196 50 2501 2520 49794 9090
197 51 2501 2520 50359 9182
198 52 2500 2520 50920 9266
199 53 2499 2520 51463 9377
200 53 2499 2520 52018 9450
201 53 2499 2520 52550 9568
202 53 2499 2520 53094 9670
203 53 2499 2520 53651 9773
204 55 2499 2520 54162 9833
205 55 2497 2520 54723 9954
206 55 2497 2520 55246 10038
207 56 2497 2520 55779 10128
208 58 2496 2520 56291 10199
209 59 2496 2520 56826 10261
210 59 2495 2520 57416 10335
211 59 2495 2520 57961 10409
212 59 2495 2520 58564 10499
213 61 2495 2520 59167 10610
214 61 2495 2520 59803 10721
215 62 2494 2520 60412 10819
216 62 2494 2520 60993 10910
217 63 2494 2520 61576 10978
218 64 2494 2520 62178 11102
219 65 2494 2520 62803 11179
220 65 2494 2520 63384 11249
221 66 2494 2520 64055 11334
222 67 2493 2520 64720 11405
223 67 2492 2520 65393 11538
224 67 2491 2520 66090 11608
225 67 2491 2520 66691 11647
226 67 2491 2520 67318 11735
227 67 2490 2520 67967 11823
228 67 2489 2520 68574 11872
229 68 2488 2520 69176 11969
230 68 2488 2520 69727 12051
231 69 2487 2520 70312 12123
232 71 2487 2520 70866 12217
233 71 2487 2520 71480 12262
234 74 2487 2520 72075 12362
235 74 2486 2520 72726 12469
236 74 2486 2520 73354 12530
237 74 2486 2520 73983 12545
238 74 2486 2520 74564 12642
239 75 2486 2520 75129 12690
240 76 2486 2520 75629 12743
241 77 2486 2520 76184 12820
242 78 2486 2520 76797 12884
243 80 2486 2520 77424 12983
244 82 2485 2520 78153 13069
245 82 2485 2520 78850 13190
246 82 2485 2520 79557 13253
247 82 2485 2520 80316 13352
248 82 2484 2520 81038 13452
249 82 2484 2520 81761 13537
250 83 2483 2520 82425 13628
251 83 2483 2520 83061 13737
252 83 2483 2520 83670 13838
253 83 2482 2520 84376 13937
254 83 2481 2520 85001 14014
255 83 2481 2520 85568 14086
256 85 2480 2520 86149 14149
257 85 2480 2520 86753 14187
258 85 2480 2520 87320 14267
259 86 2480 2520 87865 14328
260 87 2480 2520 88433 14377
261 89 2480 2520 89020 14441
262 89 2480 2520 89620 14557
263 89 2480 2520 90233 14639
264 90 2480 2520 90794 14714
265 91 2480 2520 91352 14829
266 91 2480 2520 92034 14906
267 92 2479 2520 92708 14971
268 93 2479 2520 93370 15087
269 94 2479 2520 94042 15193
270 95 2479 2520 94707 15298
271 95 2478 2520 95387 15406
272 95 2478 2520 96114 15488
273 95 2478 2520 96841 15571
274 95 2478 2520 97481 15594
275 96 2478 2520 98105 15637
276 97 2477 2520 98794 15727
277 98 2477 2520 99438 15764
278 98 2477 2520 100089 15851
279 98 2477 2520 100707 15910
280 99 2477 2520 101333 15987
281 100 2476 2520 101957 16118
282 100 2476 2520 102617 16189
283 102 2476 2520 103261 16300
284 103 2476 2520 103889 16367
285 104 2476 2520 104559 16475
286 104 2476 2520 105152 16513
287 104 2476 2520 105799 16599
288 105 2476 2520 106454 16692
289 105 2474 2520 107064 16775
290 106 2474 2520 107694 16887
291 107 2474 2520 108364 16997
292 109 2474 2520 109022 17080
293 109 2473 2520 109689 17225
294 110 2473 2520 110429 17338
295 110 2473 2520 111125 17423
296 111 2473 2520 111910 17561
297 112 2473 2520 112653 17626
298 112 2473 2520 113406 17713
299 113 2472 2520 114192 17817
300 113 2472 2520 114948 17909
301 113 2472 2520 115738 17974
302 113 2471 2520 116469 18047
303 113 2470 2520 117294 18116
304 113 2470 2520 118066 18212
305 114 2470 2520 118700 18289
306 116 2469 2520 119392 18368
307 116 2469 2520 120035 18436
308 117 2469 2520 120649 18541
309 117 2469 2520 121309 18580
310 117 2469 2520 121967 18697
311 118 2468 2520 122534 18777
312 118 2468 2520 123204 18848
313 119 2468 2520 123876 18899
314 120 2468 2520 124499 18919
315 120 2468 2520 125133 18985
316 121 2468 2520 125783 19078
317 122 2468 2520 126385 19149
318 123 2467 2520 127027 19231
319 124 2466 2520 127687 19329
320 124 2465 2520 128365 19410
321 125 2464 2520 129031 19465
322 126 2464 2520 129735 19539
323 127 2464 2520 130440 19646
324 128 2463 2520 131198 19753
325 129 2463 2520 131989 19867
326 129 2463 2520 132793 19984
327 129 2462 2520 133594 20114
328 129 2462 2520 134363 20225
329 129 2461 2520 135124 20324
330 129 2461 2520 135945 20396
331 129 2460 2520 136633 20464
332 130 2460 2520 137259 20531
333 131 2460 2520 137921 20583
334 132 2460 2520 138585 20665
335 133 2459 2520 139326 20766
336 134 2459 2520 140082 20858
337 134 2459 2520 140816 20985
338 135 2459 2520 141505 21075
339 136 2459 2520 142187 21156
340 136 2458 2520 142822 21242
341 136 2457 2520 143530 21327
342 136 2457 2520 144169 21396
343 137 2457 2520 144857 21478
344 139 2457 2520 145539 21597
345 140 2456 2520 146188 21712
346 142 2455 2520 146913 21773
347 143 2455 2520 147618 21874
348 145 2455 2520 148337 22027
349 145 2455 2520 149165 22119
350 146 2455 2520 150045 22253
351 148 2454 2520 150873 22366
352 149 2452 2520 151688 22458
353 149 2452 2520 152645 22624
354 149 2451 2520 153578 22740
355 149 2450 2520 154507 22902
356 150 2449 2520 155417 23000
357 150 2449 2519 156276 23085
358 150 2448 2519 157181 23179
359 151 2446 2519 158035 23304
360 151 2445 2519 158925 23321
361 152 2444 2519 159751 23391
362 152 2444 2519 160498 23494
363 152 2444 2519 161291 23603
364 152 2444 2519 162036 23686
365 153 2444 2519 162770 23773
366 153 2444 2519 163497 23853
367 155 2443 2519 164216 23966
368 158 2442 2519 164912 24070
369 159 2442 2519 165617 24146
370 159 2442 2519 166397 24242
371 159 2442 2519 167196 24350
372 162 2441 2519 167937 24437
373 163 2441 2519 168761 24546
374 163 2440 2519 169611 24675
375 164 2440 2519 170448 24730
376 165 2439 2519 171282 24886
377 166 2439 2519 172159 25009
378 166 2439 2519 173018 25143
379 167 2438 2519 173887 25276
380 169 2436 2519 174787 25359
381 170 2436 2519 175764 25479
382 170 2436 2519 176765 25593
383 171 2436 2519 177699 25678
384 171 2436 2519 178624 25742
385 171 2436 2519 179605 25850
386 171 2435 2519 180525 25917
387 171 2435 2519 181387 26012
388 171 2435 2519 182238 26107
389 172 2434 2519 183056 26167
390 173 2434 2519 183836 26315
391 175 2433 2519 184607 26415
392 176 2433 2519 185430 26479
393 177 2433 2519 186263 26589
394 178 2433 2519 187155 26717
395 178 2433 2519 188006 26806
396 179 2433 2519 188858 26901
397 179 2433 2519 189672 26999
398 179 2433 2519 190442 27097
399 181 2433 2519 191199 27209
400 183 2431 2519 192040 27295
401 184 2431 2519 192887 27407
402 184 2431 2519 193812 27533
403 185 2431 2519 194662 27633
404 186 2431 2519 195561 27773
405 186 2430 2519 196448 27867
406 189 2430 2519 197359 27952
407 190 2430 2519 198301 27987
408 190 2430 2519 199305 28143
409 191 2429 2519 200230 28233
410 191 2429 2519 201233 28326
411 192 2429 2519 202159 28430
412 195 2429 2519 203072 28554
413 196 2428 2519 203977 28680
414 197 2427 2519 204942 28779
415 197 2426 2519 205844 28903
416 198 2426 2519 206843 29034
417 199 2426 2519 207828 29146
418 199 2425 2519 208791 29278
419 200 2425 2519 209751 29406
420 200 2425 2519 210785 29522
421 201 2425 2519 211751 29599
422 202 2425 2519 212731 29704
423 204 2425 2519 213690 29840
424 206 2424 2519 214667 29969
425 206 2423 2519 215810 30076
426 208 2422 2519 216907 30241
427 208 2421 2519 217892 30364
428 208 2421 2519 218881 30508
429 209 2420 2519 219983 30633
430 210 2420 2519 221063 30804
431 211 2418 2519 222188 30875
432 211 2415 2519 223269 30996
433 215 2415 2519 224355 31140
434 216 2415 2519 225431 31239
435 216 2415 2519 226567 31361
436 217 2415 2519 227601 31477
437 218 2414 2519 228654 31626
438 219 2412 2519 229744 31691
439 219 2409 2519 230883 31778
440 220 2408 2519 232045 31876
441 220 2407 2519 233105 32007
442 220 2405 2519 234216 32114
443 222 2405 2519 235262 32252
444 225 2403 2519 236223 32355
445 226 2402 2519 237253 32454
446 227 2400 2519 238407 32609
447 228 2400 2519 239545 32698
448 228 2400 2519 240662 32809
449 229 2400 2519 241747 32924
450 229 2400 2519 242870 32962
451 231 2400 2519 243919 33068
452 232 2400 2519 244921 33132
453 234 2400 2519 246093 33285
454 234 2400 2519 247194 33483
455 235 2398 2519 248272 33625
456 236 2398 2519 249341 33734
457 238 2398 2519 250392 33827
458 238 2398 2519 251512 33956
459 238 2397 2519 252553 34044
460 240 2396 2519 253580 34109
461 241 2395 2519 254599 34134
462 243 2395 2519 255687 34217
463 243 2395 2519 256715 34359
464 245 2394 2519 257782 34478
465 246 2394 2519 258948 34624
466 248 2393 2519 260055 34728
467 249 2393 2519 261177 34808
468 251 2392 2519 262384 34996
469 252 2392 2519 263539 35067
470 253 2392 2519 264779 35209
471 254 2392 2519 265976 35347
472 256 2392 2519 267117 35489
473 256 2392 2519 268245 35635
474 256 2392 2519 269430 35774
475 258 2392 2519 270533 35883
476 258 2392 2519 271688 35970
477 259 2391 2519 272789 36085
478 259 2390 2519 273849 36190
479 260 2390 2519 275044 36327
480 260 2390 2519 276155 36432
481 262 2390 2519 277236 36552
482 263 2388 2519 278262 36627
483 263 2387 2519 279319 36687
484 264 2387 2519 280427 36815
485 266 2387 2519 281461 36879
486 267 2384 2519 282462 36925
487 269 2384 2519 283509 37072
488 270 2384 2519 284586 37184
489 270 2382 2519 285781 37279
490 271 2382 2519 286849 37443
491 274 2382 2519 287962 37566
492 276 2382 2519 289117 37698
493 277 2382 2519 290289 37855
494 277 2380 2519 291575 37974
495 278 2380 2519 292920 38130
496 279 2380 2519 294177 38264
497 279 2380 2519 295494 38423
498 280 2380 2519 296791 38602
499 283 2380 2519 297905 38736
500 283 2380 2519 299104 38877
501 284 2380 2519 300268 39025
502 284 2380 2519 301487 39172
503 284 2378 2519 302733 39254
504 285 2378 2519 303862 39398
505 287 2378 2519 304994 39506
506 288 2377 2519 306022 39671
507 290 2377 2519 307145 39799
508 292 2377 2519 308261 39901
509 293 2376 2519 309317 39967
510 295 2376 2519 310459 40095
511 297 2376 2519 311610 40216
512 299 2376 2519 312710 40341
513 300 2373 2519 313952 40524
514 301 2371 2519 315156 40647
515 302 2371 2519 316394 40761
516 305 2371 2519 317666 40861
517 306 2371 2519 318961 40983
518 307 2371 2519 320287 41085
519 309 2371 2519 321680 41265
520 309 2371 2519 323082 41392
521 310 2371 2519 324434 41498
522 314 2371 2519 325691 41690
523 314 2371 2519 327064 41875
524 315 2371 2519 328341 42001
525 316 2371 2519 329706 42176
526 316 2370 2519 330911 42312
527 316 2370 2519 332123 42451
528 316 2369 2519 333328 42612
529 318 2368 2519 334591 42740
530 320 2368 2519 335710 42860
531 321 2368 2519 336886 42934
532 321 2366 2519 338101 43084
533 321 2366 2519 339288 43247
534 322 2365 2519 340496 43400
535 326 2365 2519 341596 43516
536 329 2365 2519 342822 43704
537 330 2365 2519 344096 43845
538 330 2365 2519 345541 44077
539 331 2364 2519 346877 44256
540 332 2362 2519 348282 44409
541 332 2362 2519 349630 44587
542 335 2362 2519 350962 44715
543 335 2361 2519 352312 44860
544 336 2360 2519 353691 44985
545 337 2360 2519 355053 45154
546 339 2360 2519 356333 45286
547 340 2360 2519 357672 45384
548 340 2360 2519 359018 45533
549 342 2359 2519 360222 45631
550 342 2357 2519 361463 45759
551 342 2356 2519 362727 45940
552 343 2355 2519 363977 46101
553 343 2354 2519 365228 46272
554 344 2352 2519 366440 46383
555 344 2352 2519 367729 46500
556 346 2351 2519 368905 46600
557 348 2351 2519 369976 46701
558 350 2351 2519 371206 46725
559 351 2351 2519 372446 46858
560 353 2351 2519 373690 47054
561 355 2347 2519 374919 47177
562 357 2346 2519 376275 47342
563 359 2345 2519 377606 47430
564 360 2344 2519 379019 47580
565 362 2343 2519 380347 47756
566 364 2342 2519 381841 47891
567 365 2342 2519 383308 48099
568 365 2341 2519 384846 48260
569 368 2340 2519 386339 48436
570 370 2337 2519 387889 48599
571 370 2335 2519 389459 48769
572 371 2332 2519 391039 48904
573 374 2327 2519 392507 49001
574 374 2326 2519 393984 49133
575 374 2325 2519 395508 49331
576 375 2325 2519 397090 49520
577 375 2325 2519 398610 49693
578 375 2323 2519 400083 49778
579 376 2322 2519 401460 49890
580 378 2321 2519 402837 50064
581 380 2321 2519 404245 50186
582 381 2321 2519 405595 50293
583 382 2319 2519 407004 50391
584 385 2319 2519 408456 50518
585 387 2319 2519 409819 50644
586 387 2318 2519 411244 50770
587 390 2317 2519 412749 50925
588 395 2316 2519 414180 51078
589 397 2313 2519 415645 51247
590 397 2312 2519 417132 51442
591 398 2311 2519 418623 51635
592 400 2309 2519 420178 51736
593 400 2309 2519 421753 51904
594 403 2308 2519 423362 52043
595 406 2308 2519 424923 52148
596 408 2307 2519 426542 52311
597 408 2305 2519 428237 52584
598 411 2304 2519 429970 52739
599 412 2303 2519 431678 52909
600 413 2302 2519 433350 53072
601 413 2300 2519 435107 53211
602 414 2300 2519 436713 53362
603 414 2300 2519 438375 53535
604 416 2299 2519 439959 53604
605 417 2299 2519 441519 53818
606 418 2297 2519 442994 53988
607 419 2297 2519 444473 54098
608 419 2297 2519 446025 54196
609 420 2297 2519 447562 54383
610 421 2297 2519 449029 54554
611 423 2297 2519 450470 54649
612 425 2296 2519 451921 54817
613 425 2294 2519 453430 55059
614 426 2293 2519 454874 55245
615 427 2293 2519 456408 55379
616 429 2293 2519 457841 55458
617 429 2293 2519 459287 55556
618 432 2291 2519 460684 55749
619 434 2290 2519 462075 55842
620 437 2290 2519 463523 56003
621 438 2290 2519 464997 56199
622 440 2289 2519 466431 56321
623 444 2289 2519 468041 56468
624 444 2289 2519 469564 56670
625 448 2289 2519 471157 56838
626 448 2289 2519 472755 56987
627 452 2288 2519 474433 57168
628 456 2288 2519 476085 57342
629 457 2288 2519 477783 57435
630 459 2287 2519 479514 57607
631 459 2287 2519 481303 57800
632 461 2287 2519 482876 57921
633 462 2287 2519 484534 58090
634 463 2287 2519 486241 58227
635 464 2287 2519 487986 58390
636 466 2287 2519 489660 58578
637 467 2285 2519 491247 58727
638 468 2284 2519 492974 58877
639 469 2282 2519 494557 59021
640 471 2281 2519 496204 59169
641 474 2280 2519 497787 59419
642 475 2278 2519 499511 59573
643 477 2278 2519 501241 59772
644 479 2278 2519 502909 59966
645 480 2277 2519 504583 60121
646 481 2276 2519 506368 60300
647 482 2274 2519 508140 60475
648 484 2273 2519 509914 60653
649 487 2273 2519 511629 60748
650 487 2272 2519 513369 60904
651 488 2271 2519 515134 61127
652 489 2271 2519 516878 61268
653 491 2271 2519 518678 61391
654 494 2266 2519 520419 61515
655 496 2266 2519 522140 61712
656 496 2265 2519 523959 61841
657 498 2265 2519 525683 62017
658 498 2265 2519 527334 62217
659 501 2264 2519 529096 62361
660 502 2264 2519 530778 62496
661 502 2263 2519 532502 62727
662 506 2262 2519 534224 62889
663 508 2262 2519 535856 63008
664 508 2260 2519 537626 63146
665 511 2260 2519 539406 63300
666 513 2260 2519 541149 63425
667 513 2260 2519 542909 63543
668 513 2260 2519 544626 63766
669 515 2259 2519 546306 63920
670 517 2257 2519 547956 64104
671 518 2256 2519 549662 64300
672 519 2256 2519 551429 64484
673 521 2255 2519 553099 64564
674 521 2255 2519 554781 64711
675 524 2254 2519 556467 64888
676 527 2253 2519 558071 65000
677 528 2253 2519 559828 65199
678 532 2253 2519 561656 65430
679 532 2251 2519 563480 65630
680 535 2251 2519 565231 65722
681 536 2250 2519 567000 65919
682 536 2250 2519 568682 66039
683 536 2250 2519 570375 66206
684 537 2249 2519 572048 66386
685 537 2248 2519 573720 66467
686 538 2247 2519 575359 66617
687 540 2244 2519 576840 66809
688 542 2244 2519 578452 66894
689 545 2242 2519 580026 67066
690 545 2242 2519 581578 67212
691 546 2240 2519 583255 67353
692 551 2240 2519 584763 67523
693 554 2238 2519 586388 67669
694 555 2237 2519 588108 67823
695 559 2234 2519 589849 67993
696 559 2234 2519 591618 68216
697 565 2234 2519 593411 68413
698 565 2234 2519 595183 68666
699 566 2233 2519 596938 68809
700 569 2233 2519 598769 68957
701 573 2231 2519 600532 69114
702 574 2230 2519 602428 69387
703 575 2228 2519 604266 69515
704 577 2228 2519 606145 69673
705 578 2228 2519 607979 69796
706 578 2228 2519 609778 70053
707 579 2226 2519 611598 70122
708 580 2225 2519 613517 70318
709 582 2223 2519 615379 70482
710 584 2222 2519 617203 70643
711 585 2221 2519 619007 70770
712 585 2218 2519 620792 70898
713 588 2218 2519 622410 71030
714 592 2218 2519 624063 71224
715 594 2218 2519 625871 71319
716 594 2216 2519 627654 71484
717 597 2215 2519 629498 71674
718 601 2214 2519 631300 71829
719 601 2214 2519 633135 71984
720 601 2213 2519 635042 72152
721 603 2213 2519 636964 72301
722 605 2212 2519 638818 72472
723 608 2212 2519 640665 72656
724 608 2211 2519 642444 72838
725 610 2209 2519 644246 73039
726 611 2206 2519 646052 73109
727 611 2204 2519 647870 73302
728 612 2202 2519 649728 73457
729 615 2201 2519 651476 73574
730 619 2201 2519 653147 73627
731 620 2199 2519 654918 73789
732 622 2199 2519 656749 73947
733 623 2199 2519 658526 74167
734 624 2195 2519 660362 74290
735 625 2195 2519 662268 74445
736 626 2195 2519 664042 74645
737 627 2194 2519 665820 74828
738 629 2193 2519 667611 74983
739 631 2192 2519 669504 75159
740 632 2189 2519 671375 75334
741 634 2188 2519 673156 75528
742 634 2188 2519 674915 75640
743 638 2187 2519 676654 75830
744 640 2186 2519 678224 76013
745 643 2185 2519 680007 76102
746 644 2185 2519 681731 76289
747 646 2184 2519 683555 76449
748 648 2182 2519 685425 76694
749 648 2182 2519 687276 76791
750 649 2182 2519 689047 76943
751 650 2182 2519 690949 77163
752 651 2182 2519 692792 77329
753 657 2181 2519 694554 77476
754 658 2181 2519 696249 77660
755 661 2181 2519 698116 77812
756 662 2180 2519 699947 78049
757 663 2179 2519 701838 78245
758 663 2175 2519 703636 78401
759 665 2175 2519 705366 78572
760 667 2175 2519 707140 78740
761 670 2174 2519 708953 78942
762 673 2173 2519 710739 79112
763 677 2173 2519 712537 79246
764 678 2172 2519 714439 79440
765 681 2170 2519 716442 79648
766 683 2170 2519 718390 79865
767 686 2169 2519 720306 80066
768 688 2169 2519 722260 80198
769 689 2168 2519 724321 80393
770 693 2167 2519 726315 80600
771 697 2167 2519 728242 80832
772 698 2167 2519 730284 80972
773 698 2167 2519 732434 81118
774 699 2165 2519 734586 81268
775 699 2165 2519 736654 81388
776 700 2165 2519 738663 81509
777 701 2165 2519 740704 81701
778 701 2164 2519 742580 81872
779 702 2163 2519 744661 82061
780 702 2160 2519 746585 82188
781 704 2158 2519 748503 82316
782 711 2157 2519 750384 82430
783 712 2156 2519 752337 82473
784 712 2155 2519 754324 82648
785 712 2154 2519 756361 82762
786 712 2154 2519 758291 82972
787 715 2152 2519 760138 83091
788 716 2151 2519 761974 83233
789 719 2149 2519 763779 83490
790 720 2149 2519 765679 83667
791 725 2149 2519 767570 83890
792 728 2148 2519 769562 84042
793 728 2146 2519 771614 84211
794 734 2146 2519 773674 84362
795 735 2145 2519 775821 84544
796 743 2143 2519 778014 84748
797 747 2143 2519 780206 84952
798 750 2143 2519 782595 85175
799 753 2143 2519 785000 85379
800 754 2142 2519 787402 85654
801 755 2140 2519 789787 85866
802 757 2140 2519 792084 86072
803 759 2139 2519 794485 86248
804 759 2136 2519 796921 86480
805 764 2135 2519 799239 86695
806 765 2133 2519 801570 86985
807 765 2133 2519 803774 87107
808 767 2130 2519 806178 87324
809 769 2128 2519 808482 87505
810 771 2127 2519 810809 87692
811 771 2124 2519 813152 87921
812 772 2122 2519 815257 88040
813 774 2122 2519 817424 88232
814 775 2120 2519 819493 88383
815 776 2120 2519 821609 88499
816 779 2120 2519 823741 88664
817 783 2120 2519 825963 88818
818 785 2120 2519 828134 88988
819 787 2120 2519 830245 89198
820 788 2119 2519 832213 89333
821 791 2118 2519 834280 89427
822 792 2118 2519 836322 89588
823 792 2117 2519 838457 89831
824 793 2114 2518 840488 90036
825 797 2114 2518 842666 90169
826 801 2114 2518 844698 90256
827 802 2112 2518 846787 90402
828 803 2111 2518 848974 90521
829 806 2111 2518 851056 90723
830 808 2111 2518 853167 90866
831 811 2110 2518 855283 91080
832 814 2109 2518 857369 91226
833 816 2107 2518 859517 91418
834 822 2105 2518 861734 91605
835 822 2104 2518 863981 91833
836 822 2103 2518 866298 92012
837 823 2103 2518 868466 92162
838 823 2103 2518 870661 92350
839 825 2102 2518 872858 92593
840 826 2102 2518 874962 92755
841 832 2102 2518 876956 93011
842 835 2101 2518 878989 93184
843 835 2101 2518 881172 93366
844 836 2101 2518 883307 93487
845 838 2098 2518 885345 93606
846 840 2096 2518 887427 93805
847 843 2094 2518 889686 94035
848 844 2094 2518 891854 94229
849 845 2090 2518 893925 94360
850 846 2090 2518 896180 94579
851 846 2090 2518 898505 94704
852 851 2090 2518 900634 94919
853 851 2089 2518 902768 95031
854 853 2089 2518 905022 95261
855 856 2089 2518 907135 95339
856 858 2089 2518 909333 95575
857 859 2087 2518 911414 95698
858 860 2084 2518 913585 95851
859 863 2084 2518 915831 95981
860 864 2083 2518 918056 96182
861 867 2082 2518 920348 96402
862 869 2081 2518 922531 96528
863 869 2081 2518 924605 96694
864 869 2079 2518 926718 96832
865 872 2079 2518 928865 97046
866 875 2078 2518 930955 97250
867 876 2076 2518 932957 97422
868 878 2075 2518 935095 97578
869 879 2074 2518 937269 97775
870 881 2073 2518 939355 98016
871 885 2072 2518 941458 98181
872 886 2071 2518 943614 98423
873 887 2070 2518 945763 98554
874 889 2067 2518 947862 98709
875 891 2066 2518 949916 98927
876 893 2066 2518 952030 99170
877 893 2065 2518 954115 99391
878 895 2064 2518 956119 99581
879 895 2063 2518 958196 99755
880 896 2060 2518 960161 99892
881 900 2058 2518 962178 100015
882 902 2057 2518 964164 100211
883 902 2056 2518 966217 100385
884 904 2056 2518 968228 100537
885 907 2054 2518 970141 100604
886 908 2054 2518 972169 100828
887 913 2053 2518 974180 101013
888 916 2052 2518 976216 101170
889 917 2052 2518 978336 101339
890 917 2051 2518 980502 101575
891 919 2051 2518 982595 101835
892 922 2049 2518 984675 102045
893 926 2048 2518 986719 102198
894 928 2047 2518 988830 102369
895 932 2046 2518 991132 102538
896 936 2044 2518 993391 102753
897 937 2040 2518 995780 102967
898 939 2038 2518 998201 103158
899 942 2035 2518 1000465 103309
900 945 2033 2518 1002755 103525
901 948 2033 2518 1005072 103784
902 950 2032 2518 1007439 103951
903 952 2032 2518 1009911 104154
904 953 2030 2518 1012343 104336
905 955 2029 2518 1014676 104538
906 959 2029 2518 1017136 104730
907 962 2029 2518 1019598 104911
908 968 2028 2518 1022184 105083
909 970 2027 2518 1024761 105243
910 972 2027 2518 1027351 105391
911 975 2025 2518 1029866 105660
912 975 2025 2518 1032380 105821
913 976 2022 2518 1034982 105976
914 980 2021 2518 1037461 106262
915 981 2021 2518 1040073 106474
916 982 2018 2518 1042518 106633
917 984 2015 2518 1045023 106880
918 985 2013 2518 1047514 107058
919 985 2011 2518 1049965 107275
920 988 2010 2518 1052398 107429
921 991 2008 2518 1054710 107626
922 991 2005 2518 1057176 107837
923 994 2004 2518 1059568 108071
924 997 2004 2518 1061972 108285
925 998 2002 2518 1064399 108437
926 1003 2001 2518 1066760 108609
927 1005 2000 2518 1069128 108925
928 1008 2000 2518 1071658 109082
929 1013 1999 2518 1074167 109300
930 1014 1998 2518 1076710 109558
931 1015 1998 2518 1079244 109792
932 1016 1998 2518 1081631 110029
933 1017 1997 2518 1084024 110241
934 1019 1997 2518 1086406 110443
935 1019 1997 2518 1088808 110616
936 1019 1995 2518 1091116 110881
937 1020 1995 2518 1093354 111125
938 1022 1994 2518 1095515 111277
939 1025 1993 2518 1097699 111425
940 1025 1992 2518 1099870 111590
941 1027 1990 2518 1101947 111775
942 1029 1989 2518 1104101 111905
943 1030 1988 2518 1106058 112052
944 1033 1987 2518 1108095 112215
945 1036 1985 2518 1110289 112390
946 1037 1984 2518 1112402 112542
947 1038 1984 2518 1114573 112706
948 1040 1983 2518 1116766 112975
949 1043 1983 2518 1118947 113192
950 1044 1980 2518 1121066 113344
951 1046 1980 2518 1123252 113524
952 1050 1980 2518 1125385 113727
953 1052 1980 2518 1127363 113932
954 1055 1980 2518 1129502 114151
955 1062 1979 2518 1131711 114336
956 1066 1977 2518 1133849 114484
957 1070 1976 2518 1136177 114727
958 1071 1974 2518 1138451 114881
959 1073 1973 2518 1140873 115107
960 1073 1972 2518 1143280 115316
961 1074 1972 2518 1145667 115499
962 1077 1970 2518 1147907 115767
963 1077 1969 2518 1150173 115875
964 1080 1967 2518 1152368 116059
965 1082 1966 2518 1154733 116167
966 1084 1966 2518 1156972 116369
967 1088 1961 2518 1159284 116565
968 1089 1957 2518 1161535 116792
969 1094 1955 2518 1163840 116896
970 1096 1953 2518 1166174 117057
971 1098 1953 2518 1168503 117285
972 1100 1952 2518 1171031 117460
973 1106 1952 2518 1173447 117687
974 1108 1952 2518 1175848 117819
975 1113 1952 2518 1178343 118014
976 1113 1952 2518 1180910 118214
977 1116 1950 2518 1183483 118371
978 1119 1950 2518 1185961 118472
979 1120 1948 2518 1188481 118662
980 1120 1948 2518 1190950 118901
981 1125 1948 2518 1193474 119165
982 1129 1947 2518 1195930 119256
983 1135 1947 2518 1198406 119549
984 1139 1943 2518 1200870 119793
985 1141 1938 2518 1203381 119919
986 1142 1937 2518 1205829 120148
987 1144 1936 2518 1208441 120371
988 1145 1933 2518 1211000 120513
989 1145 1933 2518 1213728 120688
990 1148 1930 2518 1216272 120855
991 1154 1927 2518 1218817 121064
992 1156 1926 2518 1221393 121272
993 1157 1924 2518 1224096 121456
994 1158 1923 2518 1226729 121673
995 1159 1923 2518 1229414 121926
996 1162 1922 2518 1232009 122110
997 1165 1921 2518 1234640 122264
998 1167 1920 2518 1237241 122490
999 1168 1920 2518 1239814 122683
1000 1168 1920 2518 1242328 122870
