0 1 2519 2520 798 502
1 1 2519 2520 815 513
2 1 2519 2520 851 538
3 1 2519 2520 892 562
4 1 2519 2520 932 582
5 1 2519 2520 976 608
6 1 2519 2520 1001 617
7 1 2519 2520 1048 637
8 1 2519 2520 1100 656
9 1 2519 2520 1143 675
10 1 2519 2520 1175 685
11 1 2519 2520 1194 687
12 1 2519 2520 1215 692
13 1 2519 2520 1242 703
14 1 2519 2520 1250 700
15 1 2519 2520 1277 708
16 1 2519 2520 1295 717
17 1 2519 2520 1311 725
18 1 2519 2520 1327 729
19 1 2519 2520 1330 725
20 1 2519 2520 1347 736
21 1 2519 2520 1360 738
22 1 2519 2520 1363 732
23 1 2519 2520 1363 734
24 2 2519 2520 1371 737
25 2 2519 2520 1390 740
26 2 2519 2520 1469 775
27 2 2519 2520 1561 817
28 2 2519 2520 1671 853
29 2 2519 2520 1779 893
30 2 2519 2520 1887 919
31 2 2519 2520 1991 941
32 2 2519 2520 2075 963
33 2 2519 2520 2143 985
34 2 2519 2520 2220 1007
35 2 2519 2520 2294 1030
36 2 2519 2520 2365 1039
37 2 2519 2520 2440 1065
38 2 2519 2520 2495 1072
39 2 2519 2520 2541 1097
40 2 2519 2520 2558 1095
41 3 2519 2520 2588 1103
42 3 2519 2520 2632 1118
43 3 2519 2520 2716 1133
44 3 2519 2520 2795 1147
45 4 2519 2520 2883 1173
46 4 2519 2520 2982 1193
47 4 2519 2520 3119 1239
48 4 2519 2520 3281 1299
49 4 2519 2520 3442 1331
50 4 2519 2520 3604 1373
51 4 2519 2520 3752 1430
52 4 2519 2520 3932 1456
53 4 2519 2520 4067 1500
54 4 2519 2520 4184 1530
55 4 2519 2520 4306 1554
56 4 2519 2520 4423 1589
57 4 2519 2520 4545 1616
58 4 2519 2520 4638 1654
59 4 2519 2520 4741 1691
60 4 2519 2520 4799 1707
61 4 2519 2520 4853 1721
62 6 2519 2520 4931 1725
63 6 2519 2520 5046 1763
64 7 2519 2520 5249 1804
65 7 2519 2520 5489 1861
66 7 2519 2520 5765 1929
67 8 2518 2520 6023 2009
68 8 2518 2520 6259 2050
69 8 2518 2520 6542 2125
70 8 2517 2520 6837 2214
71 8 2517 2520 7133 2272
72 8 2517 2520 7393 2282
73 8 2517 2520 7656 2323
74 8 2517 2520 7884 2343
75 8 2517 2520 8129 2359
76 8 2517 2520 8327 2394
77 8 2517 2520 8493 2411
78 8 2517 2520 8689 2424
79 8 2517 2520 8821 2460
80 8 2517 2520 8978 2486
81 8 2517 2520 9133 2525
82 9 2517 2520 9284 2546
83 11 2517 2520 9427 2572
84 11 2517 2520 9602 2612
85 11 2517 2520 9860 2693
86 11 2517 2520 10120 2754
87 11 2517 2520 10393 2810
88 11 2517 2520 10667 2865
89 11 2517 2520 10945 2930
90 12 2517 2520 11211 2971
91 13 2517 2520 11453 3016
92 13 2517 2520 11704 3057
93 13 2517 2520 12012 3087
94 14 2517 2520 12281 3122
95 14 2517 2520 12580 3176
96 14 2517 2520 12888 3210
97 14 2517 2520 13153 3247
98 14 2517 2520 13433 3312
99 14 2516 2520 13717 3364
100 14 2516 2520 13996 3439
101 14 2516 2520 14262 3481
102 14 2516 2520 14488 3499
103 14 2516 2520 14696 3540
104 14 2516 2520 14933 3534
105 14 2515 2520 15187 3564
106 14 2515 2520 15423 3573
107 16 2515 2520 15641 3585
108 18 2515 2520 15827 3607
109 18 2515 2520 16110 3650
110 18 2515 2520 16443 3712
111 19 2515 2520 16768 3765
112 19 2515 2520 17091 3843
113 20 2515 2520 17436 3886
114 20 2515 2520 17794 3939
115 20 2515 2520 18141 3998
116 20 2515 2520 18513 4072
117 20 2515 2520 18888 4142
118 20 2515 2520 19230 4211
119 20 2515 2520 19600 4272
120 20 2515 2520 19935 4345
121 21 2515 2520 20244 4396
122 21 2515 2520 20525 4444
123 21 2515 2520 20822 4474
124 22 2515 2520 21122 4504
125 22 2515 2520 21445 4579
126 22 2515 2520 21695 4611
127 22 2515 2520 22009 4665
128 22 2515 2520 22272 4696
129 22 2515 2520 22534 4749
130 24 2515 2520 22741 4786
131 24 2515 2520 23026 4838
132 24 2514 2520 23309 4883
133 24 2514 2520 23590 4954
134 25 2514 2520 23851 4994
135 26 2514 2520 24109 5042
136 26 2514 2520 24432 5105
137 27 2514 2520 24761 5178
138 27 2514 2520 25131 5250
139 28 2514 2520 25537 5305
140 28 2513 2520 25933 5388
141 29 2513 2520 26370 5469
142 29 2513 2520 26783 5543
143 29 2513 2520 27192 5601
144 29 2513 2520 27575 5648
145 29 2513 2520 27952 5671
146 29 2513 2520 28374 5720
147 29 2513 2520 28768 5775
148 30 2513 2520 29138 5805
149 30 2513 2520 29502 5856
150 30 2513 2520 29840 5876
151 30 2513 2520 30156 5920
152 30 2513 2520 30466 5976
153 30 2513 2520 30781 5990
154 30 2513 2520 31055 6035
155 30 2513 2520 31273 6064
156 30 2513 2520 31535 6127
157 30 2513 2520 31727 6148
158 31 2513 2520 31954 6182
159 33 2513 2520 32211 6225
160 33 2513 2520 32474 6265
161 33 2513 2520 32822 6347
162 34 2513 2520 33093 6405
163 34 2513 2520 33438 6489
164 34 2512 2520 33793 6562
165 34 2512 2520 34140 6645
166 35 2512 2520 34500 6727
167 35 2512 2520 34894 6814
168 36 2512 2520 35262 6870
169 36 2512 2520 35609 6914
170 37 2512 2520 36024 6963
171 38 2512 2520 36399 7067
172 39 2512 2520 36810 7139
173 40 2511 2520 37274 7194
174 40 2511 2520 37734 7256
175 40 2511 2520 38195 7311
176 40 2511 2520 38634 7391
177 40 2511 2520 39074 7451
178 40 2511 2520 39493 7498
179 40 2511 2520 39901 7550
180 41 2511 2520 40294 7580
181 41 2511 2520 40724 7630
182 41 2511 2520 41157 7706
183 41 2511 2520 41572 7767
184 41 2511 2520 41972 7851
185 41 2511 2520 42360 7873
186 41 2511 2520 42705 7884
187 42 2511 2520 43011 7943
188 42 2510 2520 43347 8011
189 43 2510 2520 43722 8063
190 45 2510 2520 44024 8111
191 45 2510 2520 44445 8161
192 46 2510 2520 44853 8229
193 46 2510 2520 45293 8322
194 47 2510 2520 45723 8379
195 48 2510 2520 46168 8446
196 48 2510 2520 46650 8531
197 48 2510 2520 47040 8553
198 48 2510 2520 47469 8603
199 48 2509 2520 47901 8639
200 48 2509 2520 48308 8692
201 50 2509 2520 48734 8738
202 53 2509 2520 49185 8827
203 53 2508 2520 49690 8934
204 53 2508 2520 50240 8997
205 53 2508 2520 50763 9092
206 53 2508 2520 51265 9147
207 53 2508 2520 51832 9233
208 53 2506 2520 52364 9309
209 53 2504 2520 52884 9405
210 53 2504 2520 53437 9520
211 53 2504 2520 53929 9589
212 54 2504 2520 54413 9630
213 54 2504 2520 54856 9662
214 54 2503 2520 55276 9695
215 54 2502 2520 55736 9769
216 55 2502 2520 56161 9841
217 56 2501 2520 56603 9871
218 56 2501 2520 57013 9890
219 58 2501 2520 57445 9918
220 58 2501 2520 57859 9981
221 59 2501 2520 58296 10053
222 59 2501 2520 58808 10137
223 59 2501 2520 59259 10213
224 59 2501 2520 59704 10277
225 59 2500 2520 60156 10341
226 59 2499 2520 60549 10413
227 59 2499 2520 61011 10478
228 59 2499 2520 61431 10518
229 59 2499 2520 61839 10608
230 59 2499 2520 62232 10664
231 60 2499 2520 62577 10690
232 61 2499 2520 63012 10764
233 62 2498 2520 63429 10819
234 63 2497 2520 63855 10868
235 63 2496 2520 64298 10937
236 64 2496 2520 64778 11002
237 65 2496 2520 65279 11041
238 66 2496 2520 65819 11096
239 68 2494 2520 66375 11203
240 68 2494 2520 67034 11320
241 69 2493 2520 67625 11446
242 69 2493 2520 68180 11524
243 70 2492 2520 68774 11562
244 71 2492 2520 69400 11649
245 73 2490 2520 70020 11751
246 73 2490 2520 70683 11869
247 73 2489 2520 71389 11991
248 74 2489 2520 72042 12067
249 75 2489 2520 72687 12171
250 75 2488 2520 73333 12236
251 75 2488 2520 73988 12291
252 75 2486 2520 74604 12347
253 75 2486 2520 75252 12429
254 75 2486 2520 75873 12476
255 75 2486 2520 76409 12534
256 75 2485 2520 76930 12624
257 75 2484 2520 77505 12694
258 75 2484 2520 78064 12792
259 76 2483 2520 78583 12846
260 77 2483 2520 79069 12912
261 77 2483 2520 79584 12953
262 78 2483 2520 80101 13046
263 79 2483 2520 80609 13097
264 79 2483 2520 81100 13156
265 80 2483 2520 81641 13198
266 81 2483 2520 82152 13253
267 81 2483 2520 82690 13323
268 85 2483 2520 83232 13420
269 85 2482 2520 83826 13499
270 86 2482 2520 84465 13604
271 87 2481 2520 85172 13739
272 87 2481 2520 85841 13866
273 87 2479 2520 86558 13984
274 88 2479 2520 87310 14066
275 88 2479 2520 88032 14181
276 89 2479 2520 88673 14240
277 89 2479 2520 89351 14326
278 89 2479 2520 89960 14420
279 89 2478 2520 90577 14512
280 89 2478 2520 91246 14573
281 90 2478 2520 91852 14664
282 90 2478 2520 92446 14733
283 90 2478 2520 93050 14823
284 90 2478 2520 93628 14881
285 90 2478 2520 94214 14945
286 90 2478 2520 94753 14990
287 90 2477 2520 95272 15021
288 90 2477 2520 95807 15064
289 90 2477 2520 96307 15081
290 91 2477 2520 96761 15139
291 92 2477 2520 97276 15249
292 93 2477 2520 97706 15273
293 95 2477 2520 98175 15354
294 95 2477 2520 98688 15447
295 96 2477 2520 99199 15518
296 96 2477 2520 99710 15586
297 98 2477 2520 100274 15675
298 99 2477 2520 100793 15727
299 100 2476 2520 101324 15797
300 100 2475 2520 101963 15893
301 101 2475 2520 102612 15976
302 101 2475 2520 103282 16073
303 101 2474 2520 103850 16147
304 101 2472 2520 104442 16179
305 102 2472 2520 105052 16246
306 102 2472 2520 105720 16302
307 102 2472 2520 106297 16324
308 102 2472 2520 106917 16406
309 102 2472 2520 107537 16468
310 103 2472 2520 108182 16534
311 104 2472 2520 108705 16588
312 105 2472 2520 109301 16660
313 106 2472 2520 109864 16714
314 106 2472 2520 110406 16759
315 108 2472 2520 110961 16794
316 108 2472 2520 111571 16854
317 108 2472 2520 112094 16917
318 110 2472 2520 112700 17019
319 111 2471 2520 113268 17122
320 113 2471 2520 113873 17209
321 114 2471 2520 114497 17270
322 114 2471 2520 115133 17342
323 114 2471 2520 115793 17402
324 117 2471 2520 116484 17494
325 117 2471 2520 117187 17560
326 117 2470 2520 117971 17642
327 117 2470 2520 118729 17730
328 117 2470 2520 119572 17793
329 119 2470 2520 120295 17828
330 120 2470 2520 121023 17908
331 120 2470 2520 121774 17993
332 120 2470 2520 122523 18091
333 120 2468 2520 123285 18183
334 120 2468 2520 123960 18293
335 120 2467 2520 124658 18360
336 121 2467 2519 125327 18404
337 121 2467 2519 126021 18479
338 121 2467 2519 126656 18526
339 121 2466 2519 127349 18641
340 122 2466 2519 128024 18721
341 123 2464 2519 128642 18776
342 123 2464 2519 129274 18852
343 123 2464 2519 129957 18900
344 123 2464 2519 130544 18929
345 125 2464 2519 131162 19013
346 127 2463 2519 131774 19080
347 132 2463 2519 132438 19151
348 132 2463 2519 133168 19232
349 132 2462 2519 134038 19379
350 134 2462 2519 134901 19523
351 134 2462 2519 135754 19602
352 136 2462 2519 136566 19697
353 138 2462 2519 137424 19775
354 138 2462 2519 138249 19844
355 138 2461 2519 139076 19938
356 138 2461 2519 139874 19979
357 138 2461 2519 140752 20068
358 139 2461 2519 141561 20080
359 139 2461 2519 142376 20163
360 139 2461 2519 143167 20293
361 140 2461 2519 143896 20408
362 141 2460 2519 144667 20508
363 141 2460 2519 145430 20607
364 141 2460 2519 146142 20688
365 141 2460 2519 146791 20809
366 141 2460 2519 147490 20877
367 141 2460 2519 148125 20979
368 141 2460 2519 148830 21052
369 141 2459 2519 149375 21108
370 143 2459 2519 149946 21143
371 144 2459 2519 150627 21239
372 144 2458 2519 151264 21327
373 147 2458 2519 151986 21450
374 147 2458 2519 152684 21523
375 148 2458 2519 153410 21582
376 148 2458 2519 154104 21683
377 149 2458 2519 154822 21752
378 149 2457 2519 155507 21844
379 149 2457 2519 156196 21901
380 151 2457 2519 156891 22002
381 151 2457 2519 157490 22077
382 151 2457 2519 158224 22163
383 152 2457 2519 158874 22273
384 153 2457 2519 159599 22371
385 154 2456 2519 160288 22411
386 154 2456 2519 160975 22498
387 154 2456 2519 161609 22545
388 155 2456 2519 162335 22619
389 155 2456 2519 163051 22681
390 155 2456 2519 163785 22771
391 155 2456 2519 164457 22874
392 155 2455 2519 165136 22947
393 155 2455 2519 165799 22987
394 157 2454 2519 166428 23066
395 157 2454 2519 167095 23135
396 160 2453 2519 167725 23204
397 160 2453 2519 168350 23263
398 160 2453 2519 168959 23334
399 160 2453 2519 169634 23440
400 162 2453 2519 170278 23517
401 162 2453 2519 170959 23629
402 163 2453 2519 171611 23701
403 165 2453 2519 172278 23769
404 165 2453 2519 172963 23900
405 165 2453 2519 173701 24011
406 167 2453 2519 174429 24058
407 167 2452 2519 175161 24176
408 167 2452 2519 175883 24315
409 170 2452 2519 176589 24400
410 170 2452 2519 177390 24485
411 170 2452 2519 178069 24530
412 170 2452 2519 178820 24646
413 171 2452 2519 179493 24727
414 171 2452 2519 180219 24807
415 172 2452 2519 180910 24914
416 173 2452 2519 181686 24946
417 175 2452 2519 182416 25005
418 175 2452 2519 183116 25117
419 175 2451 2519 183815 25177
420 175 2450 2519 184544 25255
421 175 2450 2519 185201 25325
422 175 2449 2519 185923 25386
423 176 2449 2519 186636 25465
424 178 2449 2519 187364 25523
425 179 2447 2519 188010 25579
426 182 2447 2519 188751 25680
427 184 2447 2519 189473 25810
428 185 2447 2519 190205 25875
429 185 2446 2519 190968 26015
430 186 2445 2519 191760 26087
431 187 2445 2519 192524 26190
432 188 2444 2519 193239 26303
433 189 2443 2519 194120 26447
434 191 2443 2519 195024 26546
435 192 2442 2519 195906 26667
436 193 2441 2519 196896 26783
437 194 2440 2519 197867 26895
438 194 2440 2519 198865 26963
439 194 2439 2519 199857 27096
440 194 2438 2519 200803 27174
441 195 2438 2519 201669 27259
442 197 2438 2519 202517 27403
443 198 2438 2519 203463 27467
444 199 2436 2519 204404 27558
445 199 2434 2519 205367 27673
446 199 2433 2519 206240 27771
447 199 2433 2519 207159 27858
448 199 2432 2519 208011 27935
449 201 2432 2519 208842 28007
450 202 2432 2519 209667 28099
451 202 2432 2519 210559 28206
452 202 2432 2519 211464 28289
453 202 2432 2519 212254 28378
454 205 2432 2519 213072 28464
455 205 2431 2519 213928 28551
456 206 2431 2519 214797 28682
457 206 2430 2519 215652 28771
458 209 2428 2519 216380 28817
459 212 2428 2519 217180 28893
460 213 2428 2519 218005 29013
461 217 2428 2519 218874 29160
462 217 2428 2519 219807 29301
463 218 2428 2519 220843 29437
464 218 2426 2519 221881 29595
465 219 2426 2519 222929 29762
466 219 2426 2519 223843 29871
467 219 2422 2519 224764 30020
468 219 2422 2519 225792 30148
469 219 2422 2519 226720 30220
470 219 2421 2519 227595 30356
471 219 2420 2519 228543 30452
472 221 2419 2519 229404 30541
473 224 2418 2519 230266 30633
474 224 2417 2519 231199 30742
475 224 2417 2519 232137 30857
476 225 2417 2519 233068 30984
477 226 2416 2519 233981 31144
478 229 2416 2519 234971 31266
479 230 2416 2519 235966 31408
480 230 2415 2519 236948 31513
481 231 2415 2519 237911 31669
482 231 2415 2519 238925 31787
483 231 2415 2519 239914 31944
484 231 2414 2519 240897 32025
485 232 2412 2519 241870 32158
486 232 2412 2519 242815 32240
487 232 2410 2519 243684 32315
488 234 2410 2519 244629 32439
489 234 2410 2519 245534 32564
490 234 2409 2519 246418 32642
491 237 2409 2519 247289 32739
492 237 2409 2519 248269 32804
493 238 2409 2519 249231 32886
494 238 2409 2519 250147 33021
495 239 2409 2519 251077 33133
496 240 2408 2519 251971 33227
497 241 2408 2519 252947 33276
498 243 2408 2519 253913 33388
499 244 2406 2519 254772 33497
500 246 2404 2519 255640 33577
501 246 2404 2519 256651 33760
502 247 2402 2519 257645 33904
503 249 2402 2519 258676 34020
504 250 2401 2519 259719 34122
505 252 2401 2519 260843 34225
506 255 2400 2519 261910 34337
507 255 2400 2519 262964 34438
508 255 2399 2519 264130 34504
509 255 2399 2519 265212 34623
510 256 2399 2519 266344 34659
511 257 2397 2519 267434 34704
512 257 2397 2519 268557 34805
513 259 2396 2519 269598 34899
514 259 2391 2519 270667 35000
515 260 2391 2519 271752 35161
516 260 2391 2519 272817 35239
517 260 2391 2519 273983 35395
518 262 2390 2519 275054 35476
519 263 2390 2519 276106 35542
520 264 2390 2519 277146 35592
521 266 2390 2519 278123 35646
522 269 2389 2519 279166 35747
523 271 2389 2519 280168 35842
524 272 2389 2519 281293 35948
525 273 2389 2519 282410 36112
526 273 2388 2519 283564 36273
527 273 2388 2519 284747 36410
528 274 2387 2519 285873 36592
529 275 2387 2519 286966 36709
530 276 2386 2519 288002 36799
531 277 2385 2519 289022 36946
532 278 2385 2519 290016 37004
533 279 2384 2519 291105 37097
534 281 2384 2519 292256 37219
535 283 2384 2519 293376 37346
536 284 2384 2519 294414 37411
537 284 2383 2519 295489 37524
538 284 2383 2519 296604 37636
539 286 2383 2519 297684 37761
540 287 2383 2519 298726 37860
541 287 2382 2519 299715 37983
542 289 2382 2519 300723 38031
543 291 2381 2519 301791 38134
544 292 2381 2519 302879 38293
545 292 2381 2519 303973 38427
546 292 2380 2519 305032 38485
547 297 2378 2519 306127 38661
548 298 2378 2519 307201 38829
549 299 2377 2519 308416 38958
550 301 2377 2519 309570 39057
551 301 2377 2519 310793 39217
552 301 2377 2519 311897 39341
553 301 2377 2519 313042 39469
554 301 2377 2519 314201 39603
555 303 2377 2519 315352 39755
556 304 2377 2519 316450 39897
557 305 2377 2519 317618 39967
558 306 2375 2519 318773 40079
559 308 2373 2519 319918 40182
560 310 2373 2519 321115 40315
561 311 2373 2519 322397 40512
562 311 2373 2519 323637 40679
563 311 2372 2519 324801 40843
564 312 2372 2519 326065 41003
565 312 2370 2519 327268 41058
566 312 2370 2519 328461 41157
567 312 2370 2519 329541 41297
568 314 2370 2519 330595 41372
569 315 2370 2519 331690 41496
570 316 2370 2519 332728 41582
571 317 2370 2519 333712 41695
572 319 2370 2519 334768 41797
573 319 2370 2519 335840 41923
574 320 2370 2519 336938 42061
575 321 2370 2519 337975 42135
576 323 2369 2519 339055 42276
577 323 2368 2519 340064 42308
578 325 2368 2519 341160 42391
579 326 2368 2519 342180 42507
580 326 2368 2519 343303 42617
581 328 2367 2519 344423 42729
582 330 2367 2519 345471 42846
583 332 2367 2519 346539 42931
584 334 2367 2519 347667 43080
585 336 2366 2519 348865 43257
586 337 2364 2519 350115 43408
587 338 2363 2519 351381 43549
588 339 2363 2519 352571 43631
589 339 2363 2519 353802 43774
590 340 2363 2519 355078 43944
591 341 2363 2519 356313 44116
592 343 2363 2519 357464 44201
593 344 2362 2519 358690 44262
594 347 2361 2519 359843 44356
595 347 2361 2519 361186 44556
596 347 2360 2519 362430 44684
597 348 2359 2519 363678 44848
598 349 2359 2519 365040 44986
599 350 2357 2519 366331 45087
600 351 2356 2519 367665 45195
601 352 2356 2519 368856 45301
602 354 2356 2519 370110 45424
603 354 2355 2519 371402 45546
604 354 2353 2519 372750 45671
605 355 2353 2519 374018 45886
606 356 2351 2519 375210 45998
607 357 2349 2519 376383 46160
608 357 2347 2519 377663 46305
609 358 2347 2519 378910 46453
610 360 2347 2519 380144 46602
611 360 2346 2519 381323 46717
612 361 2346 2519 382592 46855
613 361 2345 2519 383774 46968
614 362 2345 2519 384968 47053
615 364 2343 2519 386101 47177
616 365 2343 2519 387165 47325
617 366 2343 2519 388239 47429
618 368 2343 2519 389383 47526
619 368 2343 2519 390521 47646
620 371 2342 2519 391640 47729
621 375 2340 2519 392891 47874
622 376 2340 2519 394089 48090
623 376 2339 2519 395374 48239
624 377 2339 2519 396697 48402
625 379 2339 2519 398057 48527
626 381 2339 2519 399388 48673
627 384 2338 2519 400676 48812
628 386 2337 2519 401970 48952
629 386 2336 2519 403460 49189
630 386 2334 2519 404916 49414
631 386 2334 2519 406408 49623
632 387 2332 2519 407819 49755
633 388 2332 2519 409188 49943
634 391 2331 2519 410512 50061
635 391 2331 2519 411932 50237
636 393 2331 2519 413302 50339
637 393 2331 2519 414694 50391
638 393 2330 2519 416082 50487
639 395 2330 2519 417477 50592
640 397 2329 2519 418816 50641
641 399 2329 2519 420259 50805
642 399 2328 2519 421600 50969
643 404 2327 2519 422922 51128
644 404 2326 2519 424211 51229
645 405 2326 2519 425665 51392
646 406 2326 2519 427028 51535
647 407 2325 2519 428450 51719
648 407 2325 2519 429785 51807
649 407 2324 2519 431125 51897
650 408 2323 2519 432450 52017
651 408 2320 2519 433855 52194
652 409 2319 2519 435146 52304
653 410 2318 2519 436493 52349
654 411 2317 2519 437748 52417
655 412 2316 2519 438992 52522
656 414 2316 2519 440325 52639
657 417 2314 2519 441574 52759
658 419 2314 2519 442890 52891
659 421 2314 2519 444199 53070
660 421 2314 2519 445654 53226
661 422 2314 2519 447109 53357
662 425 2314 2519 448471 53504
663 426 2313 2519 449887 53677
664 428 2313 2519 451265 53818
665 429 2311 2519 452682 53952
666 434 2311 2519 454103 54102
667 436 2309 2519 455568 54301
668 438 2308 2519 457033 54402
669 438 2306 2519 458556 54567
670 444 2305 2519 460129 54696
671 446 2305 2519 461657 54850
672 448 2304 2519 463295 55047
673 449 2304 2519 464905 55241
674 449 2301 2519 466610 55400
675 450 2301 2519 468335 55612
676 450 2300 2519 469959 55735
677 454 2300 2519 471561 55953
678 456 2300 2519 473218 56062
679 457 2298 2519 474900 56220
680 457 2296 2519 476717 56392
681 457 2294 2519 478387 56539
682 457 2292 2519 479994 56681
683 461 2292 2519 481633 56851
684 461 2291 2519 483181 56972
685 464 2290 2519 484809 57186
686 466 2289 2519 486476 57338
687 468 2289 2519 488096 57493
688 472 2289 2519 489716 57679
689 472 2289 2519 491385 57864
690 473 2288 2519 493033 58016
691 473 2284 2519 494642 58174
692 474 2282 2519 496358 58278
693 476 2279 2519 498067 58366
694 478 2278 2519 499806 58582
695 480 2278 2519 501565 58743
696 483 2276 2519 503350 58965
697 484 2273 2519 505092 59110
698 484 2270 2519 506888 59261
699 488 2269 2519 508643 59467
700 490 2269 2519 510406 59659
701 490 2268 2519 512186 59792
702 491 2267 2519 513871 60017
703 492 2267 2519 515564 60160
704 493 2267 2519 517275 60275
705 494 2267 2519 519031 60400
706 495 2266 2519 520731 60651
707 496 2264 2519 522434 60823
708 497 2264 2518 524183 60943
709 498 2262 2518 525885 61133
710 501 2261 2518 527526 61237
711 501 2260 2518 529256 61388
712 502 2260 2518 530851 61548
713 505 2259 2518 532400 61655
714 506 2257 2518 534013 61883
715 508 2256 2518 535634 61969
716 510 2256 2518 537262 62152
717 512 2256 2518 538855 62290
718 513 2256 2518 540477 62425
719 514 2256 2518 542188 62661
720 516 2254 2518 543879 62830
721 517 2251 2518 545595 63042
722 518 2251 2518 547404 63282
723 518 2251 2518 549165 63501
724 519 2249 2518 550806 63697
725 520 2248 2518 552519 63764
726 522 2248 2518 554114 63878
727 523 2247 2518 555793 64075
728 525 2245 2518 557380 64186
729 527 2245 2518 559010 64312
730 531 2245 2518 560633 64525
731 534 2245 2518 562383 64650
732 534 2244 2518 564077 64768
733 536 2243 2518 565871 64967
734 538 2242 2518 567471 65131
735 540 2241 2518 569244 65284
736 540 2240 2518 570924 65440
737 542 2240 2518 572647 65641
738 545 2239 2518 574302 65776
739 547 2238 2518 576020 66003
740 548 2237 2518 577834 66150
741 550 2237 2518 579572 66277
742 551 2236 2518 581225 66422
743 552 2235 2518 582928 66624
744 554 2233 2518 584723 66725
745 554 2233 2518 586552 66848
746 556 2231 2518 588280 67071
747 557 2229 2518 590018 67283
748 557 2229 2518 591745 67438
749 557 2228 2518 593573 67650
750 557 2227 2518 595197 67781
751 561 2227 2518 596824 67914
752 564 2226 2518 598376 68042
753 566 2224 2518 600032 68093
754 571 2224 2518 601652 68236
755 573 2222 2518 603401 68403
756 574 2222 2518 605136 68647
757 574 2221 2518 606873 68888
758 574 2221 2518 608620 69042
759 575 2221 2518 610320 69141
760 577 2220 2518 612138 69311
761 580 2220 2518 613858 69507
762 581 2218 2518 615598 69714
763 583 2217 2518 617311 69909
764 587 2217 2518 619133 70063
765 587 2217 2518 620967 70243
766 589 2216 2518 622859 70437
767 590 2213 2518 624809 70634
768 592 2213 2518 626583 70814
769 593 2213 2518 628437 71038
770 594 2210 2518 630288 71233
771 598 2210 2518 632068 71463
772 600 2210 2518 633891 71647
773 604 2210 2518 635703 71831
774 605 2210 2518 637493 72048
775 606 2208 2518 639450 72159
776 609 2207 2518 641390 72393
777 613 2207 2518 643226 72555
778 613 2203 2518 645313 72668
779 614 2201 2518 647348 72817
780 615 2201 2518 649328 72982
781 615 2200 2518 651279 73173
782 616 2199 2518 653199 73360
783 617 2199 2518 655068 73528
784 618 2198 2518 656861 73670
785 619 2196 2518 658670 73853
786 622 2196 2518 660456 73959
787 624 2196 2518 662166 74067
788 625 2194 2518 664020 74212
789 629 2191 2518 665788 74393
790 629 2189 2518 667610 74524
791 630 2188 2518 669456 74695
792 631 2188 2518 671211 74828
793 635 2188 2518 672950 74979
794 635 2187 2518 674716 75186
795 636 2187 2518 676520 75323
796 638 2185 2518 678248 75414
797 641 2185 2518 680003 75572
798 641 2183 2518 681812 75699
799 644 2179 2518 683543 75870
800 647 2179 2518 685399 76022
801 648 2178 2518 687219 76226
802 652 2177 2518 688993 76387
803 653 2175 2518 690785 76504
804 654 2174 2518 692699 76604
805 656 2172 2518 694589 76758
806 656 2172 2518 696403 77008
807 657 2172 2518 698140 77143
808 658 2171 2518 699960 77359
809 662 2171 2518 701773 77564
810 663 2171 2518 703562 77670
811 665 2170 2518 705439 77866
812 665 2169 2518 707214 78033
813 665 2167 2518 708960 78172
814 668 2166 2518 710716 78316
815 669 2165 2518 712441 78485
816 670 2164 2518 714079 78604
817 670 2162 2518 715713 78769
818 671 2162 2518 717422 78958
819 675 2159 2518 719171 79161
820 677 2158 2518 720965 79331
821 677 2158 2518 722685 79463
822 678 2158 2518 724607 79596
823 680 2155 2518 726319 79782
824 681 2155 2518 728174 79995
825 683 2155 2518 730034 80180
826 685 2153 2518 731865 80360
827 685 2152 2518 733655 80473
828 685 2152 2518 735466 80664
829 688 2152 2518 737207 80865
830 691 2152 2518 738943 81010
831 697 2150 2518 740708 81163
832 702 2149 2518 742497 81281
833 704 2148 2518 744395 81510
834 705 2148 2518 746303 81685
835 708 2148 2518 748295 81861
836 712 2146 2518 750313 82014
837 715 2145 2518 752469 82277
838 716 2142 2518 754606 82469
839 718 2139 2518 756674 82708
840 718 2137 2518 758956 82866
841 719 2135 2518 760999 83091
842 719 2133 2518 763085 83271
843 722 2129 2518 765104 83367
844 722 2129 2518 767071 83589
845 723 2129 2518 769077 83710
846 726 2129 2518 771043 83898
847 730 2128 2518 772917 84036
848 731 2128 2518 774929 84130
849 734 2126 2518 777025 84435
850 734 2124 2518 779021 84583
851 736 2123 2518 781076 84805
852 737 2121 2518 783024 84917
853 738 2120 2518 784975 85084
854 740 2120 2518 786909 85301
855 743 2120 2518 788813 85434
856 745 2119 2518 790662 85655
857 747 2118 2518 792699 85815
858 750 2118 2518 794652 85920
859 752 2117 2518 796527 86106
860 753 2117 2518 798506 86332
861 753 2117 2518 800475 86441
862 755 2116 2518 802344 86613
863 756 2116 2518 804334 86748
864 760 2113 2518 806242 86923
865 760 2112 2518 808242 87052
866 766 2111 2518 810307 87250
867 771 2110 2518 812321 87440
868 772 2110 2518 814434 87650
869 773 2109 2518 816549 87873
870 777 2109 2518 818634 88114
871 779 2107 2518 820638 88290
872 780 2106 2518 822758 88417
873 781 2103 2518 824883 88715
874 786 2102 2518 827111 88846
875 788 2101 2518 829229 89049
876 788 2100 2518 831435 89249
877 789 2097 2518 833750 89535
878 791 2097 2518 836083 89695
879 791 2096 2518 838178 89798
880 792 2095 2518 840413 89924
881 793 2095 2518 842534 90083
882 796 2095 2518 844566 90193
883 797 2094 2518 846669 90309
884 800 2094 2518 848629 90521
885 801 2092 2518 850673 90721
886 802 2092 2518 852727 90809
887 807 2091 2518 854747 90952
888 808 2090 2518 856840 91105
889 810 2089 2517 858994 91245
890 813 2089 2517 861206 91438
891 815 2089 2517 863318 91615
892 816 2089 2517 865491 91775
893 817 2089 2517 867715 91931
894 817 2089 2517 869894 92170
895 817 2088 2517 872014 92288
896 818 2086 2517 874037 92493
897 821 2085 2517 876098 92770
898 821 2085 2517 878110 92883
899 822 2084 2517 880259 93048
900 826 2082 2517 882245 93285
901 827 2082 2517 884273 93543
902 830 2082 2517 886307 93711
903 832 2080 2517 888310 93872
904 832 2079 2517 890326 94052
905 834 2079 2517 892345 94262
906 837 2078 2517 894300 94356
907 840 2077 2517 896157 94597
908 840 2075 2517 898208 94748
909 841 2074 2517 900152 94901
910 844 2074 2517 902095 95070
911 849 2073 2517 903997 95222
912 853 2073 2517 905974 95386
913 855 2072 2517 907997 95626
914 858 2072 2517 910178 95864
915 860 2070 2517 912394 95998
916 861 2069 2517 914534 96161
917 861 2069 2517 916728 96338
918 862 2069 2517 918888 96518
919 863 2069 2517 920919 96742
920 863 2068 2517 922946 96937
921 867 2068 2517 924909 97074
922 869 2066 2517 926889 97259
923 871 2064 2517 928918 97474
924 874 2064 2517 930961 97685
925 876 2064 2517 932953 97944
926 878 2064 2517 934899 98052
927 880 2063 2517 937113 98257
928 880 2062 2517 939272 98454
929 880 2061 2517 941353 98579
930 884 2060 2517 943347 98792
931 886 2059 2517 945309 98983
932 888 2058 2517 947345 99098
933 892 2058 2517 949357 99289
934 894 2056 2517 951375 99521
935 897 2055 2517 953498 99661
936 899 2055 2517 955644 99862
937 900 2053 2517 957897 100044
938 903 2053 2517 960044 100310
939 904 2052 2517 962203 100471
940 905 2052 2517 964394 100679
941 907 2052 2517 966615 100858
942 907 2052 2517 968812 100994
943 912 2052 2517 970821 101108
944 912 2052 2517 972922 101266
945 914 2050 2517 974974 101536
946 914 2048 2517 977067 101665
947 914 2048 2517 979141 101827
948 915 2046 2517 981202 102033
949 916 2046 2517 983130 102131
950 918 2045 2517 985047 102338
951 921 2044 2517 986996 102536
952 923 2042 2517 988846 102682
953 924 2041 2517 990832 102862
954 925 2041 2517 992649 102908
955 926 2040 2517 994568 103039
956 930 2039 2517 996448 103189
957 932 2037 2517 998355 103368
958 935 2036 2517 1000154 103538
959 939 2036 2517 1002010 103708
960 943 2036 2517 1003935 103787
961 945 2035 2517 1006024 103940
962 948 2035 2517 1008124 104080
963 951 2035 2517 1010224 104270
964 955 2035 2517 1012423 104459
965 957 2034 2517 1014649 104726
966 957 2032 2517 1016839 104793
967 958 2031 2517 1018976 104959
968 963 2030 2517 1021111 105140
969 968 2029 2517 1023391 105337
970 970 2027 2517 1025714 105569
971 970 2024 2517 1028140 105773
972 971 2024 2517 1030367 105923
973 973 2021 2517 1032726 106107
974 976 2019 2517 1034916 106230
975 977 2018 2517 1037067 106442
976 977 2015 2517 1039259 106635
977 978 2013 2517 1041748 106780
978 981 2012 2517 1043880 106930
979 982 2012 2517 1046119 106995
980 984 2011 2517 1048243 107243
981 985 2010 2517 1050454 107488
982 985 2010 2517 1052640 107642
983 987 2009 2517 1054644 107765
984 990 2009 2517 1056762 107929
985 993 2008 2517 1058701 108010
986 994 2005 2517 1060791 108143
987 998 2005 2517 1062836 108326
988 1001 2003 2517 1064912 108489
989 1002 2003 2517 1067016 108627
990 1003 2003 2517 1069232 108802
991 1003 2000 2517 1071272 108976
992 1004 2000 2517 1073425 109136
993 1004 1999 2517 1075484 109230
994 1006 1999 2517 1077429 109424
995 1010 1999 2517 1079413 109599
996 1015 1999 2517 1081376 109722
997 1023 1997 2517 1083459 109928
998 1025 1995 2517 1085593 110130
999 1027 1993 2517 1087948 110316
1000 1027 1991 2517 1090369 110465
