1 1 0 399 0 48 0 79
2 2 0 399 49 50 0 79 
3 3 0 4 51 55 0 4
4 3 5 9 51 55 0 4
5 3 10 14 51 55 0 4
6 3 15 19 51 55 0 4
7 3 20 24 51 55 0 4
8 3 25 29 51 55 0 4
9 3 30 34 51 55 0 4
10 3 35 39 51 55 0 4
11 3 40 44 51 55 0 4
12 4 45 49 51 55 0 4
13 3 50 54 51 55 0 4
14 3 55 59 51 55 0 4
15 3 60 64 51 55 0 4
16 3 65 69 51 55 0 4
17 3 70 74 51 55 0 4
18 3 75 79 51 55 0 4
19 3 80 84 51 55 0 4
20 3 85 89 51 55 0 4
21 3 90 94 51 55 0 4
22 4 95 99 51 55 0 4
23 3 100 104 51 55 0 4
24 3 105 109 51 55 0 4
25 3 110 114 51 55 0 4
26 3 115 119 51 55 0 4
27 3 120 124 51 55 0 4
28 3 125 129 51 55 0 4
29 3 130 134 51 55 0 4
30 3 135 139 51 55 0 4
31 3 140 144 51 55 0 4
32 4 145 149 51 55 0 4
33 3 150 154 51 55 0 4
34 3 155 159 51 55 0 4
35 3 160 164 51 55 0 4
36 3 165 169 51 55 0 4
37 3 170 174 51 55 0 4
38 3 175 179 51 55 0 4
39 3 180 184 51 55 0 4
40 3 185 189 51 55 0 4
41 3 190 194 51 55 0 4
42 4 195 199 51 55 0 4
43 3 200 204 51 55 0 4
44 3 205 209 51 55 0 4
45 3 210 214 51 55 0 4
46 3 215 219 51 55 0 4
47 3 220 224 51 55 0 4
48 3 225 229 51 55 0 4
49 3 230 234 51 55 0 4
50 3 235 239 51 55 0 4
51 3 240 244 51 55 0 4
52 4 245 249 51 55 0 4
53 3 250 254 51 55 0 4
54 3 255 259 51 55 0 4
55 3 260 264 51 55 0 4
56 3 265 269 51 55 0 4
57 3 270 274 51 55 0 4
58 3 275 279 51 55 0 4
59 3 280 284 51 55 0 4
60 3 285 289 51 55 0 4
61 3 290 294 51 55 0 4
62 4 295 299 51 55 0 4
63 3 300 304 51 55 0 4
64 3 305 309 51 55 0 4
65 3 310 314 51 55 0 4
66 3 315 319 51 55 0 4
67 3 320 324 51 55 0 4
68 3 325 329 51 55 0 4
69 3 330 334 51 55 0 4
70 3 335 339 51 55 0 4
71 3 340 344 51 55 0 4
72 4 345 349 51 55 0 4
73 3 350 354 51 55 0 4
74 3 355 359 51 55 0 4
75 3 360 364 51 55 0 4
76 3 365 369 51 55 0 4
77 3 370 374 51 55 0 4
78 3 375 379 51 55 0 4
79 3 380 384 51 55 0 4
80 3 385 389 51 55 0 4
81 3 390 394 51 55 0 4
82 4 395 399 51 55 0 4
83 3 0 4 51 55 5 9
84 3 5 9 51 55 5 9
85 3 10 14 51 55 5 9
86 3 15 19 51 55 5 9
87 3 20 24 51 55 5 9
88 3 25 29 51 55 5 9
89 4 30 34 51 55 5 9
90 3 35 39 51 55 5 9
91 3 40 44 51 55 5 9
92 3 45 49 51 55 5 9
93 3 50 54 51 55 5 9
94 3 55 59 51 55 5 9
95 3 60 64 51 55 5 9
96 3 65 69 51 55 5 9
97 3 70 74 51 55 5 9
98 3 75 79 51 55 5 9
99 4 80 84 51 55 5 9
100 3 85 89 51 55 5 9
101 3 90 94 51 55 5 9
102 3 95 99 51 55 5 9
103 3 100 104 51 55 5 9
104 3 105 109 51 55 5 9
105 3 110 114 51 55 5 9
106 3 115 119 51 55 5 9
107 3 120 124 51 55 5 9
108 3 125 129 51 55 5 9
109 4 130 134 51 55 5 9
110 3 135 139 51 55 5 9
111 3 140 144 51 55 5 9
112 3 145 149 51 55 5 9
113 3 150 154 51 55 5 9
114 3 155 159 51 55 5 9
115 3 160 164 51 55 5 9
116 3 165 169 51 55 5 9
117 3 170 174 51 55 5 9
118 3 175 179 51 55 5 9
119 4 180 184 51 55 5 9
120 3 185 189 51 55 5 9
121 3 190 194 51 55 5 9
122 3 195 199 51 55 5 9
123 3 200 204 51 55 5 9
124 3 205 209 51 55 5 9
125 3 210 214 51 55 5 9
126 3 215 219 51 55 5 9
127 3 220 224 51 55 5 9
128 3 225 229 51 55 5 9
129 4 230 234 51 55 5 9
130 3 235 239 51 55 5 9
131 3 240 244 51 55 5 9
132 3 245 249 51 55 5 9
133 3 250 254 51 55 5 9
134 3 255 259 51 55 5 9
135 3 260 264 51 55 5 9
136 3 265 269 51 55 5 9
137 3 270 274 51 55 5 9
138 3 275 279 51 55 5 9
139 4 280 284 51 55 5 9
140 3 285 289 51 55 5 9
141 3 290 294 51 55 5 9
142 3 295 299 51 55 5 9
143 3 300 304 51 55 5 9
144 3 305 309 51 55 5 9
145 3 310 314 51 55 5 9
146 3 315 319 51 55 5 9
147 3 320 324 51 55 5 9
148 3 325 329 51 55 5 9
149 4 330 334 51 55 5 9
150 3 335 339 51 55 5 9
151 3 340 344 51 55 5 9
152 3 345 349 51 55 5 9
153 3 350 354 51 55 5 9
154 3 355 359 51 55 5 9
155 3 360 364 51 55 5 9
156 3 365 369 51 55 5 9
157 3 370 374 51 55 5 9
158 3 375 379 51 55 5 9
159 4 380 384 51 55 5 9
160 3 385 389 51 55 5 9
161 3 390 394 51 55 5 9
162 3 395 399 51 55 5 9
163 3 0 4 51 55 10 14
164 3 5 9 51 55 10 14
165 3 10 14 51 55 10 14
166 4 15 19 51 55 10 14
167 3 20 24 51 55 10 14
168 3 25 29 51 55 10 14
169 3 30 34 51 55 10 14
170 3 35 39 51 55 10 14
171 3 40 44 51 55 10 14
172 3 45 49 51 55 10 14
173 3 50 54 51 55 10 14
174 3 55 59 51 55 10 14
175 3 60 64 51 55 10 14
176 4 65 69 51 55 10 14
177 3 70 74 51 55 10 14
178 3 75 79 51 55 10 14
179 3 80 84 51 55 10 14
180 3 85 89 51 55 10 14
181 3 90 94 51 55 10 14
182 3 95 99 51 55 10 14
183 3 100 104 51 55 10 14
184 3 105 109 51 55 10 14
185 3 110 114 51 55 10 14
186 4 115 119 51 55 10 14
187 3 120 124 51 55 10 14
188 3 125 129 51 55 10 14
189 3 130 134 51 55 10 14
190 3 135 139 51 55 10 14
191 3 140 144 51 55 10 14
192 3 145 149 51 55 10 14
193 3 150 154 51 55 10 14
194 3 155 159 51 55 10 14
195 3 160 164 51 55 10 14
196 4 165 169 51 55 10 14
197 3 170 174 51 55 10 14
198 3 175 179 51 55 10 14
199 3 180 184 51 55 10 14
200 3 185 189 51 55 10 14
201 3 190 194 51 55 10 14
202 3 195 199 51 55 10 14
203 3 200 204 51 55 10 14
204 3 205 209 51 55 10 14
205 3 210 214 51 55 10 14
206 4 215 219 51 55 10 14
207 3 220 224 51 55 10 14
208 3 225 229 51 55 10 14
209 3 230 234 51 55 10 14
210 3 235 239 51 55 10 14
211 3 240 244 51 55 10 14
212 3 245 249 51 55 10 14
213 3 250 254 51 55 10 14
214 3 255 259 51 55 10 14
215 3 260 264 51 55 10 14
216 4 265 269 51 55 10 14
217 3 270 274 51 55 10 14
218 3 275 279 51 55 10 14
219 3 280 284 51 55 10 14
220 3 285 289 51 55 10 14
221 3 290 294 51 55 10 14
222 3 295 299 51 55 10 14
223 3 300 304 51 55 10 14
224 3 305 309 51 55 10 14
225 3 310 314 51 55 10 14
226 4 315 319 51 55 10 14
227 3 320 324 51 55 10 14
228 3 325 329 51 55 10 14
229 3 330 334 51 55 10 14
230 3 335 339 51 55 10 14
231 3 340 344 51 55 10 14
232 3 345 349 51 55 10 14
233 3 350 354 51 55 10 14
234 3 355 359 51 55 10 14
235 3 360 364 51 55 10 14
236 4 365 369 51 55 10 14
237 3 370 374 51 55 10 14
238 3 375 379 51 55 10 14
239 3 380 384 51 55 10 14
240 3 385 389 51 55 10 14
241 3 390 394 51 55 10 14
242 3 395 399 51 55 10 14
243 4 0 4 51 55 15 19
244 3 5 9 51 55 15 19
245 3 10 14 51 55 15 19
246 3 15 19 51 55 15 19
247 3 20 24 51 55 15 19
248 3 25 29 51 55 15 19
249 3 30 34 51 55 15 19
250 3 35 39 51 55 15 19
251 3 40 44 51 55 15 19
252 3 45 49 51 55 15 19
253 4 50 54 51 55 15 19
254 3 55 59 51 55 15 19
255 3 60 64 51 55 15 19
256 3 65 69 51 55 15 19
257 3 70 74 51 55 15 19
258 3 75 79 51 55 15 19
259 3 80 84 51 55 15 19
260 3 85 89 51 55 15 19
261 3 90 94 51 55 15 19
262 3 95 99 51 55 15 19
263 4 100 104 51 55 15 19
264 3 105 109 51 55 15 19
265 3 110 114 51 55 15 19
266 3 115 119 51 55 15 19
267 3 120 124 51 55 15 19
268 3 125 129 51 55 15 19
269 3 130 134 51 55 15 19
270 3 135 139 51 55 15 19
271 3 140 144 51 55 15 19
272 3 145 149 51 55 15 19
273 4 150 154 51 55 15 19
274 3 155 159 51 55 15 19
275 3 160 164 51 55 15 19
276 3 165 169 51 55 15 19
277 3 170 174 51 55 15 19
278 3 175 179 51 55 15 19
279 3 180 184 51 55 15 19
280 3 185 189 51 55 15 19
281 3 190 194 51 55 15 19
282 3 195 199 51 55 15 19
283 4 200 204 51 55 15 19
284 3 205 209 51 55 15 19
285 3 210 214 51 55 15 19
286 3 215 219 51 55 15 19
287 3 220 224 51 55 15 19
288 3 225 229 51 55 15 19
289 3 230 234 51 55 15 19
290 3 235 239 51 55 15 19
291 3 240 244 51 55 15 19
292 3 245 249 51 55 15 19
293 4 250 254 51 55 15 19
294 3 255 259 51 55 15 19
295 3 260 264 51 55 15 19
296 3 265 269 51 55 15 19
297 3 270 274 51 55 15 19
298 3 275 279 51 55 15 19
299 3 280 284 51 55 15 19
300 3 285 289 51 55 15 19
301 3 290 294 51 55 15 19
302 3 295 299 51 55 15 19
303 4 300 304 51 55 15 19
304 3 305 309 51 55 15 19
305 3 310 314 51 55 15 19
306 3 315 319 51 55 15 19
307 3 320 324 51 55 15 19
308 3 325 329 51 55 15 19
309 3 330 334 51 55 15 19
310 3 335 339 51 55 15 19
311 3 340 344 51 55 15 19
312 3 345 349 51 55 15 19
313 4 350 354 51 55 15 19
314 3 355 359 51 55 15 19
315 3 360 364 51 55 15 19
316 3 365 369 51 55 15 19
317 3 370 374 51 55 15 19
318 3 375 379 51 55 15 19
319 3 380 384 51 55 15 19
320 3 385 389 51 55 15 19
321 3 390 394 51 55 15 19
322 3 395 399 51 55 15 19
323 3 0 4 51 55 20 24
324 3 5 9 51 55 20 24
325 3 10 14 51 55 20 24
326 3 15 19 51 55 20 24
327 3 20 24 51 55 20 24
328 3 25 29 51 55 20 24
329 3 30 34 51 55 20 24
330 4 35 39 51 55 20 24
331 3 40 44 51 55 20 24
332 3 45 49 51 55 20 24
333 3 50 54 51 55 20 24
334 3 55 59 51 55 20 24
335 3 60 64 51 55 20 24
336 3 65 69 51 55 20 24
337 3 70 74 51 55 20 24
338 3 75 79 51 55 20 24
339 3 80 84 51 55 20 24
340 4 85 89 51 55 20 24
341 3 90 94 51 55 20 24
342 3 95 99 51 55 20 24
343 3 100 104 51 55 20 24
344 3 105 109 51 55 20 24
345 3 110 114 51 55 20 24
346 3 115 119 51 55 20 24
347 3 120 124 51 55 20 24
348 3 125 129 51 55 20 24
349 3 130 134 51 55 20 24
350 4 135 139 51 55 20 24
351 3 140 144 51 55 20 24
352 3 145 149 51 55 20 24
353 3 150 154 51 55 20 24
354 3 155 159 51 55 20 24
355 3 160 164 51 55 20 24
356 3 165 169 51 55 20 24
357 3 170 174 51 55 20 24
358 3 175 179 51 55 20 24
359 3 180 184 51 55 20 24
360 4 185 189 51 55 20 24
361 3 190 194 51 55 20 24
362 3 195 199 51 55 20 24
363 3 200 204 51 55 20 24
364 3 205 209 51 55 20 24
365 3 210 214 51 55 20 24
366 3 215 219 51 55 20 24
367 3 220 224 51 55 20 24
368 3 225 229 51 55 20 24
369 3 230 234 51 55 20 24
370 4 235 239 51 55 20 24
371 3 240 244 51 55 20 24
372 3 245 249 51 55 20 24
373 3 250 254 51 55 20 24
374 3 255 259 51 55 20 24
375 3 260 264 51 55 20 24
376 3 265 269 51 55 20 24
377 3 270 274 51 55 20 24
378 3 275 279 51 55 20 24
379 3 280 284 51 55 20 24
380 4 285 289 51 55 20 24
381 3 290 294 51 55 20 24
382 3 295 299 51 55 20 24
383 3 300 304 51 55 20 24
384 3 305 309 51 55 20 24
385 3 310 314 51 55 20 24
386 3 315 319 51 55 20 24
387 3 320 324 51 55 20 24
388 3 325 329 51 55 20 24
389 3 330 334 51 55 20 24
390 4 335 339 51 55 20 24
391 3 340 344 51 55 20 24
392 3 345 349 51 55 20 24
393 3 350 354 51 55 20 24
394 3 355 359 51 55 20 24
395 3 360 364 51 55 20 24
396 3 365 369 51 55 20 24
397 3 370 374 51 55 20 24
398 3 375 379 51 55 20 24
399 3 380 384 51 55 20 24
400 4 385 389 51 55 20 24
401 3 390 394 51 55 20 24
402 3 395 399 51 55 20 24
403 3 0 4 51 55 25 29
404 3 5 9 51 55 25 29
405 3 10 14 51 55 25 29
406 3 15 19 51 55 25 29
407 4 20 24 51 55 25 29
408 3 25 29 51 55 25 29
409 3 30 34 51 55 25 29
410 3 35 39 51 55 25 29
411 3 40 44 51 55 25 29
412 3 45 49 51 55 25 29
413 3 50 54 51 55 25 29
414 3 55 59 51 55 25 29
415 3 60 64 51 55 25 29
416 3 65 69 51 55 25 29
417 4 70 74 51 55 25 29
418 3 75 79 51 55 25 29
419 3 80 84 51 55 25 29
420 3 85 89 51 55 25 29
421 3 90 94 51 55 25 29
422 3 95 99 51 55 25 29
423 3 100 104 51 55 25 29
424 3 105 109 51 55 25 29
425 3 110 114 51 55 25 29
426 3 115 119 51 55 25 29
427 4 120 124 51 55 25 29
428 3 125 129 51 55 25 29
429 3 130 134 51 55 25 29
430 3 135 139 51 55 25 29
431 3 140 144 51 55 25 29
432 3 145 149 51 55 25 29
433 3 150 154 51 55 25 29
434 3 155 159 51 55 25 29
435 3 160 164 51 55 25 29
436 3 165 169 51 55 25 29
437 4 170 174 51 55 25 29
438 3 175 179 51 55 25 29
439 3 180 184 51 55 25 29
440 3 185 189 51 55 25 29
441 3 190 194 51 55 25 29
442 3 195 199 51 55 25 29
443 3 200 204 51 55 25 29
444 3 205 209 51 55 25 29
445 3 210 214 51 55 25 29
446 3 215 219 51 55 25 29
447 4 220 224 51 55 25 29
448 3 225 229 51 55 25 29
449 3 230 234 51 55 25 29
450 3 235 239 51 55 25 29
451 3 240 244 51 55 25 29
452 3 245 249 51 55 25 29
453 3 250 254 51 55 25 29
454 3 255 259 51 55 25 29
455 3 260 264 51 55 25 29
456 3 265 269 51 55 25 29
457 4 270 274 51 55 25 29
458 3 275 279 51 55 25 29
459 3 280 284 51 55 25 29
460 3 285 289 51 55 25 29
461 3 290 294 51 55 25 29
462 3 295 299 51 55 25 29
463 3 300 304 51 55 25 29
464 3 305 309 51 55 25 29
465 3 310 314 51 55 25 29
466 3 315 319 51 55 25 29
467 4 320 324 51 55 25 29
468 3 325 329 51 55 25 29
469 3 330 334 51 55 25 29
470 3 335 339 51 55 25 29
471 3 340 344 51 55 25 29
472 3 345 349 51 55 25 29
473 3 350 354 51 55 25 29
474 3 355 359 51 55 25 29
475 3 360 364 51 55 25 29
476 3 365 369 51 55 25 29
477 4 370 374 51 55 25 29
478 3 375 379 51 55 25 29
479 3 380 384 51 55 25 29
480 3 385 389 51 55 25 29
481 3 390 394 51 55 25 29
482 3 395 399 51 55 25 29
483 3 0 4 51 55 30 34
484 4 5 9 51 55 30 34
485 3 10 14 51 55 30 34
486 3 15 19 51 55 30 34
487 3 20 24 51 55 30 34
488 3 25 29 51 55 30 34
489 3 30 34 51 55 30 34
490 3 35 39 51 55 30 34
491 3 40 44 51 55 30 34
492 3 45 49 51 55 30 34
493 3 50 54 51 55 30 34
494 4 55 59 51 55 30 34
495 3 60 64 51 55 30 34
496 3 65 69 51 55 30 34
497 3 70 74 51 55 30 34
498 3 75 79 51 55 30 34
499 3 80 84 51 55 30 34
500 3 85 89 51 55 30 34
501 3 90 94 51 55 30 34
502 3 95 99 51 55 30 34
503 3 100 104 51 55 30 34
504 4 105 109 51 55 30 34
505 3 110 114 51 55 30 34
506 3 115 119 51 55 30 34
507 3 120 124 51 55 30 34
508 3 125 129 51 55 30 34
509 3 130 134 51 55 30 34
510 3 135 139 51 55 30 34
511 3 140 144 51 55 30 34
512 3 145 149 51 55 30 34
513 3 150 154 51 55 30 34
514 4 155 159 51 55 30 34
515 3 160 164 51 55 30 34
516 3 165 169 51 55 30 34
517 3 170 174 51 55 30 34
518 3 175 179 51 55 30 34
519 3 180 184 51 55 30 34
520 3 185 189 51 55 30 34
521 3 190 194 51 55 30 34
522 3 195 199 51 55 30 34
523 3 200 204 51 55 30 34
524 4 205 209 51 55 30 34
525 3 210 214 51 55 30 34
526 3 215 219 51 55 30 34
527 3 220 224 51 55 30 34
528 3 225 229 51 55 30 34
529 3 230 234 51 55 30 34
530 3 235 239 51 55 30 34
531 3 240 244 51 55 30 34
532 3 245 249 51 55 30 34
533 3 250 254 51 55 30 34
534 4 255 259 51 55 30 34
535 3 260 264 51 55 30 34
536 3 265 269 51 55 30 34
537 3 270 274 51 55 30 34
538 3 275 279 51 55 30 34
539 3 280 284 51 55 30 34
540 3 285 289 51 55 30 34
541 3 290 294 51 55 30 34
542 3 295 299 51 55 30 34
543 3 300 304 51 55 30 34
544 4 305 309 51 55 30 34
545 3 310 314 51 55 30 34
546 3 315 319 51 55 30 34
547 3 320 324 51 55 30 34
548 3 325 329 51 55 30 34
549 3 330 334 51 55 30 34
550 3 335 339 51 55 30 34
551 3 340 344 51 55 30 34
552 3 345 349 51 55 30 34
553 3 350 354 51 55 30 34
554 4 355 359 51 55 30 34
555 3 360 364 51 55 30 34
556 3 365 369 51 55 30 34
557 3 370 374 51 55 30 34
558 3 375 379 51 55 30 34
559 3 380 384 51 55 30 34
560 3 385 389 51 55 30 34
561 3 390 394 51 55 30 34
562 3 395 399 51 55 30 34
563 3 0 4 51 55 35 39
564 3 5 9 51 55 35 39
565 3 10 14 51 55 35 39
566 3 15 19 51 55 35 39
567 3 20 24 51 55 35 39
568 3 25 29 51 55 35 39
569 3 30 34 51 55 35 39
570 3 35 39 51 55 35 39
571 4 40 44 51 55 35 39
572 3 45 49 51 55 35 39
573 3 50 54 51 55 35 39
574 3 55 59 51 55 35 39
575 3 60 64 51 55 35 39
576 3 65 69 51 55 35 39
577 3 70 74 51 55 35 39
578 3 75 79 51 55 35 39
579 3 80 84 51 55 35 39
580 3 85 89 51 55 35 39
581 4 90 94 51 55 35 39
582 3 95 99 51 55 35 39
583 3 100 104 51 55 35 39
584 3 105 109 51 55 35 39
585 3 110 114 51 55 35 39
586 3 115 119 51 55 35 39
587 3 120 124 51 55 35 39
588 3 125 129 51 55 35 39
589 3 130 134 51 55 35 39
590 3 135 139 51 55 35 39
591 4 140 144 51 55 35 39
592 3 145 149 51 55 35 39
593 3 150 154 51 55 35 39
594 3 155 159 51 55 35 39
595 3 160 164 51 55 35 39
596 3 165 169 51 55 35 39
597 3 170 174 51 55 35 39
598 3 175 179 51 55 35 39
599 3 180 184 51 55 35 39
600 3 185 189 51 55 35 39
601 4 190 194 51 55 35 39
602 3 195 199 51 55 35 39
603 3 200 204 51 55 35 39
604 3 205 209 51 55 35 39
605 3 210 214 51 55 35 39
606 3 215 219 51 55 35 39
607 3 220 224 51 55 35 39
608 3 225 229 51 55 35 39
609 3 230 234 51 55 35 39
610 3 235 239 51 55 35 39
611 4 240 244 51 55 35 39
612 3 245 249 51 55 35 39
613 3 250 254 51 55 35 39
614 3 255 259 51 55 35 39
615 3 260 264 51 55 35 39
616 3 265 269 51 55 35 39
617 3 270 274 51 55 35 39
618 3 275 279 51 55 35 39
619 3 280 284 51 55 35 39
620 3 285 289 51 55 35 39
621 4 290 294 51 55 35 39
622 3 295 299 51 55 35 39
623 3 300 304 51 55 35 39
624 3 305 309 51 55 35 39
625 3 310 314 51 55 35 39
626 3 315 319 51 55 35 39
627 3 320 324 51 55 35 39
628 3 325 329 51 55 35 39
629 3 330 334 51 55 35 39
630 3 335 339 51 55 35 39
631 4 340 344 51 55 35 39
632 3 345 349 51 55 35 39
633 3 350 354 51 55 35 39
634 3 355 359 51 55 35 39
635 3 360 364 51 55 35 39
636 3 365 369 51 55 35 39
637 3 370 374 51 55 35 39
638 3 375 379 51 55 35 39
639 3 380 384 51 55 35 39
640 3 385 389 51 55 35 39
641 4 390 394 51 55 35 39
642 3 395 399 51 55 35 39
643 3 0 4 51 55 40 44
644 3 5 9 51 55 40 44
645 3 10 14 51 55 40 44
646 3 15 19 51 55 40 44
647 3 20 24 51 55 40 44
648 4 25 29 51 55 40 44
649 3 30 34 51 55 40 44
650 3 35 39 51 55 40 44
651 3 40 44 51 55 40 44
652 3 45 49 51 55 40 44
653 3 50 54 51 55 40 44
654 3 55 59 51 55 40 44
655 3 60 64 51 55 40 44
656 3 65 69 51 55 40 44
657 3 70 74 51 55 40 44
658 4 75 79 51 55 40 44
659 3 80 84 51 55 40 44
660 3 85 89 51 55 40 44
661 3 90 94 51 55 40 44
662 3 95 99 51 55 40 44
663 3 100 104 51 55 40 44
664 3 105 109 51 55 40 44
665 3 110 114 51 55 40 44
666 3 115 119 51 55 40 44
667 3 120 124 51 55 40 44
668 4 125 129 51 55 40 44
669 3 130 134 51 55 40 44
670 3 135 139 51 55 40 44
671 3 140 144 51 55 40 44
672 3 145 149 51 55 40 44
673 3 150 154 51 55 40 44
674 3 155 159 51 55 40 44
675 3 160 164 51 55 40 44
676 3 165 169 51 55 40 44
677 3 170 174 51 55 40 44
678 4 175 179 51 55 40 44
679 3 180 184 51 55 40 44
680 3 185 189 51 55 40 44
681 3 190 194 51 55 40 44
682 3 195 199 51 55 40 44
683 3 200 204 51 55 40 44
684 3 205 209 51 55 40 44
685 3 210 214 51 55 40 44
686 3 215 219 51 55 40 44
687 3 220 224 51 55 40 44
688 4 225 229 51 55 40 44
689 3 230 234 51 55 40 44
690 3 235 239 51 55 40 44
691 3 240 244 51 55 40 44
692 3 245 249 51 55 40 44
693 3 250 254 51 55 40 44
694 3 255 259 51 55 40 44
695 3 260 264 51 55 40 44
696 3 265 269 51 55 40 44
697 3 270 274 51 55 40 44
698 4 275 279 51 55 40 44
699 3 280 284 51 55 40 44
700 3 285 289 51 55 40 44
701 3 290 294 51 55 40 44
702 3 295 299 51 55 40 44
703 3 300 304 51 55 40 44
704 3 305 309 51 55 40 44
705 3 310 314 51 55 40 44
706 3 315 319 51 55 40 44
707 3 320 324 51 55 40 44
708 4 325 329 51 55 40 44
709 3 330 334 51 55 40 44
710 3 335 339 51 55 40 44
711 3 340 344 51 55 40 44
712 3 345 349 51 55 40 44
713 3 350 354 51 55 40 44
714 3 355 359 51 55 40 44
715 3 360 364 51 55 40 44
716 3 365 369 51 55 40 44
717 3 370 374 51 55 40 44
718 4 375 379 51 55 40 44
719 3 380 384 51 55 40 44
720 3 385 389 51 55 40 44
721 3 390 394 51 55 40 44
722 3 395 399 51 55 40 44
723 3 0 4 51 55 45 49
724 3 5 9 51 55 45 49
725 4 10 14 51 55 45 49
726 3 15 19 51 55 45 49
727 3 20 24 51 55 45 49
728 3 25 29 51 55 45 49
729 3 30 34 51 55 45 49
730 3 35 39 51 55 45 49
731 3 40 44 51 55 45 49
732 3 45 49 51 55 45 49
733 3 50 54 51 55 45 49
734 3 55 59 51 55 45 49
735 4 60 64 51 55 45 49
736 3 65 69 51 55 45 49
737 3 70 74 51 55 45 49
738 3 75 79 51 55 45 49
739 3 80 84 51 55 45 49
740 3 85 89 51 55 45 49
741 3 90 94 51 55 45 49
742 3 95 99 51 55 45 49
743 3 100 104 51 55 45 49
744 3 105 109 51 55 45 49
745 4 110 114 51 55 45 49
746 3 115 119 51 55 45 49
747 3 120 124 51 55 45 49
748 3 125 129 51 55 45 49
749 3 130 134 51 55 45 49
750 3 135 139 51 55 45 49
751 3 140 144 51 55 45 49
752 3 145 149 51 55 45 49
753 3 150 154 51 55 45 49
754 3 155 159 51 55 45 49
755 4 160 164 51 55 45 49
756 3 165 169 51 55 45 49
757 3 170 174 51 55 45 49
758 3 175 179 51 55 45 49
759 3 180 184 51 55 45 49
760 3 185 189 51 55 45 49
761 3 190 194 51 55 45 49
762 3 195 199 51 55 45 49
763 3 200 204 51 55 45 49
764 3 205 209 51 55 45 49
765 4 210 214 51 55 45 49
766 3 215 219 51 55 45 49
767 3 220 224 51 55 45 49
768 3 225 229 51 55 45 49
769 3 230 234 51 55 45 49
770 3 235 239 51 55 45 49
771 3 240 244 51 55 45 49
772 3 245 249 51 55 45 49
773 3 250 254 51 55 45 49
774 3 255 259 51 55 45 49
775 4 260 264 51 55 45 49
776 3 265 269 51 55 45 49
777 3 270 274 51 55 45 49
778 3 275 279 51 55 45 49
779 3 280 284 51 55 45 49
780 3 285 289 51 55 45 49
781 3 290 294 51 55 45 49
782 3 295 299 51 55 45 49
783 3 300 304 51 55 45 49
784 3 305 309 51 55 45 49
785 4 310 314 51 55 45 49
786 3 315 319 51 55 45 49
787 3 320 324 51 55 45 49
788 3 325 329 51 55 45 49
789 3 330 334 51 55 45 49
790 3 335 339 51 55 45 49
791 3 340 344 51 55 45 49
792 3 345 349 51 55 45 49
793 3 350 354 51 55 45 49
794 3 355 359 51 55 45 49
795 4 360 364 51 55 45 49
796 3 365 369 51 55 45 49
797 3 370 374 51 55 45 49
798 3 375 379 51 55 45 49
799 3 380 384 51 55 45 49
800 3 385 389 51 55 45 49
801 3 390 394 51 55 45 49
802 3 395 399 51 55 45 49
803 3 0 4 51 55 50 54
804 3 5 9 51 55 50 54
805 3 10 14 51 55 50 54
806 3 15 19 51 55 50 54
807 3 20 24 51 55 50 54
808 3 25 29 51 55 50 54
809 3 30 34 51 55 50 54
810 3 35 39 51 55 50 54
811 3 40 44 51 55 50 54
812 4 45 49 51 55 50 54
813 3 50 54 51 55 50 54
814 3 55 59 51 55 50 54
815 3 60 64 51 55 50 54
816 3 65 69 51 55 50 54
817 3 70 74 51 55 50 54
818 3 75 79 51 55 50 54
819 3 80 84 51 55 50 54
820 3 85 89 51 55 50 54
821 3 90 94 51 55 50 54
822 4 95 99 51 55 50 54
823 3 100 104 51 55 50 54
824 3 105 109 51 55 50 54
825 3 110 114 51 55 50 54
826 3 115 119 51 55 50 54
827 3 120 124 51 55 50 54
828 3 125 129 51 55 50 54
829 3 130 134 51 55 50 54
830 3 135 139 51 55 50 54
831 3 140 144 51 55 50 54
832 4 145 149 51 55 50 54
833 3 150 154 51 55 50 54
834 3 155 159 51 55 50 54
835 3 160 164 51 55 50 54
836 3 165 169 51 55 50 54
837 3 170 174 51 55 50 54
838 3 175 179 51 55 50 54
839 3 180 184 51 55 50 54
840 3 185 189 51 55 50 54
841 3 190 194 51 55 50 54
842 4 195 199 51 55 50 54
843 3 200 204 51 55 50 54
844 3 205 209 51 55 50 54
845 3 210 214 51 55 50 54
846 3 215 219 51 55 50 54
847 3 220 224 51 55 50 54
848 3 225 229 51 55 50 54
849 3 230 234 51 55 50 54
850 3 235 239 51 55 50 54
851 3 240 244 51 55 50 54
852 4 245 249 51 55 50 54
853 3 250 254 51 55 50 54
854 3 255 259 51 55 50 54
855 3 260 264 51 55 50 54
856 3 265 269 51 55 50 54
857 3 270 274 51 55 50 54
858 3 275 279 51 55 50 54
859 3 280 284 51 55 50 54
860 3 285 289 51 55 50 54
861 3 290 294 51 55 50 54
862 4 295 299 51 55 50 54
863 3 300 304 51 55 50 54
864 3 305 309 51 55 50 54
865 3 310 314 51 55 50 54
866 3 315 319 51 55 50 54
867 3 320 324 51 55 50 54
868 3 325 329 51 55 50 54
869 3 330 334 51 55 50 54
870 3 335 339 51 55 50 54
871 3 340 344 51 55 50 54
872 4 345 349 51 55 50 54
873 3 350 354 51 55 50 54
874 3 355 359 51 55 50 54
875 3 360 364 51 55 50 54
876 3 365 369 51 55 50 54
877 3 370 374 51 55 50 54
878 3 375 379 51 55 50 54
879 3 380 384 51 55 50 54
880 3 385 389 51 55 50 54
881 3 390 394 51 55 50 54
882 4 395 399 51 55 50 54
883 3 0 4 51 55 55 59
884 3 5 9 51 55 55 59
885 3 10 14 51 55 55 59
886 3 15 19 51 55 55 59
887 3 20 24 51 55 55 59
888 3 25 29 51 55 55 59
889 4 30 34 51 55 55 59
890 3 35 39 51 55 55 59
891 3 40 44 51 55 55 59
892 3 45 49 51 55 55 59
893 3 50 54 51 55 55 59
894 3 55 59 51 55 55 59
895 3 60 64 51 55 55 59
896 3 65 69 51 55 55 59
897 3 70 74 51 55 55 59
898 3 75 79 51 55 55 59
899 4 80 84 51 55 55 59
900 3 85 89 51 55 55 59
901 3 90 94 51 55 55 59
902 3 95 99 51 55 55 59
903 3 100 104 51 55 55 59
904 3 105 109 51 55 55 59
905 3 110 114 51 55 55 59
906 3 115 119 51 55 55 59
907 3 120 124 51 55 55 59
908 3 125 129 51 55 55 59
909 4 130 134 51 55 55 59
910 3 135 139 51 55 55 59
911 3 140 144 51 55 55 59
912 3 145 149 51 55 55 59
913 3 150 154 51 55 55 59
914 3 155 159 51 55 55 59
915 3 160 164 51 55 55 59
916 3 165 169 51 55 55 59
917 3 170 174 51 55 55 59
918 3 175 179 51 55 55 59
919 4 180 184 51 55 55 59
920 3 185 189 51 55 55 59
921 3 190 194 51 55 55 59
922 3 195 199 51 55 55 59
923 3 200 204 51 55 55 59
924 3 205 209 51 55 55 59
925 3 210 214 51 55 55 59
926 3 215 219 51 55 55 59
927 3 220 224 51 55 55 59
928 3 225 229 51 55 55 59
929 4 230 234 51 55 55 59
930 3 235 239 51 55 55 59
931 3 240 244 51 55 55 59
932 3 245 249 51 55 55 59
933 3 250 254 51 55 55 59
934 3 255 259 51 55 55 59
935 3 260 264 51 55 55 59
936 3 265 269 51 55 55 59
937 3 270 274 51 55 55 59
938 3 275 279 51 55 55 59
939 4 280 284 51 55 55 59
940 3 285 289 51 55 55 59
941 3 290 294 51 55 55 59
942 3 295 299 51 55 55 59
943 3 300 304 51 55 55 59
944 3 305 309 51 55 55 59
945 3 310 314 51 55 55 59
946 3 315 319 51 55 55 59
947 3 320 324 51 55 55 59
948 3 325 329 51 55 55 59
949 4 330 334 51 55 55 59
950 3 335 339 51 55 55 59
951 3 340 344 51 55 55 59
952 3 345 349 51 55 55 59
953 3 350 354 51 55 55 59
954 3 355 359 51 55 55 59
955 3 360 364 51 55 55 59
956 3 365 369 51 55 55 59
957 3 370 374 51 55 55 59
958 3 375 379 51 55 55 59
959 4 380 384 51 55 55 59
960 3 385 389 51 55 55 59
961 3 390 394 51 55 55 59
962 3 395 399 51 55 55 59
963 3 0 4 51 55 60 64
964 3 5 9 51 55 60 64
965 3 10 14 51 55 60 64
966 4 15 19 51 55 60 64
967 3 20 24 51 55 60 64
968 3 25 29 51 55 60 64
969 3 30 34 51 55 60 64
970 3 35 39 51 55 60 64
971 3 40 44 51 55 60 64
972 3 45 49 51 55 60 64
973 3 50 54 51 55 60 64
974 3 55 59 51 55 60 64
975 3 60 64 51 55 60 64
976 4 65 69 51 55 60 64
977 3 70 74 51 55 60 64
978 3 75 79 51 55 60 64
979 3 80 84 51 55 60 64
980 3 85 89 51 55 60 64
981 3 90 94 51 55 60 64
982 3 95 99 51 55 60 64
983 3 100 104 51 55 60 64
984 3 105 109 51 55 60 64
985 3 110 114 51 55 60 64
986 4 115 119 51 55 60 64
987 3 120 124 51 55 60 64
988 3 125 129 51 55 60 64
989 3 130 134 51 55 60 64
990 3 135 139 51 55 60 64
991 3 140 144 51 55 60 64
992 3 145 149 51 55 60 64
993 3 150 154 51 55 60 64
994 3 155 159 51 55 60 64
995 3 160 164 51 55 60 64
996 4 165 169 51 55 60 64
997 3 170 174 51 55 60 64
998 3 175 179 51 55 60 64
999 3 180 184 51 55 60 64
1000 3 185 189 51 55 60 64
1001 3 190 194 51 55 60 64
1002 3 195 199 51 55 60 64
1003 3 200 204 51 55 60 64
1004 3 205 209 51 55 60 64
1005 3 210 214 51 55 60 64
1006 4 215 219 51 55 60 64
1007 3 220 224 51 55 60 64
1008 3 225 229 51 55 60 64
1009 3 230 234 51 55 60 64
1010 3 235 239 51 55 60 64
1011 3 240 244 51 55 60 64
1012 3 245 249 51 55 60 64
1013 3 250 254 51 55 60 64
1014 3 255 259 51 55 60 64
1015 3 260 264 51 55 60 64
1016 4 265 269 51 55 60 64
1017 3 270 274 51 55 60 64
1018 3 275 279 51 55 60 64
1019 3 280 284 51 55 60 64
1020 3 285 289 51 55 60 64
1021 3 290 294 51 55 60 64
1022 3 295 299 51 55 60 64
1023 3 300 304 51 55 60 64
1024 3 305 309 51 55 60 64
1025 3 310 314 51 55 60 64
1026 4 315 319 51 55 60 64
1027 3 320 324 51 55 60 64
1028 3 325 329 51 55 60 64
1029 3 330 334 51 55 60 64
1030 3 335 339 51 55 60 64
1031 3 340 344 51 55 60 64
1032 3 345 349 51 55 60 64
1033 3 350 354 51 55 60 64
1034 3 355 359 51 55 60 64
1035 3 360 364 51 55 60 64
1036 4 365 369 51 55 60 64
1037 3 370 374 51 55 60 64
1038 3 375 379 51 55 60 64
1039 3 380 384 51 55 60 64
1040 3 385 389 51 55 60 64
1041 3 390 394 51 55 60 64
1042 3 395 399 51 55 60 64
1043 4 0 4 51 55 65 69
1044 3 5 9 51 55 65 69
1045 3 10 14 51 55 65 69
1046 3 15 19 51 55 65 69
1047 3 20 24 51 55 65 69
1048 3 25 29 51 55 65 69
1049 3 30 34 51 55 65 69
1050 3 35 39 51 55 65 69
1051 3 40 44 51 55 65 69
1052 3 45 49 51 55 65 69
1053 4 50 54 51 55 65 69
1054 3 55 59 51 55 65 69
1055 3 60 64 51 55 65 69
1056 3 65 69 51 55 65 69
1057 3 70 74 51 55 65 69
1058 3 75 79 51 55 65 69
1059 3 80 84 51 55 65 69
1060 3 85 89 51 55 65 69
1061 3 90 94 51 55 65 69
1062 3 95 99 51 55 65 69
1063 4 100 104 51 55 65 69
1064 3 105 109 51 55 65 69
1065 3 110 114 51 55 65 69
1066 3 115 119 51 55 65 69
1067 3 120 124 51 55 65 69
1068 3 125 129 51 55 65 69
1069 3 130 134 51 55 65 69
1070 3 135 139 51 55 65 69
1071 3 140 144 51 55 65 69
1072 3 145 149 51 55 65 69
1073 4 150 154 51 55 65 69
1074 3 155 159 51 55 65 69
1075 3 160 164 51 55 65 69
1076 3 165 169 51 55 65 69
1077 3 170 174 51 55 65 69
1078 3 175 179 51 55 65 69
1079 3 180 184 51 55 65 69
1080 3 185 189 51 55 65 69
1081 3 190 194 51 55 65 69
1082 3 195 199 51 55 65 69
1083 4 200 204 51 55 65 69
1084 3 205 209 51 55 65 69
1085 3 210 214 51 55 65 69
1086 3 215 219 51 55 65 69
1087 3 220 224 51 55 65 69
1088 3 225 229 51 55 65 69
1089 3 230 234 51 55 65 69
1090 3 235 239 51 55 65 69
1091 3 240 244 51 55 65 69
1092 3 245 249 51 55 65 69
1093 4 250 254 51 55 65 69
1094 3 255 259 51 55 65 69
1095 3 260 264 51 55 65 69
1096 3 265 269 51 55 65 69
1097 3 270 274 51 55 65 69
1098 3 275 279 51 55 65 69
1099 3 280 284 51 55 65 69
1100 3 285 289 51 55 65 69
1101 3 290 294 51 55 65 69
1102 3 295 299 51 55 65 69
1103 4 300 304 51 55 65 69
1104 3 305 309 51 55 65 69
1105 3 310 314 51 55 65 69
1106 3 315 319 51 55 65 69
1107 3 320 324 51 55 65 69
1108 3 325 329 51 55 65 69
1109 3 330 334 51 55 65 69
1110 3 335 339 51 55 65 69
1111 3 340 344 51 55 65 69
1112 3 345 349 51 55 65 69
1113 4 350 354 51 55 65 69
1114 3 355 359 51 55 65 69
1115 3 360 364 51 55 65 69
1116 3 365 369 51 55 65 69
1117 3 370 374 51 55 65 69
1118 3 375 379 51 55 65 69
1119 3 380 384 51 55 65 69
1120 3 385 389 51 55 65 69
1121 3 390 394 51 55 65 69
1122 3 395 399 51 55 65 69
1123 3 0 4 51 55 70 74
1124 3 5 9 51 55 70 74
1125 3 10 14 51 55 70 74
1126 3 15 19 51 55 70 74
1127 3 20 24 51 55 70 74
1128 3 25 29 51 55 70 74
1129 3 30 34 51 55 70 74
1130 4 35 39 51 55 70 74
1131 3 40 44 51 55 70 74
1132 3 45 49 51 55 70 74
1133 3 50 54 51 55 70 74
1134 3 55 59 51 55 70 74
1135 3 60 64 51 55 70 74
1136 3 65 69 51 55 70 74
1137 3 70 74 51 55 70 74
1138 3 75 79 51 55 70 74
1139 3 80 84 51 55 70 74
1140 4 85 89 51 55 70 74
1141 3 90 94 51 55 70 74
1142 3 95 99 51 55 70 74
1143 3 100 104 51 55 70 74
1144 3 105 109 51 55 70 74
1145 3 110 114 51 55 70 74
1146 3 115 119 51 55 70 74
1147 3 120 124 51 55 70 74
1148 3 125 129 51 55 70 74
1149 3 130 134 51 55 70 74
1150 4 135 139 51 55 70 74
1151 3 140 144 51 55 70 74
1152 3 145 149 51 55 70 74
1153 3 150 154 51 55 70 74
1154 3 155 159 51 55 70 74
1155 3 160 164 51 55 70 74
1156 3 165 169 51 55 70 74
1157 3 170 174 51 55 70 74
1158 3 175 179 51 55 70 74
1159 3 180 184 51 55 70 74
1160 4 185 189 51 55 70 74
1161 3 190 194 51 55 70 74
1162 3 195 199 51 55 70 74
1163 3 200 204 51 55 70 74
1164 3 205 209 51 55 70 74
1165 3 210 214 51 55 70 74
1166 3 215 219 51 55 70 74
1167 3 220 224 51 55 70 74
1168 3 225 229 51 55 70 74
1169 3 230 234 51 55 70 74
1170 4 235 239 51 55 70 74
1171 3 240 244 51 55 70 74
1172 3 245 249 51 55 70 74
1173 3 250 254 51 55 70 74
1174 3 255 259 51 55 70 74
1175 3 260 264 51 55 70 74
1176 3 265 269 51 55 70 74
1177 3 270 274 51 55 70 74
1178 3 275 279 51 55 70 74
1179 3 280 284 51 55 70 74
1180 4 285 289 51 55 70 74
1181 3 290 294 51 55 70 74
1182 3 295 299 51 55 70 74
1183 3 300 304 51 55 70 74
1184 3 305 309 51 55 70 74
1185 3 310 314 51 55 70 74
1186 3 315 319 51 55 70 74
1187 3 320 324 51 55 70 74
1188 3 325 329 51 55 70 74
1189 3 330 334 51 55 70 74
1190 4 335 339 51 55 70 74
1191 3 340 344 51 55 70 74
1192 3 345 349 51 55 70 74
1193 3 350 354 51 55 70 74
1194 3 355 359 51 55 70 74
1195 3 360 364 51 55 70 74
1196 3 365 369 51 55 70 74
1197 3 370 374 51 55 70 74
1198 3 375 379 51 55 70 74
1199 3 380 384 51 55 70 74
1200 4 385 389 51 55 70 74
1201 3 390 394 51 55 70 74
1202 3 395 399 51 55 70 74
1203 3 0 4 51 55 75 79
1204 3 5 9 51 55 75 79
1205 3 10 14 51 55 75 79
1206 3 15 19 51 55 75 79
1207 4 20 24 51 55 75 79
1208 3 25 29 51 55 75 79
1209 3 30 34 51 55 75 79
1210 3 35 39 51 55 75 79
1211 3 40 44 51 55 75 79
1212 3 45 49 51 55 75 79
1213 3 50 54 51 55 75 79
1214 3 55 59 51 55 75 79
1215 3 60 64 51 55 75 79
1216 3 65 69 51 55 75 79
1217 4 70 74 51 55 75 79
1218 3 75 79 51 55 75 79
1219 3 80 84 51 55 75 79
1220 3 85 89 51 55 75 79
1221 3 90 94 51 55 75 79
1222 3 95 99 51 55 75 79
1223 3 100 104 51 55 75 79
1224 3 105 109 51 55 75 79
1225 3 110 114 51 55 75 79
1226 3 115 119 51 55 75 79
1227 4 120 124 51 55 75 79
1228 3 125 129 51 55 75 79
1229 3 130 134 51 55 75 79
1230 3 135 139 51 55 75 79
1231 3 140 144 51 55 75 79
1232 3 145 149 51 55 75 79
1233 3 150 154 51 55 75 79
1234 3 155 159 51 55 75 79
1235 3 160 164 51 55 75 79
1236 3 165 169 51 55 75 79
1237 4 170 174 51 55 75 79
1238 3 175 179 51 55 75 79
1239 3 180 184 51 55 75 79
1240 3 185 189 51 55 75 79
1241 3 190 194 51 55 75 79
1242 3 195 199 51 55 75 79
1243 3 200 204 51 55 75 79
1244 3 205 209 51 55 75 79
1245 3 210 214 51 55 75 79
1246 3 215 219 51 55 75 79
1247 4 220 224 51 55 75 79
1248 3 225 229 51 55 75 79
1249 3 230 234 51 55 75 79
1250 3 235 239 51 55 75 79
1251 3 240 244 51 55 75 79
1252 3 245 249 51 55 75 79
1253 3 250 254 51 55 75 79
1254 3 255 259 51 55 75 79
1255 3 260 264 51 55 75 79
1256 3 265 269 51 55 75 79
1257 4 270 274 51 55 75 79
1258 3 275 279 51 55 75 79
1259 3 280 284 51 55 75 79
1260 3 285 289 51 55 75 79
1261 3 290 294 51 55 75 79
1262 3 295 299 51 55 75 79
1263 3 300 304 51 55 75 79
1264 3 305 309 51 55 75 79
1265 3 310 314 51 55 75 79
1266 3 315 319 51 55 75 79
1267 4 320 324 51 55 75 79
1268 3 325 329 51 55 75 79
1269 3 330 334 51 55 75 79
1270 3 335 339 51 55 75 79
1271 3 340 344 51 55 75 79
1272 3 345 349 51 55 75 79
1273 3 350 354 51 55 75 79
1274 3 355 359 51 55 75 79
1275 3 360 364 51 55 75 79
1276 3 365 369 51 55 75 79
1277 4 370 374 51 55 75 79
1278 3 375 379 51 55 75 79
1279 3 380 384 51 55 75 79
1280 3 385 389 51 55 75 79
1281 3 390 394 51 55 75 79
1282 3 395 399 51 55 75 79
1283 5 0 9 56 65 0 9
1284 5 10 19 56 65 0 9
1285 5 20 29 56 65 0 9
1286 5 30 39 56 65 0 9
1287 5 40 49 56 65 0 9
1288 5 50 59 56 65 0 9
1289 5 60 69 56 65 0 9
1290 5 70 79 56 65 0 9
1291 5 80 89 56 65 0 9
1292 5 90 99 56 65 0 9
1293 5 100 109 56 65 0 9
1294 5 110 119 56 65 0 9
1295 5 120 129 56 65 0 9
1296 5 130 139 56 65 0 9
1297 5 140 149 56 65 0 9
1298 5 150 159 56 65 0 9
1299 5 160 169 56 65 0 9
1300 5 170 179 56 65 0 9
1301 5 180 189 56 65 0 9
1302 5 190 199 56 65 0 9
1303 5 200 209 56 65 0 9
1304 5 210 219 56 65 0 9
1305 5 220 229 56 65 0 9
1306 5 230 239 56 65 0 9
1307 5 240 249 56 65 0 9
1308 5 250 259 56 65 0 9
1309 5 260 269 56 65 0 9
1310 5 270 279 56 65 0 9
1311 5 280 289 56 65 0 9
1312 5 290 299 56 65 0 9
1313 5 300 309 56 65 0 9
1314 5 310 319 56 65 0 9
1315 5 320 329 56 65 0 9
1316 5 330 339 56 65 0 9
1317 5 340 349 56 65 0 9
1318 5 350 359 56 65 0 9
1319 5 360 369 56 65 0 9
1320 5 370 379 56 65 0 9
1321 5 380 389 56 65 0 9
1322 5 390 399 56 65 0 9
1323 5 0 9 56 65 10 19
1324 5 10 19 56 65 10 19
1325 5 20 29 56 65 10 19
1326 5 30 39 56 65 10 19
1327 5 40 49 56 65 10 19
1328 5 50 59 56 65 10 19
1329 5 60 69 56 65 10 19
1330 5 70 79 56 65 10 19
1331 5 80 89 56 65 10 19
1332 5 90 99 56 65 10 19
1333 5 100 109 56 65 10 19
1334 5 110 119 56 65 10 19
1335 5 120 129 56 65 10 19
1336 5 130 139 56 65 10 19
1337 5 140 149 56 65 10 19
1338 5 150 159 56 65 10 19
1339 5 160 169 56 65 10 19
1340 5 170 179 56 65 10 19
1341 5 180 189 56 65 10 19
1342 5 190 199 56 65 10 19
1343 5 200 209 56 65 10 19
1344 5 210 219 56 65 10 19
1345 5 220 229 56 65 10 19
1346 5 230 239 56 65 10 19
1347 5 240 249 56 65 10 19
1348 5 250 259 56 65 10 19
1349 5 260 269 56 65 10 19
1350 5 270 279 56 65 10 19
1351 5 280 289 56 65 10 19
1352 5 290 299 56 65 10 19
1353 5 300 309 56 65 10 19
1354 5 310 319 56 65 10 19
1355 5 320 329 56 65 10 19
1356 5 330 339 56 65 10 19
1357 5 340 349 56 65 10 19
1358 5 350 359 56 65 10 19
1359 5 360 369 56 65 10 19
1360 5 370 379 56 65 10 19
1361 5 380 389 56 65 10 19
1362 5 390 399 56 65 10 19
1363 5 0 9 56 65 20 29
1364 5 10 19 56 65 20 29
1365 5 20 29 56 65 20 29
1366 5 30 39 56 65 20 29
1367 5 40 49 56 65 20 29
1368 5 50 59 56 65 20 29
1369 5 60 69 56 65 20 29
1370 5 70 79 56 65 20 29
1371 5 80 89 56 65 20 29
1372 5 90 99 56 65 20 29
1373 5 100 109 56 65 20 29
1374 5 110 119 56 65 20 29
1375 5 120 129 56 65 20 29
1376 5 130 139 56 65 20 29
1377 5 140 149 56 65 20 29
1378 5 150 159 56 65 20 29
1379 5 160 169 56 65 20 29
1380 5 170 179 56 65 20 29
1381 5 180 189 56 65 20 29
1382 5 190 199 56 65 20 29
1383 5 200 209 56 65 20 29
1384 5 210 219 56 65 20 29
1385 5 220 229 56 65 20 29
1386 5 230 239 56 65 20 29
1387 5 240 249 56 65 20 29
1388 5 250 259 56 65 20 29
1389 5 260 269 56 65 20 29
1390 5 270 279 56 65 20 29
1391 5 280 289 56 65 20 29
1392 5 290 299 56 65 20 29
1393 5 300 309 56 65 20 29
1394 5 310 319 56 65 20 29
1395 5 320 329 56 65 20 29
1396 5 330 339 56 65 20 29
1397 5 340 349 56 65 20 29
1398 5 350 359 56 65 20 29
1399 5 360 369 56 65 20 29
1400 5 370 379 56 65 20 29
1401 5 380 389 56 65 20 29
1402 5 390 399 56 65 20 29
1403 5 0 9 56 65 30 39
1404 5 10 19 56 65 30 39
1405 5 20 29 56 65 30 39
1406 5 30 39 56 65 30 39
1407 5 40 49 56 65 30 39
1408 5 50 59 56 65 30 39
1409 5 60 69 56 65 30 39
1410 5 70 79 56 65 30 39
1411 5 80 89 56 65 30 39
1412 5 90 99 56 65 30 39
1413 5 100 109 56 65 30 39
1414 5 110 119 56 65 30 39
1415 5 120 129 56 65 30 39
1416 5 130 139 56 65 30 39
1417 5 140 149 56 65 30 39
1418 5 150 159 56 65 30 39
1419 5 160 169 56 65 30 39
1420 5 170 179 56 65 30 39
1421 5 180 189 56 65 30 39
1422 5 190 199 56 65 30 39
1423 5 200 209 56 65 30 39
1424 5 210 219 56 65 30 39
1425 5 220 229 56 65 30 39
1426 5 230 239 56 65 30 39
1427 5 240 249 56 65 30 39
1428 5 250 259 56 65 30 39
1429 5 260 269 56 65 30 39
1430 5 270 279 56 65 30 39
1431 5 280 289 56 65 30 39
1432 5 290 299 56 65 30 39
1433 5 300 309 56 65 30 39
1434 5 310 319 56 65 30 39
1435 5 320 329 56 65 30 39
1436 5 330 339 56 65 30 39
1437 5 340 349 56 65 30 39
1438 5 350 359 56 65 30 39
1439 5 360 369 56 65 30 39
1440 5 370 379 56 65 30 39
1441 5 380 389 56 65 30 39
1442 5 390 399 56 65 30 39
1443 5 0 9 56 65 40 49
1444 5 10 19 56 65 40 49
1445 5 20 29 56 65 40 49
1446 5 30 39 56 65 40 49
1447 5 40 49 56 65 40 49
1448 5 50 59 56 65 40 49
1449 5 60 69 56 65 40 49
1450 5 70 79 56 65 40 49
1451 5 80 89 56 65 40 49
1452 5 90 99 56 65 40 49
1453 5 100 109 56 65 40 49
1454 5 110 119 56 65 40 49
1455 5 120 129 56 65 40 49
1456 5 130 139 56 65 40 49
1457 5 140 149 56 65 40 49
1458 5 150 159 56 65 40 49
1459 5 160 169 56 65 40 49
1460 5 170 179 56 65 40 49
1461 5 180 189 56 65 40 49
1462 5 190 199 56 65 40 49
1463 5 200 209 56 65 40 49
1464 5 210 219 56 65 40 49
1465 5 220 229 56 65 40 49
1466 5 230 239 56 65 40 49
1467 5 240 249 56 65 40 49
1468 5 250 259 56 65 40 49
1469 5 260 269 56 65 40 49
1470 5 270 279 56 65 40 49
1471 5 280 289 56 65 40 49
1472 5 290 299 56 65 40 49
1473 5 300 309 56 65 40 49
1474 5 310 319 56 65 40 49
1475 5 320 329 56 65 40 49
1476 5 330 339 56 65 40 49
1477 5 340 349 56 65 40 49
1478 5 350 359 56 65 40 49
1479 5 360 369 56 65 40 49
1480 5 370 379 56 65 40 49
1481 5 380 389 56 65 40 49
1482 5 390 399 56 65 40 49
1483 5 0 9 56 65 50 59
1484 5 10 19 56 65 50 59
1485 5 20 29 56 65 50 59
1486 5 30 39 56 65 50 59
1487 5 40 49 56 65 50 59
1488 5 50 59 56 65 50 59
1489 5 60 69 56 65 50 59
1490 5 70 79 56 65 50 59
1491 5 80 89 56 65 50 59
1492 5 90 99 56 65 50 59
1493 5 100 109 56 65 50 59
1494 5 110 119 56 65 50 59
1495 5 120 129 56 65 50 59
1496 5 130 139 56 65 50 59
1497 5 140 149 56 65 50 59
1498 5 150 159 56 65 50 59
1499 5 160 169 56 65 50 59
1500 5 170 179 56 65 50 59
1501 5 180 189 56 65 50 59
1502 5 190 199 56 65 50 59
1503 5 200 209 56 65 50 59
1504 5 210 219 56 65 50 59
1505 5 220 229 56 65 50 59
1506 5 230 239 56 65 50 59
1507 5 240 249 56 65 50 59
1508 5 250 259 56 65 50 59
1509 5 260 269 56 65 50 59
1510 5 270 279 56 65 50 59
1511 5 280 289 56 65 50 59
1512 5 290 299 56 65 50 59
1513 5 300 309 56 65 50 59
1514 5 310 319 56 65 50 59
1515 5 320 329 56 65 50 59
1516 5 330 339 56 65 50 59
1517 5 340 349 56 65 50 59
1518 5 350 359 56 65 50 59
1519 5 360 369 56 65 50 59
1520 5 370 379 56 65 50 59
1521 5 380 389 56 65 50 59
1522 5 390 399 56 65 50 59
1523 5 0 9 56 65 60 69
1524 5 10 19 56 65 60 69
1525 5 20 29 56 65 60 69
1526 5 30 39 56 65 60 69
1527 5 40 49 56 65 60 69
1528 5 50 59 56 65 60 69
1529 5 60 69 56 65 60 69
1530 5 70 79 56 65 60 69
1531 5 80 89 56 65 60 69
1532 5 90 99 56 65 60 69
1533 5 100 109 56 65 60 69
1534 5 110 119 56 65 60 69
1535 5 120 129 56 65 60 69
1536 5 130 139 56 65 60 69
1537 5 140 149 56 65 60 69
1538 5 150 159 56 65 60 69
1539 5 160 169 56 65 60 69
1540 5 170 179 56 65 60 69
1541 5 180 189 56 65 60 69
1542 5 190 199 56 65 60 69
1543 5 200 209 56 65 60 69
1544 5 210 219 56 65 60 69
1545 5 220 229 56 65 60 69
1546 5 230 239 56 65 60 69
1547 5 240 249 56 65 60 69
1548 5 250 259 56 65 60 69
1549 5 260 269 56 65 60 69
1550 5 270 279 56 65 60 69
1551 5 280 289 56 65 60 69
1552 5 290 299 56 65 60 69
1553 5 300 309 56 65 60 69
1554 5 310 319 56 65 60 69
1555 5 320 329 56 65 60 69
1556 5 330 339 56 65 60 69
1557 5 340 349 56 65 60 69
1558 5 350 359 56 65 60 69
1559 5 360 369 56 65 60 69
1560 5 370 379 56 65 60 69
1561 5 380 389 56 65 60 69
1562 5 390 399 56 65 60 69
1563 5 0 9 56 65 70 79
1564 5 10 19 56 65 70 79
1565 5 20 29 56 65 70 79
1566 5 30 39 56 65 70 79
1567 5 40 49 56 65 70 79
1568 5 50 59 56 65 70 79
1569 5 60 69 56 65 70 79
1570 5 70 79 56 65 70 79
1571 5 80 89 56 65 70 79
1572 5 90 99 56 65 70 79
1573 5 100 109 56 65 70 79
1574 5 110 119 56 65 70 79
1575 5 120 129 56 65 70 79
1576 5 130 139 56 65 70 79
1577 5 140 149 56 65 70 79
1578 5 150 159 56 65 70 79
1579 5 160 169 56 65 70 79
1580 5 170 179 56 65 70 79
1581 5 180 189 56 65 70 79
1582 5 190 199 56 65 70 79
1583 5 200 209 56 65 70 79
1584 5 210 219 56 65 70 79
1585 5 220 229 56 65 70 79
1586 5 230 239 56 65 70 79
1587 5 240 249 56 65 70 79
1588 5 250 259 56 65 70 79
1589 5 260 269 56 65 70 79
1590 5 270 279 56 65 70 79
1591 5 280 289 56 65 70 79
1592 5 290 299 56 65 70 79
1593 5 300 309 56 65 70 79
1594 5 310 319 56 65 70 79
1595 5 320 329 56 65 70 79
1596 5 330 339 56 65 70 79
1597 5 340 349 56 65 70 79
1598 5 350 359 56 65 70 79
1599 5 360 369 56 65 70 79
1600 5 370 379 56 65 70 79
1601 5 380 389 56 65 70 79
1602 5 390 399 56 65 70 79
1603 5 0 9 66 75 0 9
1604 5 10 19 66 75 0 9
1605 5 20 29 66 75 0 9
1606 5 30 39 66 75 0 9
1607 5 40 49 66 75 0 9
1608 5 50 59 66 75 0 9
1609 5 60 69 66 75 0 9
1610 5 70 79 66 75 0 9
1611 5 80 89 66 75 0 9
1612 5 90 99 66 75 0 9
1613 5 100 109 66 75 0 9
1614 5 110 119 66 75 0 9
1615 5 120 129 66 75 0 9
1616 5 130 139 66 75 0 9
1617 5 140 149 66 75 0 9
1618 5 150 159 66 75 0 9
1619 5 160 169 66 75 0 9
1620 5 170 179 66 75 0 9
1621 5 180 189 66 75 0 9
1622 5 190 199 66 75 0 9
1623 5 200 209 66 75 0 9
1624 5 210 219 66 75 0 9
1625 5 220 229 66 75 0 9
1626 5 230 239 66 75 0 9
1627 5 240 249 66 75 0 9
1628 5 250 259 66 75 0 9
1629 5 260 269 66 75 0 9
1630 5 270 279 66 75 0 9
1631 5 280 289 66 75 0 9
1632 5 290 299 66 75 0 9
1633 5 300 309 66 75 0 9
1634 5 310 319 66 75 0 9
1635 5 320 329 66 75 0 9
1636 5 330 339 66 75 0 9
1637 5 340 349 66 75 0 9
1638 5 350 359 66 75 0 9
1639 5 360 369 66 75 0 9
1640 5 370 379 66 75 0 9
1641 5 380 389 66 75 0 9
1642 5 390 399 66 75 0 9
1643 5 0 9 66 75 10 19
1644 5 10 19 66 75 10 19
1645 5 20 29 66 75 10 19
1646 5 30 39 66 75 10 19
1647 5 40 49 66 75 10 19
1648 5 50 59 66 75 10 19
1649 5 60 69 66 75 10 19
1650 5 70 79 66 75 10 19
1651 5 80 89 66 75 10 19
1652 5 90 99 66 75 10 19
1653 5 100 109 66 75 10 19
1654 5 110 119 66 75 10 19
1655 5 120 129 66 75 10 19
1656 5 130 139 66 75 10 19
1657 5 140 149 66 75 10 19
1658 5 150 159 66 75 10 19
1659 5 160 169 66 75 10 19
1660 5 170 179 66 75 10 19
1661 5 180 189 66 75 10 19
1662 5 190 199 66 75 10 19
1663 5 200 209 66 75 10 19
1664 5 210 219 66 75 10 19
1665 5 220 229 66 75 10 19
1666 5 230 239 66 75 10 19
1667 5 240 249 66 75 10 19
1668 5 250 259 66 75 10 19
1669 5 260 269 66 75 10 19
1670 5 270 279 66 75 10 19
1671 5 280 289 66 75 10 19
1672 5 290 299 66 75 10 19
1673 5 300 309 66 75 10 19
1674 5 310 319 66 75 10 19
1675 5 320 329 66 75 10 19
1676 5 330 339 66 75 10 19
1677 5 340 349 66 75 10 19
1678 5 350 359 66 75 10 19
1679 5 360 369 66 75 10 19
1680 5 370 379 66 75 10 19
1681 5 380 389 66 75 10 19
1682 5 390 399 66 75 10 19
1683 5 0 9 66 75 20 29
1684 5 10 19 66 75 20 29
1685 5 20 29 66 75 20 29
1686 5 30 39 66 75 20 29
1687 5 40 49 66 75 20 29
1688 5 50 59 66 75 20 29
1689 5 60 69 66 75 20 29
1690 5 70 79 66 75 20 29
1691 5 80 89 66 75 20 29
1692 5 90 99 66 75 20 29
1693 5 100 109 66 75 20 29
1694 5 110 119 66 75 20 29
1695 5 120 129 66 75 20 29
1696 5 130 139 66 75 20 29
1697 5 140 149 66 75 20 29
1698 5 150 159 66 75 20 29
1699 5 160 169 66 75 20 29
1700 5 170 179 66 75 20 29
1701 5 180 189 66 75 20 29
1702 5 190 199 66 75 20 29
1703 5 200 209 66 75 20 29
1704 5 210 219 66 75 20 29
1705 5 220 229 66 75 20 29
1706 5 230 239 66 75 20 29
1707 5 240 249 66 75 20 29
1708 5 250 259 66 75 20 29
1709 5 260 269 66 75 20 29
1710 5 270 279 66 75 20 29
1711 5 280 289 66 75 20 29
1712 5 290 299 66 75 20 29
1713 5 300 309 66 75 20 29
1714 5 310 319 66 75 20 29
1715 5 320 329 66 75 20 29
1716 5 330 339 66 75 20 29
1717 5 340 349 66 75 20 29
1718 5 350 359 66 75 20 29
1719 5 360 369 66 75 20 29
1720 5 370 379 66 75 20 29
1721 5 380 389 66 75 20 29
1722 5 390 399 66 75 20 29
1723 5 0 9 66 75 30 39
1724 5 10 19 66 75 30 39
1725 5 20 29 66 75 30 39
1726 5 30 39 66 75 30 39
1727 5 40 49 66 75 30 39
1728 5 50 59 66 75 30 39
1729 5 60 69 66 75 30 39
1730 5 70 79 66 75 30 39
1731 5 80 89 66 75 30 39
1732 5 90 99 66 75 30 39
1733 5 100 109 66 75 30 39
1734 5 110 119 66 75 30 39
1735 5 120 129 66 75 30 39
1736 5 130 139 66 75 30 39
1737 5 140 149 66 75 30 39
1738 5 150 159 66 75 30 39
1739 5 160 169 66 75 30 39
1740 5 170 179 66 75 30 39
1741 5 180 189 66 75 30 39
1742 5 190 199 66 75 30 39
1743 5 200 209 66 75 30 39
1744 5 210 219 66 75 30 39
1745 5 220 229 66 75 30 39
1746 5 230 239 66 75 30 39
1747 5 240 249 66 75 30 39
1748 5 250 259 66 75 30 39
1749 5 260 269 66 75 30 39
1750 5 270 279 66 75 30 39
1751 5 280 289 66 75 30 39
1752 5 290 299 66 75 30 39
1753 5 300 309 66 75 30 39
1754 5 310 319 66 75 30 39
1755 5 320 329 66 75 30 39
1756 5 330 339 66 75 30 39
1757 5 340 349 66 75 30 39
1758 5 350 359 66 75 30 39
1759 5 360 369 66 75 30 39
1760 5 370 379 66 75 30 39
1761 5 380 389 66 75 30 39
1762 5 390 399 66 75 30 39
1763 5 0 9 66 75 40 49
1764 5 10 19 66 75 40 49
1765 5 20 29 66 75 40 49
1766 5 30 39 66 75 40 49
1767 5 40 49 66 75 40 49
1768 5 50 59 66 75 40 49
1769 5 60 69 66 75 40 49
1770 5 70 79 66 75 40 49
1771 5 80 89 66 75 40 49
1772 5 90 99 66 75 40 49
1773 5 100 109 66 75 40 49
1774 5 110 119 66 75 40 49
1775 5 120 129 66 75 40 49
1776 5 130 139 66 75 40 49
1777 5 140 149 66 75 40 49
1778 5 150 159 66 75 40 49
1779 5 160 169 66 75 40 49
1780 5 170 179 66 75 40 49
1781 5 180 189 66 75 40 49
1782 5 190 199 66 75 40 49
1783 5 200 209 66 75 40 49
1784 5 210 219 66 75 40 49
1785 5 220 229 66 75 40 49
1786 5 230 239 66 75 40 49
1787 5 240 249 66 75 40 49
1788 5 250 259 66 75 40 49
1789 5 260 269 66 75 40 49
1790 5 270 279 66 75 40 49
1791 5 280 289 66 75 40 49
1792 5 290 299 66 75 40 49
1793 5 300 309 66 75 40 49
1794 5 310 319 66 75 40 49
1795 5 320 329 66 75 40 49
1796 5 330 339 66 75 40 49
1797 5 340 349 66 75 40 49
1798 5 350 359 66 75 40 49
1799 5 360 369 66 75 40 49
1800 5 370 379 66 75 40 49
1801 5 380 389 66 75 40 49
1802 5 390 399 66 75 40 49
1803 5 0 9 66 75 50 59
1804 5 10 19 66 75 50 59
1805 5 20 29 66 75 50 59
1806 5 30 39 66 75 50 59
1807 5 40 49 66 75 50 59
1808 5 50 59 66 75 50 59
1809 5 60 69 66 75 50 59
1810 5 70 79 66 75 50 59
1811 5 80 89 66 75 50 59
1812 5 90 99 66 75 50 59
1813 5 100 109 66 75 50 59
1814 5 110 119 66 75 50 59
1815 5 120 129 66 75 50 59
1816 5 130 139 66 75 50 59
1817 5 140 149 66 75 50 59
1818 5 150 159 66 75 50 59
1819 5 160 169 66 75 50 59
1820 5 170 179 66 75 50 59
1821 5 180 189 66 75 50 59
1822 5 190 199 66 75 50 59
1823 5 200 209 66 75 50 59
1824 5 210 219 66 75 50 59
1825 5 220 229 66 75 50 59
1826 5 230 239 66 75 50 59
1827 5 240 249 66 75 50 59
1828 5 250 259 66 75 50 59
1829 5 260 269 66 75 50 59
1830 5 270 279 66 75 50 59
1831 5 280 289 66 75 50 59
1832 5 290 299 66 75 50 59
1833 5 300 309 66 75 50 59
1834 5 310 319 66 75 50 59
1835 5 320 329 66 75 50 59
1836 5 330 339 66 75 50 59
1837 5 340 349 66 75 50 59
1838 5 350 359 66 75 50 59
1839 5 360 369 66 75 50 59
1840 5 370 379 66 75 50 59
1841 5 380 389 66 75 50 59
1842 5 390 399 66 75 50 59
1843 5 0 9 66 75 60 69
1844 5 10 19 66 75 60 69
1845 5 20 29 66 75 60 69
1846 5 30 39 66 75 60 69
1847 5 40 49 66 75 60 69
1848 5 50 59 66 75 60 69
1849 5 60 69 66 75 60 69
1850 5 70 79 66 75 60 69
1851 5 80 89 66 75 60 69
1852 5 90 99 66 75 60 69
1853 5 100 109 66 75 60 69
1854 5 110 119 66 75 60 69
1855 5 120 129 66 75 60 69
1856 5 130 139 66 75 60 69
1857 5 140 149 66 75 60 69
1858 5 150 159 66 75 60 69
1859 5 160 169 66 75 60 69
1860 5 170 179 66 75 60 69
1861 5 180 189 66 75 60 69
1862 5 190 199 66 75 60 69
1863 5 200 209 66 75 60 69
1864 5 210 219 66 75 60 69
1865 5 220 229 66 75 60 69
1866 5 230 239 66 75 60 69
1867 5 240 249 66 75 60 69
1868 5 250 259 66 75 60 69
1869 5 260 269 66 75 60 69
1870 5 270 279 66 75 60 69
1871 5 280 289 66 75 60 69
1872 5 290 299 66 75 60 69
1873 5 300 309 66 75 60 69
1874 5 310 319 66 75 60 69
1875 5 320 329 66 75 60 69
1876 5 330 339 66 75 60 69
1877 5 340 349 66 75 60 69
1878 5 350 359 66 75 60 69
1879 5 360 369 66 75 60 69
1880 5 370 379 66 75 60 69
1881 5 380 389 66 75 60 69
1882 5 390 399 66 75 60 69
1883 5 0 9 66 75 70 79
1884 5 10 19 66 75 70 79
1885 5 20 29 66 75 70 79
1886 5 30 39 66 75 70 79
1887 5 40 49 66 75 70 79
1888 5 50 59 66 75 70 79
1889 5 60 69 66 75 70 79
1890 5 70 79 66 75 70 79
1891 5 80 89 66 75 70 79
1892 5 90 99 66 75 70 79
1893 5 100 109 66 75 70 79
1894 5 110 119 66 75 70 79
1895 5 120 129 66 75 70 79
1896 5 130 139 66 75 70 79
1897 5 140 149 66 75 70 79
1898 5 150 159 66 75 70 79
1899 5 160 169 66 75 70 79
1900 5 170 179 66 75 70 79
1901 5 180 189 66 75 70 79
1902 5 190 199 66 75 70 79
1903 5 200 209 66 75 70 79
1904 5 210 219 66 75 70 79
1905 5 220 229 66 75 70 79
1906 5 230 239 66 75 70 79
1907 5 240 249 66 75 70 79
1908 5 250 259 66 75 70 79
1909 5 260 269 66 75 70 79
1910 5 270 279 66 75 70 79
1911 5 280 289 66 75 70 79
1912 5 290 299 66 75 70 79
1913 5 300 309 66 75 70 79
1914 5 310 319 66 75 70 79
1915 5 320 329 66 75 70 79
1916 5 330 339 66 75 70 79
1917 5 340 349 66 75 70 79
1918 5 350 359 66 75 70 79
1919 5 360 369 66 75 70 79
1920 5 370 379 66 75 70 79
1921 5 380 389 66 75 70 79
1922 5 390 399 66 75 70 79
1923 5 0 9 76 85 0 9
1924 5 10 19 76 85 0 9
1925 5 20 29 76 85 0 9
1926 5 30 39 76 85 0 9
1927 5 40 49 76 85 0 9
1928 5 50 59 76 85 0 9
1929 5 60 69 76 85 0 9
1930 5 70 79 76 85 0 9
1931 5 80 89 76 85 0 9
1932 5 90 99 76 85 0 9
1933 5 100 109 76 85 0 9
1934 5 110 119 76 85 0 9
1935 5 120 129 76 85 0 9
1936 5 130 139 76 85 0 9
1937 5 140 149 76 85 0 9
1938 5 150 159 76 85 0 9
1939 5 160 169 76 85 0 9
1940 5 170 179 76 85 0 9
1941 5 180 189 76 85 0 9
1942 5 190 199 76 85 0 9
1943 5 200 209 76 85 0 9
1944 5 210 219 76 85 0 9
1945 5 220 229 76 85 0 9
1946 5 230 239 76 85 0 9
1947 5 240 249 76 85 0 9
1948 5 250 259 76 85 0 9
1949 5 260 269 76 85 0 9
1950 5 270 279 76 85 0 9
1951 5 280 289 76 85 0 9
1952 5 290 299 76 85 0 9
1953 5 300 309 76 85 0 9
1954 5 310 319 76 85 0 9
1955 5 320 329 76 85 0 9
1956 5 330 339 76 85 0 9
1957 5 340 349 76 85 0 9
1958 5 350 359 76 85 0 9
1959 5 360 369 76 85 0 9
1960 5 370 379 76 85 0 9
1961 5 380 389 76 85 0 9
1962 5 390 399 76 85 0 9
1963 5 0 9 76 85 10 19
1964 5 10 19 76 85 10 19
1965 5 20 29 76 85 10 19
1966 5 30 39 76 85 10 19
1967 5 40 49 76 85 10 19
1968 5 50 59 76 85 10 19
1969 5 60 69 76 85 10 19
1970 5 70 79 76 85 10 19
1971 5 80 89 76 85 10 19
1972 5 90 99 76 85 10 19
1973 5 100 109 76 85 10 19
1974 5 110 119 76 85 10 19
1975 5 120 129 76 85 10 19
1976 5 130 139 76 85 10 19
1977 5 140 149 76 85 10 19
1978 5 150 159 76 85 10 19
1979 5 160 169 76 85 10 19
1980 5 170 179 76 85 10 19
1981 5 180 189 76 85 10 19
1982 5 190 199 76 85 10 19
1983 5 200 209 76 85 10 19
1984 5 210 219 76 85 10 19
1985 5 220 229 76 85 10 19
1986 5 230 239 76 85 10 19
1987 5 240 249 76 85 10 19
1988 5 250 259 76 85 10 19
1989 5 260 269 76 85 10 19
1990 5 270 279 76 85 10 19
1991 5 280 289 76 85 10 19
1992 5 290 299 76 85 10 19
1993 5 300 309 76 85 10 19
1994 5 310 319 76 85 10 19
1995 5 320 329 76 85 10 19
1996 5 330 339 76 85 10 19
1997 5 340 349 76 85 10 19
1998 5 350 359 76 85 10 19
1999 5 360 369 76 85 10 19
2000 5 370 379 76 85 10 19
2001 5 380 389 76 85 10 19
2002 5 390 399 76 85 10 19
2003 5 0 9 76 85 20 29
2004 5 10 19 76 85 20 29
2005 5 20 29 76 85 20 29
2006 5 30 39 76 85 20 29
2007 5 40 49 76 85 20 29
2008 5 50 59 76 85 20 29
2009 5 60 69 76 85 20 29
2010 5 70 79 76 85 20 29
2011 5 80 89 76 85 20 29
2012 5 90 99 76 85 20 29
2013 5 100 109 76 85 20 29
2014 5 110 119 76 85 20 29
2015 5 120 129 76 85 20 29
2016 5 130 139 76 85 20 29
2017 5 140 149 76 85 20 29
2018 5 150 159 76 85 20 29
2019 5 160 169 76 85 20 29
2020 5 170 179 76 85 20 29
2021 5 180 189 76 85 20 29
2022 5 190 199 76 85 20 29
2023 5 200 209 76 85 20 29
2024 5 210 219 76 85 20 29
2025 5 220 229 76 85 20 29
2026 5 230 239 76 85 20 29
2027 5 240 249 76 85 20 29
2028 5 250 259 76 85 20 29
2029 5 260 269 76 85 20 29
2030 5 270 279 76 85 20 29
2031 5 280 289 76 85 20 29
2032 5 290 299 76 85 20 29
2033 5 300 309 76 85 20 29
2034 5 310 319 76 85 20 29
2035 5 320 329 76 85 20 29
2036 5 330 339 76 85 20 29
2037 5 340 349 76 85 20 29
2038 5 350 359 76 85 20 29
2039 5 360 369 76 85 20 29
2040 5 370 379 76 85 20 29
2041 5 380 389 76 85 20 29
2042 5 390 399 76 85 20 29
2043 5 0 9 76 85 30 39
2044 5 10 19 76 85 30 39
2045 5 20 29 76 85 30 39
2046 5 30 39 76 85 30 39
2047 5 40 49 76 85 30 39
2048 5 50 59 76 85 30 39
2049 5 60 69 76 85 30 39
2050 5 70 79 76 85 30 39
2051 5 80 89 76 85 30 39
2052 5 90 99 76 85 30 39
2053 5 100 109 76 85 30 39
2054 5 110 119 76 85 30 39
2055 5 120 129 76 85 30 39
2056 5 130 139 76 85 30 39
2057 5 140 149 76 85 30 39
2058 5 150 159 76 85 30 39
2059 5 160 169 76 85 30 39
2060 5 170 179 76 85 30 39
2061 5 180 189 76 85 30 39
2062 5 190 199 76 85 30 39
2063 5 200 209 76 85 30 39
2064 5 210 219 76 85 30 39
2065 5 220 229 76 85 30 39
2066 5 230 239 76 85 30 39
2067 5 240 249 76 85 30 39
2068 5 250 259 76 85 30 39
2069 5 260 269 76 85 30 39
2070 5 270 279 76 85 30 39
2071 5 280 289 76 85 30 39
2072 5 290 299 76 85 30 39
2073 5 300 309 76 85 30 39
2074 5 310 319 76 85 30 39
2075 5 320 329 76 85 30 39
2076 5 330 339 76 85 30 39
2077 5 340 349 76 85 30 39
2078 5 350 359 76 85 30 39
2079 5 360 369 76 85 30 39
2080 5 370 379 76 85 30 39
2081 5 380 389 76 85 30 39
2082 5 390 399 76 85 30 39
2083 5 0 9 76 85 40 49
2084 5 10 19 76 85 40 49
2085 5 20 29 76 85 40 49
2086 5 30 39 76 85 40 49
2087 5 40 49 76 85 40 49
2088 5 50 59 76 85 40 49
2089 5 60 69 76 85 40 49
2090 5 70 79 76 85 40 49
2091 5 80 89 76 85 40 49
2092 5 90 99 76 85 40 49
2093 5 100 109 76 85 40 49
2094 5 110 119 76 85 40 49
2095 5 120 129 76 85 40 49
2096 5 130 139 76 85 40 49
2097 5 140 149 76 85 40 49
2098 5 150 159 76 85 40 49
2099 5 160 169 76 85 40 49
2100 5 170 179 76 85 40 49
2101 5 180 189 76 85 40 49
2102 5 190 199 76 85 40 49
2103 5 200 209 76 85 40 49
2104 5 210 219 76 85 40 49
2105 5 220 229 76 85 40 49
2106 5 230 239 76 85 40 49
2107 5 240 249 76 85 40 49
2108 5 250 259 76 85 40 49
2109 5 260 269 76 85 40 49
2110 5 270 279 76 85 40 49
2111 5 280 289 76 85 40 49
2112 5 290 299 76 85 40 49
2113 5 300 309 76 85 40 49
2114 5 310 319 76 85 40 49
2115 5 320 329 76 85 40 49
2116 5 330 339 76 85 40 49
2117 5 340 349 76 85 40 49
2118 5 350 359 76 85 40 49
2119 5 360 369 76 85 40 49
2120 5 370 379 76 85 40 49
2121 5 380 389 76 85 40 49
2122 5 390 399 76 85 40 49
2123 5 0 9 76 85 50 59
2124 5 10 19 76 85 50 59
2125 5 20 29 76 85 50 59
2126 5 30 39 76 85 50 59
2127 5 40 49 76 85 50 59
2128 5 50 59 76 85 50 59
2129 5 60 69 76 85 50 59
2130 5 70 79 76 85 50 59
2131 5 80 89 76 85 50 59
2132 5 90 99 76 85 50 59
2133 5 100 109 76 85 50 59
2134 5 110 119 76 85 50 59
2135 5 120 129 76 85 50 59
2136 5 130 139 76 85 50 59
2137 5 140 149 76 85 50 59
2138 5 150 159 76 85 50 59
2139 5 160 169 76 85 50 59
2140 5 170 179 76 85 50 59
2141 5 180 189 76 85 50 59
2142 5 190 199 76 85 50 59
2143 5 200 209 76 85 50 59
2144 5 210 219 76 85 50 59
2145 5 220 229 76 85 50 59
2146 5 230 239 76 85 50 59
2147 5 240 249 76 85 50 59
2148 5 250 259 76 85 50 59
2149 5 260 269 76 85 50 59
2150 5 270 279 76 85 50 59
2151 5 280 289 76 85 50 59
2152 5 290 299 76 85 50 59
2153 5 300 309 76 85 50 59
2154 5 310 319 76 85 50 59
2155 5 320 329 76 85 50 59
2156 5 330 339 76 85 50 59
2157 5 340 349 76 85 50 59
2158 5 350 359 76 85 50 59
2159 5 360 369 76 85 50 59
2160 5 370 379 76 85 50 59
2161 5 380 389 76 85 50 59
2162 5 390 399 76 85 50 59
2163 5 0 9 76 85 60 69
2164 5 10 19 76 85 60 69
2165 5 20 29 76 85 60 69
2166 5 30 39 76 85 60 69
2167 5 40 49 76 85 60 69
2168 5 50 59 76 85 60 69
2169 5 60 69 76 85 60 69
2170 5 70 79 76 85 60 69
2171 5 80 89 76 85 60 69
2172 5 90 99 76 85 60 69
2173 5 100 109 76 85 60 69
2174 5 110 119 76 85 60 69
2175 5 120 129 76 85 60 69
2176 5 130 139 76 85 60 69
2177 5 140 149 76 85 60 69
2178 5 150 159 76 85 60 69
2179 5 160 169 76 85 60 69
2180 5 170 179 76 85 60 69
2181 5 180 189 76 85 60 69
2182 5 190 199 76 85 60 69
2183 5 200 209 76 85 60 69
2184 5 210 219 76 85 60 69
2185 5 220 229 76 85 60 69
2186 5 230 239 76 85 60 69
2187 5 240 249 76 85 60 69
2188 5 250 259 76 85 60 69
2189 5 260 269 76 85 60 69
2190 5 270 279 76 85 60 69
2191 5 280 289 76 85 60 69
2192 5 290 299 76 85 60 69
2193 5 300 309 76 85 60 69
2194 5 310 319 76 85 60 69
2195 5 320 329 76 85 60 69
2196 5 330 339 76 85 60 69
2197 5 340 349 76 85 60 69
2198 5 350 359 76 85 60 69
2199 5 360 369 76 85 60 69
2200 5 370 379 76 85 60 69
2201 5 380 389 76 85 60 69
2202 5 390 399 76 85 60 69
2203 5 0 9 76 85 70 79
2204 5 10 19 76 85 70 79
2205 5 20 29 76 85 70 79
2206 5 30 39 76 85 70 79
2207 5 40 49 76 85 70 79
2208 5 50 59 76 85 70 79
2209 5 60 69 76 85 70 79
2210 5 70 79 76 85 70 79
2211 5 80 89 76 85 70 79
2212 5 90 99 76 85 70 79
2213 5 100 109 76 85 70 79
2214 5 110 119 76 85 70 79
2215 5 120 129 76 85 70 79
2216 5 130 139 76 85 70 79
2217 5 140 149 76 85 70 79
2218 5 150 159 76 85 70 79
2219 5 160 169 76 85 70 79
2220 5 170 179 76 85 70 79
2221 5 180 189 76 85 70 79
2222 5 190 199 76 85 70 79
2223 5 200 209 76 85 70 79
2224 5 210 219 76 85 70 79
2225 5 220 229 76 85 70 79
2226 5 230 239 76 85 70 79
2227 5 240 249 76 85 70 79
2228 5 250 259 76 85 70 79
2229 5 260 269 76 85 70 79
2230 5 270 279 76 85 70 79
2231 5 280 289 76 85 70 79
2232 5 290 299 76 85 70 79
2233 5 300 309 76 85 70 79
2234 5 310 319 76 85 70 79
2235 5 320 329 76 85 70 79
2236 5 330 339 76 85 70 79
2237 5 340 349 76 85 70 79
2238 5 350 359 76 85 70 79
2239 5 360 369 76 85 70 79
2240 5 370 379 76 85 70 79
2241 5 380 389 76 85 70 79
2242 5 390 399 76 85 70 79
2243 5 0 9 86 95 0 9
2244 5 10 19 86 95 0 9
2245 5 20 29 86 95 0 9
2246 5 30 39 86 95 0 9
2247 5 40 49 86 95 0 9
2248 5 50 59 86 95 0 9
2249 5 60 69 86 95 0 9
2250 5 70 79 86 95 0 9
2251 5 80 89 86 95 0 9
2252 5 90 99 86 95 0 9
2253 5 100 109 86 95 0 9
2254 5 110 119 86 95 0 9
2255 5 120 129 86 95 0 9
2256 5 130 139 86 95 0 9
2257 5 140 149 86 95 0 9
2258 5 150 159 86 95 0 9
2259 5 160 169 86 95 0 9
2260 5 170 179 86 95 0 9
2261 5 180 189 86 95 0 9
2262 5 190 199 86 95 0 9
2263 5 200 209 86 95 0 9
2264 5 210 219 86 95 0 9
2265 5 220 229 86 95 0 9
2266 5 230 239 86 95 0 9
2267 5 240 249 86 95 0 9
2268 5 250 259 86 95 0 9
2269 5 260 269 86 95 0 9
2270 5 270 279 86 95 0 9
2271 5 280 289 86 95 0 9
2272 5 290 299 86 95 0 9
2273 5 300 309 86 95 0 9
2274 5 310 319 86 95 0 9
2275 5 320 329 86 95 0 9
2276 5 330 339 86 95 0 9
2277 5 340 349 86 95 0 9
2278 5 350 359 86 95 0 9
2279 5 360 369 86 95 0 9
2280 5 370 379 86 95 0 9
2281 5 380 389 86 95 0 9
2282 5 390 399 86 95 0 9
2283 5 0 9 86 95 10 19
2284 5 10 19 86 95 10 19
2285 5 20 29 86 95 10 19
2286 5 30 39 86 95 10 19
2287 5 40 49 86 95 10 19
2288 5 50 59 86 95 10 19
2289 5 60 69 86 95 10 19
2290 5 70 79 86 95 10 19
2291 5 80 89 86 95 10 19
2292 5 90 99 86 95 10 19
2293 5 100 109 86 95 10 19
2294 5 110 119 86 95 10 19
2295 5 120 129 86 95 10 19
2296 5 130 139 86 95 10 19
2297 5 140 149 86 95 10 19
2298 5 150 159 86 95 10 19
2299 5 160 169 86 95 10 19
2300 5 170 179 86 95 10 19
2301 5 180 189 86 95 10 19
2302 5 190 199 86 95 10 19
2303 5 200 209 86 95 10 19
2304 5 210 219 86 95 10 19
2305 5 220 229 86 95 10 19
2306 5 230 239 86 95 10 19
2307 5 240 249 86 95 10 19
2308 5 250 259 86 95 10 19
2309 5 260 269 86 95 10 19
2310 5 270 279 86 95 10 19
2311 5 280 289 86 95 10 19
2312 5 290 299 86 95 10 19
2313 5 300 309 86 95 10 19
2314 5 310 319 86 95 10 19
2315 5 320 329 86 95 10 19
2316 5 330 339 86 95 10 19
2317 5 340 349 86 95 10 19
2318 5 350 359 86 95 10 19
2319 5 360 369 86 95 10 19
2320 5 370 379 86 95 10 19
2321 5 380 389 86 95 10 19
2322 5 390 399 86 95 10 19
2323 5 0 9 86 95 20 29
2324 5 10 19 86 95 20 29
2325 5 20 29 86 95 20 29
2326 5 30 39 86 95 20 29
2327 5 40 49 86 95 20 29
2328 5 50 59 86 95 20 29
2329 5 60 69 86 95 20 29
2330 5 70 79 86 95 20 29
2331 5 80 89 86 95 20 29
2332 5 90 99 86 95 20 29
2333 5 100 109 86 95 20 29
2334 5 110 119 86 95 20 29
2335 5 120 129 86 95 20 29
2336 5 130 139 86 95 20 29
2337 5 140 149 86 95 20 29
2338 5 150 159 86 95 20 29
2339 5 160 169 86 95 20 29
2340 5 170 179 86 95 20 29
2341 5 180 189 86 95 20 29
2342 5 190 199 86 95 20 29
2343 5 200 209 86 95 20 29
2344 5 210 219 86 95 20 29
2345 5 220 229 86 95 20 29
2346 5 230 239 86 95 20 29
2347 5 240 249 86 95 20 29
2348 5 250 259 86 95 20 29
2349 5 260 269 86 95 20 29
2350 5 270 279 86 95 20 29
2351 5 280 289 86 95 20 29
2352 5 290 299 86 95 20 29
2353 5 300 309 86 95 20 29
2354 5 310 319 86 95 20 29
2355 5 320 329 86 95 20 29
2356 5 330 339 86 95 20 29
2357 5 340 349 86 95 20 29
2358 5 350 359 86 95 20 29
2359 5 360 369 86 95 20 29
2360 5 370 379 86 95 20 29
2361 5 380 389 86 95 20 29
2362 5 390 399 86 95 20 29
2363 5 0 9 86 95 30 39
2364 5 10 19 86 95 30 39
2365 5 20 29 86 95 30 39
2366 5 30 39 86 95 30 39
2367 5 40 49 86 95 30 39
2368 5 50 59 86 95 30 39
2369 5 60 69 86 95 30 39
2370 5 70 79 86 95 30 39
2371 5 80 89 86 95 30 39
2372 5 90 99 86 95 30 39
2373 5 100 109 86 95 30 39
2374 5 110 119 86 95 30 39
2375 5 120 129 86 95 30 39
2376 5 130 139 86 95 30 39
2377 5 140 149 86 95 30 39
2378 5 150 159 86 95 30 39
2379 5 160 169 86 95 30 39
2380 5 170 179 86 95 30 39
2381 5 180 189 86 95 30 39
2382 5 190 199 86 95 30 39
2383 5 200 209 86 95 30 39
2384 5 210 219 86 95 30 39
2385 5 220 229 86 95 30 39
2386 5 230 239 86 95 30 39
2387 5 240 249 86 95 30 39
2388 5 250 259 86 95 30 39
2389 5 260 269 86 95 30 39
2390 5 270 279 86 95 30 39
2391 5 280 289 86 95 30 39
2392 5 290 299 86 95 30 39
2393 5 300 309 86 95 30 39
2394 5 310 319 86 95 30 39
2395 5 320 329 86 95 30 39
2396 5 330 339 86 95 30 39
2397 5 340 349 86 95 30 39
2398 5 350 359 86 95 30 39
2399 5 360 369 86 95 30 39
2400 5 370 379 86 95 30 39
2401 5 380 389 86 95 30 39
2402 5 390 399 86 95 30 39
2403 5 0 9 86 95 40 49
2404 5 10 19 86 95 40 49
2405 5 20 29 86 95 40 49
2406 5 30 39 86 95 40 49
2407 5 40 49 86 95 40 49
2408 5 50 59 86 95 40 49
2409 5 60 69 86 95 40 49
2410 5 70 79 86 95 40 49
2411 5 80 89 86 95 40 49
2412 5 90 99 86 95 40 49
2413 5 100 109 86 95 40 49
2414 5 110 119 86 95 40 49
2415 5 120 129 86 95 40 49
2416 5 130 139 86 95 40 49
2417 5 140 149 86 95 40 49
2418 5 150 159 86 95 40 49
2419 5 160 169 86 95 40 49
2420 5 170 179 86 95 40 49
2421 5 180 189 86 95 40 49
2422 5 190 199 86 95 40 49
2423 5 200 209 86 95 40 49
2424 5 210 219 86 95 40 49
2425 5 220 229 86 95 40 49
2426 5 230 239 86 95 40 49
2427 5 240 249 86 95 40 49
2428 5 250 259 86 95 40 49
2429 5 260 269 86 95 40 49
2430 5 270 279 86 95 40 49
2431 5 280 289 86 95 40 49
2432 5 290 299 86 95 40 49
2433 5 300 309 86 95 40 49
2434 5 310 319 86 95 40 49
2435 5 320 329 86 95 40 49
2436 5 330 339 86 95 40 49
2437 5 340 349 86 95 40 49
2438 5 350 359 86 95 40 49
2439 5 360 369 86 95 40 49
2440 5 370 379 86 95 40 49
2441 5 380 389 86 95 40 49
2442 5 390 399 86 95 40 49
2443 5 0 9 86 95 50 59
2444 5 10 19 86 95 50 59
2445 5 20 29 86 95 50 59
2446 5 30 39 86 95 50 59
2447 5 40 49 86 95 50 59
2448 5 50 59 86 95 50 59
2449 5 60 69 86 95 50 59
2450 5 70 79 86 95 50 59
2451 5 80 89 86 95 50 59
2452 5 90 99 86 95 50 59
2453 5 100 109 86 95 50 59
2454 5 110 119 86 95 50 59
2455 5 120 129 86 95 50 59
2456 5 130 139 86 95 50 59
2457 5 140 149 86 95 50 59
2458 5 150 159 86 95 50 59
2459 5 160 169 86 95 50 59
2460 5 170 179 86 95 50 59
2461 5 180 189 86 95 50 59
2462 5 190 199 86 95 50 59
2463 5 200 209 86 95 50 59
2464 5 210 219 86 95 50 59
2465 5 220 229 86 95 50 59
2466 5 230 239 86 95 50 59
2467 5 240 249 86 95 50 59
2468 5 250 259 86 95 50 59
2469 5 260 269 86 95 50 59
2470 5 270 279 86 95 50 59
2471 5 280 289 86 95 50 59
2472 5 290 299 86 95 50 59
2473 5 300 309 86 95 50 59
2474 5 310 319 86 95 50 59
2475 5 320 329 86 95 50 59
2476 5 330 339 86 95 50 59
2477 5 340 349 86 95 50 59
2478 5 350 359 86 95 50 59
2479 5 360 369 86 95 50 59
2480 5 370 379 86 95 50 59
2481 5 380 389 86 95 50 59
2482 5 390 399 86 95 50 59
2483 5 0 9 86 95 60 69
2484 5 10 19 86 95 60 69
2485 5 20 29 86 95 60 69
2486 5 30 39 86 95 60 69
2487 5 40 49 86 95 60 69
2488 5 50 59 86 95 60 69
2489 5 60 69 86 95 60 69
2490 5 70 79 86 95 60 69
2491 5 80 89 86 95 60 69
2492 5 90 99 86 95 60 69
2493 5 100 109 86 95 60 69
2494 5 110 119 86 95 60 69
2495 5 120 129 86 95 60 69
2496 5 130 139 86 95 60 69
2497 5 140 149 86 95 60 69
2498 5 150 159 86 95 60 69
2499 5 160 169 86 95 60 69
2500 5 170 179 86 95 60 69
2501 5 180 189 86 95 60 69
2502 5 190 199 86 95 60 69
2503 5 200 209 86 95 60 69
2504 5 210 219 86 95 60 69
2505 5 220 229 86 95 60 69
2506 5 230 239 86 95 60 69
2507 5 240 249 86 95 60 69
2508 5 250 259 86 95 60 69
2509 5 260 269 86 95 60 69
2510 5 270 279 86 95 60 69
2511 5 280 289 86 95 60 69
2512 5 290 299 86 95 60 69
2513 5 300 309 86 95 60 69
2514 5 310 319 86 95 60 69
2515 5 320 329 86 95 60 69
2516 5 330 339 86 95 60 69
2517 5 340 349 86 95 60 69
2518 5 350 359 86 95 60 69
2519 5 360 369 86 95 60 69
2520 5 370 379 86 95 60 69
2521 5 380 389 86 95 60 69
2522 5 390 399 86 95 60 69
2523 5 0 9 86 95 70 79
2524 5 10 19 86 95 70 79
2525 5 20 29 86 95 70 79
2526 5 30 39 86 95 70 79
2527 5 40 49 86 95 70 79
2528 5 50 59 86 95 70 79
2529 5 60 69 86 95 70 79
2530 5 70 79 86 95 70 79
2531 5 80 89 86 95 70 79
2532 5 90 99 86 95 70 79
2533 5 100 109 86 95 70 79
2534 5 110 119 86 95 70 79
2535 5 120 129 86 95 70 79
2536 5 130 139 86 95 70 79
2537 5 140 149 86 95 70 79
2538 5 150 159 86 95 70 79
2539 5 160 169 86 95 70 79
2540 5 170 179 86 95 70 79
2541 5 180 189 86 95 70 79
2542 5 190 199 86 95 70 79
2543 5 200 209 86 95 70 79
2544 5 210 219 86 95 70 79
2545 5 220 229 86 95 70 79
2546 5 230 239 86 95 70 79
2547 5 240 249 86 95 70 79
2548 5 250 259 86 95 70 79
2549 5 260 269 86 95 70 79
2550 5 270 279 86 95 70 79
2551 5 280 289 86 95 70 79
2552 5 290 299 86 95 70 79
2553 5 300 309 86 95 70 79
2554 5 310 319 86 95 70 79
2555 5 320 329 86 95 70 79
2556 5 330 339 86 95 70 79
2557 5 340 349 86 95 70 79
2558 5 350 359 86 95 70 79
2559 5 360 369 86 95 70 79
2560 5 370 379 86 95 70 79
2561 5 380 389 86 95 70 79
2562 5 390 399 86 95 70 79
2563 5 0 9 96 105 0 9
2564 5 10 19 96 105 0 9
2565 5 20 29 96 105 0 9
2566 5 30 39 96 105 0 9
2567 5 40 49 96 105 0 9
2568 5 50 59 96 105 0 9
2569 5 60 69 96 105 0 9
2570 5 70 79 96 105 0 9
2571 5 80 89 96 105 0 9
2572 5 90 99 96 105 0 9
2573 5 100 109 96 105 0 9
2574 5 110 119 96 105 0 9
2575 5 120 129 96 105 0 9
2576 5 130 139 96 105 0 9
2577 5 140 149 96 105 0 9
2578 5 150 159 96 105 0 9
2579 5 160 169 96 105 0 9
2580 5 170 179 96 105 0 9
2581 5 180 189 96 105 0 9
2582 5 190 199 96 105 0 9
2583 5 200 209 96 105 0 9
2584 5 210 219 96 105 0 9
2585 5 220 229 96 105 0 9
2586 5 230 239 96 105 0 9
2587 5 240 249 96 105 0 9
2588 5 250 259 96 105 0 9
2589 5 260 269 96 105 0 9
2590 5 270 279 96 105 0 9
2591 5 280 289 96 105 0 9
2592 5 290 299 96 105 0 9
2593 5 300 309 96 105 0 9
2594 5 310 319 96 105 0 9
2595 5 320 329 96 105 0 9
2596 5 330 339 96 105 0 9
2597 5 340 349 96 105 0 9
2598 5 350 359 96 105 0 9
2599 5 360 369 96 105 0 9
2600 5 370 379 96 105 0 9
2601 5 380 389 96 105 0 9
2602 5 390 399 96 105 0 9
2603 5 0 9 96 105 10 19
2604 5 10 19 96 105 10 19
2605 5 20 29 96 105 10 19
2606 5 30 39 96 105 10 19
2607 5 40 49 96 105 10 19
2608 5 50 59 96 105 10 19
2609 5 60 69 96 105 10 19
2610 5 70 79 96 105 10 19
2611 5 80 89 96 105 10 19
2612 5 90 99 96 105 10 19
2613 5 100 109 96 105 10 19
2614 5 110 119 96 105 10 19
2615 5 120 129 96 105 10 19
2616 5 130 139 96 105 10 19
2617 5 140 149 96 105 10 19
2618 5 150 159 96 105 10 19
2619 5 160 169 96 105 10 19
2620 5 170 179 96 105 10 19
2621 5 180 189 96 105 10 19
2622 5 190 199 96 105 10 19
2623 5 200 209 96 105 10 19
2624 5 210 219 96 105 10 19
2625 5 220 229 96 105 10 19
2626 5 230 239 96 105 10 19
2627 5 240 249 96 105 10 19
2628 5 250 259 96 105 10 19
2629 5 260 269 96 105 10 19
2630 5 270 279 96 105 10 19
2631 5 280 289 96 105 10 19
2632 5 290 299 96 105 10 19
2633 5 300 309 96 105 10 19
2634 5 310 319 96 105 10 19
2635 5 320 329 96 105 10 19
2636 5 330 339 96 105 10 19
2637 5 340 349 96 105 10 19
2638 5 350 359 96 105 10 19
2639 5 360 369 96 105 10 19
2640 5 370 379 96 105 10 19
2641 5 380 389 96 105 10 19
2642 5 390 399 96 105 10 19
2643 5 0 9 96 105 20 29
2644 5 10 19 96 105 20 29
2645 5 20 29 96 105 20 29
2646 5 30 39 96 105 20 29
2647 5 40 49 96 105 20 29
2648 5 50 59 96 105 20 29
2649 5 60 69 96 105 20 29
2650 5 70 79 96 105 20 29
2651 5 80 89 96 105 20 29
2652 5 90 99 96 105 20 29
2653 5 100 109 96 105 20 29
2654 5 110 119 96 105 20 29
2655 5 120 129 96 105 20 29
2656 5 130 139 96 105 20 29
2657 5 140 149 96 105 20 29
2658 5 150 159 96 105 20 29
2659 5 160 169 96 105 20 29
2660 5 170 179 96 105 20 29
2661 5 180 189 96 105 20 29
2662 5 190 199 96 105 20 29
2663 5 200 209 96 105 20 29
2664 5 210 219 96 105 20 29
2665 5 220 229 96 105 20 29
2666 5 230 239 96 105 20 29
2667 5 240 249 96 105 20 29
2668 5 250 259 96 105 20 29
2669 5 260 269 96 105 20 29
2670 5 270 279 96 105 20 29
2671 5 280 289 96 105 20 29
2672 5 290 299 96 105 20 29
2673 5 300 309 96 105 20 29
2674 5 310 319 96 105 20 29
2675 5 320 329 96 105 20 29
2676 5 330 339 96 105 20 29
2677 5 340 349 96 105 20 29
2678 5 350 359 96 105 20 29
2679 5 360 369 96 105 20 29
2680 5 370 379 96 105 20 29
2681 5 380 389 96 105 20 29
2682 5 390 399 96 105 20 29
2683 5 0 9 96 105 30 39
2684 5 10 19 96 105 30 39
2685 5 20 29 96 105 30 39
2686 5 30 39 96 105 30 39
2687 5 40 49 96 105 30 39
2688 5 50 59 96 105 30 39
2689 5 60 69 96 105 30 39
2690 5 70 79 96 105 30 39
2691 5 80 89 96 105 30 39
2692 5 90 99 96 105 30 39
2693 5 100 109 96 105 30 39
2694 5 110 119 96 105 30 39
2695 5 120 129 96 105 30 39
2696 5 130 139 96 105 30 39
2697 5 140 149 96 105 30 39
2698 5 150 159 96 105 30 39
2699 5 160 169 96 105 30 39
2700 5 170 179 96 105 30 39
2701 5 180 189 96 105 30 39
2702 5 190 199 96 105 30 39
2703 5 200 209 96 105 30 39
2704 5 210 219 96 105 30 39
2705 5 220 229 96 105 30 39
2706 5 230 239 96 105 30 39
2707 5 240 249 96 105 30 39
2708 5 250 259 96 105 30 39
2709 5 260 269 96 105 30 39
2710 5 270 279 96 105 30 39
2711 5 280 289 96 105 30 39
2712 5 290 299 96 105 30 39
2713 5 300 309 96 105 30 39
2714 5 310 319 96 105 30 39
2715 5 320 329 96 105 30 39
2716 5 330 339 96 105 30 39
2717 5 340 349 96 105 30 39
2718 5 350 359 96 105 30 39
2719 5 360 369 96 105 30 39
2720 5 370 379 96 105 30 39
2721 5 380 389 96 105 30 39
2722 5 390 399 96 105 30 39
2723 5 0 9 96 105 40 49
2724 5 10 19 96 105 40 49
2725 5 20 29 96 105 40 49
2726 5 30 39 96 105 40 49
2727 5 40 49 96 105 40 49
2728 5 50 59 96 105 40 49
2729 5 60 69 96 105 40 49
2730 5 70 79 96 105 40 49
2731 5 80 89 96 105 40 49
2732 5 90 99 96 105 40 49
2733 5 100 109 96 105 40 49
2734 5 110 119 96 105 40 49
2735 5 120 129 96 105 40 49
2736 5 130 139 96 105 40 49
2737 5 140 149 96 105 40 49
2738 5 150 159 96 105 40 49
2739 5 160 169 96 105 40 49
2740 5 170 179 96 105 40 49
2741 5 180 189 96 105 40 49
2742 5 190 199 96 105 40 49
2743 5 200 209 96 105 40 49
2744 5 210 219 96 105 40 49
2745 5 220 229 96 105 40 49
2746 5 230 239 96 105 40 49
2747 5 240 249 96 105 40 49
2748 5 250 259 96 105 40 49
2749 5 260 269 96 105 40 49
2750 5 270 279 96 105 40 49
2751 5 280 289 96 105 40 49
2752 5 290 299 96 105 40 49
2753 5 300 309 96 105 40 49
2754 5 310 319 96 105 40 49
2755 5 320 329 96 105 40 49
2756 5 330 339 96 105 40 49
2757 5 340 349 96 105 40 49
2758 5 350 359 96 105 40 49
2759 5 360 369 96 105 40 49
2760 5 370 379 96 105 40 49
2761 5 380 389 96 105 40 49
2762 5 390 399 96 105 40 49
2763 5 0 9 96 105 50 59
2764 5 10 19 96 105 50 59
2765 5 20 29 96 105 50 59
2766 5 30 39 96 105 50 59
2767 5 40 49 96 105 50 59
2768 5 50 59 96 105 50 59
2769 5 60 69 96 105 50 59
2770 5 70 79 96 105 50 59
2771 5 80 89 96 105 50 59
2772 5 90 99 96 105 50 59
2773 5 100 109 96 105 50 59
2774 5 110 119 96 105 50 59
2775 5 120 129 96 105 50 59
2776 5 130 139 96 105 50 59
2777 5 140 149 96 105 50 59
2778 5 150 159 96 105 50 59
2779 5 160 169 96 105 50 59
2780 5 170 179 96 105 50 59
2781 5 180 189 96 105 50 59
2782 5 190 199 96 105 50 59
2783 5 200 209 96 105 50 59
2784 5 210 219 96 105 50 59
2785 5 220 229 96 105 50 59
2786 5 230 239 96 105 50 59
2787 5 240 249 96 105 50 59
2788 5 250 259 96 105 50 59
2789 5 260 269 96 105 50 59
2790 5 270 279 96 105 50 59
2791 5 280 289 96 105 50 59
2792 5 290 299 96 105 50 59
2793 5 300 309 96 105 50 59
2794 5 310 319 96 105 50 59
2795 5 320 329 96 105 50 59
2796 5 330 339 96 105 50 59
2797 5 340 349 96 105 50 59
2798 5 350 359 96 105 50 59
2799 5 360 369 96 105 50 59
2800 5 370 379 96 105 50 59
2801 5 380 389 96 105 50 59
2802 5 390 399 96 105 50 59
2803 5 0 9 96 105 60 69
2804 5 10 19 96 105 60 69
2805 5 20 29 96 105 60 69
2806 5 30 39 96 105 60 69
2807 5 40 49 96 105 60 69
2808 5 50 59 96 105 60 69
2809 5 60 69 96 105 60 69
2810 5 70 79 96 105 60 69
2811 5 80 89 96 105 60 69
2812 5 90 99 96 105 60 69
2813 5 100 109 96 105 60 69
2814 5 110 119 96 105 60 69
2815 5 120 129 96 105 60 69
2816 5 130 139 96 105 60 69
2817 5 140 149 96 105 60 69
2818 5 150 159 96 105 60 69
2819 5 160 169 96 105 60 69
2820 5 170 179 96 105 60 69
2821 5 180 189 96 105 60 69
2822 5 190 199 96 105 60 69
2823 5 200 209 96 105 60 69
2824 5 210 219 96 105 60 69
2825 5 220 229 96 105 60 69
2826 5 230 239 96 105 60 69
2827 5 240 249 96 105 60 69
2828 5 250 259 96 105 60 69
2829 5 260 269 96 105 60 69
2830 5 270 279 96 105 60 69
2831 5 280 289 96 105 60 69
2832 5 290 299 96 105 60 69
2833 5 300 309 96 105 60 69
2834 5 310 319 96 105 60 69
2835 5 320 329 96 105 60 69
2836 5 330 339 96 105 60 69
2837 5 340 349 96 105 60 69
2838 5 350 359 96 105 60 69
2839 5 360 369 96 105 60 69
2840 5 370 379 96 105 60 69
2841 5 380 389 96 105 60 69
2842 5 390 399 96 105 60 69
2843 5 0 9 96 105 70 79
2844 5 10 19 96 105 70 79
2845 5 20 29 96 105 70 79
2846 5 30 39 96 105 70 79
2847 5 40 49 96 105 70 79
2848 5 50 59 96 105 70 79
2849 5 60 69 96 105 70 79
2850 5 70 79 96 105 70 79
2851 5 80 89 96 105 70 79
2852 5 90 99 96 105 70 79
2853 5 100 109 96 105 70 79
2854 5 110 119 96 105 70 79
2855 5 120 129 96 105 70 79
2856 5 130 139 96 105 70 79
2857 5 140 149 96 105 70 79
2858 5 150 159 96 105 70 79
2859 5 160 169 96 105 70 79
2860 5 170 179 96 105 70 79
2861 5 180 189 96 105 70 79
2862 5 190 199 96 105 70 79
2863 5 200 209 96 105 70 79
2864 5 210 219 96 105 70 79
2865 5 220 229 96 105 70 79
2866 5 230 239 96 105 70 79
2867 5 240 249 96 105 70 79
2868 5 250 259 96 105 70 79
2869 5 260 269 96 105 70 79
2870 5 270 279 96 105 70 79
2871 5 280 289 96 105 70 79
2872 5 290 299 96 105 70 79
2873 5 300 309 96 105 70 79
2874 5 310 319 96 105 70 79
2875 5 320 329 96 105 70 79
2876 5 330 339 96 105 70 79
2877 5 340 349 96 105 70 79
2878 5 350 359 96 105 70 79
2879 5 360 369 96 105 70 79
2880 5 370 379 96 105 70 79
2881 5 380 389 96 105 70 79
2882 5 390 399 96 105 70 79
2883 6 0 49 106 110 0 39
2884 6 50 99 106 110 0 39
2885 6 100 149 106 110 0 39
2886 6 150 199 106 110 0 39
2887 6 200 249 106 110 0 39
2888 6 250 299 106 110 0 39
2889 6 300 349 106 110 0 39
2890 6 350 399 106 110 0 39
2891 6 0 49 106 110 40 79
2892 6 50 99 106 110 40 79
2893 6 100 149 106 110 40 79
2894 6 150 199 106 110 40 79
2895 6 200 249 106 110 40 79
2896 6 250 299 106 110 40 79
2897 6 300 349 106 110 40 79
2898 6 350 399 106 110 40 79
2899 7 0 399 111 299 0 79 
2900 9 14 23 31 40 0 79 
2901 9 71 80 25 34 0 79 
2902 9 128 137 28 37 0 79 
2903 9 167 176 30 39 0 79 
2904 9 227 236 29 38 0 79 
2905 9 263 272 18 27 0 79 
2906 9 334 343 25 34 0 79 
2907 9 375 384 22 31 0 79 
