0 1 2519 2520 795 501
1 1 2519 2520 848 531
2 1 2519 2520 936 571
3 1 2519 2520 1020 607
4 1 2519 2520 1096 636
5 1 2519 2520 1155 669
6 1 2519 2520 1208 694
7 1 2519 2520 1263 708
8 1 2519 2520 1314 714
9 1 2519 2520 1347 726
10 1 2519 2520 1381 734
11 1 2519 2520 1404 734
12 1 2519 2520 1411 736
13 1 2519 2520 1426 746
14 1 2519 2520 1437 750
15 1 2519 2520 1438 751
16 2 2519 2520 1450 750
17 2 2519 2520 1480 759
18 2 2519 2520 1602 805
19 2 2519 2520 1760 878
20 2 2519 2520 1888 926
21 2 2519 2520 2052 984
22 2 2519 2520 2181 1025
23 2 2519 2520 2299 1043
24 2 2519 2520 2366 1072
25 2 2519 2520 2444 1088
26 2 2519 2520 2507 1101
27 2 2519 2520 2570 1115
28 2 2519 2520 2624 1117
29 2 2519 2520 2658 1136
30 2 2519 2520 2686 1143
31 2 2519 2520 2713 1155
32 2 2519 2520 2753 1169
33 2 2519 2520 2780 1174
34 2 2519 2520 2797 1191
35 3 2519 2520 2809 1193
36 3 2519 2520 2830 1197
37 3 2519 2520 2966 1236
38 3 2519 2520 3096 1285
39 3 2519 2520 3226 1346
40 3 2519 2520 3354 1400
41 4 2519 2520 3479 1436
42 4 2519 2520 3621 1454
43 4 2519 2520 3848 1514
44 4 2519 2520 4098 1599
45 4 2519 2520 4327 1657
46 4 2519 2520 4505 1706
47 4 2519 2520 4679 1736
48 4 2519 2520 4862 1764
49 4 2519 2520 4986 1786
50 4 2519 2520 5109 1799
51 5 2519 2520 5205 1825
52 5 2519 2520 5325 1836
53 5 2519 2520 5474 1882
54 5 2519 2520 5655 1943
55 5 2519 2520 5815 1972
56 5 2519 2520 5964 2031
57 5 2519 2520 6107 2064
58 5 2519 2520 6232 2098
59 5 2519 2520 6372 2158
60 5 2519 2520 6512 2175
61 6 2519 2520 6594 2183
62 6 2519 2520 6689 2199
63 6 2519 2520 6869 2248
64 7 2519 2520 7039 2283
65 7 2519 2520 7231 2340
66 8 2519 2520 7480 2393
67 8 2519 2520 7744 2485
68 8 2518 2520 8075 2573
69 8 2517 2520 8403 2636
70 8 2517 2520 8754 2676
71 8 2517 2520 9047 2728
72 8 2517 2520 9307 2797
73 8 2517 2520 9558 2787
74 9 2517 2520 9769 2802
75 9 2517 2520 9954 2786
76 9 2517 2520 10199 2833
77 10 2517 2520 10403 2851
78 11 2517 2520 10628 2876
79 11 2517 2520 10929 2953
80 11 2517 2520 11268 3035
81 11 2517 2520 11618 3109
82 12 2517 2520 11996 3210
83 12 2517 2520 12340 3294
84 12 2517 2520 12719 3402
85 13 2517 2520 13051 3468
86 13 2517 2520 13415 3532
87 13 2517 2520 13761 3617
88 14 2517 2520 14139 3711
89 14 2516 2520 14488 3754
90 15 2516 2520 14905 3842
91 15 2516 2520 15303 3909
92 15 2516 2520 15764 4009
93 16 2516 2520 16137 4096
94 17 2516 2520 16621 4185
95 19 2515 2520 17051 4273
96 19 2515 2520 17597 4376
97 19 2515 2520 18159 4498
98 20 2515 2520 18713 4577
99 20 2515 2520 19288 4670
100 20 2515 2520 19875 4770
101 20 2515 2520 20481 4900
102 21 2515 2520 20991 5002
103 22 2515 2520 21574 5080
104 22 2515 2520 22149 5176
105 22 2515 2520 22723 5301
106 23 2515 2520 23248 5404
107 25 2515 2520 23785 5516
108 25 2515 2520 24367 5639
109 26 2515 2520 25054 5781
110 27 2515 2520 25713 5879
111 27 2515 2520 26363 6009
112 28 2515 2520 27032 6102
113 29 2515 2520 27691 6213
114 30 2515 2520 28358 6316
115 30 2515 2520 29100 6458
116 31 2515 2520 29883 6607
117 31 2514 2520 30653 6752
118 31 2513 2520 31391 6881
119 31 2513 2520 32093 6999
120 32 2513 2520 32761 7108
121 33 2513 2520 33464 7205
122 34 2513 2520 34155 7309
123 35 2513 2520 34927 7385
124 35 2513 2520 35748 7549
125 36 2513 2520 36503 7651
126 37 2513 2520 37301 7813
127 37 2513 2520 38075 7950
128 37 2513 2520 38850 8055
129 39 2513 2520 39599 8173
130 40 2513 2520 40449 8343
131 42 2513 2520 41286 8541
132 44 2513 2520 42161 8668
133 44 2513 2520 43224 8940
134 44 2513 2520 44299 9153
135 45 2512 2520 45289 9333
136 47 2512 2520 46307 9497
137 47 2512 2520 47312 9643
138 47 2512 2520 48307 9779
139 49 2512 2520 49252 9919
140 49 2512 2520 50157 10060
141 50 2511 2520 51063 10174
142 51 2511 2520 52033 10265
143 51 2511 2520 53024 10390
144 51 2511 2520 53974 10526
145 55 2511 2520 54893 10646
146 56 2511 2520 55801 10765
147 57 2511 2520 56851 10964
148 58 2511 2520 57938 11117
149 59 2510 2520 59041 11328
150 59 2510 2520 60148 11521
151 61 2510 2520 61209 11667
152 63 2509 2520 62325 11809
153 64 2509 2520 63482 11959
154 66 2509 2520 64661 12155
155 66 2508 2520 65904 12360
156 66 2508 2520 67126 12526
157 67 2508 2520 68348 12690
158 68 2508 2520 69532 12922
159 70 2508 2520 70653 13090
160 72 2506 2520 71803 13280
161 73 2505 2520 73104 13420
162 73 2505 2520 74436 13550
163 75 2505 2520 75762 13716
164 76 2503 2520 77105 13858
165 77 2502 2520 78428 14028
166 77 2502 2520 79709 14201
167 78 2502 2520 80952 14353
168 78 2502 2520 82219 14516
169 79 2502 2520 83423 14683
170 80 2502 2520 84653 14809
171 81 2502 2520 85835 14982
172 83 2501 2520 86949 15139
173 85 2500 2520 88042 15313
174 88 2499 2520 89278 15479
175 91 2498 2520 90527 15627
176 92 2498 2520 91886 15828
177 94 2498 2520 93271 16032
178 95 2497 2520 94783 16237
179 95 2497 2520 96238 16475
180 96 2497 2520 97743 16671
181 98 2496 2520 99273 16807
182 99 2495 2520 100758 17085
183 101 2494 2520 102216 17257
184 102 2493 2520 103785 17476
185 103 2493 2520 105273 17675
186 103 2492 2520 106754 17848
187 103 2490 2520 108224 18095
188 105 2489 2520 109625 18248
189 107 2489 2520 111069 18411
190 109 2489 2520 112351 18521
191 109 2489 2520 113730 18739
192 111 2489 2520 115113 18915
193 113 2488 2520 116606 19083
194 114 2488 2520 118061 19324
195 114 2487 2520 119599 19476
196 115 2487 2520 121082 19693
197 117 2487 2520 122496 19876
198 122 2486 2520 123945 20048
199 125 2486 2520 125446 20186
200 126 2486 2520 127073 20447
201 128 2484 2520 128694 20703
202 128 2484 2520 130500 20936
203 128 2484 2520 132298 21112
204 128 2483 2520 134006 21298
205 128 2481 2520 135653 21470
206 129 2481 2520 137155 21615
207 130 2481 2520 138667 21749
208 131 2481 2520 140142 21849
209 133 2480 2520 141456 21972
210 138 2480 2520 142842 22102
211 140 2480 2520 144302 22287
212 142 2480 2520 146006 22495
213 144 2480 2520 147638 22641
214 147 2480 2520 149359 22932
215 150 2478 2520 151078 23145
216 152 2478 2520 152909 23413
217 156 2478 2520 154847 23669
218 156 2478 2520 156668 23903
219 157 2477 2520 158542 24229
220 158 2476 2520 160433 24424
221 160 2476 2520 162312 24636
222 160 2476 2520 164068 24803
223 162 2476 2520 165950 25048
224 163 2476 2520 167689 25284
225 166 2476 2520 169510 25531
226 167 2476 2520 171232 25704
227 168 2475 2520 173019 25941
228 169 2473 2520 174839 26146
229 169 2473 2520 176652 26307
230 170 2473 2520 178413 26461
231 170 2473 2520 180121 26572
232 173 2472 2520 181755 26765
233 174 2472 2520 183412 26936
234 177 2471 2520 185153 27134
235 178 2471 2520 186949 27323
236 178 2471 2520 188689 27518
237 180 2471 2520 190429 27701
238 182 2470 2520 192067 27862
239 183 2470 2520 193773 28056
240 183 2470 2520 195484 28193
241 187 2470 2520 197176 28428
242 190 2470 2520 198810 28622
243 195 2469 2520 200556 28878
244 198 2468 2520 202492 29088
245 199 2468 2520 204629 29415
246 201 2468 2520 206717 29670
247 204 2468 2520 208980 29958
248 204 2467 2520 211254 30261
249 207 2467 2520 213389 30541
250 208 2467 2520 215723 30853
251 212 2467 2520 217900 31091
252 212 2466 2520 220175 31342
253 212 2465 2520 222456 31576
254 212 2464 2520 224563 31874
255 214 2464 2520 226559 32031
256 214 2464 2520 228475 32221
257 217 2464 2520 230474 32441
258 219 2461 2520 232385 32694
259 223 2461 2520 234382 32929
260 225 2460 2520 236338 33159
261 227 2459 2520 238649 33481
262 232 2459 2520 240915 33792
263 233 2459 2520 243278 34082
264 235 2459 2520 245657 34352
265 237 2458 2520 247926 34667
266 239 2457 2520 250127 34913
267 239 2457 2520 252251 35095
268 242 2457 2520 254358 35381
269 246 2456 2520 256470 35635
270 247 2455 2520 258700 35863
271 254 2455 2520 260925 36114
272 258 2453 2520 263292 36327
273 260 2452 2520 265794 36631
274 261 2449 2520 268365 36953
275 262 2445 2520 271033 37232
276 264 2443 2520 273714 37473
277 265 2443 2520 276341 37684
278 265 2442 2520 278965 37885
279 265 2439 2520 281520 38181
280 266 2437 2520 283971 38426
281 269 2436 2520 286375 38631
282 272 2435 2520 288695 38870
283 277 2434 2520 290958 39083
284 281 2434 2520 293395 39297
285 282 2434 2520 295944 39588
286 283 2434 2520 298478 39857
287 283 2433 2520 300917 40150
288 287 2433 2520 303390 40315
289 293 2433 2520 305861 40535
290 294 2433 2520 308324 40913
291 298 2432 2520 310848 41240
292 300 2432 2520 313575 41637
293 300 2432 2520 316195 42033
294 303 2432 2520 318653 42369
295 306 2432 2520 321123 42637
296 306 2432 2520 323684 42979
297 309 2429 2520 326131 43280
298 309 2427 2520 328622 43510
299 311 2423 2520 331208 43803
300 314 2422 2520 333629 43998
301 320 2422 2520 336083 44219
302 323 2422 2520 338579 44452
303 323 2422 2520 341164 44672
304 326 2422 2520 343851 44908
305 331 2421 2520 346423 45150
306 334 2421 2520 349084 45416
307 337 2420 2520 351904 45779
308 339 2420 2520 354677 46021
309 341 2419 2520 357383 46381
310 344 2418 2520 360190 46713
311 345 2418 2520 363038 47076
312 347 2417 2520 365855 47368
313 348 2416 2520 368727 47713
314 350 2416 2520 371618 48069
315 350 2416 2520 374408 48376
316 352 2416 2520 377203 48652
317 355 2414 2520 379816 48887
318 355 2414 2520 382408 49156
319 360 2414 2520 384958 49454
320 366 2413 2520 387514 49724
321 368 2413 2520 390351 50036
322 372 2413 2520 393211 50351
323 374 2411 2520 395868 50661
324 378 2411 2520 398677 50992
325 379 2411 2520 401520 51356
326 382 2407 2520 404443 51647
327 383 2406 2520 407418 51840
328 387 2405 2520 410271 52015
329 391 2404 2520 413198 52235
330 394 2402 2520 416373 52667
331 397 2401 2520 419517 52983
332 399 2401 2520 422756 53408
333 405 2401 2520 425858 53678
334 406 2401 2520 428956 54010
335 408 2401 2520 432154 54342
336 411 2401 2520 435166 54673
337 412 2400 2520 438114 54958
338 415 2398 2520 441105 55251
339 418 2398 2520 444009 55616
340 421 2398 2520 446870 55818
341 422 2397 2520 449790 56122
342 426 2397 2520 452663 56357
343 427 2397 2520 455638 56692
344 430 2396 2520 458657 57091
345 435 2395 2520 461462 57354
346 437 2393 2520 464464 57663
347 439 2392 2520 467517 58028
348 446 2390 2520 470557 58377
349 450 2388 2520 473750 58679
350 453 2386 2520 476941 58985
351 455 2386 2520 480336 59456
352 462 2386 2520 483661 59720
353 466 2386 2520 486874 59942
354 468 2385 2520 490427 60390
355 472 2383 2520 493927 60738
356 474 2383 2520 497409 61069
357 475 2383 2520 500821 61261
358 475 2382 2520 504151 61557
359 477 2380 2520 507392 61800
360 481 2379 2520 510538 62032
361 483 2378 2520 513630 62402
362 485 2377 2520 516674 62671
363 488 2376 2520 519728 62923
364 492 2373 2520 522828 63213
365 493 2371 2520 525880 63397
366 497 2370 2520 528936 63744
367 503 2370 2520 532052 64152
368 508 2369 2520 535344 64408
369 512 2365 2520 538824 64854
370 519 2365 2520 542369 65179
371 522 2364 2520 546126 65638
372 526 2363 2520 549933 66087
373 530 2362 2520 553814 66527
374 531 2362 2520 557719 66915
375 535 2360 2520 561603 67276
376 537 2360 2520 565490 67739
377 540 2358 2520 569246 68114
378 545 2356 2520 572975 68475
379 548 2356 2520 576767 68881
380 548 2355 2520 580631 69233
381 550 2354 2520 584548 69542
382 555 2354 2520 588151 69842
383 556 2353 2520 591750 70097
384 556 2353 2520 595223 70478
385 559 2353 2520 598684 70741
386 561 2353 2520 601895 71051
387 564 2353 2520 605219 71462
388 572 2352 2520 608437 71790
389 574 2351 2520 611742 72079
390 577 2351 2520 615325 72491
391 587 2349 2520 618698 72861
392 590 2344 2520 622379 73321
393 594 2343 2520 626251 73683
394 597 2340 2520 630257 74158
395 599 2338 2520 634362 74688
396 602 2338 2520 638437 75043
397 607 2338 2520 642529 75327
398 608 2337 2520 646540 75663
399 610 2337 2520 650524 76007
400 613 2336 2520 654491 76378
401 619 2336 2520 658279 76744
402 622 2335 2520 662072 77124
403 625 2335 2520 666002 77539
404 629 2332 2520 669797 77811
405 633 2332 2520 673608 78289
406 637 2332 2520 677494 78699
407 638 2331 2520 681339 79104
408 640 2331 2520 685122 79415
409 647 2329 2520 688742 79798
410 650 2328 2520 692388 80042
411 654 2326 2520 696078 80465
412 661 2324 2520 699841 80777
413 666 2323 2520 703700 80988
414 670 2322 2520 707677 81390
415 676 2322 2520 711725 81882
416 682 2321 2520 715942 82336
417 686 2320 2520 720127 82696
418 689 2318 2520 724429 83135
419 693 2318 2520 728815 83578
420 696 2318 2520 733272 83906
421 698 2317 2520 737743 84447
422 700 2316 2520 742224 84940
423 701 2314 2520 746672 85281
424 702 2311 2520 750943 85663
425 705 2307 2520 755138 86086
426 709 2307 2520 759354 86479
427 713 2304 2520 763436 86812
428 719 2304 2520 767328 87167
429 723 2303 2520 771467 87481
430 728 2302 2520 775624 87879
431 735 2299 2520 779815 88225
432 739 2299 2520 784048 88673
433 744 2298 2520 788587 89246
434 747 2296 2520 793162 89708
435 751 2295 2520 797622 90192
436 756 2295 2520 802246 90546
437 758 2293 2520 806639 90950
438 761 2292 2520 811228 91326
439 767 2290 2520 815681 91701
440 769 2288 2520 820307 92038
441 775 2287 2520 824662 92549
442 782 2281 2520 829167 92857
443 789 2280 2520 833882 93306
444 793 2277 2520 838561 93674
445 798 2275 2520 843378 94101
446 799 2271 2520 848393 94455
447 801 2268 2520 853342 94768
448 805 2267 2520 858056 95133
449 809 2267 2520 862783 95484
450 812 2265 2520 867518 95863
451 813 2263 2520 872012 96166
452 816 2261 2520 876485 96544
453 820 2260 2520 880923 96929
454 823 2260 2520 885134 97220
455 831 2258 2520 889276 97575
456 840 2256 2520 893618 98009
457 847 2253 2520 898147 98547
458 856 2251 2520 902937 99085
459 860 2250 2520 907802 99599
460 864 2248 2520 912939 100122
461 866 2247 2520 918017 100663
462 868 2246 2520 922983 101201
463 872 2246 2520 927933 101681
464 875 2246 2520 932909 102077
465 880 2245 2520 937692 102433
466 886 2243 2520 942523 102857
467 887 2240 2520 947513 103421
468 889 2240 2520 952402 103914
469 892 2238 2520 957207 104294
470 895 2237 2520 961801 104672
471 899 2236 2520 966540 104998
472 902 2234 2520 971179 105464
473 906 2232 2520 975747 105823
474 914 2232 2520 980357 106234
475 918 2230 2520 984844 106651
476 926 2228 2520 989367 107008
477 934 2227 2520 993893 107527
478 937 2226 2520 998700 107999
479 944 2225 2520 1003663 108613
480 952 2223 2520 1008695 109169
481 954 2222 2520 1013964 109744
482 958 2222 2520 1019187 110342
483 959 2219 2520 1024550 110814
484 962 2218 2520 1029519 111253
485 966 2218 2520 1034688 111847
486 974 2218 2520 1039876 112277
487 977 2217 2520 1045009 112729
488 983 2212 2520 1050287 113140
489 992 2211 2520 1055454 113651
490 992 2211 2520 1060524 114093
491 995 2208 2520 1065821 114639
492 1003 2207 2520 1070949 115043
493 1009 2204 2520 1076113 115491
494 1012 2203 2520 1081299 115928
495 1019 2200 2520 1086478 116267
496 1022 2199 2520 1091590 116707
497 1027 2198 2520 1096806 117095
498 1030 2196 2520 1101887 117349
499 1035 2196 2520 1107094 117865
500 1047 2195 2520 1112111 118298
501 1052 2195 2520 1117198 118655
502 1056 2195 2520 1122599 119225
503 1063 2192 2520 1127946 119799
504 1066 2190 2520 1133519 120477
505 1071 2188 2520 1139168 120880
506 1074 2187 2520 1144614 121339
507 1079 2187 2520 1150164 121803
508 1087 2186 2520 1155569 122330
509 1091 2184 2520 1161094 122811
510 1093 2181 2520 1166601 123212
511 1096 2179 2520 1171965 123626
512 1099 2178 2520 1177370 123996
513 1106 2176 2520 1182694 124453
514 1111 2173 2520 1188010 124928
515 1113 2172 2520 1193429 125395
516 1119 2172 2520 1198720 125851
517 1124 2171 2520 1204005 126333
518 1131 2170 2520 1209281 126755
519 1132 2169 2520 1214485 127173
520 1139 2167 2520 1219649 127630
521 1147 2165 2520 1224722 128132
522 1152 2163 2520 1229985 128600
523 1161 2160 2520 1235325 129140
524 1165 2159 2520 1240771 129685
525 1168 2157 2520 1246361 130358
526 1171 2156 2520 1252018 130825
527 1179 2155 2520 1257346 131332
528 1187 2154 2520 1262808 131733
529 1190 2152 2520 1268338 132236
530 1193 2151 2520 1274016 132814
531 1196 2148 2520 1279688 133375
532 1201 2146 2520 1285148 133841
533 1205 2143 2520 1290711 134283
534 1211 2141 2520 1296335 134771
535 1213 2139 2520 1301781 135189
536 1221 2138 2520 1307304 135804
537 1230 2135 2520 1312693 136215
538 1235 2132 2520 1318204 136651
539 1242 2132 2520 1323765 137173
540 1253 2126 2520 1329395 137773
541 1258 2125 2520 1335205 138202
542 1260 2124 2520 1341085 138676
543 1264 2124 2520 1346828 139181
544 1268 2123 2520 1352597 139719
545 1273 2123 2520 1358295 140145
546 1280 2122 2520 1363997 140581
547 1290 2119 2520 1369787 141152
548 1292 2117 2520 1375616 141669
549 1296 2117 2520 1381544 142283
550 1301 2115 2520 1387407 142812
551 1304 2114 2520 1393176 143331
552 1310 2109 2520 1398875 143931
553 1314 2104 2520 1404684 144326
554 1320 2103 2520 1410421 144717
555 1326 2101 2520 1416371 145185
556 1327 2100 2520 1422220 145729
557 1337 2097 2520 1428002 146204
558 1340 2097 2520 1433670 146516
559 1344 2094 2520 1439443 147056
560 1351 2092 2520 1445206 147552
561 1354 2092 2520 1451027 148178
562 1362 2091 2520 1456697 148593
563 1369 2086 2520 1462452 148951
564 1372 2086 2520 1468389 149634
565 1379 2086 2520 1474336 149980
566 1388 2084 2520 1480434 150436
567 1391 2084 2520 1486754 150981
568 1394 2082 2520 1492779 151493
569 1398 2080 2520 1498805 152044
570 1402 2080 2520 1504961 152638
571 1405 2080 2520 1510832 153090
572 1412 2080 2520 1516881 153652
573 1417 2075 2520 1522695 154163
574 1422 2073 2520 1528749 154702
575 1429 2072 2520 1534698 155156
576 1431 2071 2520 1540592 155701
577 1439 2071 2520 1546553 156237
578 1445 2071 2520 1552374 156649
579 1452 2070 2520 1558320 157131
580 1459 2070 2520 1564341 157722
581 1471 2068 2520 1570484 158205
582 1477 2061 2520 1576652 158864
583 1484 2061 2520 1583120 159436
584 1489 2059 2520 1589830 160063
585 1493 2056 2520 1596522 160738
586 1494 2053 2520 1603168 161331
587 1502 2052 2520 1609605 161788
588 1507 2050 2520 1615793 162200
589 1511 2050 2520 1622105 162648
590 1522 2047 2520 1628281 163153
591 1528 2045 2520 1634571 163691
592 1536 2041 2520 1641091 164146
593 1547 2039 2520 1647548 164772
594 1552 2036 2520 1654073 165325
595 1559 2034 2520 1660711 166068
596 1563 2034 2520 1667371 166550
597 1567 2033 2520 1674229 167169
598 1576 2029 2520 1680726 167711
599 1578 2024 2520 1687216 168190
600 1580 2020 2520 1693836 168774
601 1585 2019 2520 1700613 169229
602 1593 2015 2520 1706919 169767
603 1600 2013 2520 1713485 170308
604 1602 2010 2520 1719962 170790
605 1612 2009 2520 1726329 171322
606 1619 2007 2520 1732793 171742
607 1630 2005 2520 1739279 172164
608 1634 2004 2520 1745851 172643
609 1641 2003 2520 1752551 173212
610 1647 2000 2520 1759188 173624
611 1654 1996 2520 1766063 174223
612 1660 1996 2520 1772974 174820
613 1663 1991 2520 1779906 175400
614 1669 1990 2520 1786589 175953
615 1674 1987 2520 1793193 176527
616 1682 1984 2520 1800213 177109
617 1686 1981 2520 1807139 177676
618 1688 1978 2520 1813917 178276
619 1695 1978 2520 1820500 178848
620 1702 1974 2520 1827105 179111
621 1711 1970 2520 1833597 179557
622 1721 1967 2520 1840188 180067
623 1726 1965 2520 1846886 180557
624 1730 1963 2520 1853636 181059
625 1737 1962 2520 1860284 181556
626 1741 1961 2520 1866991 181956
627 1751 1958 2520 1873712 182566
628 1764 1954 2520 1880200 183122
629 1772 1950 2520 1886843 183824
630 1781 1947 2520 1893801 184417
631 1784 1942 2520 1901014 185027
632 1789 1941 2520 1908416 185701
633 1795 1939 2520 1915676 186419
634 1802 1937 2520 1922752 186963
635 1806 1936 2520 1930098 187618
636 1810 1935 2520 1937316 188128
637 1817 1934 2520 1944496 188578
638 1822 1933 2520 1951404 189190
639 1830 1930 2520 1958519 189795
640 1838 1927 2520 1965580 190246
641 1842 1926 2520 1972399 190791
642 1848 1925 2520 1979093 191298
643 1862 1922 2520 1985795 191727
644 1868 1921 2520 1992690 192199
645 1875 1919 2520 1999730 192807
646 1878 1918 2520 2006731 193342
647 1880 1915 2520 2013452 193914
648 1886 1914 2520 2020273 194422
649 1891 1914 2520 2026866 194980
650 1898 1913 2520 2033387 195455
651 1902 1908 2520 2040118 196037
652 1909 1907 2520 2046787 196617
653 1918 1906 2520 2053208 197063
654 1924 1903 2520 2059726 197632
655 1933 1902 2520 2066392 198301
656 1936 1902 2520 2072998 198753
657 1944 1901 2520 2079728 199342
658 1955 1900 2520 2086353 199800
659 1957 1900 2520 2093131 200370
660 1960 1899 2520 2099960 200917
661 1965 1896 2520 2106556 201443
662 1973 1895 2520 2112970 201908
663 1978 1891 2520 2119551 202474
664 1987 1886 2520 2126075 202826
665 1993 1885 2520 2132665 203362
666 1999 1882 2520 2139427 203958
667 2006 1880 2520 2146195 204439
668 2012 1878 2520 2152863 204960
669 2019 1877 2520 2159538 205425
670 2023 1874 2520 2166161 205906
671 2029 1871 2520 2172723 206446
672 2038 1867 2520 2179369 206933
673 2046 1863 2520 2186136 207580
674 2051 1860 2520 2192977 208141
675 2060 1859 2520 2199962 208685
676 2068 1857 2520 2206771 209117
677 2082 1851 2520 2213838 209622
678 2089 1851 2520 2220975 210206
679 2093 1850 2520 2228144 210985
680 2100 1849 2520 2235321 211441
681 2103 1847 2520 2242627 211964
682 2107 1846 2520 2249889 212503
683 2111 1843 2520 2256784 213014
684 2118 1842 2520 2263458 213429
685 2123 1838 2520 2270277 213934
686 2126 1835 2520 2276865 214296
687 2133 1831 2520 2283382 214723
688 2139 1829 2520 2289913 215149
689 2141 1826 2520 2296421 215651
690 2147 1823 2520 2302868 216128
691 2151 1821 2520 2309361 216537
692 2155 1818 2520 2315698 216964
693 2165 1817 2520 2321995 217220
694 2171 1817 2520 2328045 217618
695 2175 1815 2520 2334370 218226
696 2183 1815 2520 2340587 218736
697 2188 1815 2520 2346603 219093
698 2195 1814 2520 2352773 219549
699 2204 1812 2520 2358860 220025
700 2213 1811 2520 2365157 220518
701 2224 1809 2520 2371571 220974
702 2228 1809 2520 2377994 221528
703 2238 1808 2520 2384553 222126
704 2245 1806 2520 2391060 222703
705 2247 1805 2520 2397676 223294
706 2251 1803 2520 2404465 223660
707 2257 1799 2520 2411214 224245
708 2261 1797 2520 2417558 224604
709 2267 1794 2520 2423896 225015
710 2270 1792 2520 2430098 225551
711 2273 1787 2520 2436334 226061
712 2276 1787 2520 2442433 226437
713 2279 1787 2520 2448301 226738
714 2281 1786 2520 2454179 227193
715 2287 1783 2520 2459808 227505
716 2295 1780 2520 2465193 227717
717 2301 1780 2520 2470889 228084
718 2311 1776 2520 2476418 228427
719 2316 1775 2520 2482170 228871
720 2321 1775 2520 2488104 229246
721 2325 1775 2520 2493828 229661
722 2329 1774 2520 2499633 230090
723 2343 1773 2520 2505414 230393
724 2348 1772 2520 2511106 230902
725 2358 1770 2520 2517063 231430
726 2365 1769 2520 2522833 231876
727 2372 1768 2520 2528932 232491
728 2378 1766 2520 2534814 233078
729 2380 1766 2520 2540867 233590
730 2382 1763 2520 2546803 234019
731 2388 1763 2520 2552598 234537
732 2389 1761 2520 2558221 234923
733 2393 1760 2520 2563922 235361
734 2395 1758 2520 2569237 235656
735 2399 1757 2520 2574664 236028
736 2404 1755 2520 2580091 236437
737 2409 1755 2520 2585259 236724
738 2413 1752 2520 2590242 237023
739 2415 1750 2520 2595410 237473
740 2418 1750 2520 2600570 237802
741 2427 1748 2520 2605370 238072
742 2432 1744 2520 2610256 238576
743 2436 1743 2520 2615188 238840
744 2442 1741 2520 2620135 239229
745 2445 1741 2520 2625047 239619
746 2449 1738 2520 2630007 240045
747 2460 1738 2520 2634829 240247
748 2466 1736 2520 2639917 240764
749 2470 1735 2520 2645082 241256
750 2474 1734 2520 2650252 241845
751 2479 1731 2520 2655366 242246
752 2481 1729 2520 2660358 242579
753 2484 1729 2520 2665464 243012
754 2487 1728 2520 2670129 243294
755 2489 1726 2520 2674826 243634
756 2492 1724 2520 2679335 243845
757 2498 1723 2520 2683962 244176
758 2505 1718 2520 2688396 244511
759 2507 1716 2520 2692798 244846
760 2512 1715 2520 2697317 245212
761 2515 1714 2520 2701545 245504
762 2517 1713 2520 2705848 245916
763 2520 1711 2520 2710105 246299
764 2523 1710 2520 2714245 246474
765 2525 1709 2520 2718365 246854
766 2528 1707 2520 2722593 247235
767 2532 1704 2520 2726673 247541
768 2538 1702 2520 2730684 247824
769 2543 1701 2520 2734561 248015
770 2546 1699 2520 2738482 248291
771 2552 1696 2520 2742453 248661
772 2555 1695 2520 2746333 248983
773 2558 1692 2520 2750405 249400
774 2561 1692 2520 2754320 249621
775 2564 1691 2520 2758160 249911
776 2567 1690 2520 2761885 250153
777 2570 1689 2520 2765668 250461
778 2577 1687 2520 2769459 250790
779 2581 1686 2520 2773150 251158
780 2583 1685 2520 2777029 251549
781 2585 1684 2520 2780770 251917
782 2588 1682 2520 2784466 252297
783 2594 1681 2520 2788186 252687
784 2595 1681 2520 2791857 252940
785 2597 1681 2520 2795418 253210
786 2598 1681 2520 2798897 253448
787 2600 1680 2520 2802357 253615
788 2603 1678 2520 2805782 253977
789 2610 1678 2520 2809007 254137
790 2614 1677 2520 2812426 254447
791 2616 1675 2520 2815729 254660
792 2619 1675 2520 2819003 254963
793 2621 1674 2520 2822353 255111
794 2623 1674 2520 2825683 255483
795 2627 1672 2520 2828986 255800
796 2631 1671 2520 2832054 256096
797 2636 1671 2520 2835468 256383
798 2637 1670 2520 2838738 256709
799 2644 1668 2520 2842006 257028
800 2646 1668 2520 2845398 257317
801 2652 1667 2520 2848746 257516
802 2658 1667 2520 2852041 257840
803 2661 1665 2520 2855457 258139
804 2664 1664 2520 2858883 258459
805 2667 1663 2520 2862377 258822
806 2668 1661 2520 2865770 259129
807 2669 1657 2520 2869127 259350
808 2672 1655 2520 2872279 259625
809 2675 1655 2520 2875352 259902
810 2676 1655 2520 2878506 260117
811 2676 1655 2520 2881589 260459
812 2676 1654 2520 2884488 260699
813 2681 1654 2520 2887315 260884
814 2682 1654 2520 2890069 261000
815 2685 1653 2520 2892628 261169
816 2688 1653 2520 2895274 261350
817 2690 1651 2520 2897986 261535
818 2691 1649 2520 2900712 261791
819 2694 1647 2520 2903392 262055
820 2698 1647 2520 2905960 262257
821 2704 1646 2520 2908450 262556
822 2708 1645 2520 2911097 262778
823 2710 1643 2520 2913822 263001
824 2711 1641 2520 2916478 263306
825 2713 1641 2520 2919089 263595
826 2717 1640 2520 2921666 263841
827 2720 1640 2520 2924192 264124
828 2723 1640 2520 2926654 264291
829 2725 1639 2520 2929084 264478
830 2727 1639 2520 2931642 264723
831 2732 1637 2520 2934215 264947
832 2732 1636 2520 2936785 265175
833 2734 1635 2520 2939392 265462
834 2736 1633 2520 2941917 265729
835 2740 1632 2520 2944250 265970
836 2743 1632 2520 2946682 266116
837 2745 1630 2520 2949205 266374
838 2746 1629 2520 2951652 266628
839 2748 1628 2520 2954080 266943
840 2749 1626 2520 2956450 267072
841 2750 1624 2520 2958848 267311
842 2753 1621 2520 2961107 267544
843 2754 1621 2520 2963372 267775
844 2755 1620 2520 2965593 267991
845 2761 1618 2520 2967781 268279
846 2762 1616 2520 2969982 268422
847 2765 1614 2520 2972307 268696
848 2767 1613 2520 2974487 268932
849 2769 1613 2520 2976679 269143
850 2774 1612 2520 2978833 269319
851 2776 1612 2520 2981015 269523
852 2777 1612 2520 2983218 269668
853 2777 1609 2520 2985416 269847
854 2778 1608 2520 2987424 269999
855 2780 1605 2520 2989380 270137
856 2783 1604 2520 2991328 270317
857 2783 1603 2520 2993285 270433
858 2784 1603 2520 2995196 270624
859 2787 1603 2520 2997046 270899
860 2788 1603 2520 2998776 271050
861 2789 1601 2520 3000611 271156
862 2793 1600 2520 3002283 271248
863 2795 1598 2520 3003978 271350
864 2797 1597 2520 3005740 271565
865 2801 1596 2520 3007383 271770
866 2802 1596 2520 3009141 271983
867 2803 1595 2520 3011065 272271
868 2803 1595 2520 3012950 272462
869 2804 1595 2520 3014683 272598
870 2806 1595 2520 3016372 272698
871 2807 1593 2520 3017952 272805
872 2807 1592 2520 3019486 272915
873 2808 1592 2520 3020907 272997
874 2808 1591 2520 3022398 273048
875 2810 1588 2520 3023860 273241
876 2810 1587 2520 3025261 273402
877 2811 1587 2520 3026601 273523
878 2812 1587 2520 3027928 273692
879 2812 1586 2520 3029156 273828
880 2813 1586 2520 3030381 273902
881 2816 1586 2520 3031642 273991
882 2819 1586 2520 3032896 274132
883 2819 1585 2520 3034164 274253
884 2819 1584 2520 3035491 274444
885 2821 1584 2520 3036715 274531
886 2825 1583 2520 3038038 274622
887 2825 1583 2520 3039373 274788
888 2825 1582 2520 3040748 274930
889 2827 1582 2520 3042019 275058
890 2827 1581 2520 3043298 275161
891 2829 1579 2520 3044549 275342
892 2830 1578 2520 3045797 275437
893 2832 1577 2520 3047050 275557
894 2833 1576 2520 3048318 275709
895 2834 1576 2520 3049681 275860
896 2835 1575 2520 3050858 275958
897 2835 1575 2520 3052030 276065
898 2835 1573 2520 3053164 276155
899 2835 1573 2520 3054275 276224
900 2835 1572 2520 3055299 276309
901 2836 1571 2520 3056477 276369
902 2837 1571 2520 3057366 276438
903 2840 1570 2520 3058278 276514
904 2840 1568 2520 3059296 276625
905 2841 1566 2520 3060269 276751
906 2841 1565 2520 3061307 276913
907 2841 1565 2520 3062426 277056
908 2844 1565 2520 3063473 277175
909 2845 1565 2520 3064530 277319
910 2846 1565 2520 3065528 277392
911 2846 1565 2520 3066375 277520
912 2847 1565 2520 3067403 277667
913 2849 1564 2520 3068359 277798
914 2850 1564 2520 3069302 277886
915 2850 1563 2520 3070154 277949
916 2850 1563 2520 3071001 278032
917 2851 1563 2520 3071745 278106
918 2852 1562 2520 3072557 278206
919 2852 1562 2520 3073421 278302
920 2852 1561 2520 3074271 278366
921 2852 1561 2520 3074983 278391
922 2853 1561 2520 3075793 278453
923 2853 1561 2520 3076511 278525
924 2853 1560 2520 3077208 278518
925 2854 1560 2520 3077819 278585
926 2855 1559 2520 3078347 278651
927 2855 1558 2520 3079112 278752
928 2855 1558 2520 3079748 278737
929 2856 1558 2520 3080289 278818
930 2859 1558 2520 3080941 278846
931 2860 1557 2520 3081616 278930
932 2864 1557 2520 3082229 278943
933 2864 1557 2520 3082983 279036
934 2865 1557 2520 3083643 279175
935 2865 1557 2520 3084433 279206
936 2865 1556 2520 3085208 279339
937 2865 1555 2520 3085969 279372
938 2865 1554 2520 3086669 279468
939 2865 1553 2520 3087382 279617
940 2867 1553 2520 3088007 279639
941 2867 1553 2520 3088672 279741
942 2867 1553 2520 3089248 279803
943 2867 1553 2520 3089862 279836
944 2867 1553 2520 3090326 279879
945 2867 1552 2520 3090859 279998
946 2867 1552 2520 3091361 279981
947 2867 1552 2520 3091885 280010
948 2867 1551 2520 3092352 280048
949 2867 1551 2520 3092718 280108
950 2868 1551 2520 3093178 280116
951 2868 1551 2520 3093566 280187
952 2869 1551 2520 3093937 280290
953 2869 1550 2520 3094464 280323
954 2869 1550 2520 3094924 280438
955 2870 1549 2520 3095432 280413
956 2870 1549 2520 3095895 280499
957 2872 1548 2520 3096297 280537
958 2873 1548 2520 3096763 280602
959 2873 1548 2520 3097244 280638
960 2873 1548 2520 3097572 280671
961 2873 1548 2520 3098021 280650
962 2873 1548 2520 3098354 280713
963 2873 1548 2520 3098739 280770
964 2873 1548 2520 3099002 280890
965 2873 1548 2520 3099382 280869
966 2873 1548 2520 3099669 280901
967 2874 1548 2520 3099965 280983
968 2874 1548 2520 3100222 281029
969 2876 1548 2520 3100462 281044
970 2877 1548 2520 3100672 281038
971 2879 1547 2520 3100905 281040
972 2879 1547 2520 3101156 281095
973 2879 1547 2520 3101526 281156
974 2879 1547 2520 3101808 281181
975 2879 1547 2520 3102070 281227
976 2879 1547 2520 3102370 281249
977 2879 1547 2520 3102632 281290
978 2879 1547 2520 3102839 281304
979 2879 1547 2520 3103021 281300
980 2879 1547 2520 3103282 281344
981 2879 1547 2520 3103495 281358
982 2879 1547 2520 3103678 281426
983 2879 1547 2520 3103895 281382
984 2879 1547 2520 3104103 281410
985 2879 1547 2520 3104236 281456
986 2879 1546 2520 3104393 281459
987 2879 1546 2520 3104549 281482
988 2879 1546 2520 3104718 281475
989 2879 1546 2520 3104864 281451
990 2879 1546 2520 3105020 281481
991 2880 1546 2520 3105120 281530
992 2880 1546 2520 3105233 281549
993 2880 1546 2520 3105323 281582
994 2880 1546 2520 3105513 281596
995 2880 1546 2520 3105641 281530
996 2880 1546 2520 3105728 281537
997 2880 1546 2520 3105846 281589
998 2880 1546 2520 3105966 281630
999 2880 1546 2520 3106081 281668
1000 2880 1546 2520 3106152 281713
