0 1 2519 2520 792 497
1 1 2519 2520 847 536
2 1 2519 2520 925 586
3 1 2519 2520 1002 618
4 1 2519 2520 1061 648
5 1 2519 2520 1147 690
6 1 2519 2520 1213 707
7 1 2519 2520 1278 727
8 1 2519 2520 1310 730
9 1 2519 2520 1343 744
10 1 2519 2520 1361 736
11 1 2519 2520 1389 742
12 1 2519 2520 1416 739
13 1 2519 2520 1439 746
14 1 2519 2520 1456 748
15 1 2519 2520 1480 755
16 1 2519 2520 1486 756
17 1 2519 2520 1489 758
18 1 2519 2520 1491 758
19 1 2519 2520 1483 754
20 1 2519 2520 1497 753
21 2 2519 2520 1500 749
22 2 2519 2520 1508 753
23 2 2519 2520 1630 810
24 2 2519 2520 1784 878
25 2 2519 2520 1900 919
26 2 2519 2520 2034 958
27 2 2519 2520 2154 993
28 2 2519 2520 2282 1039
29 2 2519 2520 2361 1058
30 2 2519 2520 2435 1064
31 2 2519 2520 2495 1091
32 2 2519 2520 2551 1104
33 2 2519 2520 2628 1127
34 2 2519 2520 2658 1123
35 2 2519 2520 2693 1134
36 2 2519 2520 2712 1138
37 2 2519 2520 2728 1138
38 2 2519 2520 2749 1150
39 2 2519 2520 2768 1161
40 2 2519 2520 2794 1164
41 2 2519 2520 2806 1168
42 3 2519 2520 2813 1176
43 3 2519 2520 2837 1186
44 3 2519 2520 2937 1221
45 4 2519 2520 3063 1270
46 4 2519 2520 3239 1323
47 4 2519 2520 3501 1418
48 4 2519 2520 3743 1501
49 4 2519 2520 3964 1568
50 4 2519 2520 4176 1623
51 4 2519 2520 4373 1673
52 4 2519 2520 4583 1724
53 4 2519 2520 4730 1733
54 4 2519 2520 4841 1756
55 4 2519 2520 4959 1787
56 4 2519 2520 5074 1811
57 4 2519 2520 5169 1834
58 4 2519 2520 5234 1833
59 5 2519 2520 5286 1850
60 5 2519 2520 5386 1870
61 7 2519 2520 5546 1907
62 7 2519 2520 5721 1974
63 7 2519 2520 6052 2072
64 7 2519 2520 6398 2175
65 7 2518 2520 6743 2257
66 8 2518 2520 7070 2316
67 8 2518 2520 7387 2368
68 8 2518 2520 7759 2450
69 8 2517 2520 8113 2513
70 8 2517 2520 8479 2593
71 8 2517 2520 8784 2603
72 8 2517 2520 9060 2637
73 8 2517 2520 9320 2652
74 8 2517 2520 9556 2666
75 8 2517 2520 9757 2689
76 8 2517 2520 9904 2721
77 8 2517 2520 10045 2739
78 9 2517 2520 10183 2738
79 10 2517 2520 10328 2774
80 11 2517 2520 10523 2821
81 11 2517 2520 10803 2923
82 11 2517 2520 11122 3010
83 12 2517 2520 11408 3091
84 14 2517 2520 11714 3151
85 14 2517 2520 12128 3229
86 14 2516 2520 12596 3340
87 14 2516 2520 13095 3446
88 14 2516 2520 13557 3535
89 15 2516 2520 14038 3605
90 15 2516 2520 14503 3704
91 15 2516 2520 14998 3774
92 15 2516 2520 15488 3857
93 15 2516 2520 15990 3933
94 15 2516 2520 16434 4011
95 15 2515 2520 16812 4071
96 15 2515 2520 17194 4150
97 16 2515 2520 17572 4213
98 17 2515 2520 17950 4273
99 17 2515 2520 18329 4320
100 18 2515 2520 18678 4381
101 19 2515 2520 19087 4457
102 19 2515 2520 19503 4552
103 22 2515 2520 20001 4641
104 22 2515 2520 20543 4739
105 24 2515 2520 21107 4873
106 25 2514 2520 21666 4971
107 26 2514 2520 22348 5096
108 27 2514 2520 23083 5270
109 28 2514 2520 23818 5404
110 28 2514 2520 24630 5589
111 28 2514 2520 25475 5740
112 28 2514 2520 26233 5896
113 28 2514 2520 26998 6006
114 28 2514 2520 27751 6131
115 29 2514 2520 28488 6273
116 29 2513 2520 29140 6357
117 29 2513 2520 29805 6450
118 29 2513 2520 30458 6600
119 29 2513 2520 31087 6662
120 31 2513 2520 31660 6726
121 31 2513 2520 32223 6801
122 32 2513 2520 32779 6865
123 32 2513 2520 33373 6966
124 35 2513 2520 33992 7088
125 36 2513 2520 34645 7225
126 37 2513 2520 35303 7366
127 37 2512 2520 36118 7533
128 38 2512 2520 36893 7693
129 38 2512 2520 37670 7847
130 40 2512 2520 38468 7992
131 42 2512 2520 39338 8114
132 42 2512 2520 40252 8283
133 42 2512 2520 41171 8485
134 43 2512 2520 42067 8619
135 43 2512 2520 43056 8746
136 43 2512 2520 44035 8899
137 43 2512 2520 44940 9074
138 43 2512 2520 45768 9153
139 43 2512 2520 46563 9254
140 43 2512 2520 47267 9361
141 47 2512 2520 47935 9485
142 48 2511 2520 48671 9577
143 48 2511 2520 49559 9672
144 50 2511 2520 50408 9806
145 51 2511 2520 51301 10006
146 52 2511 2520 52262 10189
147 52 2511 2520 53272 10384
148 54 2510 2520 54302 10542
149 55 2509 2520 55366 10696
150 55 2509 2520 56397 10827
151 58 2509 2520 57424 10961
152 59 2509 2520 58429 11113
153 60 2509 2520 59457 11288
154 61 2509 2520 60514 11498
155 61 2509 2520 61555 11665
156 62 2509 2520 62583 11800
157 63 2509 2520 63652 11936
158 64 2509 2520 64697 12097
159 65 2509 2520 65743 12299
160 67 2508 2520 66885 12466
161 67 2507 2520 68003 12628
162 67 2507 2520 69151 12808
163 67 2507 2520 70243 12957
164 69 2507 2520 71374 13157
165 70 2506 2520 72418 13264
166 71 2506 2520 73536 13458
167 73 2505 2520 74619 13578
168 77 2505 2520 75769 13717
169 79 2504 2520 76992 13847
170 79 2503 2520 78337 14102
171 81 2503 2520 79621 14272
172 82 2503 2520 80993 14442
173 83 2502 2520 82452 14658
174 83 2502 2520 83783 14806
175 84 2502 2520 85151 14998
176 85 2502 2520 86486 15159
177 85 2502 2520 87704 15350
178 85 2502 2520 88995 15582
179 87 2502 2520 90200 15706
180 88 2502 2520 91401 15830
181 89 2501 2520 92598 16041
182 91 2501 2520 93724 16217
183 91 2500 2520 95031 16444
184 91 2500 2520 96291 16612
185 94 2499 2520 97558 16767
186 95 2498 2520 98856 16905
187 99 2498 2520 100182 17083
188 103 2498 2520 101481 17239
189 105 2498 2520 102931 17420
190 106 2496 2520 104563 17651
191 107 2495 2520 106200 17807
192 110 2493 2520 107856 17994
193 111 2491 2520 109684 18158
194 112 2491 2520 111573 18349
195 112 2491 2520 113316 18546
196 113 2491 2520 114993 18734
197 113 2491 2520 116624 18895
198 115 2491 2520 118303 19030
199 116 2490 2520 119828 19222
200 119 2490 2520 121426 19392
201 119 2488 2520 122972 19522
202 119 2487 2520 124686 19786
203 120 2486 2520 126189 19942
204 120 2486 2520 127639 20143
205 122 2486 2520 129119 20331
206 123 2486 2520 130534 20515
207 125 2486 2520 131927 20696
208 127 2486 2520 133264 20846
209 130 2486 2520 134736 21048
210 131 2484 2520 136192 21228
211 132 2484 2520 137822 21436
212 136 2484 2520 139440 21612
213 136 2484 2520 141062 21799
214 139 2483 2520 142761 22024
215 141 2482 2520 144458 22246
216 143 2481 2520 146294 22487
217 143 2480 2520 148157 22718
218 144 2480 2520 150070 22995
219 146 2480 2520 151873 23197
220 147 2480 2520 153757 23465
221 148 2480 2520 155538 23676
222 151 2476 2520 157292 23852
223 153 2475 2520 159048 23982
224 153 2475 2520 160933 24258
225 154 2475 2520 162706 24473
226 158 2475 2520 164499 24625
227 159 2475 2520 166259 24786
228 160 2475 2520 168082 25023
229 160 2474 2520 169847 25204
230 163 2474 2520 171559 25437
231 165 2474 2520 173225 25644
232 169 2474 2520 175132 25944
233 170 2474 2520 176998 26216
234 170 2473 2520 178949 26507
235 171 2472 2520 180830 26711
236 176 2472 2520 182705 26944
237 176 2472 2520 184677 27213
238 177 2471 2520 186757 27504
239 180 2470 2520 188641 27776
240 182 2470 2520 190719 28005
241 187 2469 2520 192721 28265
242 189 2469 2520 194889 28561
243 190 2469 2520 197097 28820
244 193 2468 2520 199281 29065
245 196 2467 2520 201574 29348
246 197 2465 2520 203898 29602
247 200 2465 2520 206237 29859
248 201 2464 2520 208540 30044
249 203 2464 2520 210965 30296
250 203 2464 2520 213271 30553
251 203 2464 2520 215603 30887
252 206 2463 2520 217747 31192
253 206 2463 2520 219854 31414
254 207 2463 2520 221938 31663
255 208 2463 2520 223869 31834
256 211 2463 2520 225845 32086
257 215 2462 2520 227806 32299
258 218 2462 2520 229871 32569
259 219 2462 2520 232012 32885
260 221 2462 2520 234116 33156
261 224 2461 2520 236166 33476
262 229 2460 2520 238280 33751
263 230 2460 2520 240477 33991
264 234 2459 2520 242798 34317
265 236 2457 2520 245096 34588
266 238 2457 2520 247588 34917
267 240 2454 2520 250044 35283
268 245 2454 2520 252543 35544
269 246 2452 2520 255189 35914
270 246 2452 2520 257765 36267
271 247 2451 2520 260261 36539
272 248 2451 2520 262745 36777
273 248 2449 2520 265099 37006
274 249 2449 2520 267405 37207
275 252 2448 2520 269583 37419
276 254 2448 2520 271787 37553
277 255 2447 2520 274008 37761
278 258 2447 2520 276238 37982
279 262 2446 2520 278444 38198
280 263 2445 2520 280778 38516
281 266 2445 2520 283019 38681
282 268 2443 2520 285343 39008
283 271 2443 2520 287737 39292
284 273 2441 2520 290188 39623
285 273 2441 2520 292650 39867
286 276 2440 2520 295219 40161
287 279 2439 2520 297617 40367
288 287 2437 2520 300021 40641
289 289 2437 2520 302549 40997
290 289 2437 2520 305293 41396
291 292 2435 2520 307896 41622
292 295 2433 2520 310573 41949
293 298 2432 2520 313211 42213
294 301 2428 2520 315830 42452
295 303 2426 2520 318583 42655
296 304 2426 2520 321393 42919
297 307 2426 2520 324084 43222
298 309 2425 2520 326764 43407
299 311 2425 2520 329378 43577
300 314 2422 2520 331993 43855
301 316 2422 2520 334667 44090
302 319 2422 2520 337410 44318
303 322 2422 2520 339953 44506
304 327 2422 2520 342581 44771
305 329 2422 2520 345251 45027
306 331 2421 2520 348109 45337
307 334 2421 2520 350780 45563
308 334 2420 2520 353573 45922
309 335 2420 2520 356217 46189
310 337 2420 2520 358773 46438
311 339 2417 2520 361319 46689
312 341 2417 2520 364071 46968
313 344 2416 2520 366547 47251
314 345 2415 2520 369180 47498
315 346 2415 2520 371729 47762
316 351 2414 2520 374252 47984
317 353 2414 2520 376830 48276
318 356 2414 2520 379516 48532
319 359 2414 2520 382139 48788
320 364 2412 2520 384789 48957
321 367 2411 2520 387617 49259
322 368 2411 2520 390503 49566
323 372 2411 2520 393307 49860
324 378 2411 2520 396115 50127
325 379 2410 2520 399048 50467
326 382 2410 2520 402160 50808
327 384 2408 2520 404968 51187
328 385 2408 2520 408039 51550
329 386 2406 2520 411021 51876
330 389 2403 2520 413955 52254
331 392 2403 2520 417039 52504
332 395 2402 2520 420061 52890
333 397 2401 2520 422963 53264
334 401 2401 2520 425853 53556
335 402 2400 2520 428870 53867
336 405 2400 2520 431794 54108
337 408 2399 2520 434607 54378
338 416 2399 2520 437497 54662
339 418 2399 2520 440379 54992
340 420 2399 2520 443416 55324
341 424 2399 2520 446482 55634
342 428 2398 2520 449427 55864
343 430 2397 2520 452644 56205
344 432 2396 2520 455748 56563
345 437 2395 2520 458923 56894
346 441 2395 2520 462180 57267
347 446 2395 2520 465512 57669
348 451 2393 2520 468938 58022
349 452 2392 2520 472378 58407
350 453 2392 2520 475963 58830
351 457 2392 2520 479279 59155
352 459 2391 2520 482781 59439
353 465 2389 2520 486202 59746
354 469 2385 2520 489636 60110
355 471 2385 2520 493185 60452
356 471 2384 2520 496533 60801
357 472 2383 2520 499906 61174
358 473 2381 2520 503353 61340
359 475 2380 2520 506548 61612
360 480 2379 2520 509748 61890
361 484 2378 2520 512900 62115
362 485 2377 2520 516244 62454
363 487 2376 2520 519416 62767
364 491 2373 2520 522666 63110
365 497 2371 2520 525868 63524
366 500 2371 2520 529182 63781
367 503 2370 2520 532637 64167
368 507 2368 2520 536121 64503
369 511 2368 2520 539588 64839
370 512 2367 2520 543032 65174
371 520 2365 2520 546485 65555
372 525 2364 2520 549890 65832
373 529 2363 2520 553571 66282
374 532 2361 2520 557223 66678
375 534 2360 2520 561116 67148
376 537 2359 2520 565012 67483
377 542 2357 2520 568779 67851
378 544 2356 2520 572610 68195
379 545 2352 2520 576563 68657
380 550 2350 2520 580263 69033
381 555 2348 2520 584203 69431
382 557 2347 2520 588140 69838
383 558 2346 2520 591997 70179
384 564 2346 2520 595709 70367
385 564 2344 2520 599373 70666
386 565 2343 2520 603189 70987
387 569 2342 2520 606639 71290
388 572 2341 2520 610146 71541
389 578 2340 2520 613687 71797
390 580 2336 2520 617209 72118
391 585 2336 2520 620886 72425
392 595 2335 2520 624522 72854
393 597 2335 2520 628347 73269
394 598 2334 2520 632261 73691
395 601 2334 2520 635990 74062
396 607 2334 2520 639735 74458
397 611 2333 2520 643642 74836
398 615 2332 2520 647533 75166
399 619 2331 2520 651501 75543
400 624 2328 2520 655591 76013
401 628 2328 2520 659546 76417
402 631 2326 2520 663665 76914
403 635 2326 2520 667775 77418
404 637 2326 2520 671771 77880
405 640 2325 2520 675834 78268
406 642 2323 2520 680010 78761
407 645 2322 2520 684091 79145
408 647 2320 2520 688203 79475
409 650 2319 2520 692155 79766
410 655 2319 2520 696057 80098
411 656 2318 2520 699945 80436
412 657 2317 2520 703728 80761
413 664 2317 2520 707493 81122
414 668 2316 2520 711311 81451
415 669 2315 2520 715001 81722
416 673 2315 2520 718630 82064
417 678 2314 2520 722314 82393
418 682 2314 2520 726089 82731
419 690 2313 2520 729905 83127
420 696 2313 2520 733845 83470
421 700 2313 2520 737873 83863
422 703 2311 2520 741997 84411
423 707 2309 2520 746139 84794
424 709 2308 2520 750469 85225
425 711 2307 2520 754901 85709
426 716 2306 2520 759209 86121
427 718 2305 2520 763613 86536
428 720 2304 2520 767792 86927
429 726 2303 2520 771918 87303
430 728 2301 2520 775874 87626
431 732 2301 2520 779961 87879
432 736 2300 2520 783852 88274
433 737 2295 2520 787916 88620
434 739 2294 2520 791957 88986
435 741 2292 2520 795918 89309
436 746 2290 2520 799788 89665
437 749 2289 2520 803715 89962
438 755 2288 2520 807765 90299
439 759 2288 2520 811662 90683
440 763 2287 2520 815856 91106
441 770 2287 2520 819964 91483
442 775 2286 2520 824091 91916
443 780 2285 2520 828255 92326
444 785 2282 2520 832323 92729
445 788 2280 2520 836627 93020
446 793 2278 2520 841125 93527
447 798 2276 2520 845733 93947
448 801 2275 2520 850176 94375
449 803 2272 2520 854547 94710
450 808 2272 2520 859072 95165
451 811 2270 2520 863541 95600
452 815 2269 2520 867941 95950
453 822 2267 2520 872473 96377
454 823 2266 2520 876957 96826
455 827 2265 2520 881390 97257
456 835 2264 2520 885700 97643
457 839 2262 2520 890058 98034
458 843 2262 2520 894590 98541
459 847 2259 2520 899054 98966
460 849 2257 2520 903645 99319
461 852 2254 2520 908189 99693
462 858 2253 2520 912828 99935
463 862 2250 2520 917438 100267
464 864 2250 2520 922255 100702
465 867 2248 2520 926859 101054
466 868 2246 2520 931339 101419
467 875 2243 2520 936014 101760
468 879 2241 2520 940336 102093
469 887 2239 2520 944836 102415
470 891 2238 2520 949350 102887
471 897 2236 2520 954000 103386
472 903 2234 2520 958682 103853
473 909 2232 2520 963427 104288
474 910 2231 2520 968210 104688
475 910 2230 2520 973069 105147
476 912 2229 2520 977721 105492
477 917 2228 2520 982188 105859
478 922 2227 2520 986630 106248
479 931 2227 2520 991070 106620
480 938 2227 2520 995519 106951
481 940 2224 2520 1000251 107422
482 946 2224 2520 1005048 107891
483 946 2223 2520 1009826 108305
484 947 2220 2520 1014578 108754
485 953 2217 2520 1019373 109181
486 957 2216 2520 1023817 109534
487 959 2215 2520 1028568 110073
488 964 2213 2520 1033239 110393
489 965 2212 2520 1037664 110749
490 975 2212 2520 1042103 111194
491 979 2210 2520 1046465 111508
492 983 2208 2520 1051084 111908
493 988 2208 2520 1055621 112281
494 989 2207 2520 1060229 112660
495 996 2206 2520 1064942 113058
496 1001 2206 2520 1069582 113481
497 1006 2206 2520 1074291 114012
498 1010 2205 2520 1079175 114501
499 1015 2202 2520 1083940 115014
500 1019 2201 2520 1088871 115401
501 1025 2200 2520 1093683 115856
502 1032 2198 2520 1098737 116271
503 1039 2197 2520 1103824 116666
504 1048 2197 2520 1108998 117148
505 1051 2196 2520 1114237 117693
506 1054 2196 2520 1119632 118172
507 1057 2195 2520 1125046 118599
508 1060 2195 2520 1130138 119040
509 1063 2195 2520 1135277 119467
510 1064 2193 2520 1140465 119922
511 1066 2192 2520 1145518 120335
512 1070 2192 2520 1150402 120776
513 1076 2188 2520 1154966 121197
514 1085 2184 2520 1159635 121651
515 1092 2182 2520 1164423 122043
516 1097 2180 2520 1169370 122494
517 1102 2179 2520 1174504 122941
518 1106 2177 2520 1179851 123329
519 1110 2175 2520 1185009 123855
520 1117 2173 2520 1190110 124237
521 1119 2172 2520 1195336 124768
522 1124 2171 2520 1200443 125122
523 1133 2170 2520 1205469 125555
524 1139 2169 2520 1210534 126025
525 1145 2169 2520 1215703 126580
526 1150 2169 2520 1220772 127083
527 1154 2165 2520 1226193 127603
528 1157 2162 2520 1231701 128022
529 1159 2161 2520 1237121 128538
530 1165 2159 2520 1242527 129076
531 1168 2158 2520 1248042 129513
532 1170 2155 2520 1253543 130017
533 1172 2153 2520 1259015 130410
534 1175 2150 2520 1264240 130852
535 1180 2150 2520 1269385 131230
536 1184 2149 2520 1274531 131608
537 1191 2148 2520 1279596 131961
538 1200 2148 2520 1284628 132410
539 1209 2145 2520 1289891 132895
540 1218 2143 2520 1295220 133288
541 1223 2142 2520 1300728 133794
542 1227 2142 2520 1306405 134378
543 1235 2139 2520 1312042 134856
544 1238 2136 2520 1317760 135452
545 1241 2133 2520 1323601 135851
546 1247 2132 2520 1329301 136422
547 1255 2130 2520 1334916 136814
548 1260 2129 2520 1340769 137328
549 1267 2126 2520 1346674 137790
550 1273 2123 2520 1352722 138389
551 1277 2122 2520 1358561 138941
552 1280 2121 2520 1364660 139450
553 1283 2120 2520 1370616 140101
554 1287 2117 2520 1376523 140625
555 1294 2117 2520 1382298 141053
556 1299 2117 2520 1387977 141623
557 1300 2115 2520 1393694 142082
558 1305 2113 2520 1399537 142575
559 1308 2111 2520 1405143 143086
560 1316 2111 2520 1410983 143539
561 1325 2109 2520 1416621 143885
562 1332 2102 2520 1422297 144409
563 1342 2099 2520 1428142 145041
564 1346 2099 2520 1434224 145559
565 1348 2097 2520 1440477 146175
566 1355 2093 2520 1446575 146640
567 1360 2091 2520 1452779 147234
568 1368 2089 2520 1458835 147639
569 1371 2089 2520 1465067 148225
570 1375 2086 2520 1471266 148763
571 1383 2084 2520 1477263 149167
572 1386 2082 2520 1483163 149557
573 1389 2080 2520 1489440 150121
574 1391 2078 2520 1495512 150624
575 1393 2077 2520 1501474 151070
576 1395 2077 2520 1507186 151470
577 1402 2076 2520 1512862 151857
578 1408 2076 2520 1518386 152260
579 1418 2074 2520 1523797 152663
580 1423 2073 2520 1529257 153146
581 1427 2071 2520 1534837 153658
582 1432 2070 2520 1540462 154110
583 1443 2066 2520 1546008 154534
584 1450 2065 2520 1551798 155026
585 1458 2065 2520 1557625 155645
586 1465 2063 2520 1563645 156283
587 1472 2061 2520 1569682 156798
588 1480 2060 2520 1576015 157309
589 1485 2059 2520 1582480 157904
590 1488 2056 2520 1589105 158544
591 1494 2054 2520 1595684 159020
592 1497 2051 2520 1602012 159439
593 1505 2050 2520 1608413 160069
594 1507 2049 2520 1614676 160550
595 1514 2048 2520 1621023 161147
596 1515 2046 2520 1627123 161569
597 1521 2043 2520 1633287 162042
598 1526 2039 2520 1639366 162623
599 1527 2038 2520 1645583 163052
600 1533 2037 2520 1651682 163574
601 1542 2034 2520 1657664 164099
602 1549 2030 2520 1663835 164542
603 1554 2028 2520 1669861 165041
604 1559 2023 2520 1676162 165556
605 1564 2022 2520 1682287 166079
606 1570 2021 2520 1688496 166684
607 1580 2017 2520 1694775 167115
608 1590 2016 2520 1701273 167585
609 1595 2014 2520 1707788 168175
610 1605 2010 2520 1714439 168739
611 1613 2010 2520 1720891 169527
612 1617 2008 2520 1727505 169993
613 1623 2004 2520 1734165 170723
614 1630 2004 2520 1740908 171123
615 1637 2003 2520 1747491 171645
616 1638 2002 2520 1754317 172249
617 1640 2001 2520 1761064 172801
618 1645 1997 2520 1767708 173341
619 1647 1996 2520 1774172 173721
620 1657 1992 2520 1780576 174190
621 1663 1991 2520 1786699 174693
622 1669 1987 2520 1793119 175201
623 1679 1985 2520 1799439 175882
624 1684 1982 2520 1805821 176293
625 1694 1982 2520 1812061 176885
626 1697 1979 2520 1818543 177465
627 1705 1976 2520 1825124 178041
628 1708 1974 2520 1831653 178499
629 1716 1973 2520 1838361 179113
630 1726 1968 2520 1844992 179642
631 1729 1965 2520 1851725 180310
632 1734 1961 2520 1858494 180858
633 1737 1960 2520 1865330 181358
634 1743 1960 2520 1872118 181843
635 1751 1958 2520 1878877 182415
636 1759 1956 2520 1885482 182947
637 1766 1955 2520 1892232 183530
638 1769 1954 2520 1898772 184084
639 1776 1953 2520 1905246 184583
640 1783 1950 2520 1911760 185038
641 1789 1949 2520 1918470 185690
642 1793 1947 2520 1924920 186035
643 1795 1945 2520 1931387 186474
644 1806 1942 2520 1937738 186895
645 1814 1939 2520 1944181 187346
646 1826 1938 2520 1950659 187807
647 1829 1934 2520 1957143 188350
648 1839 1934 2520 1963774 188932
649 1844 1932 2520 1970686 189532
650 1850 1930 2520 1977404 190153
651 1856 1929 2520 1984119 190698
652 1864 1927 2520 1990969 191282
653 1869 1924 2520 1997810 191875
654 1874 1922 2520 2004650 192466
655 1883 1920 2520 2011645 193118
656 1888 1916 2520 2018428 193558
657 1896 1915 2520 2025139 194103
658 1899 1911 2520 2031941 194659
659 1901 1911 2520 2038802 195273
660 1906 1910 2520 2045447 195806
661 1913 1907 2520 2051975 196307
662 1914 1904 2520 2058502 196868
663 1923 1902 2520 2064936 197366
664 1929 1902 2520 2071417 197780
665 1936 1901 2520 2077625 198279
666 1942 1899 2520 2083877 198677
667 1948 1898 2520 2090222 199213
668 1955 1897 2520 2096514 199657
669 1962 1896 2520 2102771 200168
670 1972 1893 2520 2109153 200688
671 1979 1893 2520 2115402 201153
672 1985 1892 2520 2121999 201675
673 1993 1890 2520 2128586 202130
674 1996 1887 2520 2135178 202733
675 2002 1886 2520 2141731 203217
676 2009 1884 2520 2148185 203561
677 2013 1881 2520 2154789 203993
678 2015 1879 2520 2161385 204604
679 2019 1878 2520 2167880 205008
680 2023 1874 2520 2174085 205364
681 2028 1872 2520 2180342 205809
682 2040 1869 2520 2186501 206374
683 2046 1866 2520 2192781 206832
684 2054 1864 2520 2199144 207291
685 2055 1863 2520 2205563 207890
686 2059 1862 2520 2212200 208386
687 2060 1861 2520 2218545 208790
688 2067 1861 2520 2224662 209265
689 2073 1859 2520 2230566 209685
690 2081 1856 2520 2236584 210014
691 2084 1854 2520 2242546 210453
692 2096 1851 2520 2248668 210858
693 2105 1851 2520 2254763 211358
694 2112 1849 2520 2261178 211813
695 2119 1846 2520 2267593 212316
696 2125 1845 2520 2274145 212962
697 2131 1843 2520 2280802 213498
698 2139 1843 2520 2287395 214018
699 2143 1843 2520 2293865 214553
700 2148 1839 2520 2300513 215005
701 2155 1835 2520 2307069 215516
702 2160 1833 2520 2313695 215992
703 2165 1831 2520 2320328 216499
704 2168 1829 2520 2326968 217000
705 2170 1826 2520 2333505 217528
706 2174 1825 2520 2339862 217846
707 2181 1823 2520 2346064 218150
708 2185 1818 2520 2352247 218576
709 2191 1818 2520 2358353 219070
710 2195 1817 2520 2364220 219408
711 2200 1817 2520 2370110 219821
712 2204 1815 2520 2375871 220225
713 2217 1815 2520 2381721 220531
714 2229 1812 2520 2387751 220978
715 2237 1811 2520 2393714 221492
716 2245 1809 2520 2399873 221990
717 2250 1808 2520 2406313 222436
718 2251 1805 2520 2412662 222976
719 2259 1805 2520 2419084 223490
720 2266 1803 2520 2425188 223872
721 2269 1801 2520 2431471 224346
722 2272 1801 2520 2437681 224738
723 2279 1799 2520 2443725 225222
724 2280 1796 2520 2449756 225655
725 2287 1794 2520 2455543 226079
726 2288 1793 2520 2461192 226349
727 2293 1793 2520 2467097 226785
728 2301 1793 2520 2472762 227169
729 2304 1791 2520 2478417 227457
730 2308 1790 2520 2484187 227764
731 2313 1789 2520 2489668 228187
732 2316 1786 2520 2495200 228521
733 2321 1784 2520 2500564 228791
734 2329 1782 2520 2505808 229105
735 2338 1782 2520 2511106 229538
736 2347 1781 2520 2516456 229962
737 2354 1780 2520 2521972 230377
738 2358 1778 2520 2527669 230708
739 2365 1778 2520 2533376 231175
740 2369 1776 2520 2538969 231576
741 2377 1772 2520 2544755 232184
742 2382 1771 2520 2550476 232686
743 2384 1770 2520 2556187 233077
744 2387 1769 2520 2561774 233526
745 2393 1769 2520 2567157 233851
746 2397 1769 2520 2572483 234289
747 2399 1769 2520 2577880 234716
748 2403 1767 2520 2583143 235019
749 2405 1766 2520 2588320 235412
750 2409 1766 2520 2593345 235804
751 2411 1765 2520 2598157 236010
752 2416 1764 2520 2603049 236373
753 2420 1761 2520 2607784 236709
754 2424 1759 2520 2612486 236923
755 2430 1759 2520 2617110 237267
756 2435 1758 2520 2621658 237558
757 2442 1756 2520 2626361 237968
758 2450 1754 2520 2631161 238273
759 2455 1754 2520 2635942 238635
760 2461 1751 2520 2640955 239181
761 2465 1749 2520 2646077 239579
762 2470 1748 2520 2651152 240072
763 2476 1747 2520 2656141 240590
764 2481 1745 2520 2661311 240988
765 2485 1743 2520 2666343 241371
766 2487 1742 2520 2671414 241717
767 2489 1740 2520 2676442 242097
768 2496 1740 2520 2681204 242404
769 2498 1735 2520 2685970 242718
770 2501 1733 2520 2690546 243101
771 2503 1732 2520 2695225 243561
772 2505 1730 2520 2699692 243865
773 2511 1728 2520 2704031 244141
774 2517 1726 2520 2708331 244554
775 2523 1724 2520 2712700 244945
776 2527 1722 2520 2716957 245185
777 2531 1722 2520 2721196 245522
778 2533 1721 2520 2725526 245774
779 2536 1720 2520 2729775 246086
780 2542 1716 2520 2733875 246470
781 2547 1715 2520 2737933 246859
782 2550 1714 2520 2742171 247120
783 2555 1714 2520 2746311 247503
784 2562 1713 2520 2750502 247885
785 2565 1712 2520 2754603 248239
786 2570 1710 2520 2758803 248605
787 2574 1710 2520 2763060 248928
788 2580 1708 2520 2767283 249286
789 2580 1707 2520 2771499 249601
790 2583 1705 2520 2775514 249953
791 2586 1704 2520 2779400 250381
792 2589 1704 2520 2783401 250667
793 2591 1702 2520 2787370 251009
794 2593 1699 2520 2791189 251269
795 2595 1697 2520 2795091 251568
796 2597 1695 2520 2798771 251818
797 2602 1693 2520 2802230 252038
798 2608 1691 2520 2805821 252344
799 2612 1687 2520 2809305 252563
800 2615 1685 2520 2812862 252798
801 2623 1682 2520 2816343 253146
802 2627 1681 2520 2819988 253449
803 2629 1681 2520 2823863 253759
804 2635 1679 2520 2827716 254184
805 2642 1679 2520 2831588 254451
806 2644 1678 2520 2835367 254798
807 2649 1678 2520 2839131 255217
808 2650 1674 2520 2842980 255494
809 2650 1674 2520 2846678 255833
810 2651 1673 2520 2850396 256161
811 2653 1668 2520 2853892 256456
812 2654 1666 2520 2857387 256731
813 2663 1666 2520 2860702 257095
814 2665 1666 2520 2864053 257295
815 2668 1665 2520 2867221 257424
816 2669 1664 2520 2870354 257731
817 2673 1664 2520 2873364 258025
818 2673 1664 2520 2876485 258183
819 2678 1662 2520 2879435 258366
820 2678 1662 2520 2882323 258638
821 2680 1660 2520 2885268 258740
822 2682 1660 2520 2888035 258949
823 2686 1659 2520 2890723 259090
824 2691 1659 2520 2893340 259279
825 2693 1659 2520 2896068 259611
826 2696 1658 2520 2898694 259906
827 2699 1655 2520 2901487 260095
828 2700 1655 2520 2904206 260296
829 2705 1655 2520 2906974 260599
830 2707 1651 2520 2909733 260825
831 2708 1650 2520 2912327 261054
832 2709 1648 2520 2915044 261307
833 2714 1648 2520 2917599 261559
834 2714 1647 2520 2920345 261882
835 2716 1645 2520 2922962 262106
836 2718 1645 2520 2925416 262299
837 2720 1644 2520 2927874 262492
838 2722 1643 2520 2930259 262638
839 2725 1641 2520 2932613 262861
840 2727 1640 2520 2934999 263028
841 2730 1639 2520 2937368 263252
842 2732 1639 2520 2939689 263480
843 2734 1639 2520 2942001 263727
844 2735 1638 2520 2944412 263855
845 2737 1638 2520 2946559 264094
846 2742 1638 2520 2948783 264210
847 2743 1637 2520 2950972 264403
848 2746 1637 2520 2953196 264682
849 2748 1637 2520 2955458 264872
850 2753 1636 2520 2957668 265068
851 2753 1634 2520 2960036 265386
852 2753 1633 2520 2962325 265602
853 2755 1633 2520 2964567 265839
854 2757 1633 2520 2966828 266100
855 2759 1632 2520 2968797 266199
856 2761 1631 2520 2970990 266381
857 2763 1629 2520 2973028 266576
858 2764 1628 2520 2975250 266838
859 2765 1627 2520 2977324 267032
860 2767 1626 2520 2979309 267107
861 2769 1624 2520 2981443 267378
862 2770 1623 2520 2983437 267486
863 2772 1621 2520 2985400 267704
864 2773 1620 2520 2987390 267820
865 2773 1620 2520 2989340 268017
866 2774 1620 2520 2991247 268195
867 2777 1618 2520 2992817 268292
868 2781 1616 2520 2994634 268417
869 2786 1616 2520 2996413 268643
870 2786 1614 2520 2998177 268816
871 2787 1612 2520 3000073 268983
872 2791 1612 2520 3001861 269117
873 2791 1611 2520 3003782 269303
874 2793 1609 2520 3005707 269533
875 2795 1604 2520 3007604 269762
876 2796 1602 2520 3009528 269907
877 2797 1602 2520 3011400 270147
878 2797 1601 2520 3013243 270362
879 2799 1599 2520 3014940 270445
880 2799 1598 2520 3016718 270589
881 2799 1596 2520 3018464 270786
882 2802 1595 2520 3019982 270826
883 2803 1593 2520 3021591 270919
884 2805 1593 2520 3023106 271052
885 2807 1593 2520 3024559 271200
886 2809 1592 2520 3026180 271399
887 2811 1590 2520 3027584 271484
888 2811 1589 2520 3028989 271669
889 2814 1589 2520 3030470 271775
890 2815 1587 2520 3031930 271974
891 2818 1586 2520 3033349 272133
892 2818 1586 2520 3034796 272336
893 2819 1585 2520 3036205 272434
894 2820 1585 2520 3037745 272577
895 2822 1584 2520 3039141 272733
896 2826 1584 2520 3040539 272840
897 2826 1583 2520 3041943 272995
898 2826 1583 2520 3043341 273153
899 2827 1582 2520 3044618 273200
900 2828 1581 2520 3045852 273321
901 2828 1579 2520 3047058 273411
902 2829 1577 2520 3048374 273602
903 2830 1577 2520 3049604 273691
904 2830 1576 2520 3050777 273823
905 2830 1576 2520 3051874 273967
906 2830 1576 2520 3052907 274084
907 2830 1576 2520 3053865 274165
908 2831 1576 2520 3054809 274182
909 2834 1576 2520 3055780 274256
910 2836 1576 2520 3056763 274311
911 2836 1575 2520 3057704 274432
912 2839 1574 2520 3058586 274526
913 2842 1574 2520 3059454 274574
914 2846 1574 2520 3060389 274778
915 2846 1574 2520 3061349 274986
916 2846 1573 2520 3062364 275119
917 2847 1573 2520 3063283 275187
918 2847 1573 2520 3064201 275353
919 2847 1573 2520 3065113 275534
920 2849 1573 2520 3066067 275597
921 2849 1573 2520 3066968 275651
922 2849 1573 2520 3067891 275799
923 2849 1573 2520 3068684 275922
924 2849 1573 2520 3069493 276008
925 2849 1573 2520 3070238 276093
926 2849 1572 2520 3071082 276167
927 2849 1571 2520 3071770 276234
928 2849 1571 2520 3072438 276327
929 2849 1571 2520 3073021 276480
930 2850 1571 2520 3073625 276535
931 2850 1571 2520 3074207 276581
932 2851 1571 2520 3074834 276682
933 2851 1570 2520 3075333 276722
934 2852 1570 2520 3075856 276766
935 2854 1569 2520 3076436 276792
936 2854 1569 2520 3076884 276818
937 2855 1568 2520 3077388 276869
938 2856 1567 2520 3077926 276952
939 2857 1567 2520 3078612 277074
940 2858 1567 2520 3079177 277181
941 2858 1567 2520 3079904 277222
942 2858 1567 2520 3080550 277311
943 2859 1567 2520 3081166 277377
944 2859 1567 2520 3081773 277404
945 2859 1566 2520 3082312 277504
946 2859 1566 2520 3082860 277620
947 2859 1566 2520 3083329 277731
948 2859 1566 2520 3083824 277721
949 2859 1566 2520 3084267 277713
950 2860 1566 2520 3084755 277747
951 2860 1566 2520 3085206 277833
952 2860 1565 2520 3085561 277854
953 2861 1563 2520 3086000 277918
954 2861 1563 2520 3086344 277971
955 2861 1563 2520 3086732 278029
956 2861 1562 2520 3087118 278078
957 2861 1561 2520 3087539 278109
958 2863 1560 2520 3088000 278123
959 2863 1560 2520 3088369 278160
960 2864 1560 2520 3088760 278194
961 2865 1560 2520 3089108 278274
962 2865 1560 2520 3089639 278321
963 2866 1560 2520 3090109 278475
964 2866 1560 2520 3090527 278440
965 2866 1560 2520 3091017 278518
966 2866 1559 2520 3091384 278524
967 2866 1558 2520 3091918 278585
968 2866 1558 2520 3092326 278588
969 2866 1558 2520 3092766 278689
970 2867 1558 2520 3093159 278698
971 2867 1558 2520 3093520 278692
972 2867 1557 2520 3093883 278737
973 2867 1557 2520 3094218 278846
974 2867 1556 2520 3094546 278832
975 2868 1554 2520 3094891 278861
976 2869 1554 2520 3095188 278913
977 2869 1554 2520 3095572 278931
978 2869 1554 2520 3095980 278983
979 2869 1554 2520 3096297 278974
980 2869 1554 2520 3096628 279084
981 2870 1554 2520 3096931 279075
982 2870 1553 2520 3097289 279122
983 2871 1553 2520 3097592 279168
984 2871 1553 2520 3097861 279156
985 2871 1552 2520 3098218 279220
986 2871 1552 2520 3098492 279226
987 2871 1552 2520 3098780 279265
988 2871 1551 2520 3099026 279335
989 2871 1551 2520 3099226 279380
990 2871 1551 2520 3099517 279403
991 2871 1551 2520 3099745 279406
992 2871 1551 2520 3100000 279430
993 2872 1551 2520 3100174 279468
994 2872 1550 2520 3100346 279510
995 2872 1550 2520 3100487 279539
996 2872 1550 2520 3100644 279539
997 2872 1550 2520 3100851 279550
998 2872 1549 2520 3101031 279540
999 2872 1547 2520 3101216 279547
1000 2872 1547 2520 3101418 279555
