0 1 2519 2520 795 499
1 1 2519 2520 813 511
2 1 2519 2520 835 527
3 1 2519 2520 859 539
4 1 2519 2520 882 555
5 1 2519 2520 912 562
6 1 2519 2520 934 572
7 1 2519 2520 953 579
8 1 2519 2520 982 592
9 1 2519 2520 1000 602
10 1 2519 2520 1034 628
11 1 2519 2520 1067 637
12 1 2519 2520 1095 650
13 1 2519 2520 1116 659
14 1 2519 2520 1128 657
15 1 2519 2520 1146 659
16 1 2519 2520 1171 668
17 1 2519 2520 1191 675
18 1 2519 2520 1208 680
19 1 2519 2520 1229 683
20 1 2519 2520 1250 690
21 1 2519 2520 1263 698
22 1 2519 2520 1274 703
23 1 2519 2520 1286 705
24 2 2519 2520 1302 710
25 2 2519 2520 1320 713
26 2 2519 2520 1378 731
27 2 2519 2520 1437 751
28 2 2519 2520 1517 787
29 2 2519 2520 1585 806
30 2 2519 2520 1675 847
31 2 2519 2520 1733 869
32 2 2519 2520 1797 881
33 2 2519 2520 1864 898
34 2 2519 2520 1922 917
35 2 2519 2520 1973 930
36 2 2519 2520 2026 949
37 2 2519 2520 2080 957
38 2 2519 2520 2127 975
39 2 2519 2520 2176 991
40 2 2519 2520 2224 1008
41 2 2519 2520 2252 1014
42 2 2519 2520 2286 1022
43 2 2519 2520 2317 1037
44 2 2519 2520 2348 1053
45 2 2519 2520 2383 1065
46 2 2519 2520 2393 1063
47 2 2519 2520 2420 1074
48 2 2519 2520 2442 1081
49 3 2519 2520 2462 1086
50 3 2519 2520 2493 1094
51 3 2519 2520 2563 1118
52 3 2519 2520 2615 1120
53 3 2519 2520 2675 1147
54 4 2519 2520 2732 1167
55 4 2519 2520 2831 1189
56 4 2519 2520 2933 1219
57 4 2519 2520 3048 1252
58 4 2519 2520 3145 1272
59 4 2519 2520 3252 1295
60 4 2519 2520 3373 1322
61 4 2519 2520 3478 1347
62 4 2519 2520 3589 1378
63 4 2519 2520 3678 1404
64 4 2519 2520 3805 1420
65 4 2519 2520 3915 1447
66 4 2519 2520 4005 1469
67 4 2519 2520 4096 1500
68 4 2519 2520 4184 1519
69 4 2519 2520 4258 1545
70 4 2519 2520 4326 1564
71 4 2519 2520 4386 1585
72 4 2519 2520 4451 1603
73 4 2519 2520 4504 1621
74 5 2519 2520 4572 1643
75 6 2519 2520 4658 1666
76 6 2519 2520 4762 1696
77 6 2519 2520 4875 1732
78 6 2519 2520 4987 1759
79 6 2519 2520 5106 1797
80 6 2519 2520 5207 1834
81 6 2519 2520 5313 1855
82 6 2519 2520 5431 1873
83 6 2519 2520 5530 1891
84 6 2519 2520 5620 1922
85 7 2519 2520 5731 1955
86 7 2519 2520 5836 1986
87 7 2519 2520 5987 2024
88 7 2519 2520 6134 2060
89 8 2519 2520 6255 2087
90 8 2519 2520 6377 2115
91 8 2519 2520 6538 2173
92 8 2519 2520 6687 2196
93 8 2519 2520 6832 2231
94 8 2518 2520 6973 2265
95 8 2518 2520 7136 2288
96 8 2518 2520 7285 2323
97 8 2518 2520 7420 2342
98 8 2518 2520 7557 2375
99 8 2518 2520 7684 2394
100 8 2518 2520 7844 2403
101 8 2518 2520 7972 2418
102 8 2518 2520 8066 2447
103 9 2518 2520 8147 2463
104 9 2518 2520 8251 2480
105 9 2518 2520 8372 2511
106 9 2518 2520 8507 2544
107 9 2518 2520 8635 2559
108 9 2518 2520 8779 2579
109 9 2518 2520 8898 2590
110 9 2518 2520 9004 2626
111 10 2518 2520 9097 2655
112 10 2518 2520 9184 2684
113 10 2518 2520 9275 2711
114 10 2518 2520 9376 2721
115 10 2518 2520 9477 2762
116 10 2518 2520 9601 2793
117 10 2518 2520 9699 2820
118 10 2518 2520 9792 2840
119 11 2518 2520 9879 2861
120 11 2518 2520 9988 2878
121 11 2518 2520 10107 2910
122 11 2518 2520 10246 2947
123 11 2518 2520 10392 2991
124 11 2518 2520 10527 3029
125 11 2518 2520 10663 3044
126 11 2518 2520 10785 3076
127 11 2518 2520 10910 3092
128 11 2518 2520 11049 3124
129 11 2518 2520 11181 3156
130 11 2518 2520 11302 3186
131 11 2518 2520 11404 3210
132 11 2518 2520 11504 3227
133 11 2518 2520 11586 3247
134 12 2518 2520 11678 3275
135 12 2518 2520 11774 3313
136 12 2518 2520 11872 3336
137 12 2518 2520 11974 3362
138 12 2518 2520 12049 3377
139 12 2518 2520 12136 3385
140 12 2518 2520 12231 3396
141 13 2518 2520 12304 3414
142 13 2518 2520 12380 3437
143 13 2518 2520 12510 3464
144 13 2518 2520 12628 3500
145 13 2518 2520 12744 3515
146 13 2518 2520 12850 3537
147 13 2518 2520 12964 3561
148 13 2518 2520 13068 3567
149 13 2518 2520 13162 3576
150 13 2518 2520 13266 3591
151 13 2518 2520 13369 3617
152 14 2518 2520 13467 3648
153 14 2518 2520 13563 3660
154 14 2518 2520 13685 3677
155 14 2518 2520 13803 3700
156 14 2518 2520 13934 3734
157 14 2518 2520 14041 3759
158 15 2518 2520 14142 3773
159 15 2518 2520 14239 3778
160 15 2518 2520 14335 3800
161 15 2518 2520 14465 3849
162 15 2518 2520 14566 3858
163 15 2518 2520 14693 3889
164 15 2518 2520 14810 3906
165 15 2518 2520 14912 3936
166 15 2518 2520 15031 3973
167 15 2518 2520 15142 3993
168 15 2518 2520 15230 4016
169 15 2518 2520 15338 4064
170 15 2518 2520 15430 4095
171 15 2518 2520 15518 4111
172 15 2518 2520 15586 4129
173 15 2518 2520 15644 4144
174 16 2518 2520 15717 4151
175 16 2518 2520 15813 4167
176 16 2518 2520 15905 4189
177 16 2518 2520 15984 4207
178 16 2518 2520 16075 4217
179 17 2518 2520 16155 4237
180 17 2518 2520 16254 4281
181 17 2518 2520 16370 4307
182 17 2518 2520 16480 4319
183 17 2518 2520 16621 4358
184 17 2518 2520 16738 4376
185 17 2518 2520 16864 4406
186 17 2518 2520 16979 4429
187 18 2518 2520 17088 4445
188 18 2518 2520 17182 4442
189 18 2518 2520 17289 4453
190 18 2518 2520 17392 4477
191 18 2518 2520 17493 4489
192 18 2518 2520 17619 4517
193 18 2518 2520 17715 4521
194 18 2518 2520 17845 4550
195 18 2518 2520 17946 4559
196 18 2518 2520 18028 4587
197 18 2518 2520 18125 4593
198 18 2518 2520 18213 4607
199 18 2518 2520 18282 4617
200 18 2518 2520 18396 4656
201 18 2518 2520 18477 4686
202 18 2518 2520 18594 4707
203 18 2518 2520 18670 4712
204 18 2518 2520 18737 4717
205 18 2518 2520 18824 4739
206 18 2518 2520 18916 4765
207 18 2518 2520 18988 4776
208 18 2518 2520 19065 4794
209 18 2518 2520 19141 4811
210 19 2518 2520 19230 4834
211 19 2518 2520 19312 4861
212 20 2518 2520 19384 4876
213 20 2518 2520 19492 4896
214 20 2518 2520 19613 4920
215 20 2518 2520 19749 4946
216 20 2518 2520 19871 4975
217 20 2518 2520 20017 5023
218 20 2518 2520 20134 5047
219 20 2518 2520 20284 5064
220 20 2518 2520 20443 5098
221 20 2518 2520 20557 5127
222 20 2518 2520 20667 5165
223 20 2518 2520 20799 5188
224 20 2518 2520 20912 5213
225 20 2518 2520 20999 5228
226 20 2518 2520 21112 5246
227 21 2518 2520 21209 5273
228 21 2518 2520 21322 5325
229 22 2518 2520 21442 5339
230 22 2518 2520 21549 5362
231 22 2518 2520 21701 5388
232 22 2518 2520 21869 5449
233 22 2518 2520 22019 5498
234 22 2518 2520 22155 5525
235 22 2518 2520 22286 5562
236 22 2518 2520 22405 5600
237 22 2518 2520 22533 5621
238 22 2518 2520 22652 5638
239 22 2518 2520 22769 5650
240 22 2518 2520 22910 5688
241 22 2518 2520 23036 5715
242 23 2518 2520 23149 5730
243 24 2518 2520 23254 5746
244 24 2518 2520 23364 5770
245 25 2518 2520 23484 5807
246 25 2518 2520 23637 5821
247 25 2518 2520 23796 5852
248 25 2518 2520 23943 5879
249 25 2518 2520 24124 5909
250 25 2518 2520 24309 5933
251 25 2518 2520 24463 5935
252 25 2518 2520 24608 5972
253 25 2518 2520 24765 5998
254 26 2518 2520 24911 6018
255 26 2518 2520 25048 6051
256 26 2518 2520 25211 6096
257 26 2518 2520 25383 6130
258 26 2518 2520 25555 6159
259 26 2518 2520 25666 6165
260 26 2518 2520 25843 6201
261 26 2518 2520 25999 6218
262 26 2518 2520 26156 6253
263 26 2518 2520 26280 6268
264 27 2518 2520 26408 6288
265 27 2518 2520 26565 6325
266 27 2518 2520 26721 6367
267 27 2518 2520 26881 6418
268 27 2518 2520 27015 6454
269 27 2518 2520 27160 6475
270 27 2518 2520 27260 6499
271 27 2518 2520 27419 6534
272 28 2518 2520 27563 6564
273 28 2518 2520 27702 6590
274 28 2518 2520 27866 6631
275 28 2518 2520 28019 6660
276 28 2518 2520 28200 6690
277 28 2518 2520 28351 6717
278 28 2518 2520 28516 6755
279 28 2518 2520 28641 6785
280 28 2518 2520 28800 6828
281 28 2518 2520 28944 6854
282 28 2518 2520 29080 6862
283 28 2518 2520 29179 6881
284 28 2518 2520 29309 6903
285 28 2518 2520 29396 6924
286 28 2518 2520 29502 6947
287 29 2518 2520 29605 6975
288 30 2518 2520 29727 6999
289 30 2518 2520 29831 7015
290 30 2518 2520 29961 7052
291 30 2518 2520 30070 7069
292 30 2518 2520 30222 7098
293 30 2518 2520 30351 7130
294 30 2518 2520 30469 7152
295 30 2518 2520 30604 7179
296 30 2518 2520 30725 7210
297 30 2518 2520 30834 7233
298 31 2518 2520 30954 7263
299 31 2518 2520 31112 7305
300 31 2518 2520 31234 7348
301 31 2518 2520 31389 7380
302 31 2518 2520 31506 7383
303 31 2518 2520 31652 7426
304 31 2518 2520 31796 7450
305 31 2518 2520 31928 7483
306 31 2518 2520 32051 7500
307 31 2518 2520 32197 7529
308 31 2518 2520 32311 7556
309 32 2518 2520 32448 7584
310 32 2518 2520 32605 7633
311 32 2518 2520 32751 7682
312 32 2518 2520 32887 7686
313 32 2518 2520 33006 7715
314 32 2518 2520 33149 7730
315 32 2518 2520 33271 7751
316 32 2518 2520 33394 7779
317 32 2518 2520 33484 7807
318 32 2518 2520 33591 7820
319 32 2518 2520 33709 7845
320 32 2518 2520 33804 7849
321 32 2518 2520 33924 7871
322 32 2518 2520 34010 7876
323 32 2518 2520 34115 7888
324 32 2518 2520 34214 7911
325 32 2518 2520 34299 7919
326 32 2518 2520 34415 7948
327 32 2518 2520 34488 7967
328 33 2518 2520 34591 7978
329 33 2518 2520 34682 8001
330 33 2518 2520 34795 8033
331 33 2518 2520 34875 8046
332 33 2518 2520 34965 8063
333 33 2518 2520 35092 8082
334 33 2518 2520 35168 8092
335 33 2518 2520 35274 8113
336 33 2518 2520 35368 8121
337 33 2518 2520 35428 8140
338 34 2518 2520 35501 8139
339 34 2518 2520 35611 8160
340 34 2518 2520 35725 8177
341 34 2518 2520 35830 8201
342 34 2518 2520 35938 8224
343 34 2518 2520 36031 8242
344 34 2518 2520 36125 8259
345 34 2518 2520 36221 8282
346 34 2518 2520 36306 8311
347 35 2518 2520 36399 8325
348 35 2518 2520 36500 8338
349 35 2518 2520 36641 8372
350 35 2518 2520 36765 8411
351 36 2518 2520 36896 8423
352 37 2518 2520 37028 8445
353 37 2518 2520 37179 8464
354 37 2518 2520 37317 8488
355 37 2518 2520 37439 8526
356 37 2518 2520 37598 8543
357 37 2518 2520 37724 8555
358 37 2518 2520 37863 8575
359 37 2518 2520 37994 8593
360 37 2518 2520 38140 8602
361 37 2518 2520 38251 8614
362 37 2518 2520 38348 8636
363 38 2518 2520 38452 8640
364 38 2518 2520 38575 8658
365 38 2518 2520 38672 8695
366 38 2518 2520 38810 8727
367 38 2518 2520 38915 8736
368 38 2518 2520 39053 8765
369 38 2518 2520 39162 8778
370 38 2518 2520 39260 8796
371 38 2518 2520 39372 8824
372 39 2518 2520 39504 8844
373 39 2518 2520 39637 8867
374 39 2518 2520 39773 8874
375 39 2518 2520 39883 8879
376 39 2518 2520 39977 8894
377 39 2518 2520 40098 8917
378 39 2518 2520 40201 8918
379 40 2517 2520 40309 8921
380 40 2517 2520 40407 8942
381 40 2517 2520 40546 8965
382 41 2517 2520 40688 8986
383 41 2517 2520 40850 9015
384 42 2517 2520 41002 9034
385 42 2517 2520 41167 9069
386 42 2517 2520 41321 9119
387 42 2517 2520 41485 9136
388 42 2517 2520 41639 9150
389 42 2517 2520 41789 9165
390 43 2517 2520 41962 9204
391 43 2517 2520 42177 9249
392 43 2517 2520 42348 9291
393 43 2517 2520 42496 9313
394 43 2517 2520 42707 9352
395 43 2517 2520 42886 9368
396 43 2517 2520 43049 9399
397 43 2517 2520 43236 9459
398 43 2517 2520 43390 9493
399 43 2517 2520 43584 9530
400 43 2517 2520 43762 9573
401 43 2517 2520 43911 9597
402 43 2517 2520 44072 9614
403 43 2517 2520 44214 9640
404 43 2517 2520 44375 9682
405 43 2517 2520 44551 9708
406 43 2517 2520 44680 9733
407 44 2517 2520 44812 9777
408 45 2517 2520 44955 9798
409 45 2517 2520 45103 9853
410 45 2517 2520 45273 9893
411 45 2517 2520 45407 9929
412 45 2517 2520 45576 9953
413 45 2517 2520 45749 9988
414 46 2517 2520 45900 10011
415 46 2517 2520 46079 10064
416 46 2517 2520 46281 10109
417 46 2517 2520 46438 10129
418 46 2517 2520 46612 10197
419 46 2517 2520 46773 10218
420 46 2517 2520 46952 10245
421 46 2517 2520 47140 10283
422 47 2517 2520 47271 10307
423 47 2517 2520 47455 10364
424 47 2517 2520 47668 10401
425 47 2517 2520 47833 10453
426 47 2517 2520 48029 10512
427 47 2517 2520 48208 10542
428 47 2517 2520 48357 10572
429 47 2517 2520 48475 10570
430 47 2517 2520 48622 10611
431 47 2517 2520 48790 10640
432 47 2517 2520 48920 10685
433 47 2517 2520 49072 10714
434 47 2517 2520 49240 10759
435 47 2517 2520 49349 10782
436 47 2517 2520 49481 10799
437 47 2517 2520 49592 10817
438 47 2517 2520 49719 10836
439 47 2517 2520 49844 10865
440 47 2517 2520 49972 10874
441 47 2517 2520 50081 10885
442 47 2517 2520 50206 10886
443 47 2517 2520 50327 10908
444 47 2517 2520 50415 10928
445 47 2517 2520 50529 10948
446 47 2517 2520 50635 10974
447 47 2517 2520 50736 11001
448 47 2517 2520 50833 11026
449 47 2517 2520 50917 11048
450 47 2517 2520 51012 11068
451 47 2517 2520 51104 11078
452 47 2517 2520 51225 11079
453 47 2517 2520 51334 11102
454 47 2517 2520 51414 11113
455 47 2517 2520 51519 11137
456 47 2517 2520 51614 11144
457 48 2517 2520 51694 11170
458 49 2517 2520 51815 11187
459 49 2517 2520 51935 11229
460 49 2517 2520 52083 11250
461 49 2517 2520 52228 11283
462 49 2517 2520 52373 11301
463 49 2517 2520 52483 11316
464 49 2517 2520 52637 11353
465 49 2517 2520 52762 11372
466 50 2517 2520 52901 11399
467 50 2517 2520 53045 11424
468 50 2517 2520 53172 11437
469 50 2517 2520 53321 11458
470 50 2517 2520 53457 11478
471 50 2517 2520 53595 11503
472 50 2517 2520 53711 11517
473 51 2517 2520 53831 11535
474 51 2517 2520 53940 11553
475 51 2517 2520 54056 11589
476 51 2517 2520 54192 11595
477 51 2517 2520 54309 11615
478 52 2517 2520 54443 11638
479 52 2517 2520 54584 11663
480 52 2517 2520 54740 11689
481 52 2517 2520 54878 11718
482 52 2517 2520 54982 11736
483 52 2517 2520 55116 11747
484 52 2517 2520 55259 11771
485 52 2517 2520 55379 11806
486 52 2517 2520 55506 11819
487 53 2517 2520 55614 11848
488 53 2517 2520 55743 11887
489 53 2517 2520 55906 11901
490 53 2517 2520 56047 11928
491 53 2517 2520 56189 11952
492 53 2517 2520 56332 11958
493 53 2517 2520 56452 11972
494 53 2517 2520 56611 12009
495 54 2517 2520 56759 12032
496 54 2517 2520 56885 12057
497 54 2517 2520 57035 12108
498 54 2517 2520 57182 12129
499 54 2517 2520 57287 12152
500 54 2517 2520 57452 12187
501 54 2517 2520 57592 12211
502 54 2517 2520 57728 12230
503 55 2517 2520 57877 12253
504 56 2517 2520 58006 12267
505 56 2517 2520 58171 12315
506 56 2517 2520 58356 12340
507 56 2517 2520 58524 12378
508 56 2517 2520 58686 12401
509 56 2517 2520 58861 12436
510 56 2517 2520 59009 12467
511 56 2517 2520 59183 12489
512 56 2517 2520 59334 12519
513 56 2517 2520 59498 12540
514 56 2517 2520 59662 12574
515 56 2517 2520 59816 12600
516 56 2517 2520 59946 12631
517 57 2517 2520 60096 12652
518 58 2517 2520 60247 12668
519 58 2517 2520 60392 12672
520 58 2517 2520 60559 12710
521 58 2517 2520 60734 12748
522 58 2517 2520 60869 12782
523 58 2517 2520 61030 12820
524 58 2517 2520 61162 12834
525 58 2517 2520 61278 12866
526 58 2517 2520 61423 12910
527 59 2517 2520 61550 12933
528 59 2517 2520 61683 12952
529 59 2517 2520 61823 12963
530 59 2517 2520 61962 12991
531 59 2517 2520 62114 13003
532 59 2517 2520 62281 13028
533 59 2517 2520 62437 13032
534 59 2517 2520 62610 13039
535 59 2517 2520 62744 13068
536 59 2517 2520 62887 13082
537 59 2517 2520 63020 13097
538 59 2517 2520 63160 13100
539 59 2517 2520 63297 13120
540 59 2517 2520 63462 13159
541 59 2517 2520 63583 13195
542 59 2517 2520 63710 13223
543 60 2517 2520 63842 13225
544 60 2517 2520 63957 13244
545 61 2517 2520 64103 13261
546 61 2517 2520 64259 13282
547 61 2517 2520 64416 13297
548 62 2517 2520 64572 13309
549 63 2517 2520 64765 13332
550 63 2517 2520 64940 13350
551 63 2517 2520 65184 13378
552 63 2517 2520 65380 13411
553 63 2517 2520 65632 13444
554 63 2517 2520 65846 13479
555 63 2517 2520 66031 13508
556 63 2517 2520 66223 13519
557 63 2517 2520 66454 13556
558 63 2517 2520 66683 13584
559 63 2517 2520 66874 13609
560 63 2517 2520 67066 13615
561 63 2517 2520 67258 13652
562 63 2517 2520 67424 13682
563 64 2517 2520 67626 13701
564 64 2517 2520 67818 13720
565 64 2517 2520 67984 13743
566 65 2517 2520 68182 13766
567 65 2517 2520 68355 13802
568 65 2517 2520 68557 13846
569 65 2517 2520 68743 13884
570 65 2517 2520 68950 13914
571 65 2517 2520 69156 13951
572 65 2517 2520 69315 13955
573 65 2517 2520 69496 13997
574 65 2517 2520 69684 14027
575 65 2517 2520 69867 14074
576 65 2517 2520 70037 14101
577 65 2517 2520 70189 14142
578 66 2517 2520 70328 14138
579 66 2517 2520 70505 14162
580 67 2517 2520 70646 14182
581 67 2517 2520 70805 14230
582 67 2517 2520 70991 14270
583 67 2517 2520 71190 14312
584 68 2517 2520 71406 14351
585 68 2517 2520 71583 14390
586 68 2517 2520 71737 14429
587 68 2517 2520 71921 14466
588 68 2517 2520 72099 14501
589 68 2517 2520 72292 14553
590 68 2517 2520 72497 14598
591 68 2517 2520 72683 14609
592 68 2517 2520 72868 14643
593 68 2517 2520 73060 14704
594 68 2517 2520 73259 14748
595 68 2517 2520 73466 14783
596 68 2517 2520 73635 14820
597 69 2517 2520 73751 14845
598 69 2517 2520 73912 14882
599 69 2517 2520 74088 14924
600 70 2517 2520 74244 14958
601 70 2517 2520 74422 15003
602 70 2517 2520 74573 15055
603 70 2517 2520 74749 15094
604 70 2517 2520 74898 15123
605 70 2517 2520 75045 15154
606 70 2517 2520 75208 15188
607 70 2517 2520 75358 15231
608 70 2517 2520 75506 15252
609 70 2517 2520 75657 15274
610 70 2517 2520 75795 15312
611 70 2517 2520 75949 15353
612 70 2517 2520 76092 15385
613 70 2517 2520 76239 15394
614 70 2517 2520 76344 15408
615 71 2517 2520 76527 15452
616 71 2517 2520 76669 15472
617 73 2517 2520 76814 15489
618 73 2517 2520 76990 15534
619 73 2517 2520 77185 15585
620 73 2517 2520 77372 15630
621 73 2517 2520 77538 15651
622 74 2517 2520 77712 15682
623 74 2517 2520 77880 15694
624 74 2517 2520 78064 15705
625 74 2517 2520 78274 15745
626 74 2517 2520 78499 15762
627 74 2517 2520 78704 15783
628 74 2517 2520 78880 15834
629 74 2517 2520 79044 15832
630 75 2517 2520 79219 15843
631 75 2517 2520 79400 15863
632 75 2517 2520 79590 15894
633 75 2517 2520 79794 15903
634 76 2517 2520 79969 15921
635 76 2517 2520 80184 15965
636 76 2517 2520 80371 15997
637 76 2517 2520 80558 16012
638 76 2517 2520 80789 16057
639 76 2517 2520 80973 16091
640 76 2517 2520 81168 16103
641 76 2517 2520 81363 16100
642 76 2517 2520 81531 16135
643 76 2517 2520 81699 16128
644 76 2517 2520 81885 16139
645 76 2517 2520 82067 16176
646 76 2517 2520 82198 16172
647 76 2517 2520 82358 16185
648 76 2517 2520 82462 16213
649 76 2517 2520 82590 16228
650 76 2517 2520 82774 16241
651 76 2517 2520 82907 16269
652 77 2517 2520 83027 16283
653 77 2517 2520 83168 16331
654 77 2517 2520 83300 16350
655 77 2517 2520 83417 16362
656 78 2517 2520 83585 16384
657 78 2517 2520 83750 16415
658 78 2517 2520 83866 16427
659 78 2517 2520 83984 16446
660 78 2517 2520 84153 16473
661 78 2517 2520 84292 16481
662 78 2517 2520 84434 16512
663 78 2517 2520 84549 16530
664 78 2517 2520 84689 16545
665 80 2517 2520 84830 16588
666 80 2517 2520 84997 16631
667 80 2517 2520 85170 16651
668 81 2517 2520 85373 16682
669 81 2517 2520 85570 16720
670 82 2517 2520 85750 16738
671 82 2517 2520 85971 16798
672 82 2517 2520 86203 16823
673 82 2517 2520 86418 16859
674 82 2517 2520 86595 16879
675 82 2517 2520 86777 16888
676 82 2517 2520 87011 16915
677 82 2517 2520 87207 16919
678 83 2517 2520 87465 16956
679 83 2517 2520 87652 16991
680 83 2517 2520 87871 17030
681 83 2517 2520 88115 17046
682 83 2517 2520 88339 17066
683 83 2517 2520 88538 17093
684 83 2517 2520 88774 17109
685 83 2517 2520 89013 17148
686 83 2517 2520 89217 17138
687 83 2517 2520 89428 17171
688 83 2517 2520 89623 17196
689 83 2517 2520 89791 17221
690 83 2517 2520 89994 17246
691 83 2517 2520 90157 17284
692 83 2517 2520 90330 17320
693 83 2517 2520 90504 17353
694 83 2517 2520 90675 17385
695 83 2517 2520 90817 17400
696 83 2517 2520 90971 17435
697 84 2517 2520 91128 17473
698 84 2517 2520 91284 17494
699 84 2517 2520 91451 17499
700 84 2517 2520 91603 17503
701 84 2517 2520 91754 17516
702 84 2517 2520 91923 17542
703 84 2517 2520 92082 17558
704 84 2517 2520 92253 17599
705 84 2517 2520 92391 17592
706 85 2517 2520 92534 17599
707 85 2517 2520 92680 17614
708 85 2517 2520 92854 17628
709 85 2517 2520 93010 17645
710 85 2517 2520 93209 17661
711 85 2517 2520 93361 17684
712 85 2517 2520 93487 17700
713 85 2517 2520 93637 17728
714 87 2517 2520 93794 17749
715 88 2517 2520 93923 17764
716 88 2517 2520 94101 17777
717 90 2517 2520 94264 17795
718 90 2517 2520 94422 17822
719 91 2517 2520 94618 17853
720 91 2517 2520 94815 17878
721 93 2517 2520 95022 17910
722 93 2517 2520 95245 17934
723 93 2517 2520 95480 17958
724 93 2517 2520 95740 17987
725 93 2517 2520 96016 18025
726 93 2517 2520 96275 18080
727 93 2517 2520 96509 18111
728 93 2517 2520 96739 18132
729 93 2517 2520 96953 18137
730 93 2517 2520 97203 18176
731 93 2517 2520 97444 18211
732 93 2517 2520 97709 18249
733 93 2517 2520 97946 18291
734 93 2517 2520 98142 18320
735 93 2517 2520 98331 18343
736 93 2517 2520 98539 18368
737 93 2517 2520 98752 18407
738 93 2517 2520 98959 18430
739 93 2517 2520 99140 18458
740 93 2517 2520 99328 18483
741 93 2517 2520 99491 18510
742 93 2517 2520 99685 18554
743 93 2517 2520 99862 18575
744 93 2517 2520 100025 18595
745 93 2517 2520 100182 18613
746 94 2517 2520 100325 18656
747 94 2517 2520 100455 18673
748 94 2517 2520 100610 18688
749 94 2517 2520 100732 18713
750 94 2517 2520 100864 18720
751 94 2517 2520 101016 18750
752 94 2517 2520 101150 18761
753 94 2517 2520 101330 18774
754 94 2517 2520 101454 18790
755 94 2517 2520 101576 18818
756 95 2517 2520 101713 18861
757 96 2517 2520 101846 18886
758 97 2517 2520 102006 18886
759 97 2517 2520 102170 18915
760 97 2517 2520 102353 18917
761 97 2517 2520 102533 18945
762 97 2517 2520 102713 18975
763 97 2517 2520 102870 18995
764 97 2517 2520 103072 19026
765 98 2517 2520 103232 19044
766 99 2517 2520 103430 19062
767 99 2517 2520 103682 19100
768 99 2517 2520 103932 19125
769 99 2517 2520 104168 19150
770 99 2517 2520 104396 19171
771 99 2517 2520 104665 19190
772 100 2517 2520 104886 19226
773 100 2517 2520 105123 19249
774 100 2517 2520 105366 19286
775 100 2517 2520 105581 19320
776 100 2517 2520 105781 19352
777 100 2517 2520 105981 19379
778 101 2517 2520 106179 19387
779 101 2517 2520 106383 19411
780 101 2517 2520 106590 19439
781 101 2517 2520 106802 19449
782 101 2517 2520 106999 19470
783 101 2517 2520 107198 19498
784 101 2517 2520 107394 19522
785 101 2517 2520 107610 19555
786 102 2517 2520 107789 19570
787 102 2517 2520 107970 19567
788 102 2517 2520 108170 19586
789 103 2517 2520 108345 19599
790 103 2517 2520 108516 19643
791 103 2517 2520 108700 19680
792 103 2517 2520 108878 19705
793 103 2517 2520 109060 19715
794 104 2517 2520 109238 19731
795 104 2517 2520 109450 19744
796 104 2517 2520 109641 19750
797 104 2517 2520 109844 19773
798 104 2517 2520 110039 19803
799 104 2517 2520 110238 19828
800 104 2517 2520 110440 19848
801 104 2517 2520 110621 19865
802 104 2517 2520 110820 19876
803 104 2517 2520 110960 19900
804 105 2517 2520 111143 19917
805 105 2517 2520 111272 19949
806 106 2517 2520 111488 19986
807 106 2517 2520 111709 20011
808 106 2517 2520 111937 20053
809 106 2517 2520 112159 20073
810 106 2517 2520 112402 20096
811 106 2517 2520 112630 20139
812 106 2517 2520 112835 20190
813 106 2517 2520 113061 20203
814 106 2517 2520 113269 20218
815 106 2517 2520 113470 20251
816 106 2517 2520 113683 20285
817 106 2517 2520 113857 20302
818 106 2517 2520 114041 20337
819 106 2517 2520 114194 20339
820 106 2517 2520 114325 20366
821 107 2517 2520 114502 20389
822 108 2517 2520 114666 20408
823 108 2517 2520 114855 20438
824 108 2517 2520 115023 20441
825 108 2517 2520 115174 20456
826 108 2517 2520 115386 20466
827 108 2517 2520 115561 20513
828 108 2517 2520 115708 20541
829 109 2517 2520 115870 20556
830 110 2517 2520 116048 20585
831 110 2517 2520 116260 20634
832 110 2517 2520 116503 20644
833 110 2517 2520 116691 20691
834 110 2517 2520 116888 20692
835 110 2517 2520 117056 20700
836 112 2517 2520 117255 20724
837 113 2517 2520 117478 20758
838 113 2517 2520 117701 20782
839 113 2517 2520 117941 20804
840 113 2517 2520 118184 20845
841 113 2517 2520 118444 20903
842 113 2517 2520 118667 20927
843 113 2517 2520 118869 20973
844 113 2517 2520 119110 21004
845 113 2517 2520 119311 21051
846 113 2517 2520 119511 21057
847 113 2517 2520 119693 21083
848 113 2517 2520 119868 21111
849 113 2517 2520 120067 21144
850 113 2517 2520 120274 21180
851 113 2517 2520 120431 21193
852 114 2517 2520 120617 21213
853 114 2517 2520 120793 21255
854 114 2517 2520 121010 21301
855 114 2517 2520 121236 21313
856 114 2517 2520 121432 21348
857 114 2517 2520 121593 21362
858 114 2517 2520 121737 21379
859 114 2517 2520 121942 21417
860 114 2517 2520 122117 21419
861 114 2517 2520 122273 21451
862 115 2517 2520 122459 21503
863 115 2517 2520 122614 21538
864 115 2517 2520 122779 21551
865 115 2517 2520 122945 21570
866 115 2517 2520 123109 21600
867 115 2517 2520 123289 21624
868 115 2517 2520 123439 21632
869 115 2517 2520 123600 21643
870 115 2517 2520 123743 21677
871 117 2517 2520 123904 21682
872 117 2517 2520 124059 21691
873 118 2517 2520 124233 21697
874 118 2517 2520 124401 21712
875 118 2517 2520 124617 21765
876 118 2517 2520 124792 21807
877 118 2517 2520 125001 21843
878 118 2517 2520 125207 21873
879 118 2517 2520 125381 21893
880 118 2517 2520 125551 21891
881 118 2517 2520 125701 21895
882 118 2517 2520 125898 21950
883 119 2517 2520 126047 21972
884 119 2517 2520 126218 21980
885 119 2517 2520 126389 22007
886 119 2517 2520 126567 22046
887 119 2517 2520 126732 22063
888 120 2517 2520 126944 22107
889 120 2517 2520 127098 22145
890 120 2517 2520 127292 22166
891 121 2517 2520 127427 22210
892 121 2517 2520 127649 22238
893 121 2517 2520 127804 22258
894 122 2517 2520 128011 22277
895 122 2517 2520 128213 22299
896 122 2517 2520 128420 22329
897 122 2517 2520 128613 22338
898 122 2517 2520 128797 22373
899 122 2517 2520 129039 22386
900 122 2517 2520 129264 22389
901 122 2517 2520 129476 22437
902 122 2517 2520 129646 22451
903 122 2517 2520 129830 22486
904 123 2517 2520 130032 22527
905 123 2517 2520 130188 22556
906 124 2517 2520 130402 22573
907 124 2517 2520 130621 22587
908 124 2517 2520 130804 22624
909 124 2517 2520 131009 22651
910 125 2517 2520 131171 22662
911 125 2517 2520 131371 22692
912 125 2517 2520 131584 22729
913 125 2517 2520 131797 22755
914 125 2517 2520 132015 22791
915 125 2517 2520 132227 22817
916 125 2517 2520 132444 22856
917 125 2517 2520 132617 22870
918 126 2517 2520 132839 22915
919 126 2517 2520 133018 22921
920 126 2517 2520 133228 22967
921 126 2517 2520 133433 22990
922 126 2517 2520 133590 22993
923 126 2517 2520 133815 23030
924 126 2517 2520 134013 23052
925 126 2517 2520 134233 23075
926 126 2517 2520 134432 23080
927 126 2517 2520 134665 23140
928 126 2517 2520 134844 23159
929 126 2517 2520 135085 23209
930 126 2517 2520 135286 23221
931 126 2517 2520 135464 23235
932 126 2517 2520 135669 23259
933 126 2517 2520 135846 23272
934 126 2517 2520 135996 23294
935 126 2517 2520 136170 23289
936 127 2517 2520 136360 23312
937 127 2517 2520 136526 23331
938 128 2517 2520 136713 23352
939 129 2517 2520 136908 23391
940 129 2517 2520 137130 23411
941 129 2517 2520 137356 23435
942 129 2517 2520 137622 23449
943 129 2517 2520 137818 23446
944 129 2517 2520 138066 23467
945 129 2517 2520 138281 23477
946 130 2517 2520 138483 23499
947 130 2517 2520 138712 23520
948 131 2517 2520 138943 23544
949 131 2517 2520 139193 23550
950 132 2517 2520 139416 23570
951 133 2517 2520 139673 23585
952 133 2517 2520 139900 23614
953 134 2517 2520 140191 23669
954 134 2517 2520 140426 23719
955 134 2517 2520 140722 23717
956 134 2517 2520 140988 23756
957 134 2517 2520 141309 23796
958 134 2517 2520 141580 23825
959 135 2517 2520 141883 23861
960 135 2517 2520 142204 23907
961 135 2517 2520 142512 23966
962 135 2517 2520 142790 23988
963 135 2517 2520 143086 24044
964 135 2517 2520 143383 24094
965 135 2517 2520 143638 24128
966 135 2517 2520 143892 24172
967 135 2517 2520 144126 24185
968 135 2517 2520 144395 24222
969 135 2517 2520 144629 24242
970 135 2517 2520 144843 24251
971 135 2517 2520 145070 24267
972 135 2517 2520 145290 24307
973 135 2517 2520 145519 24356
974 135 2517 2520 145686 24362
975 135 2517 2520 145863 24411
976 135 2517 2520 146054 24420
977 135 2517 2520 146291 24467
978 135 2517 2520 146486 24510
979 135 2517 2520 146635 24525
980 135 2517 2520 146788 24542
981 135 2517 2520 146952 24562
982 135 2517 2520 147128 24601
983 135 2517 2520 147253 24634
984 135 2517 2520 147435 24652
985 136 2517 2520 147597 24686
986 136 2517 2520 147755 24712
987 136 2517 2520 147949 24730
988 136 2517 2520 148139 24757
989 137 2517 2520 148317 24790
990 138 2517 2520 148504 24781
991 138 2517 2520 148710 24821
992 139 2517 2520 148890 24853
993 139 2517 2520 149109 24885
994 139 2517 2520 149311 24931
995 140 2517 2520 149544 24987
996 141 2517 2520 149791 25028
997 142 2517 2520 150013 25074
998 142 2517 2520 150263 25114
999 142 2517 2520 150547 25176
1000 142 2517 2520 150792 25216
