0 1 2519 2520 793 498
1 1 2519 2520 810 509
2 1 2519 2520 820 516
3 1 2519 2520 842 535
4 1 2519 2520 865 549
5 1 2519 2520 894 570
6 1 2519 2520 917 577
7 1 2519 2520 949 592
8 1 2519 2520 972 606
9 1 2519 2520 1000 615
10 1 2519 2520 1029 631
11 1 2519 2520 1055 640
12 1 2519 2520 1077 652
13 1 2519 2520 1098 662
14 1 2519 2520 1114 663
15 1 2519 2520 1128 669
16 1 2519 2520 1137 669
17 1 2519 2520 1158 674
18 1 2519 2520 1171 678
19 1 2519 2520 1183 679
20 1 2519 2520 1186 676
21 1 2519 2520 1197 678
22 1 2519 2520 1204 679
23 2 2519 2520 1207 679
24 2 2519 2520 1253 705
25 2 2519 2520 1325 731
26 2 2519 2520 1417 773
27 2 2519 2520 1513 813
28 2 2519 2520 1596 834
29 2 2519 2520 1675 852
30 2 2519 2520 1758 874
31 2 2519 2520 1834 900
32 2 2519 2520 1889 914
33 2 2519 2520 1959 931
34 2 2519 2520 2037 953
35 2 2519 2520 2086 972
36 2 2519 2520 2142 995
37 2 2519 2520 2182 1006
38 2 2519 2520 2210 1017
39 2 2519 2520 2237 1018
40 2 2519 2520 2265 1024
41 2 2519 2520 2317 1038
42 2 2519 2520 2345 1047
43 2 2519 2520 2365 1055
44 2 2519 2520 2391 1064
45 2 2519 2520 2417 1073
46 2 2519 2520 2444 1083
47 2 2519 2520 2456 1084
48 2 2519 2520 2471 1090
49 2 2519 2520 2471 1092
50 4 2519 2520 2491 1100
51 4 2519 2520 2540 1111
52 4 2519 2520 2642 1148
53 4 2519 2520 2771 1185
54 4 2519 2520 2869 1218
55 4 2519 2520 2977 1248
56 4 2519 2520 3088 1286
57 4 2519 2520 3199 1324
58 4 2519 2520 3300 1345
59 4 2519 2520 3413 1373
60 4 2519 2520 3519 1412
61 4 2519 2520 3623 1431
62 4 2519 2520 3725 1467
63 4 2519 2520 3804 1472
64 4 2519 2520 3900 1510
65 4 2519 2520 3979 1537
66 4 2519 2520 4048 1555
67 4 2519 2520 4110 1576
68 4 2519 2520 4201 1601
69 4 2519 2520 4271 1625
70 4 2519 2520 4325 1643
71 4 2519 2520 4401 1667
72 4 2519 2520 4448 1682
73 4 2519 2520 4509 1694
74 4 2519 2520 4559 1706
75 5 2519 2520 4600 1708
76 5 2519 2520 4674 1740
77 5 2519 2520 4756 1771
78 5 2519 2520 4835 1791
79 5 2519 2520 4925 1824
80 5 2519 2520 5028 1865
81 5 2519 2520 5126 1885
82 7 2519 2520 5205 1905
83 7 2519 2520 5314 1933
84 7 2519 2520 5449 1967
85 7 2519 2520 5578 1993
86 7 2519 2520 5730 2037
87 7 2519 2520 5878 2070
88 7 2519 2520 5989 2097
89 7 2519 2520 6116 2107
90 7 2519 2520 6238 2133
91 7 2519 2520 6358 2167
92 7 2518 2520 6487 2194
93 7 2518 2520 6620 2201
94 7 2518 2520 6761 2217
95 7 2518 2520 6886 2237
96 7 2518 2520 6982 2227
97 7 2518 2520 7094 2237
98 7 2518 2520 7230 2269
99 7 2518 2520 7320 2281
100 8 2518 2520 7400 2299
101 8 2518 2520 7512 2332
102 8 2518 2520 7626 2367
103 8 2518 2520 7732 2393
104 8 2518 2520 7849 2424
105 8 2518 2520 7959 2450
106 8 2518 2520 8061 2470
107 8 2518 2520 8153 2477
108 8 2518 2520 8211 2505
109 8 2518 2520 8305 2516
110 8 2517 2520 8406 2546
111 8 2517 2520 8495 2550
112 8 2517 2520 8598 2562
113 10 2517 2520 8680 2578
114 11 2517 2520 8775 2597
115 11 2517 2520 8916 2614
116 11 2517 2520 9069 2612
117 11 2517 2520 9212 2619
118 11 2517 2520 9385 2625
119 11 2517 2520 9540 2634
120 11 2517 2520 9693 2667
121 11 2517 2520 9833 2699
122 11 2517 2520 9986 2746
123 11 2517 2520 10163 2788
124 11 2517 2520 10290 2814
125 11 2517 2520 10448 2831
126 11 2516 2520 10589 2855
127 11 2516 2520 10735 2887
128 11 2516 2520 10896 2929
129 11 2516 2520 11042 2956
130 11 2516 2520 11205 2967
131 11 2516 2520 11335 2991
132 11 2516 2520 11459 3023
133 11 2516 2520 11544 3042
134 11 2516 2520 11643 3041
135 11 2516 2520 11745 3053
136 12 2516 2520 11826 3061
137 13 2516 2520 11940 3075
138 13 2516 2520 12066 3097
139 13 2516 2520 12188 3129
140 13 2516 2520 12318 3162
141 13 2516 2520 12443 3195
142 13 2516 2520 12549 3203
143 13 2516 2520 12651 3208
144 13 2516 2520 12771 3229
145 13 2516 2520 12871 3240
146 13 2516 2520 12984 3247
147 13 2516 2520 13092 3265
148 13 2516 2520 13181 3288
149 13 2516 2520 13285 3306
150 14 2516 2520 13388 3318
151 14 2516 2520 13488 3349
152 14 2516 2520 13595 3387
153 14 2516 2520 13739 3422
154 14 2516 2520 13861 3450
155 14 2516 2520 13996 3488
156 14 2516 2520 14117 3504
157 14 2516 2520 14234 3536
158 14 2516 2520 14355 3551
159 14 2516 2520 14461 3583
160 14 2516 2520 14593 3599
161 14 2516 2520 14706 3626
162 14 2516 2520 14822 3644
163 15 2516 2520 14912 3663
164 15 2516 2520 15024 3692
165 16 2516 2520 15135 3714
166 16 2516 2520 15235 3750
167 16 2516 2520 15356 3770
168 16 2516 2520 15468 3796
169 16 2516 2520 15575 3827
170 16 2516 2520 15714 3861
171 16 2516 2520 15808 3880
172 16 2516 2520 15932 3907
173 16 2516 2520 16071 3939
174 16 2516 2520 16184 3965
175 16 2516 2520 16294 3992
176 16 2516 2520 16372 3999
177 16 2516 2520 16482 4021
178 17 2516 2520 16605 4038
179 17 2516 2520 16719 4064
180 17 2516 2520 16827 4095
181 17 2516 2520 16955 4141
182 17 2516 2520 17089 4166
183 17 2516 2520 17235 4206
184 17 2516 2520 17345 4239
185 18 2516 2520 17473 4271
186 18 2516 2520 17595 4294
187 18 2516 2520 17730 4328
188 18 2515 2520 17899 4364
189 18 2515 2520 18060 4391
190 18 2515 2520 18240 4436
191 19 2515 2520 18364 4466
192 19 2515 2520 18502 4514
193 19 2515 2520 18648 4524
194 19 2515 2520 18808 4562
195 19 2515 2520 18970 4596
196 19 2515 2520 19116 4618
197 19 2515 2520 19272 4642
198 19 2515 2520 19400 4643
199 19 2515 2520 19545 4660
200 20 2515 2520 19687 4683
201 20 2515 2520 19823 4710
202 20 2515 2520 19980 4759
203 20 2515 2520 20082 4782
204 20 2515 2520 20194 4791
205 20 2515 2520 20325 4824
206 20 2515 2520 20442 4847
207 20 2515 2520 20532 4864
208 20 2515 2520 20630 4893
209 20 2515 2520 20792 4912
210 20 2515 2520 20934 4920
211 21 2515 2520 21029 4937
212 21 2515 2520 21148 4969
213 21 2515 2520 21297 5015
214 21 2515 2520 21427 5054
215 21 2515 2520 21551 5083
216 21 2515 2520 21684 5117
217 21 2515 2520 21802 5139
218 21 2515 2520 21908 5151
219 21 2515 2520 22009 5170
220 21 2515 2520 22108 5214
221 21 2515 2520 22196 5234
222 21 2515 2520 22291 5252
223 21 2515 2520 22383 5260
224 21 2515 2520 22465 5276
225 21 2515 2520 22548 5290
226 21 2515 2520 22616 5312
227 21 2515 2520 22680 5325
228 21 2515 2520 22727 5342
229 21 2515 2520 22794 5357
230 22 2515 2520 22868 5372
231 22 2515 2520 22932 5392
232 23 2515 2520 23005 5423
233 23 2515 2520 23106 5431
234 23 2515 2520 23247 5456
235 23 2515 2520 23360 5499
236 23 2515 2520 23464 5525
237 23 2515 2520 23590 5557
238 23 2515 2520 23712 5590
239 23 2515 2520 23829 5618
240 23 2515 2520 23938 5649
241 23 2515 2520 24051 5668
242 23 2515 2520 24161 5695
243 23 2515 2520 24292 5718
244 23 2515 2520 24407 5750
245 24 2515 2520 24507 5782
246 24 2515 2520 24622 5808
247 25 2515 2520 24756 5834
248 25 2515 2520 24881 5862
249 25 2515 2520 24997 5879
250 26 2515 2520 25121 5896
251 26 2515 2520 25273 5907
252 26 2515 2520 25393 5923
253 26 2515 2520 25549 5942
254 26 2515 2520 25731 5967
255 26 2515 2520 25861 5988
256 26 2515 2520 26000 6019
257 26 2515 2520 26144 6040
258 26 2515 2520 26250 6065
259 26 2515 2520 26388 6088
260 26 2515 2520 26510 6122
261 26 2515 2520 26641 6126
262 26 2515 2520 26782 6160
263 26 2515 2520 26887 6187
264 26 2515 2520 27010 6224
265 26 2515 2520 27097 6225
266 27 2515 2520 27229 6242
267 27 2515 2520 27341 6279
268 27 2515 2520 27461 6313
269 27 2515 2520 27586 6350
270 27 2515 2520 27710 6370
271 27 2515 2520 27813 6381
272 27 2515 2520 27932 6415
273 27 2515 2520 28026 6433
274 27 2515 2520 28130 6451
275 27 2515 2520 28212 6456
276 27 2515 2520 28329 6477
277 27 2515 2520 28430 6499
278 28 2515 2520 28528 6513
279 28 2515 2520 28643 6539
280 28 2515 2520 28778 6567
281 28 2515 2520 28900 6605
282 28 2515 2520 29013 6601
283 29 2515 2520 29114 6621
284 29 2515 2520 29239 6633
285 29 2515 2520 29383 6666
286 29 2515 2520 29554 6709
287 29 2515 2520 29715 6733
288 29 2515 2520 29864 6759
289 29 2515 2520 30002 6791
290 29 2515 2520 30103 6821
291 29 2515 2520 30225 6848
292 29 2515 2520 30337 6874
293 29 2515 2520 30449 6872
294 30 2515 2520 30527 6885
295 30 2515 2520 30650 6904
296 30 2515 2520 30779 6936
297 30 2515 2520 30901 6959
298 30 2515 2520 31025 6989
299 30 2515 2520 31138 7007
300 30 2515 2520 31247 7034
301 30 2515 2520 31362 7053
302 31 2515 2520 31466 7068
303 31 2515 2520 31555 7089
304 31 2515 2520 31627 7098
305 31 2515 2520 31753 7139
306 31 2515 2520 31872 7153
307 31 2515 2520 32001 7168
308 31 2515 2520 32128 7203
309 31 2515 2520 32241 7217
310 31 2515 2520 32353 7246
311 31 2515 2520 32464 7275
312 31 2515 2520 32588 7293
313 31 2515 2520 32725 7316
314 31 2515 2520 32865 7336
315 31 2515 2520 32945 7355
316 31 2515 2520 33033 7365
317 31 2515 2520 33111 7396
318 31 2515 2520 33188 7412
319 31 2515 2520 33255 7436
320 31 2515 2520 33360 7453
321 31 2515 2520 33427 7461
322 31 2515 2520 33511 7482
323 31 2515 2520 33556 7493
324 31 2515 2520 33616 7506
325 31 2515 2520 33673 7499
326 31 2515 2520 33718 7512
327 31 2515 2520 33779 7519
328 31 2515 2520 33849 7537
329 31 2515 2520 33914 7556
330 31 2515 2520 33967 7579
331 31 2515 2520 34027 7600
332 32 2515 2520 34080 7631
333 33 2515 2520 34163 7656
334 33 2515 2520 34267 7667
335 33 2515 2520 34377 7687
336 33 2515 2520 34465 7707
337 33 2515 2520 34543 7730
338 33 2515 2520 34646 7749
339 33 2515 2520 34749 7766
340 33 2515 2520 34838 7782
341 34 2515 2520 34922 7803
342 34 2515 2520 35034 7829
343 34 2515 2520 35137 7827
344 34 2515 2520 35235 7848
345 34 2515 2520 35379 7879
346 34 2515 2520 35473 7887
347 34 2515 2520 35572 7905
348 34 2515 2520 35693 7937
349 34 2515 2520 35831 7956
350 34 2515 2520 35961 7972
351 34 2515 2520 36099 8006
352 35 2515 2520 36208 8018
353 35 2515 2520 36305 8019
354 35 2515 2520 36432 8026
355 35 2515 2520 36536 8032
356 36 2515 2520 36647 8040
357 36 2515 2520 36761 8067
358 36 2515 2520 36893 8100
359 37 2515 2520 37006 8125
360 37 2515 2520 37115 8149
361 37 2515 2520 37272 8178
362 37 2515 2520 37433 8217
363 37 2515 2520 37571 8245
364 37 2515 2520 37707 8283
365 37 2515 2520 37849 8297
366 37 2515 2520 37974 8344
367 37 2515 2520 38101 8363
368 37 2515 2520 38218 8382
369 37 2515 2520 38324 8394
370 37 2515 2520 38457 8419
371 37 2515 2520 38539 8441
372 38 2515 2520 38636 8457
373 38 2515 2520 38758 8490
374 38 2515 2520 38892 8517
375 38 2515 2520 39015 8538
376 38 2515 2520 39089 8558
377 38 2515 2520 39194 8576
378 38 2515 2520 39295 8573
379 39 2515 2520 39392 8590
380 39 2515 2520 39504 8609
381 39 2515 2520 39652 8658
382 39 2515 2520 39786 8689
383 39 2515 2520 39933 8726
384 39 2515 2520 40026 8727
385 39 2515 2520 40162 8768
386 39 2515 2520 40276 8795
387 39 2515 2520 40394 8815
388 39 2515 2520 40501 8835
389 39 2515 2520 40628 8862
390 39 2515 2520 40730 8875
391 40 2515 2520 40825 8901
392 40 2515 2520 40930 8934
393 40 2515 2520 41035 8959
394 40 2515 2520 41152 8995
395 40 2515 2520 41256 9016
396 40 2515 2520 41374 9051
397 40 2515 2520 41496 9074
398 40 2515 2520 41613 9092
399 40 2515 2520 41703 9109
400 40 2515 2520 41796 9106
401 40 2515 2520 41904 9124
402 40 2515 2520 42020 9150
403 41 2515 2520 42136 9162
404 41 2515 2520 42191 9165
405 41 2515 2520 42293 9177
406 41 2515 2520 42375 9192
407 41 2515 2520 42465 9204
408 41 2515 2520 42570 9213
409 41 2515 2520 42693 9234
410 41 2515 2520 42798 9255
411 41 2515 2520 42876 9259
412 41 2515 2520 42955 9273
413 41 2515 2520 43050 9278
414 41 2515 2520 43180 9299
415 41 2515 2520 43268 9305
416 41 2515 2520 43359 9300
417 41 2515 2520 43462 9331
418 41 2515 2520 43574 9362
419 41 2515 2520 43672 9384
420 41 2515 2520 43745 9381
421 41 2515 2520 43832 9404
422 41 2515 2520 43916 9421
423 41 2515 2520 43983 9423
424 41 2515 2520 44069 9451
425 41 2515 2520 44144 9454
426 41 2515 2520 44220 9457
427 41 2515 2520 44306 9475
428 41 2515 2520 44361 9473
429 41 2515 2520 44430 9461
430 41 2515 2520 44484 9467
431 41 2515 2520 44572 9498
432 41 2515 2520 44637 9516
433 41 2515 2520 44692 9527
434 42 2515 2520 44770 9543
435 42 2515 2520 44844 9551
436 42 2515 2520 44918 9552
437 42 2515 2520 45008 9574
438 42 2515 2520 45069 9592
439 42 2515 2520 45144 9577
440 42 2515 2520 45207 9591
441 42 2515 2520 45278 9610
442 42 2515 2520 45362 9641
443 42 2515 2520 45456 9660
444 43 2515 2520 45547 9677
445 43 2515 2520 45618 9698
446 43 2515 2520 45711 9719
447 43 2515 2520 45806 9735
448 43 2515 2520 45896 9749
449 44 2515 2520 45992 9777
450 44 2515 2520 46087 9814
451 44 2515 2520 46193 9838
452 44 2515 2520 46267 9836
453 44 2515 2520 46358 9853
454 44 2515 2520 46482 9867
455 44 2515 2520 46600 9890
456 44 2515 2520 46715 9908
457 45 2515 2520 46818 9929
458 45 2515 2520 46939 9950
459 45 2515 2520 47074 9983
460 45 2515 2520 47208 9998
461 45 2515 2520 47328 10009
462 45 2515 2520 47441 10023
463 45 2515 2520 47574 10062
464 45 2515 2520 47707 10091
465 45 2515 2520 47801 10108
466 45 2515 2520 47918 10128
467 45 2515 2520 48000 10141
468 45 2515 2520 48096 10162
469 45 2515 2520 48201 10194
470 45 2515 2520 48287 10237
471 45 2515 2520 48383 10267
472 45 2515 2520 48467 10279
473 45 2515 2520 48536 10295
474 45 2515 2520 48630 10315
475 45 2515 2520 48729 10336
476 45 2515 2520 48806 10331
477 45 2515 2520 48878 10348
478 45 2515 2520 48960 10373
479 45 2515 2520 49049 10390
480 45 2515 2520 49122 10405
481 46 2515 2520 49206 10396
482 47 2515 2520 49306 10411
483 47 2515 2520 49419 10439
484 47 2515 2520 49531 10453
485 47 2515 2520 49640 10481
486 47 2515 2520 49780 10508
487 47 2515 2520 49864 10522
488 47 2515 2520 49971 10532
489 47 2515 2520 50082 10558
490 47 2515 2520 50215 10567
491 47 2515 2520 50310 10571
492 48 2515 2520 50428 10603
493 48 2515 2520 50532 10622
494 48 2515 2520 50666 10650
495 48 2515 2520 50813 10643
496 48 2515 2520 50954 10657
497 49 2515 2520 51099 10681
498 49 2515 2520 51223 10697
499 49 2515 2520 51368 10704
500 49 2515 2520 51530 10733
501 49 2515 2520 51657 10767
502 50 2515 2520 51780 10780
503 50 2515 2520 51903 10816
504 50 2515 2520 52065 10841
505 51 2515 2520 52196 10848
506 51 2515 2520 52326 10869
507 51 2515 2520 52492 10885
508 51 2515 2520 52663 10905
509 51 2515 2520 52800 10921
510 51 2515 2520 52947 10970
511 52 2515 2520 53110 10981
512 52 2515 2520 53270 11003
513 52 2515 2520 53453 11037
514 52 2515 2520 53638 11080
515 52 2515 2520 53815 11107
516 52 2515 2520 53961 11136
517 52 2515 2520 54098 11151
518 52 2515 2520 54285 11165
519 53 2515 2520 54455 11186
520 53 2515 2520 54625 11204
521 53 2515 2520 54809 11241
522 53 2515 2520 54985 11274
523 53 2515 2520 55160 11317
524 53 2515 2520 55329 11332
525 53 2515 2520 55474 11353
526 53 2515 2520 55642 11360
527 53 2515 2520 55765 11396
528 53 2515 2520 55893 11421
529 53 2515 2520 56017 11457
530 53 2515 2520 56176 11471
531 53 2515 2520 56270 11496
532 53 2515 2520 56400 11510
533 53 2515 2520 56522 11531
534 53 2515 2520 56656 11569
535 53 2515 2520 56792 11595
536 53 2515 2520 56919 11618
537 53 2515 2520 57040 11644
538 53 2515 2520 57152 11661
539 54 2515 2520 57269 11703
540 54 2515 2520 57387 11734
541 54 2515 2520 57510 11781
542 54 2515 2520 57624 11803
543 54 2515 2520 57776 11833
544 54 2515 2520 57902 11856
545 54 2515 2520 58022 11885
546 54 2515 2520 58143 11902
547 54 2515 2520 58238 11928
548 54 2515 2520 58349 11956
549 55 2515 2520 58448 11978
550 55 2515 2520 58586 12012
551 55 2515 2520 58717 12044
552 55 2515 2520 58861 12093
553 55 2515 2520 58999 12120
554 55 2515 2520 59124 12156
555 55 2515 2520 59290 12208
556 55 2515 2520 59420 12232
557 55 2515 2520 59571 12266
558 55 2515 2520 59696 12293
559 55 2515 2520 59785 12325
560 55 2515 2520 59917 12357
561 55 2515 2520 60034 12367
562 55 2515 2520 60146 12380
563 55 2515 2520 60244 12386
564 55 2515 2520 60370 12402
565 57 2515 2520 60517 12451
566 57 2515 2520 60654 12484
567 57 2515 2520 60803 12513
568 57 2515 2520 60939 12565
569 57 2515 2520 61081 12578
570 57 2515 2520 61232 12609
571 57 2515 2520 61357 12643
572 57 2515 2520 61527 12665
573 58 2515 2520 61656 12683
574 58 2515 2520 61826 12729
575 58 2515 2520 61998 12755
576 58 2515 2520 62174 12782
577 58 2515 2520 62333 12801
578 58 2515 2520 62456 12814
579 58 2515 2520 62581 12839
580 58 2515 2520 62732 12871
581 59 2515 2520 62865 12894
582 59 2515 2520 63016 12924
583 59 2515 2520 63172 12963
584 60 2515 2520 63294 12982
585 60 2515 2520 63443 13018
586 60 2515 2520 63598 13065
587 60 2515 2520 63774 13089
588 60 2515 2520 63951 13116
589 61 2515 2520 64113 13131
590 61 2515 2520 64301 13156
591 61 2515 2520 64483 13177
592 61 2515 2520 64629 13198
593 61 2515 2520 64769 13221
594 61 2515 2520 64960 13270
595 61 2515 2520 65106 13288
596 61 2515 2520 65251 13314
597 61 2515 2520 65415 13341
598 61 2515 2520 65580 13385
599 61 2515 2520 65728 13398
600 61 2515 2520 65847 13437
601 62 2515 2520 65977 13469
602 63 2515 2520 66125 13490
603 63 2515 2520 66298 13524
604 63 2515 2520 66425 13536
605 64 2515 2520 66568 13568
606 64 2515 2520 66745 13600
607 64 2515 2520 66912 13641
608 64 2515 2520 67087 13665
609 64 2515 2520 67250 13697
610 64 2515 2520 67420 13732
611 64 2515 2520 67597 13754
612 64 2515 2520 67754 13782
613 65 2515 2520 67919 13817
614 65 2515 2520 68078 13863
615 65 2515 2520 68235 13882
616 65 2515 2520 68383 13910
617 66 2515 2520 68523 13934
618 66 2515 2520 68690 13955
619 66 2515 2520 68884 13993
620 66 2515 2520 69124 14005
621 66 2515 2520 69280 14045
622 66 2515 2520 69463 14097
623 66 2515 2520 69593 14143
624 66 2515 2520 69742 14175
625 66 2515 2520 69911 14186
626 66 2515 2520 70080 14209
627 66 2515 2520 70266 14234
628 66 2515 2520 70427 14255
629 66 2515 2520 70559 14275
630 66 2515 2520 70704 14297
631 66 2515 2520 70860 14326
632 66 2515 2520 71018 14336
633 66 2515 2520 71128 14356
634 66 2515 2520 71255 14386
635 66 2515 2520 71383 14403
636 66 2515 2520 71522 14408
637 66 2515 2520 71641 14438
638 66 2515 2520 71734 14467
639 66 2515 2520 71857 14478
640 67 2515 2520 71952 14486
641 67 2515 2520 72076 14511
642 67 2515 2520 72195 14553
643 67 2515 2520 72306 14579
644 67 2515 2520 72456 14590
645 68 2515 2520 72582 14627
646 69 2515 2520 72700 14651
647 69 2515 2520 72847 14705
648 69 2515 2520 72990 14725
649 69 2515 2520 73147 14761
650 69 2515 2520 73313 14775
651 69 2515 2520 73488 14813
652 69 2515 2520 73656 14847
653 69 2515 2520 73785 14851
654 69 2515 2520 73927 14874
655 70 2515 2520 74101 14896
656 70 2515 2520 74285 14929
657 70 2515 2520 74460 14964
658 72 2515 2520 74641 15000
659 72 2515 2520 74798 15017
660 72 2515 2520 74961 15035
661 72 2515 2520 75154 15077
662 72 2515 2520 75334 15108
663 72 2515 2520 75507 15147
664 73 2515 2520 75707 15177
665 73 2515 2520 75877 15183
666 73 2515 2520 76071 15213
667 73 2515 2520 76226 15251
668 73 2515 2520 76400 15261
669 73 2515 2520 76589 15279
670 73 2515 2520 76761 15280
671 73 2515 2520 76942 15311
672 73 2515 2520 77124 15331
673 73 2515 2520 77293 15362
674 73 2515 2520 77418 15387
675 73 2515 2520 77565 15408
676 73 2515 2520 77694 15434
677 73 2515 2520 77798 15472
678 73 2515 2520 77898 15485
679 73 2515 2520 78047 15507
680 74 2515 2520 78171 15524
681 74 2515 2520 78304 15570
682 74 2515 2520 78452 15610
683 74 2515 2520 78590 15643
684 74 2515 2520 78714 15698
685 74 2515 2520 78885 15737
686 74 2515 2520 79015 15742
687 75 2515 2520 79166 15787
688 75 2515 2520 79320 15826
689 76 2515 2520 79472 15826
690 76 2515 2520 79657 15888
691 76 2515 2520 79815 15922
692 76 2515 2520 79984 15949
693 76 2515 2520 80144 15985
694 76 2515 2520 80280 16025
695 77 2515 2520 80454 16042
696 77 2515 2520 80612 16064
697 77 2515 2520 80788 16090
698 77 2515 2520 80952 16111
699 77 2515 2520 81099 16124
700 78 2515 2520 81252 16153
701 79 2515 2520 81398 16191
702 79 2515 2520 81628 16255
703 79 2515 2520 81764 16274
704 79 2515 2520 81947 16278
705 79 2515 2520 82181 16307
706 80 2515 2520 82343 16310
707 80 2515 2520 82517 16340
708 80 2515 2520 82740 16374
709 81 2515 2520 82946 16406
710 81 2515 2520 83087 16414
711 81 2515 2520 83257 16453
712 81 2515 2520 83499 16496
713 81 2515 2520 83711 16513
714 81 2515 2520 83905 16544
715 81 2515 2520 84064 16569
716 81 2515 2520 84270 16631
717 81 2515 2520 84461 16637
718 81 2515 2520 84658 16693
719 81 2515 2520 84831 16689
720 81 2515 2520 85033 16710
721 81 2515 2520 85210 16719
722 81 2515 2520 85362 16746
723 81 2515 2520 85547 16758
724 81 2515 2520 85688 16777
725 81 2515 2520 85839 16804
726 81 2515 2520 85962 16822
727 81 2515 2520 86091 16860
728 81 2515 2520 86214 16883
729 81 2515 2520 86347 16893
730 81 2515 2520 86466 16912
731 81 2515 2520 86600 16930
732 81 2515 2520 86739 16946
733 82 2515 2520 86881 16942
734 82 2515 2520 87013 16947
735 82 2515 2520 87145 16964
736 82 2515 2520 87268 16964
737 82 2515 2520 87410 16973
738 82 2515 2520 87529 16981
739 82 2515 2520 87666 17003
740 82 2515 2520 87808 17020
741 82 2515 2520 87960 17030
742 82 2515 2520 88091 17024
743 82 2515 2520 88227 17054
744 82 2515 2520 88370 17059
745 83 2515 2520 88558 17071
746 83 2515 2520 88725 17089
747 83 2515 2520 88864 17149
748 83 2515 2520 88972 17169
749 84 2515 2520 89100 17187
750 87 2515 2520 89227 17214
751 87 2515 2520 89401 17260
752 87 2515 2520 89620 17301
753 87 2515 2520 89866 17345
754 88 2515 2520 90081 17394
755 88 2515 2520 90304 17392
756 88 2515 2520 90518 17399
757 88 2515 2520 90743 17469
758 88 2515 2520 90988 17496
759 88 2515 2520 91180 17539
760 88 2515 2520 91416 17574
761 88 2515 2520 91589 17610
762 88 2515 2520 91772 17632
763 88 2515 2520 91953 17660
764 88 2515 2520 92157 17698
765 88 2515 2520 92330 17726
766 88 2515 2520 92502 17744
767 88 2515 2520 92654 17767
768 88 2515 2520 92787 17792
769 88 2515 2520 92940 17800
770 88 2515 2520 93047 17810
771 88 2515 2520 93190 17818
772 88 2515 2520 93323 17836
773 88 2515 2520 93482 17838
774 88 2515 2520 93650 17859
775 88 2515 2520 93822 17891
776 88 2515 2520 93967 17920
777 89 2515 2520 94090 17933
778 89 2515 2520 94223 17937
779 89 2515 2520 94357 17957
780 89 2515 2520 94530 17969
781 89 2515 2520 94657 17970
782 89 2515 2520 94816 17985
783 89 2515 2520 94916 17989
784 89 2515 2520 95021 18008
785 90 2515 2520 95167 18013
786 90 2515 2520 95310 18028
787 90 2515 2520 95434 18024
788 90 2515 2520 95595 18059
789 90 2515 2520 95714 18071
790 90 2515 2520 95870 18094
791 90 2515 2520 96009 18144
792 90 2515 2520 96147 18166
793 91 2515 2520 96302 18185
794 92 2515 2520 96439 18194
795 92 2515 2520 96607 18230
796 92 2515 2520 96782 18241
797 92 2515 2520 96949 18276
798 92 2515 2520 97110 18299
799 92 2515 2520 97253 18328
800 93 2515 2520 97412 18359
801 93 2515 2520 97591 18412
802 93 2515 2520 97763 18437
803 93 2515 2520 97896 18472
804 93 2515 2520 98022 18471
805 93 2515 2520 98187 18486
806 93 2515 2520 98344 18512
807 93 2515 2520 98496 18518
808 93 2515 2520 98722 18552
809 93 2515 2520 98896 18590
810 93 2515 2520 99039 18592
811 93 2515 2520 99155 18635
812 93 2515 2520 99296 18666
813 93 2515 2520 99441 18683
814 93 2515 2520 99545 18688
815 93 2515 2520 99691 18719
816 93 2515 2520 99793 18721
817 93 2515 2520 99891 18746
818 93 2515 2520 100044 18776
819 93 2515 2520 100170 18813
820 95 2515 2520 100308 18835
821 95 2515 2520 100425 18869
822 95 2515 2520 100576 18900
823 95 2515 2520 100735 18945
824 95 2515 2520 100865 18969
825 95 2515 2520 101035 18996
826 95 2515 2520 101150 19012
827 95 2515 2520 101329 19024
828 96 2515 2520 101502 19064
829 96 2515 2520 101657 19111
830 96 2515 2520 101812 19152
831 98 2515 2520 101980 19152
832 98 2515 2520 102139 19164
833 98 2515 2520 102307 19208
834 98 2515 2520 102452 19218
835 98 2515 2520 102625 19248
836 98 2515 2520 102782 19278
837 98 2515 2520 102943 19310
838 98 2515 2520 103157 19339
839 98 2515 2520 103345 19359
840 98 2515 2520 103530 19389
841 98 2515 2520 103689 19420
842 98 2515 2520 103854 19453
843 98 2515 2520 104015 19476
844 98 2515 2520 104160 19489
845 98 2515 2520 104312 19517
846 98 2515 2520 104451 19559
847 98 2515 2520 104624 19589
848 98 2515 2520 104800 19621
849 98 2515 2520 104938 19639
850 98 2515 2520 105071 19660
851 99 2515 2520 105213 19689
852 99 2515 2520 105367 19705
853 100 2515 2520 105490 19703
854 101 2515 2520 105651 19709
855 101 2515 2520 105803 19733
856 102 2515 2520 106015 19755
857 102 2515 2520 106226 19789
858 102 2515 2520 106457 19838
859 102 2515 2520 106671 19895
860 103 2515 2520 106879 19931
861 104 2515 2520 107092 19956
862 104 2515 2520 107352 19958
863 104 2515 2520 107617 19999
864 104 2515 2520 107863 20041
865 104 2515 2520 108077 20072
866 104 2515 2520 108302 20112
867 104 2515 2520 108508 20142
868 104 2515 2520 108749 20185
869 104 2515 2520 108992 20223
870 104 2515 2520 109253 20257
871 104 2515 2520 109529 20306
872 104 2515 2520 109763 20305
873 104 2515 2520 109971 20332
874 104 2515 2520 110229 20357
875 104 2515 2520 110426 20401
876 105 2515 2520 110645 20421
877 105 2515 2520 110849 20417
878 105 2515 2520 111077 20448
879 105 2515 2520 111286 20501
880 105 2515 2520 111500 20547
881 105 2515 2520 111687 20570
882 105 2515 2520 111891 20583
883 106 2515 2520 112101 20610
884 106 2515 2520 112319 20643
885 108 2515 2520 112556 20687
886 108 2515 2520 112783 20712
887 108 2515 2520 113051 20767
888 108 2515 2520 113297 20795
889 108 2515 2520 113542 20867
890 108 2515 2520 113797 20925
891 108 2515 2520 114030 20945
892 108 2515 2520 114289 20962
893 108 2515 2520 114507 21002
894 108 2515 2520 114744 21045
895 108 2515 2520 114916 21058
896 108 2515 2520 115129 21121
897 108 2515 2520 115325 21158
898 108 2515 2520 115520 21196
899 109 2515 2520 115716 21218
900 109 2515 2520 115921 21255
901 109 2515 2520 116145 21254
902 109 2515 2520 116346 21277
903 109 2515 2520 116550 21306
904 109 2515 2520 116725 21338
905 109 2515 2520 116884 21366
906 109 2515 2520 117034 21361
907 109 2515 2520 117228 21386
908 109 2515 2520 117386 21421
909 109 2515 2520 117564 21463
910 109 2515 2520 117727 21495
911 109 2515 2520 117896 21508
912 109 2515 2520 118069 21527
913 109 2515 2520 118203 21560
914 109 2515 2520 118336 21565
915 109 2515 2520 118508 21598
916 109 2515 2520 118676 21638
917 109 2515 2520 118817 21685
918 110 2515 2520 118922 21715
919 111 2515 2520 119061 21724
920 112 2515 2520 119233 21759
921 112 2515 2520 119371 21782
922 112 2515 2520 119551 21814
923 114 2515 2520 119707 21834
924 114 2515 2520 119882 21841
925 114 2515 2520 120092 21879
926 115 2515 2520 120284 21907
927 116 2515 2520 120490 21970
928 116 2515 2520 120716 21988
929 116 2515 2520 120975 22034
930 116 2515 2520 121212 22076
931 117 2515 2520 121429 22094
932 117 2515 2520 121661 22140
933 117 2515 2520 121954 22177
934 117 2515 2520 122243 22216
935 117 2515 2520 122524 22263
936 117 2515 2520 122826 22322
937 117 2515 2520 123070 22347
938 117 2515 2520 123324 22409
939 117 2515 2520 123560 22448
940 117 2515 2520 123804 22492
941 118 2515 2520 124034 22541
942 118 2515 2520 124307 22601
943 120 2515 2520 124509 22653
944 120 2515 2520 124708 22682
945 120 2515 2520 124960 22749
946 120 2515 2520 125196 22788
947 120 2515 2520 125432 22843
948 120 2515 2520 125658 22889
949 120 2515 2520 125907 22939
950 120 2515 2520 126132 22980
951 120 2515 2520 126323 23011
952 120 2515 2520 126485 23055
953 120 2515 2520 126642 23091
954 120 2515 2520 126855 23133
955 120 2515 2520 127066 23158
956 120 2515 2520 127236 23188
957 120 2515 2520 127412 23242
958 120 2515 2520 127653 23281
959 120 2515 2520 127848 23292
960 120 2515 2520 128047 23368
961 120 2515 2520 128213 23399
962 120 2515 2520 128355 23429
963 120 2515 2520 128516 23474
964 120 2515 2520 128671 23489
965 121 2515 2520 128829 23530
966 121 2515 2520 129032 23552
967 121 2515 2520 129229 23592
968 121 2515 2520 129402 23629
969 121 2515 2520 129542 23651
970 121 2515 2520 129678 23665
971 121 2515 2520 129883 23696
972 121 2515 2520 130056 23717
973 121 2515 2520 130217 23731
974 121 2515 2520 130349 23768
975 121 2515 2520 130494 23774
976 121 2515 2520 130633 23803
977 121 2515 2520 130791 23831
978 121 2515 2520 130954 23839
979 121 2515 2520 131080 23865
980 121 2515 2520 131242 23888
981 121 2515 2520 131385 23913
982 121 2515 2520 131513 23927
983 121 2515 2520 131674 23959
984 121 2515 2520 131819 24001
985 121 2515 2520 131956 24024
986 121 2515 2520 132105 24026
987 121 2515 2520 132183 24041
988 121 2515 2520 132287 24046
989 121 2515 2520 132384 24061
990 121 2515 2520 132533 24095
991 121 2515 2520 132639 24113
992 121 2515 2520 132776 24146
993 121 2515 2520 132906 24160
994 122 2515 2520 133031 24187
995 122 2515 2520 133153 24190
996 122 2515 2520 133274 24209
997 122 2515 2520 133368 24223
998 123 2515 2520 133462 24232
999 123 2515 2520 133589 24270
1000 123 2515 2520 133748 24284
