0 1 2520 2519 424 300
1 1 2520 2519 504 349
2 1 2520 2519 589 391
3 1 2520 2519 659 420
4 1 2520 2519 736 458
5 1 2520 2519 818 494
6 1 2520 2519 893 521
7 1 2520 2519 964 548
8 1 2520 2519 1022 562
9 1 2520 2519 1067 575
10 1 2520 2519 1104 590
11 1 2520 2519 1129 590
12 1 2520 2519 1158 601
13 1 2520 2519 1187 613
14 1 2520 2519 1203 615
15 1 2520 2519 1226 622
16 1 2520 2519 1237 624
17 1 2520 2519 1260 631
18 1 2520 2519 1276 636
19 1 2520 2519 1284 636
20 1 2520 2519 1296 644
21 1 2520 2519 1305 646
22 2 2520 2519 1322 655
23 2 2520 2519 1351 666
24 2 2520 2519 1427 706
25 2 2520 2519 1506 735
26 2 2520 2519 1597 774
27 2 2520 2519 1685 812
28 2 2520 2519 1778 845
29 2 2520 2519 1879 882
30 2 2520 2519 1954 904
31 2 2520 2519 2056 923
32 2 2520 2519 2132 940
33 2 2520 2519 2178 957
34 2 2520 2519 2234 981
35 2 2520 2519 2284 1003
36 2 2520 2519 2324 1016
37 2 2520 2519 2394 1032
38 2 2520 2519 2426 1038
39 2 2520 2519 2465 1054
40 2 2520 2519 2492 1063
41 2 2520 2519 2504 1083
42 3 2520 2519 2525 1082
43 3 2520 2519 2580 1091
44 3 2520 2519 2654 1122
45 4 2520 2519 2750 1169
46 4 2520 2519 2882 1215
47 4 2520 2519 3006 1254
48 4 2520 2519 3125 1290
49 4 2520 2519 3273 1317
50 4 2520 2519 3421 1364
51 4 2520 2519 3576 1402
52 4 2520 2519 3688 1416
53 4 2520 2519 3819 1437
54 4 2520 2519 3936 1462
55 4 2520 2519 4045 1487
56 4 2520 2519 4147 1527
57 4 2520 2519 4221 1556
58 4 2520 2519 4307 1593
59 4 2520 2519 4384 1612
60 4 2520 2519 4459 1630
61 4 2520 2519 4508 1650
62 4 2520 2519 4580 1654
63 4 2520 2519 4632 1666
64 4 2520 2519 4703 1685
65 4 2520 2519 4742 1690
66 4 2520 2519 4799 1721
67 4 2520 2519 4852 1731
68 5 2520 2519 4901 1736
69 7 2520 2519 4975 1747
70 7 2520 2519 5095 1783
71 7 2520 2519 5269 1836
72 7 2520 2519 5472 1889
73 7 2520 2519 5678 1951
74 7 2520 2519 5876 2006
75 7 2520 2519 6081 2045
76 7 2520 2519 6282 2101
77 7 2520 2519 6471 2135
78 7 2520 2519 6628 2149
79 7 2520 2519 6816 2188
80 7 2520 2519 6987 2252
81 7 2520 2519 7144 2280
82 7 2520 2519 7295 2312
83 7 2520 2519 7414 2324
84 7 2520 2519 7532 2345
85 7 2520 2519 7644 2381
86 7 2520 2519 7763 2406
87 7 2520 2519 7858 2443
88 7 2520 2519 7971 2470
89 7 2520 2519 8053 2482
90 7 2520 2519 8170 2511
91 8 2520 2519 8236 2524
92 8 2520 2519 8350 2548
93 9 2520 2519 8443 2566
94 10 2520 2519 8569 2612
95 10 2520 2519 8726 2660
96 12 2520 2519 8925 2720
97 12 2520 2519 9157 2768
98 12 2520 2519 9439 2855
99 12 2520 2519 9685 2923
100 12 2520 2519 9934 2971
101 13 2520 2519 10211 3050
102 13 2520 2519 10498 3125
103 13 2520 2519 10781 3198
104 13 2520 2519 11066 3257
105 13 2520 2519 11315 3300
106 13 2520 2519 11572 3341
107 13 2520 2519 11820 3404
108 13 2520 2519 12061 3467
109 13 2520 2519 12309 3507
110 13 2520 2519 12554 3560
111 13 2520 2519 12764 3615
112 13 2520 2519 12948 3651
113 13 2520 2519 13153 3716
114 13 2520 2519 13322 3742
115 13 2520 2519 13511 3773
116 13 2520 2519 13672 3801
117 14 2520 2519 13805 3842
118 14 2520 2519 13970 3865
119 14 2520 2519 14165 3929
120 14 2520 2519 14358 3971
121 14 2520 2519 14505 4005
122 14 2520 2519 14668 4035
123 15 2520 2519 14826 4080
124 15 2520 2519 14994 4120
125 15 2520 2519 15193 4170
126 16 2520 2519 15349 4185
127 16 2520 2519 15533 4249
128 16 2520 2519 15723 4283
129 17 2520 2519 15902 4328
130 17 2520 2519 16100 4381
131 17 2520 2519 16270 4429
132 17 2520 2519 16440 4472
133 17 2520 2519 16613 4497
134 17 2520 2519 16763 4519
135 17 2520 2519 16967 4560
136 17 2520 2519 17153 4595
137 17 2520 2519 17320 4609
138 17 2520 2519 17508 4669
139 18 2520 2519 17710 4688
140 19 2520 2519 17858 4713
141 19 2520 2519 18055 4754
142 19 2520 2519 18241 4790
143 19 2520 2519 18447 4816
144 19 2520 2519 18656 4839
145 19 2520 2519 18851 4868
146 19 2520 2519 19056 4910
147 20 2520 2519 19262 4946
148 20 2520 2519 19484 4992
149 20 2520 2519 19747 5028
150 20 2520 2519 19952 5059
151 20 2520 2519 20124 5085
152 21 2520 2519 20357 5135
153 22 2520 2519 20562 5163
154 22 2520 2519 20808 5216
155 22 2520 2519 21050 5244
156 22 2520 2519 21295 5302
157 22 2520 2519 21507 5346
158 22 2520 2519 21733 5390
159 22 2520 2519 21964 5430
160 23 2520 2519 22213 5487
161 23 2520 2519 22436 5559
162 24 2520 2519 22700 5588
163 24 2520 2519 22964 5622
164 24 2520 2519 23227 5685
165 24 2520 2519 23470 5755
166 24 2520 2519 23708 5812
167 24 2520 2519 23945 5878
168 24 2520 2519 24196 5935
169 24 2520 2519 24436 5982
170 24 2520 2519 24634 6008
171 25 2520 2519 24851 6049
172 25 2520 2519 25085 6059
173 25 2520 2519 25298 6089
174 25 2520 2519 25493 6135
175 25 2520 2519 25709 6206
176 25 2520 2519 25869 6216
177 25 2520 2519 26035 6242
178 25 2520 2519 26257 6275
179 25 2520 2519 26399 6330
180 25 2520 2519 26574 6347
181 26 2520 2519 26765 6389
182 26 2520 2519 26918 6435
183 27 2520 2519 27106 6486
184 27 2520 2519 27319 6543
185 28 2520 2519 27559 6595
186 28 2520 2519 27803 6634
187 29 2520 2519 28069 6688
188 29 2520 2519 28328 6738
189 29 2520 2519 28581 6801
190 29 2520 2519 28789 6840
191 29 2520 2519 29014 6898
192 29 2520 2519 29289 6954
193 29 2520 2519 29559 6990
194 30 2520 2519 29846 7053
195 30 2520 2519 30080 7090
196 30 2520 2519 30275 7140
197 30 2520 2519 30485 7179
198 30 2520 2519 30729 7235
199 30 2520 2519 30952 7277
200 30 2520 2519 31120 7324
201 30 2520 2519 31337 7345
202 32 2520 2519 31519 7364
203 32 2520 2519 31706 7391
204 32 2520 2519 31942 7470
205 33 2520 2519 32171 7530
206 33 2520 2519 32409 7584
207 33 2520 2519 32696 7640
208 33 2520 2519 32981 7695
209 33 2520 2519 33270 7736
210 33 2520 2519 33557 7789
211 33 2520 2519 33818 7818
212 33 2520 2519 34039 7869
213 33 2520 2519 34328 7923
214 33 2520 2519 34494 7957
215 33 2520 2519 34712 7994
216 34 2520 2519 34915 8003
217 34 2520 2519 35139 8037
218 34 2520 2519 35354 8111
219 34 2520 2519 35583 8146
220 35 2520 2519 35822 8217
221 35 2520 2519 36009 8264
222 36 2520 2519 36213 8285
223 37 2520 2519 36484 8331
224 37 2520 2519 36809 8397
225 37 2520 2519 37107 8490
226 37 2520 2519 37403 8544
227 37 2520 2519 37652 8609
228 38 2520 2519 37966 8694
229 38 2520 2519 38254 8767
230 38 2520 2519 38530 8822
231 39 2520 2519 38808 8872
232 39 2520 2519 39108 8946
233 39 2520 2519 39419 9009
234 39 2520 2519 39701 9067
235 39 2520 2519 39973 9127
236 39 2520 2519 40225 9151
237 39 2520 2519 40475 9222
238 39 2520 2519 40725 9271
239 39 2520 2519 40944 9301
240 39 2520 2519 41153 9324
241 39 2520 2519 41393 9364
242 39 2520 2519 41602 9392
243 39 2520 2519 41798 9412
244 39 2520 2519 41997 9445
245 39 2520 2519 42164 9482
246 39 2520 2519 42315 9530
247 39 2520 2519 42474 9564
248 41 2520 2519 42648 9599
249 41 2520 2519 42840 9639
250 41 2520 2519 43091 9690
251 42 2520 2519 43388 9755
252 42 2520 2519 43669 9804
253 42 2520 2519 43912 9878
254 43 2520 2519 44109 9892
255 43 2520 2519 44412 9965
256 43 2520 2519 44704 10010
257 43 2520 2519 44991 10037
258 44 2520 2519 45242 10073
259 44 2520 2519 45563 10128
260 44 2520 2519 45870 10221
261 44 2520 2519 46120 10260
262 45 2520 2519 46354 10295
263 45 2520 2519 46587 10324
264 45 2520 2519 46844 10368
265 45 2520 2519 47115 10404
266 45 2520 2519 47391 10439
267 45 2520 2519 47597 10449
268 45 2520 2519 47837 10494
269 46 2520 2519 48062 10539
270 46 2520 2519 48299 10577
271 46 2520 2519 48516 10625
272 46 2520 2519 48744 10658
273 47 2520 2519 48992 10695
274 47 2520 2519 49210 10717
275 47 2520 2519 49482 10766
276 47 2520 2519 49722 10806
277 47 2520 2519 49905 10849
278 47 2520 2519 50112 10884
279 47 2520 2519 50303 10896
280 47 2520 2519 50526 10928
281 48 2520 2519 50709 10975
282 49 2520 2519 50908 11005
283 49 2520 2519 51182 11068
284 50 2520 2519 51419 11077
285 50 2520 2519 51708 11136
286 50 2520 2519 51986 11191
287 50 2520 2519 52257 11235
288 50 2520 2519 52518 11281
289 50 2520 2519 52769 11335
290 50 2520 2519 53042 11392
291 50 2520 2519 53317 11431
292 52 2520 2519 53564 11465
293 53 2520 2519 53836 11527
294 53 2520 2519 54126 11561
295 53 2520 2519 54452 11603
296 53 2520 2519 54727 11623
297 53 2520 2519 55015 11699
298 53 2520 2519 55281 11754
299 53 2520 2519 55566 11788
300 53 2520 2519 55839 11823
301 53 2520 2519 56127 11869
302 54 2520 2519 56388 11942
303 55 2520 2519 56641 11988
304 55 2520 2519 56924 12040
305 55 2520 2519 57242 12085
306 55 2520 2519 57541 12175
307 55 2520 2519 57835 12234
308 55 2520 2519 58154 12273
309 55 2520 2519 58407 12312
310 55 2520 2519 58714 12360
311 55 2520 2519 58962 12390
312 55 2520 2519 59231 12429
313 56 2520 2519 59505 12479
314 57 2520 2519 59803 12526
315 57 2520 2519 60074 12559
316 57 2520 2519 60347 12582
317 57 2520 2519 60627 12613
318 59 2520 2519 60907 12652
319 59 2520 2519 61201 12686
320 60 2520 2519 61501 12748
321 60 2520 2519 61837 12777
322 60 2520 2519 62173 12832
323 60 2520 2519 62529 12910
324 60 2520 2519 62900 12968
325 62 2520 2519 63224 13036
326 62 2520 2519 63576 13091
327 62 2520 2519 63920 13171
328 62 2520 2519 64263 13219
329 63 2520 2519 64585 13289
330 63 2520 2519 64950 13386
331 63 2520 2519 65341 13465
332 63 2520 2519 65658 13532
333 63 2520 2519 65967 13575
334 63 2520 2519 66238 13615
335 63 2520 2519 66552 13689
336 63 2520 2519 66911 13746
337 63 2520 2519 67208 13805
338 64 2520 2519 67465 13868
339 64 2520 2519 67752 13919
340 65 2520 2519 68029 13958
341 65 2520 2519 68304 14005
342 65 2520 2519 68544 14046
343 67 2520 2519 68797 14084
344 67 2520 2519 69075 14139
345 67 2520 2519 69400 14216
346 67 2520 2519 69700 14279
347 67 2520 2519 69994 14336
348 67 2520 2519 70283 14412
349 67 2520 2519 70537 14432
350 67 2520 2519 70911 14514
351 67 2520 2519 71189 14568
352 67 2520 2519 71495 14615
353 67 2520 2519 71758 14663
354 67 2520 2519 72000 14704
355 67 2520 2519 72261 14754
356 67 2520 2519 72476 14810
357 68 2520 2519 72701 14871
358 68 2520 2519 72905 14908
359 69 2520 2519 73126 14948
360 70 2520 2519 73351 15027
361 70 2520 2519 73655 15071
362 70 2520 2519 73917 15136
363 70 2520 2519 74166 15174
364 70 2520 2519 74435 15230
365 71 2520 2519 74691 15301
366 72 2520 2519 74919 15355
367 72 2520 2519 75260 15388
368 74 2520 2519 75596 15469
369 76 2520 2519 75977 15558
370 76 2520 2519 76417 15628
371 77 2520 2519 76842 15705
372 77 2520 2519 77278 15785
373 77 2520 2519 77721 15831
374 77 2520 2519 78157 15877
375 78 2520 2519 78657 15977
376 78 2520 2519 79070 16056
377 78 2520 2519 79473 16140
378 78 2520 2519 79878 16230
379 78 2520 2519 80212 16273
380 78 2520 2519 80624 16346
381 78 2520 2519 80998 16431
382 78 2520 2519 81382 16506
383 78 2520 2519 81738 16550
384 78 2520 2519 82073 16616
385 78 2520 2519 82370 16694
386 78 2520 2519 82695 16765
387 78 2520 2519 82978 16819
388 79 2520 2519 83260 16870
389 79 2520 2519 83546 16902
390 79 2520 2519 83850 16970
391 79 2520 2519 84167 17026
392 80 2520 2519 84451 17084
393 80 2520 2519 84744 17109
394 80 2520 2519 85092 17174
395 80 2520 2519 85435 17254
396 80 2520 2519 85763 17348
397 80 2520 2519 86063 17425
398 80 2520 2519 86330 17457
399 80 2520 2519 86575 17502
400 80 2520 2519 86805 17541
401 80 2520 2519 87096 17596
402 82 2520 2519 87342 17642
403 83 2520 2519 87626 17704
404 84 2520 2519 87925 17783
405 85 2520 2519 88225 17825
406 86 2520 2519 88557 17886
407 87 2520 2519 88900 17942
408 87 2520 2519 89263 18000
409 87 2520 2519 89648 18048
410 87 2520 2519 90034 18102
411 87 2520 2519 90450 18192
412 88 2520 2519 90865 18251
413 89 2520 2519 91300 18296
414 90 2520 2519 91761 18375
415 90 2520 2519 92238 18500
416 90 2520 2519 92743 18576
417 90 2520 2519 93286 18683
418 91 2520 2519 93739 18784
419 91 2520 2519 94270 18893
420 92 2520 2519 94739 18948
421 92 2520 2519 95248 19062
422 93 2520 2519 95655 19108
423 93 2520 2519 96050 19163
424 93 2520 2519 96441 19232
425 93 2520 2519 96839 19312
426 93 2520 2519 97183 19408
427 93 2520 2519 97583 19466
428 93 2520 2519 98013 19534
429 93 2520 2519 98380 19579
430 93 2520 2519 98736 19675
431 94 2520 2519 99106 19773
432 94 2520 2519 99434 19851
433 95 2520 2519 99730 19878
434 95 2520 2519 100089 19943
435 95 2520 2519 100440 20031
436 95 2520 2519 100766 20059
437 95 2520 2519 101112 20135
438 95 2520 2519 101458 20193
439 96 2520 2519 101788 20283
440 97 2520 2519 102140 20319
441 97 2520 2519 102465 20375
442 97 2520 2519 102828 20457
443 97 2520 2519 103161 20483
444 97 2520 2519 103526 20543
445 97 2520 2519 103887 20613
446 99 2520 2519 104282 20706
447 99 2520 2519 104625 20757
448 99 2520 2519 105004 20863
449 100 2520 2519 105308 20910
450 101 2520 2519 105671 20963
451 101 2520 2519 106040 21032
452 101 2520 2519 106401 21108
453 101 2520 2519 106779 21183
454 102 2520 2519 107084 21252
455 102 2520 2519 107460 21311
456 102 2520 2519 107815 21378
457 103 2520 2519 108183 21442
458 103 2520 2519 108561 21512
459 104 2520 2519 109017 21616
460 105 2520 2519 109418 21653
461 105 2520 2519 109835 21723
462 105 2520 2519 110195 21758
463 106 2520 2519 110607 21821
464 106 2520 2519 111016 21884
465 106 2520 2519 111407 21919
466 106 2520 2519 111838 22018
467 106 2520 2519 112281 22118
468 107 2520 2519 112690 22194
469 108 2520 2519 113095 22224
470 108 2520 2519 113536 22286
471 108 2520 2519 113923 22323
472 108 2520 2519 114306 22409
473 110 2520 2519 114722 22474
474 110 2520 2519 115117 22547
475 110 2520 2519 115560 22605
476 111 2520 2519 115905 22681
477 112 2520 2519 116300 22760
478 112 2520 2519 116783 22836
479 112 2520 2519 117257 22932
480 112 2520 2519 117736 23035
481 113 2520 2519 118215 23142
482 113 2520 2519 118593 23188
483 113 2520 2519 119071 23227
484 113 2520 2519 119521 23289
485 113 2520 2519 119883 23310
486 113 2520 2519 120281 23380
487 113 2520 2519 120624 23444
488 113 2520 2519 120988 23511
489 113 2520 2519 121336 23568
490 113 2520 2519 121642 23654
491 114 2520 2519 121953 23723
492 114 2520 2519 122273 23730
493 114 2520 2519 122564 23777
494 114 2520 2519 122849 23835
495 114 2520 2519 123156 23904
496 114 2520 2519 123430 23952
497 114 2520 2519 123703 23984
498 115 2520 2519 123973 24064
499 116 2520 2519 124278 24117
500 116 2520 2519 124596 24152
501 116 2520 2519 124927 24188
502 116 2520 2519 125268 24228
503 116 2520 2519 125554 24328
504 116 2520 2519 125914 24426
505 118 2520 2519 126302 24490
506 118 2520 2519 126600 24532
507 120 2520 2519 126907 24582
508 121 2520 2519 127268 24655
509 122 2520 2519 127655 24710
510 122 2520 2519 128108 24813
511 123 2520 2519 128564 24886
512 124 2520 2519 128996 24969
513 124 2520 2519 129521 25068
514 125 2519 2519 129959 25117
515 125 2519 2519 130459 25207
516 125 2519 2519 130983 25311
517 126 2519 2519 131384 25349
518 126 2519 2519 131853 25447
519 126 2519 2519 132314 25501
520 126 2519 2519 132777 25576
521 126 2519 2519 133198 25625
522 126 2519 2519 133641 25647
523 126 2519 2519 134059 25654
524 126 2519 2519 134470 25692
525 126 2519 2519 134915 25733
526 126 2519 2519 135282 25780
527 127 2519 2519 135662 25809
528 127 2519 2519 135966 25840
529 129 2519 2519 136372 25883
530 129 2519 2519 136705 25950
531 129 2519 2519 137100 25998
532 130 2519 2519 137529 26056
533 130 2519 2519 137900 26089
534 130 2519 2519 138290 26121
535 131 2518 2519 138753 26158
536 132 2517 2519 139205 26278
537 133 2517 2519 139699 26389
538 134 2517 2519 140161 26468
539 136 2517 2519 140652 26530
540 136 2517 2519 141143 26569
541 136 2517 2519 141664 26616
542 137 2517 2519 142124 26659
543 138 2517 2519 142622 26713
544 138 2517 2519 143101 26809
545 138 2517 2519 143587 26878
546 138 2517 2519 144078 26982
547 138 2517 2519 144525 27022
548 138 2517 2519 145037 27125
549 138 2517 2519 145521 27234
550 139 2517 2519 145969 27317
551 139 2517 2519 146415 27394
552 139 2517 2519 146840 27450
553 139 2517 2519 147291 27541
554 139 2517 2519 147741 27591
555 139 2517 2519 148106 27632
556 140 2517 2519 148513 27702
557 140 2517 2519 148902 27787
558 140 2517 2519 149259 27820
559 140 2517 2519 149630 27857
560 140 2517 2519 150035 27939
561 140 2517 2519 150398 28025
562 141 2517 2519 150756 28042
563 141 2517 2519 151137 28109
564 142 2517 2519 151450 28148
565 142 2517 2519 151796 28201
566 142 2517 2519 152159 28234
567 143 2517 2519 152500 28256
568 145 2516 2519 152884 28313
569 147 2516 2519 153330 28392
570 147 2516 2519 153792 28475
571 148 2516 2519 154264 28576
572 148 2516 2519 154723 28693
573 148 2516 2519 155225 28763
574 148 2516 2519 155750 28864
575 148 2516 2519 156254 28935
576 148 2516 2519 156779 28985
577 148 2516 2519 157287 29038
578 149 2516 2519 157803 29138
579 150 2516 2519 158224 29175
580 151 2516 2519 158699 29237
581 151 2516 2519 159213 29319
582 152 2516 2519 159711 29391
583 152 2516 2519 160211 29464
584 152 2515 2519 160739 29588
585 152 2515 2519 161219 29651
586 152 2515 2519 161679 29759
587 152 2515 2519 162125 29829
588 154 2515 2519 162631 29843
589 155 2515 2519 163105 29905
590 155 2515 2519 163629 30011
591 155 2515 2519 164139 30108
592 155 2515 2519 164639 30136
593 155 2514 2519 165133 30176
594 155 2514 2519 165662 30251
595 157 2514 2519 166109 30285
596 157 2514 2519 166610 30314
597 158 2514 2519 167140 30382
598 158 2514 2519 167681 30457
599 159 2514 2519 168230 30524
600 159 2514 2519 168812 30635
601 159 2514 2519 169378 30665
602 160 2514 2519 169881 30746
603 161 2514 2519 170408 30759
604 162 2514 2519 170875 30832
605 163 2514 2519 171404 30901
606 163 2514 2519 171858 30944
607 165 2514 2519 172314 31003
608 165 2514 2519 172825 31096
609 165 2514 2519 173367 31181
610 166 2514 2519 173947 31222
611 166 2514 2519 174467 31271
612 166 2514 2519 175038 31343
613 166 2514 2519 175644 31433
614 166 2514 2519 176195 31528
615 166 2514 2519 176751 31621
616 167 2514 2519 177252 31728
617 167 2514 2519 177741 31775
618 167 2514 2519 178229 31812
619 168 2514 2519 178737 31904
620 168 2514 2519 179296 31994
621 168 2514 2519 179826 32054
622 169 2514 2519 180330 32112
623 169 2514 2519 180853 32165
624 169 2514 2519 181311 32218
625 169 2514 2519 181796 32271
626 172 2514 2519 182327 32335
627 172 2514 2519 182780 32416
628 172 2514 2519 183293 32481
629 173 2514 2519 183819 32515
630 174 2514 2519 184299 32609
631 174 2514 2519 184841 32708
632 174 2514 2519 185325 32746
633 174 2514 2519 185855 32807
634 174 2514 2519 186334 32877
635 177 2514 2519 186843 32934
636 179 2514 2519 187348 33004
637 181 2514 2519 187909 33060
638 181 2514 2519 188425 33127
639 181 2514 2519 189009 33205
640 181 2514 2519 189562 33238
641 181 2513 2519 190177 33327
642 181 2513 2519 190809 33353
643 181 2513 2519 191358 33430
644 182 2512 2519 191950 33466
645 182 2512 2519 192537 33506
646 182 2512 2519 193172 33580
647 182 2512 2519 193772 33637
648 182 2512 2519 194346 33687
649 182 2512 2519 194912 33741
650 183 2511 2519 195405 33814
651 183 2511 2519 195944 33850
652 185 2511 2519 196423 33941
653 187 2511 2519 196922 34004
654 188 2511 2519 197462 34059
655 188 2511 2519 198011 34110
656 188 2511 2519 198550 34193
657 188 2511 2519 199151 34234
658 188 2511 2519 199666 34242
659 188 2510 2519 200256 34285
660 189 2510 2519 200868 34384
661 190 2509 2519 201412 34428
662 192 2509 2519 202004 34456
663 192 2509 2519 202543 34492
664 192 2509 2519 203152 34549
665 192 2508 2519 203758 34617
666 193 2508 2519 204339 34634
667 193 2507 2519 204974 34678
668 194 2507 2519 205594 34711
669 194 2507 2519 206118 34792
670 195 2506 2519 206668 34894
671 195 2506 2519 207303 34955
672 195 2506 2519 207839 35034
673 195 2506 2519 208381 35069
674 195 2506 2519 208929 35105
675 195 2506 2519 209391 35141
676 195 2506 2519 209865 35178
677 196 2506 2519 210400 35241
678 199 2506 2519 210914 35309
679 201 2506 2519 211429 35346
680 201 2506 2519 211985 35400
681 203 2506 2519 212530 35455
682 204 2506 2519 213171 35525
683 204 2506 2519 213805 35575
684 204 2506 2519 214397 35602
685 205 2506 2519 215046 35649
686 205 2506 2519 215644 35743
687 205 2506 2519 216319 35828
688 206 2505 2519 216996 35928
689 206 2505 2519 217584 36001
690 207 2505 2519 218308 36055
691 209 2505 2519 218937 36137
692 210 2505 2519 219587 36167
693 210 2505 2519 220303 36274
694 210 2505 2519 220949 36271
695 211 2505 2519 221541 36317
696 211 2505 2519 222247 36398
697 211 2505 2519 222842 36460
698 212 2505 2519 223419 36536
699 212 2505 2519 224066 36608
700 212 2505 2519 224693 36669
701 213 2505 2519 225291 36713
702 215 2505 2519 225893 36796
703 215 2504 2519 226526 36840
704 215 2504 2519 227138 36953
705 215 2504 2519 227741 37073
706 215 2504 2519 228403 37150
707 215 2504 2519 229011 37235
708 215 2503 2519 229497 37280
709 216 2503 2519 230029 37398
710 217 2503 2519 230558 37416
711 217 2503 2519 231074 37464
712 217 2503 2519 231650 37536
713 218 2503 2519 232233 37604
714 219 2502 2519 232758 37653
715 219 2502 2519 233321 37708
716 219 2502 2519 233914 37775
717 221 2502 2519 234563 37864
718 221 2502 2519 235131 37899
719 222 2502 2519 235761 37969
720 223 2502 2519 236402 38015
721 223 2502 2519 236966 38111
722 223 2502 2519 237594 38201
723 223 2502 2519 238155 38269
724 223 2502 2519 238758 38351
725 224 2502 2519 239339 38387
726 225 2502 2519 239847 38445
727 225 2502 2519 240474 38535
728 227 2502 2519 241014 38589
729 228 2502 2519 241566 38713
730 228 2502 2519 242176 38785
731 228 2502 2519 242813 38887
732 229 2502 2519 243435 38969
733 230 2502 2519 244092 39077
734 230 2501 2519 244756 39171
735 230 2500 2519 245412 39275
736 231 2500 2519 246038 39355
737 232 2500 2519 246658 39434
738 232 2500 2519 247363 39517
739 233 2500 2519 248048 39578
740 233 2500 2519 248705 39673
741 234 2500 2519 249336 39727
742 235 2500 2519 249993 39754
743 235 2500 2519 250682 39813
744 236 2500 2519 251427 39891
745 236 2500 2519 252034 39993
746 237 2500 2519 252666 40048
747 238 2500 2519 253329 40134
748 238 2499 2519 253998 40197
749 238 2499 2519 254661 40267
750 238 2499 2519 255314 40330
751 238 2499 2519 255920 40351
752 239 2499 2519 256502 40422
753 241 2497 2519 257166 40514
754 243 2497 2519 257969 40624
755 243 2497 2519 258609 40734
756 243 2496 2519 259277 40780
757 244 2496 2519 260027 40897
758 244 2496 2519 260732 40952
759 244 2496 2519 261363 40952
760 244 2496 2519 262079 41036
761 245 2496 2519 262696 41091
762 245 2496 2519 263354 41150
763 245 2496 2519 263982 41180
764 246 2496 2519 264530 41207
765 247 2496 2519 265164 41244
766 247 2496 2519 265769 41314
767 247 2496 2519 266386 41411
768 247 2496 2519 267004 41501
769 247 2496 2519 267577 41577
770 247 2496 2519 268094 41631
771 248 2496 2519 268612 41676
772 250 2496 2519 269143 41774
773 252 2496 2519 269744 41835
774 252 2496 2519 270279 41895
775 252 2496 2519 270908 41985
776 253 2496 2519 271590 42047
777 254 2496 2519 272301 42148
778 255 2496 2519 272976 42276
779 255 2496 2519 273728 42390
780 255 2496 2519 274451 42478
781 255 2496 2519 275161 42572
782 255 2496 2519 275837 42654
783 255 2496 2519 276456 42701
784 255 2496 2519 277089 42806
785 256 2496 2519 277708 42847
786 259 2496 2519 278331 42931
787 259 2496 2519 278973 42994
788 259 2496 2519 279632 43099
789 259 2496 2519 280323 43195
790 260 2496 2519 280965 43286
791 260 2496 2519 281610 43383
792 260 2496 2519 282299 43484
793 260 2496 2519 282944 43540
794 260 2496 2519 283583 43591
795 261 2496 2519 284152 43692
796 262 2496 2519 284741 43753
797 263 2496 2519 285370 43820
798 263 2496 2519 285996 43881
799 264 2496 2519 286610 43958
800 266 2496 2519 287187 44002
801 267 2496 2519 287755 44072
802 269 2496 2519 288382 44147
803 270 2496 2519 289047 44243
804 272 2496 2519 289747 44342
805 272 2496 2519 290489 44421
806 272 2496 2519 291297 44541
807 273 2496 2519 291999 44591
808 274 2496 2519 292715 44655
809 275 2496 2519 293372 44741
810 275 2496 2519 294240 44842
811 275 2496 2519 294999 44886
812 276 2496 2519 295783 44953
813 279 2496 2519 296584 45035
814 279 2496 2519 297372 45113
815 281 2496 2519 298163 45211
816 282 2496 2519 299002 45302
817 283 2496 2519 299898 45425
818 286 2496 2519 300780 45542
819 287 2496 2519 301581 45639
820 289 2496 2519 302466 45743
821 289 2496 2519 303388 45878
822 289 2496 2519 304369 46002
823 290 2496 2519 305302 46148
824 290 2496 2519 306157 46214
825 290 2496 2519 307086 46339
826 290 2496 2519 308043 46498
827 290 2496 2519 308935 46574
828 291 2496 2519 309761 46675
829 291 2496 2519 310575 46752
830 291 2496 2519 311371 46837
831 291 2496 2519 312133 46947
832 292 2496 2519 312801 46999
833 293 2496 2519 313623 47110
834 293 2496 2519 314329 47189
835 294 2496 2519 315138 47278
836 295 2496 2519 315785 47378
837 296 2496 2519 316446 47458
838 296 2496 2519 317157 47570
839 296 2496 2519 317885 47691
840 298 2496 2519 318559 47771
841 300 2496 2519 319280 47881
842 301 2496 2519 320013 47993
843 302 2496 2519 320708 48060
844 302 2496 2519 321480 48133
845 303 2496 2519 322289 48192
846 305 2496 2519 323136 48333
847 305 2496 2519 323940 48430
848 308 2496 2519 324819 48524
849 308 2496 2519 325647 48629
850 310 2496 2519 326402 48741
851 310 2496 2519 327305 48837
852 311 2496 2519 328180 48963
853 312 2496 2519 329057 49043
854 313 2496 2519 329870 49141
855 313 2496 2519 330809 49238
856 315 2496 2519 331682 49320
857 315 2496 2519 332560 49435
858 315 2496 2519 333365 49497
859 316 2496 2519 334267 49612
860 316 2496 2519 335119 49693
861 317 2496 2519 335920 49790
862 317 2495 2519 336710 49872
863 318 2495 2519 337463 49968
864 319 2495 2519 338275 50075
865 320 2495 2519 338998 50192
866 321 2495 2519 339755 50297
867 321 2494 2519 340524 50341
868 321 2494 2519 341364 50411
869 323 2494 2519 342184 50544
870 325 2494 2519 342975 50627
871 325 2494 2519 343812 50741
872 326 2494 2519 344721 50841
873 327 2494 2519 345604 50950
874 327 2493 2519 346464 51091
875 327 2493 2519 347342 51221
876 327 2493 2519 348137 51304
877 327 2493 2519 349011 51396
878 328 2492 2519 349797 51452
879 328 2492 2519 350547 51570
880 330 2492 2519 351391 51705
881 331 2492 2519 352236 51836
882 331 2492 2519 352991 51918
883 331 2492 2519 353805 52003
884 331 2492 2519 354625 52074
885 331 2491 2519 355356 52115
886 333 2491 2519 356224 52178
887 333 2491 2519 357021 52246
888 333 2491 2519 357809 52340
889 335 2491 2519 358643 52482
890 335 2491 2519 359455 52568
891 335 2491 2519 360285 52694
892 336 2491 2519 361125 52821
893 339 2491 2519 361855 52882
894 341 2491 2519 362713 53015
895 341 2491 2519 363533 53117
896 343 2491 2519 364402 53281
897 344 2491 2519 365207 53411
898 345 2491 2519 366032 53491
899 345 2491 2519 366901 53626
900 345 2491 2519 367760 53709
901 346 2491 2519 368525 53773
902 347 2491 2519 369305 53822
903 347 2491 2519 370224 53935
904 347 2491 2519 371034 54068
905 347 2491 2519 371884 54191
906 347 2491 2519 372738 54299
907 348 2491 2519 373541 54415
908 348 2491 2519 374388 54497
909 350 2491 2519 375181 54609
910 350 2491 2519 375952 54687
911 350 2491 2519 376693 54817
912 352 2490 2519 377438 54899
913 355 2490 2519 378176 54971
914 355 2490 2519 378960 55088
915 356 2490 2519 379732 55154
916 357 2490 2519 380585 55256
917 360 2490 2519 381438 55381
918 361 2490 2519 382330 55467
919 361 2490 2519 383192 55553
920 361 2490 2519 384200 55699
921 361 2490 2519 385101 55833
922 361 2490 2519 385964 55946
923 361 2490 2519 386906 56024
924 362 2490 2519 387804 56132
925 362 2490 2519 388714 56208
926 363 2490 2519 389597 56295
927 364 2490 2519 390433 56419
928 364 2490 2519 391322 56453
929 366 2489 2519 392121 56517
930 368 2489 2519 392945 56670
931 370 2489 2519 393767 56754
932 371 2489 2519 394685 56841
933 373 2489 2519 395624 56885
934 373 2489 2519 396504 56931
935 374 2489 2519 397401 57029
936 374 2489 2519 398349 57174
937 376 2488 2519 399271 57238
938 379 2488 2519 400304 57320
939 380 2488 2519 401321 57373
940 380 2488 2519 402372 57452
941 381 2488 2519 403360 57535
942 382 2488 2519 404394 57654
943 383 2488 2519 405466 57791
944 383 2487 2519 406639 57853
945 386 2487 2519 407672 57943
946 387 2486 2519 408776 58067
947 388 2486 2519 409846 58191
948 389 2486 2519 410959 58358
949 389 2486 2519 412059 58445
950 390 2486 2519 413189 58556
951 390 2486 2519 414358 58674
952 391 2486 2519 415399 58801
953 391 2486 2519 416443 58875
954 391 2485 2519 417512 58939
955 392 2485 2519 418577 59077
956 393 2484 2519 419588 59177
957 395 2484 2519 420617 59257
958 396 2484 2519 421661 59378
959 397 2484 2519 422730 59486
960 397 2484 2519 423760 59532
961 399 2484 2519 424782 59641
962 399 2484 2519 425725 59728
963 399 2484 2519 426769 59795
964 399 2484 2519 427750 59879
965 399 2484 2519 428741 59987
966 400 2484 2519 429791 60130
967 400 2484 2519 430773 60228
968 401 2484 2519 431720 60306
969 401 2484 2519 432659 60442
970 402 2484 2519 433470 60556
971 402 2484 2519 434433 60675
972 403 2484 2519 435285 60787
973 404 2484 2519 436221 60859
974 404 2484 2519 437164 60947
975 406 2484 2519 438043 61012
976 406 2484 2519 438942 61186
977 407 2484 2519 439830 61311
978 408 2484 2519 440677 61428
979 409 2484 2519 441461 61524
980 409 2484 2519 442295 61606
981 409 2484 2519 443084 61720
982 410 2484 2519 443935 61819
983 411 2484 2519 444740 61974
984 412 2484 2519 445504 62054
985 413 2484 2519 446274 62138
986 414 2484 2519 447112 62210
987 416 2484 2519 447841 62324
988 417 2484 2519 448706 62443
989 418 2484 2519 449547 62513
990 418 2484 2519 450489 62638
991 420 2484 2519 451408 62745
992 421 2484 2519 452340 62835
993 421 2484 2519 453327 62957
994 422 2484 2519 454202 63065
995 422 2484 2519 455155 63159
996 422 2483 2519 456071 63269
997 423 2483 2519 457001 63332
998 423 2483 2519 457894 63464
999 423 2483 2519 458778 63550
1000 424 2483 2519 459713 63637
