0 1 2520 2519 408 281
1 1 2520 2519 499 336
2 1 2520 2519 580 388
3 1 2520 2519 672 443
4 1 2520 2519 740 476
5 1 2520 2519 818 506
6 1 2520 2519 900 544
7 1 2520 2519 977 574
8 1 2520 2519 1041 585
9 1 2520 2519 1098 607
10 1 2520 2519 1142 617
11 1 2520 2519 1178 629
12 1 2520 2519 1203 632
13 1 2520 2519 1218 632
14 1 2520 2519 1236 635
15 1 2520 2519 1253 644
16 1 2520 2519 1278 654
17 1 2520 2519 1293 652
18 1 2520 2519 1315 653
19 1 2520 2519 1320 648
20 1 2520 2519 1319 644
21 1 2520 2519 1343 652
22 2 2520 2519 1349 657
23 2 2520 2519 1384 669
24 2 2520 2519 1476 716
25 2 2520 2519 1547 745
26 2 2520 2519 1635 769
27 2 2520 2519 1720 800
28 2 2520 2519 1806 832
29 2 2520 2519 1887 848
30 2 2520 2519 1959 861
31 2 2520 2519 2025 884
32 2 2520 2519 2106 916
33 2 2520 2519 2173 928
34 2 2520 2519 2222 943
35 2 2520 2519 2292 968
36 2 2520 2519 2336 988
37 2 2520 2519 2375 1005
38 2 2520 2519 2404 1010
39 2 2520 2519 2454 1025
40 2 2520 2519 2496 1034
41 2 2520 2519 2532 1049
42 3 2520 2519 2553 1055
43 4 2520 2519 2602 1080
44 4 2520 2519 2691 1118
45 4 2520 2519 2844 1178
46 4 2520 2519 2991 1218
47 4 2520 2519 3144 1266
48 4 2520 2519 3298 1301
49 4 2520 2519 3466 1357
50 4 2520 2519 3574 1390
51 4 2520 2519 3721 1429
52 4 2520 2519 3877 1470
53 4 2520 2519 4004 1513
54 4 2520 2519 4111 1523
55 4 2520 2519 4207 1532
56 4 2520 2519 4300 1557
57 4 2520 2519 4403 1585
58 4 2520 2519 4465 1606
59 4 2520 2519 4520 1634
60 4 2520 2519 4573 1645
61 4 2520 2519 4610 1644
62 4 2520 2519 4673 1663
63 5 2520 2519 4722 1684
64 7 2520 2519 4784 1713
65 7 2520 2519 4956 1748
66 7 2520 2519 5120 1782
67 7 2520 2519 5322 1841
68 7 2520 2519 5564 1906
69 7 2520 2519 5761 1952
70 7 2520 2519 6003 2008
71 7 2520 2519 6208 2051
72 7 2520 2519 6400 2097
73 7 2520 2519 6580 2149
74 7 2520 2519 6724 2177
75 7 2520 2519 6910 2209
76 7 2520 2519 7071 2250
77 7 2520 2519 7214 2263
78 7 2520 2519 7367 2286
79 7 2520 2519 7494 2305
80 7 2520 2519 7631 2354
81 7 2520 2519 7737 2379
82 7 2520 2519 7834 2401
83 7 2520 2519 7914 2427
84 7 2520 2519 8006 2453
85 7 2520 2519 8104 2471
86 8 2520 2519 8183 2479
87 9 2520 2519 8275 2505
88 11 2520 2519 8431 2529
89 11 2520 2519 8623 2577
90 11 2520 2519 8860 2660
91 12 2520 2519 9081 2723
92 12 2520 2519 9335 2756
93 12 2520 2519 9608 2838
94 12 2520 2519 9894 2908
95 12 2520 2519 10198 2983
96 12 2520 2519 10459 3042
97 12 2520 2519 10743 3106
98 12 2520 2519 11014 3156
99 12 2520 2519 11215 3173
100 12 2520 2519 11436 3205
101 12 2520 2519 11636 3269
102 13 2520 2519 11819 3310
103 13 2520 2519 12036 3354
104 13 2520 2519 12261 3399
105 13 2520 2519 12462 3450
106 13 2520 2519 12659 3485
107 13 2520 2519 12870 3524
108 13 2520 2519 13025 3542
109 13 2520 2519 13203 3593
110 13 2520 2519 13374 3644
111 13 2520 2519 13530 3673
112 13 2520 2519 13701 3721
113 14 2520 2519 13843 3742
114 14 2520 2519 14005 3786
115 15 2520 2519 14159 3838
116 15 2520 2519 14343 3896
117 15 2520 2519 14549 3939
118 16 2520 2519 14729 3991
119 16 2520 2519 14943 4039
120 16 2520 2519 15176 4094
121 16 2520 2519 15373 4147
122 16 2520 2519 15566 4178
123 16 2520 2519 15720 4189
124 16 2520 2519 15934 4245
125 16 2520 2519 16125 4298
126 16 2520 2519 16303 4337
127 17 2520 2519 16461 4366
128 17 2520 2519 16632 4393
129 17 2520 2519 16810 4420
130 17 2520 2519 16987 4467
131 17 2520 2519 17185 4512
132 17 2520 2519 17351 4538
133 17 2520 2519 17517 4591
134 18 2520 2519 17668 4617
135 18 2520 2519 17880 4638
136 18 2520 2519 18071 4667
137 18 2520 2519 18263 4714
138 19 2520 2519 18472 4755
139 19 2520 2519 18665 4796
140 19 2520 2519 18838 4837
141 19 2520 2519 19036 4881
142 20 2520 2519 19209 4891
143 20 2520 2519 19386 4919
144 20 2520 2519 19593 4956
145 21 2520 2519 19788 4985
146 21 2520 2519 19994 5030
147 22 2520 2519 20232 5070
148 22 2520 2519 20517 5147
149 23 2520 2519 20771 5217
150 23 2520 2519 21015 5246
151 23 2520 2519 21218 5282
152 23 2520 2519 21466 5318
153 24 2520 2519 21724 5355
154 24 2520 2519 21966 5403
155 24 2520 2519 22252 5433
156 24 2520 2519 22503 5494
157 25 2520 2519 22749 5539
158 25 2520 2519 23039 5611
159 25 2520 2519 23334 5685
160 25 2520 2519 23616 5754
161 25 2520 2519 23859 5795
162 26 2520 2519 24128 5846
163 26 2520 2519 24400 5900
164 26 2520 2519 24678 5971
165 26 2520 2519 24920 5988
166 26 2520 2519 25160 6023
167 26 2520 2519 25401 6067
168 26 2520 2519 25621 6114
169 26 2520 2519 25844 6141
170 26 2520 2519 26059 6188
171 26 2520 2519 26289 6213
172 27 2520 2519 26482 6253
173 27 2520 2519 26671 6278
174 27 2520 2519 26905 6344
175 27 2520 2519 27117 6395
176 27 2520 2519 27315 6455
177 27 2520 2519 27530 6500
178 27 2520 2519 27750 6542
179 27 2520 2519 27951 6584
180 27 2520 2519 28122 6632
181 28 2520 2519 28276 6673
182 28 2520 2519 28464 6703
183 28 2520 2519 28638 6757
184 28 2520 2519 28818 6789
185 28 2520 2519 28998 6816
186 28 2520 2519 29208 6881
187 29 2520 2519 29376 6905
188 29 2520 2519 29579 6974
189 29 2520 2519 29759 6989
190 30 2520 2519 29969 7025
191 30 2520 2519 30138 7064
192 30 2520 2519 30306 7122
193 30 2520 2519 30499 7160
194 30 2520 2519 30707 7185
195 31 2520 2519 30883 7216
196 31 2520 2519 31137 7271
197 31 2520 2519 31384 7297
198 31 2520 2519 31637 7324
199 31 2520 2519 31905 7388
200 32 2520 2519 32128 7428
201 32 2520 2519 32365 7471
202 32 2520 2519 32673 7542
203 32 2520 2519 32901 7576
204 32 2520 2519 33093 7629
205 32 2520 2519 33277 7674
206 32 2520 2519 33469 7725
207 32 2520 2519 33626 7761
208 33 2520 2519 33775 7781
209 33 2520 2519 33953 7802
210 33 2520 2519 34168 7844
211 34 2520 2519 34319 7855
212 34 2520 2519 34489 7883
213 34 2520 2519 34645 7927
214 34 2520 2519 34830 7963
215 34 2520 2519 35018 7995
216 34 2520 2519 35219 8033
217 34 2520 2519 35367 8063
218 35 2520 2519 35551 8107
219 36 2520 2519 35788 8142
220 36 2520 2519 36060 8172
221 36 2520 2519 36307 8261
222 36 2520 2519 36553 8309
223 36 2520 2519 36832 8329
224 37 2520 2519 37073 8394
225 38 2520 2519 37336 8441
226 38 2520 2519 37613 8486
227 38 2520 2519 37916 8523
228 38 2520 2519 38208 8586
229 39 2520 2519 38495 8624
230 39 2520 2519 38786 8668
231 39 2520 2519 39059 8724
232 39 2520 2519 39344 8786
233 39 2520 2519 39604 8850
234 39 2520 2519 39855 8891
235 39 2520 2519 40126 8956
236 40 2520 2519 40373 8992
237 40 2520 2519 40622 9050
238 40 2520 2519 40848 9089
239 40 2520 2519 41100 9167
240 40 2520 2519 41384 9230
241 40 2520 2519 41625 9280
242 41 2520 2519 41896 9325
243 41 2520 2519 42143 9345
244 41 2520 2519 42412 9402
245 42 2520 2519 42660 9435
246 42 2520 2519 42913 9475
247 43 2520 2519 43225 9551
248 43 2520 2519 43517 9590
249 44 2520 2519 43797 9639
250 44 2520 2519 44089 9677
251 45 2520 2519 44451 9726
252 45 2520 2519 44795 9805
253 45 2520 2519 45140 9900
254 45 2520 2519 45453 9957
255 45 2520 2519 45762 10017
256 45 2520 2519 46103 10065
257 45 2520 2519 46458 10129
258 45 2520 2519 46786 10183
259 46 2520 2519 47100 10252
260 46 2520 2519 47401 10308
261 47 2520 2519 47771 10398
262 47 2520 2519 48111 10471
263 47 2520 2519 48470 10535
264 48 2520 2519 48796 10622
265 48 2520 2519 49153 10704
266 48 2520 2519 49526 10755
267 48 2520 2519 49906 10829
268 49 2520 2519 50217 10915
269 50 2520 2519 50566 10961
270 50 2520 2519 50883 10982
271 50 2520 2519 51217 11051
272 50 2520 2519 51552 11143
273 51 2520 2519 51902 11207
274 51 2520 2519 52222 11271
275 51 2520 2519 52574 11343
276 51 2520 2519 52942 11421
277 51 2520 2519 53257 11483
278 52 2520 2519 53603 11561
279 52 2520 2519 53909 11608
280 52 2520 2519 54235 11669
281 52 2520 2519 54552 11748
282 52 2520 2519 54843 11801
283 52 2520 2519 55107 11876
284 53 2520 2519 55406 11920
285 53 2520 2519 55701 11974
286 53 2520 2519 56010 12053
287 53 2520 2519 56263 12132
288 53 2520 2519 56515 12173
289 54 2520 2519 56804 12243
290 55 2520 2519 57077 12305
291 56 2520 2519 57378 12381
292 57 2520 2519 57647 12439
293 57 2520 2519 57925 12526
294 57 2520 2519 58266 12604
295 57 2520 2519 58600 12667
296 57 2520 2519 58938 12739
297 57 2519 2519 59252 12819
298 58 2519 2519 59614 12868
299 58 2519 2519 59955 12944
300 58 2519 2519 60293 12998
301 58 2519 2519 60625 13086
302 58 2519 2519 60938 13148
303 58 2519 2519 61245 13201
304 58 2519 2519 61569 13215
305 58 2519 2519 61875 13276
306 58 2519 2519 62176 13332
307 59 2519 2519 62507 13377
308 60 2519 2519 62784 13430
309 61 2519 2519 63125 13486
310 62 2519 2519 63465 13583
311 62 2519 2519 63837 13643
312 62 2519 2519 64182 13760
313 62 2519 2519 64508 13856
314 62 2519 2519 64831 13912
315 62 2519 2519 65180 13968
316 63 2519 2519 65496 13987
317 64 2519 2519 65795 14037
318 64 2519 2519 66111 14090
319 65 2519 2519 66449 14146
320 65 2519 2519 66843 14215
321 65 2519 2519 67215 14284
322 65 2519 2519 67527 14338
323 65 2519 2519 67919 14404
324 65 2519 2519 68267 14471
325 66 2519 2519 68644 14519
326 66 2519 2519 68957 14540
327 66 2519 2519 69297 14617
328 67 2519 2519 69614 14678
329 68 2519 2519 69945 14707
330 70 2519 2519 70314 14771
331 71 2519 2519 70733 14855
332 71 2519 2519 71164 14907
333 71 2519 2519 71651 15004
334 71 2519 2519 72124 15111
335 72 2519 2519 72550 15206
336 72 2519 2519 73002 15281
337 72 2519 2519 73509 15338
338 72 2519 2519 73945 15415
339 72 2519 2519 74356 15531
340 72 2519 2519 74786 15614
341 72 2519 2519 75211 15672
342 72 2519 2519 75615 15730
343 73 2519 2519 76062 15796
344 73 2519 2519 76439 15860
345 74 2519 2519 76802 15925
346 74 2519 2519 77173 15980
347 74 2519 2519 77545 16038
348 74 2519 2519 77943 16105
349 74 2519 2519 78275 16179
350 74 2519 2519 78616 16224
351 75 2519 2519 78953 16243
352 75 2519 2519 79311 16294
353 75 2519 2519 79693 16332
354 77 2519 2519 80084 16376
355 77 2519 2519 80489 16435
356 77 2519 2519 80900 16501
357 77 2519 2519 81264 16592
358 77 2519 2519 81652 16655
359 77 2519 2519 82013 16706
360 78 2519 2519 82368 16791
361 78 2519 2519 82751 16845
362 80 2519 2519 83134 16926
363 82 2518 2519 83563 17006
364 84 2518 2519 84015 17097
365 84 2518 2519 84517 17201
366 84 2518 2519 85000 17245
367 85 2518 2519 85488 17367
368 85 2518 2519 86078 17435
369 85 2518 2519 86642 17535
370 85 2518 2519 87189 17627
371 85 2518 2519 87674 17701
372 85 2517 2519 88135 17773
373 86 2517 2519 88614 17845
374 86 2517 2519 89114 17925
375 86 2517 2519 89626 18009
376 86 2517 2519 90121 18072
377 86 2517 2519 90612 18142
378 87 2517 2519 91003 18212
379 87 2517 2519 91482 18314
380 89 2517 2519 91937 18389
381 90 2517 2519 92428 18459
382 90 2517 2519 92993 18581
383 90 2517 2519 93491 18670
384 91 2517 2519 93943 18782
385 93 2517 2519 94418 18812
386 93 2517 2519 94916 18874
387 93 2517 2519 95447 18931
388 93 2517 2519 95983 19037
389 93 2517 2519 96491 19093
390 93 2517 2519 97019 19203
391 93 2516 2519 97475 19266
392 93 2516 2519 97938 19298
393 93 2516 2519 98381 19385
394 93 2516 2519 98861 19458
395 93 2516 2519 99284 19539
396 93 2516 2519 99693 19578
397 93 2516 2519 100132 19621
398 93 2516 2519 100483 19682
399 93 2516 2519 100817 19712
400 93 2516 2519 101176 19750
401 94 2516 2519 101539 19795
402 95 2516 2519 101887 19876
403 95 2516 2519 102221 19924
404 95 2516 2519 102556 20018
405 95 2516 2519 102915 20102
406 96 2516 2519 103223 20159
407 98 2516 2519 103536 20213
408 99 2516 2519 103922 20290
409 101 2516 2519 104343 20407
410 102 2516 2519 104790 20483
411 103 2516 2519 105259 20552
412 104 2516 2519 105826 20636
413 105 2516 2519 106339 20737
414 106 2516 2519 106905 20813
415 106 2516 2519 107441 20873
416 106 2516 2519 108072 20982
417 106 2516 2519 108695 21099
418 106 2516 2519 109170 21164
419 106 2516 2519 109736 21253
420 106 2516 2519 110297 21306
421 107 2516 2519 110837 21393
422 108 2516 2519 111371 21504
423 109 2516 2519 111950 21598
424 110 2516 2519 112469 21651
425 110 2516 2519 113013 21779
426 111 2516 2519 113540 21913
427 111 2516 2519 114039 22019
428 111 2516 2519 114607 22149
429 111 2516 2519 115080 22229
430 112 2516 2519 115592 22319
431 112 2516 2519 116134 22371
432 112 2516 2519 116663 22452
433 112 2516 2519 117166 22561
434 113 2516 2519 117588 22643
435 114 2516 2519 118021 22701
436 114 2516 2519 118462 22806
437 114 2516 2519 118934 22889
438 114 2516 2519 119445 22965
439 114 2516 2519 119920 23026
440 114 2516 2519 120394 23116
441 115 2516 2519 120802 23196
442 116 2516 2519 121175 23305
443 116 2516 2519 121674 23399
444 117 2516 2519 122145 23486
445 118 2516 2519 122602 23569
446 118 2516 2519 123091 23658
447 118 2516 2519 123515 23742
448 118 2516 2519 124012 23777
449 118 2516 2519 124464 23855
450 118 2516 2519 124942 23946
451 118 2516 2519 125366 23971
452 118 2516 2519 125763 24051
453 118 2516 2519 126186 24115
454 118 2516 2519 126690 24163
455 119 2516 2519 127115 24212
456 119 2516 2519 127499 24266
457 120 2515 2519 127869 24332
458 121 2515 2519 128284 24388
459 121 2515 2519 128662 24438
460 122 2515 2519 129082 24483
461 123 2515 2519 129488 24574
462 123 2515 2519 129925 24640
463 123 2515 2519 130357 24708
464 123 2514 2519 130841 24766
465 124 2514 2519 131295 24853
466 124 2514 2519 131730 24908
467 124 2514 2519 132216 24945
468 124 2514 2519 132658 24991
469 125 2513 2519 133107 25032
470 125 2513 2519 133572 25077
471 125 2513 2519 134006 25119
472 125 2513 2519 134398 25183
473 125 2513 2519 134862 25208
474 126 2513 2519 135328 25251
475 128 2513 2519 135767 25286
476 130 2513 2519 136146 25304
477 130 2513 2519 136541 25352
478 131 2513 2519 136975 25441
479 131 2513 2519 137445 25514
480 131 2513 2519 137934 25559
481 132 2513 2519 138403 25613
482 132 2513 2519 138891 25645
483 132 2513 2519 139376 25763
484 133 2513 2519 139829 25780
485 133 2513 2519 140315 25861
486 133 2513 2519 140809 25930
487 133 2513 2519 141298 26011
488 133 2513 2519 141786 26080
489 133 2513 2519 142247 26166
490 135 2513 2519 142694 26229
491 136 2513 2519 143136 26316
492 137 2513 2519 143628 26400
493 137 2513 2519 144123 26490
494 137 2513 2519 144628 26568
495 137 2513 2519 145150 26663
496 137 2513 2519 145673 26691
497 137 2513 2519 146081 26738
498 138 2513 2519 146581 26830
499 138 2513 2519 146992 26885
500 139 2513 2519 147479 26979
501 140 2513 2519 147970 27048
502 141 2513 2519 148441 27118
503 142 2513 2519 148954 27234
504 142 2513 2519 149487 27291
505 143 2513 2519 150025 27363
506 143 2513 2519 150572 27458
507 143 2513 2519 151210 27536
508 143 2513 2519 151766 27656
509 144 2512 2519 152251 27724
510 144 2512 2519 152779 27790
511 144 2512 2519 153363 27870
512 145 2512 2519 153842 27971
513 146 2512 2519 154344 28029
514 146 2512 2519 154852 28135
515 146 2512 2519 155432 28224
516 147 2512 2519 155934 28287
517 148 2512 2519 156410 28390
518 149 2511 2519 156943 28521
519 149 2511 2519 157413 28557
520 150 2511 2519 157932 28613
521 151 2511 2519 158424 28648
522 151 2511 2519 158940 28714
523 151 2511 2519 159478 28784
524 151 2511 2519 159999 28869
525 151 2511 2519 160451 28921
526 151 2511 2519 160999 29013
527 152 2511 2519 161535 29131
528 152 2511 2519 162075 29200
529 152 2511 2519 162502 29265
530 152 2511 2519 162998 29321
531 152 2511 2519 163442 29381
532 153 2511 2519 163946 29435
533 153 2511 2519 164434 29496
534 153 2511 2519 164846 29547
535 153 2511 2519 165357 29621
536 153 2511 2519 165847 29665
537 155 2511 2519 166291 29750
538 158 2511 2519 166795 29845
539 158 2511 2519 167373 29926
540 159 2511 2519 167939 30025
541 159 2511 2519 168448 30084
542 159 2511 2519 169021 30170
543 160 2511 2519 169567 30234
544 162 2511 2519 170084 30322
545 163 2511 2519 170649 30381
546 163 2511 2519 171202 30483
547 163 2511 2519 171794 30576
548 163 2511 2519 172326 30663
549 163 2511 2519 172943 30767
550 163 2511 2519 173519 30814
551 166 2511 2519 174093 30923
552 166 2511 2519 174655 30960
553 168 2511 2519 175297 31072
554 168 2511 2519 175943 31186
555 168 2511 2519 176578 31336
556 168 2511 2519 177182 31401
557 169 2511 2519 177771 31471
558 169 2511 2519 178398 31545
559 169 2511 2519 178987 31618
560 170 2511 2519 179535 31676
561 171 2511 2519 180060 31769
562 172 2511 2519 180606 31872
563 172 2511 2519 181160 31958
564 173 2511 2519 181748 32070
565 173 2511 2519 182344 32137
566 175 2511 2519 182919 32222
567 175 2511 2519 183471 32301
568 175 2511 2519 184032 32364
569 175 2511 2519 184586 32420
570 176 2511 2519 185144 32457
571 177 2511 2519 185688 32581
572 177 2511 2519 186250 32673
573 177 2511 2519 186822 32811
574 178 2511 2519 187426 32880
575 179 2511 2519 188020 32975
576 179 2511 2519 188576 33046
577 179 2511 2519 189133 33093
578 180 2511 2519 189752 33145
579 180 2511 2519 190336 33241
580 180 2511 2519 190948 33319
581 181 2511 2519 191524 33403
582 181 2511 2519 192060 33443
583 181 2511 2519 192524 33548
584 181 2511 2519 193075 33644
585 181 2511 2519 193503 33658
586 181 2511 2519 193942 33706
587 182 2511 2519 194431 33751
588 183 2511 2519 194930 33779
589 184 2511 2519 195411 33877
590 184 2511 2519 195868 33918
591 185 2511 2519 196326 34000
592 186 2511 2519 196826 34068
593 187 2511 2519 197335 34155
594 188 2511 2519 197880 34194
595 188 2511 2519 198463 34322
596 188 2511 2519 198962 34346
597 188 2511 2519 199498 34416
598 189 2511 2519 200037 34470
599 189 2511 2519 200581 34500
600 190 2511 2519 201051 34596
601 191 2510 2519 201601 34679
602 191 2510 2519 202203 34745
603 192 2510 2519 202759 34804
604 194 2510 2519 203356 34914
605 194 2510 2519 203961 34983
606 194 2510 2519 204571 35056
607 194 2510 2519 205248 35170
608 195 2510 2519 205930 35260
609 195 2510 2519 206543 35322
610 196 2510 2519 207230 35464
611 196 2510 2519 207799 35559
612 196 2510 2519 208485 35635
613 196 2510 2519 209096 35773
614 196 2510 2519 209690 35832
615 196 2510 2519 210271 35882
616 197 2510 2519 210866 35935
617 198 2510 2519 211439 35983
618 198 2510 2519 212015 36109
619 198 2510 2519 212638 36182
620 198 2509 2519 213157 36269
621 199 2508 2519 213778 36327
622 199 2508 2519 214307 36379
623 200 2508 2519 214894 36463
624 200 2508 2519 215537 36542
625 201 2508 2519 216167 36611
626 202 2508 2519 216731 36708
627 202 2508 2519 217284 36813
628 202 2508 2519 217880 36908
629 203 2508 2519 218410 36988
630 203 2508 2519 218921 37079
631 204 2507 2519 219536 37157
632 204 2506 2519 220144 37226
633 205 2505 2519 220766 37338
634 206 2505 2519 221429 37429
635 207 2505 2519 222119 37509
636 207 2505 2519 222825 37605
637 208 2504 2519 223543 37668
638 209 2504 2519 224243 37725
639 211 2503 2519 224890 37755
640 212 2503 2519 225558 37808
641 212 2503 2519 226231 37871
642 213 2503 2519 226984 37911
643 214 2503 2519 227704 38011
644 214 2503 2519 228423 38086
645 214 2503 2519 229091 38190
646 214 2503 2519 229806 38250
647 215 2503 2519 230475 38293
648 215 2503 2519 231110 38377
649 216 2503 2519 231745 38373
650 217 2503 2519 232364 38463
651 218 2501 2519 232938 38534
652 218 2501 2519 233653 38549
653 218 2501 2519 234327 38584
654 219 2501 2519 235008 38662
655 219 2501 2519 235664 38712
656 219 2501 2519 236317 38779
657 220 2501 2519 236898 38831
658 221 2501 2519 237482 38872
659 221 2501 2519 238030 38933
660 224 2501 2519 238659 39013
661 224 2501 2519 239211 39036
662 226 2501 2519 239931 39128
663 227 2501 2519 240606 39190
664 227 2501 2519 241285 39198
665 227 2501 2519 241996 39290
666 227 2501 2519 242720 39410
667 229 2501 2519 243343 39504
668 229 2501 2519 244075 39640
669 230 2501 2519 244781 39686
670 230 2501 2519 245499 39813
671 231 2501 2519 246177 39902
672 231 2501 2519 246836 39970
673 231 2501 2519 247556 40043
674 231 2501 2519 248248 40101
675 232 2501 2519 248907 40150
676 232 2501 2519 249578 40207
677 232 2501 2519 250214 40279
678 233 2501 2519 250914 40360
679 235 2501 2519 251565 40435
680 238 2501 2519 252116 40484
681 239 2501 2519 252780 40553
682 239 2501 2519 253425 40647
683 239 2501 2519 254155 40749
684 239 2500 2519 254825 40854
685 239 2500 2519 255543 40958
686 241 2499 2519 256202 41049
687 242 2499 2519 256904 41152
688 243 2499 2519 257681 41243
689 243 2499 2519 258405 41329
690 244 2499 2519 259167 41382
691 245 2499 2519 259910 41451
692 245 2499 2519 260707 41557
693 245 2499 2519 261466 41671
694 247 2499 2519 262163 41740
695 247 2499 2519 262926 41853
696 247 2499 2519 263680 41933
697 247 2499 2519 264385 42044
698 249 2499 2519 265076 42100
699 249 2499 2519 265807 42195
700 250 2499 2519 266523 42300
701 250 2498 2519 267293 42392
702 253 2498 2519 267938 42438
703 253 2498 2519 268647 42532
704 254 2498 2519 269423 42625
705 255 2498 2519 270180 42760
706 256 2498 2519 270877 42861
707 256 2498 2519 271644 42976
708 256 2498 2519 272439 43076
709 258 2498 2519 273191 43159
710 258 2498 2519 273894 43246
711 259 2498 2519 274616 43365
712 260 2498 2519 275388 43477
713 260 2498 2519 276165 43584
714 261 2498 2519 276974 43730
715 261 2498 2519 277713 43858
716 262 2498 2519 278535 43961
717 262 2498 2519 279325 44051
718 263 2497 2519 280063 44164
719 263 2497 2519 280811 44276
720 263 2497 2519 281481 44328
721 264 2497 2519 282274 44424
722 264 2497 2519 283000 44524
723 264 2497 2519 283750 44619
724 265 2497 2519 284428 44737
725 266 2497 2519 285099 44822
726 267 2497 2519 285855 44991
727 267 2497 2519 286523 45098
728 269 2497 2519 287194 45200
729 270 2497 2519 287905 45325
730 272 2497 2519 288495 45463
731 274 2497 2519 289279 45557
732 274 2497 2519 290091 45701
733 274 2497 2519 290840 45843
734 274 2497 2519 291681 45969
735 274 2497 2519 292456 46111
736 275 2497 2519 293238 46219
737 275 2497 2519 293991 46318
738 275 2497 2519 294752 46425
739 275 2497 2519 295493 46528
740 275 2497 2519 296162 46650
741 278 2497 2519 296892 46762
742 279 2497 2519 297564 46821
743 279 2497 2519 298306 46926
744 280 2497 2519 298990 46989
745 281 2497 2519 299694 47098
746 282 2497 2519 300460 47207
747 284 2497 2519 301221 47312
748 284 2497 2519 302042 47447
749 284 2497 2519 302787 47573
750 284 2497 2519 303572 47674
751 284 2497 2519 304326 47780
752 285 2497 2519 305130 47871
753 286 2496 2519 305962 48013
754 286 2495 2519 306766 48122
755 288 2495 2519 307562 48232
756 290 2495 2519 308324 48339
757 292 2495 2519 309094 48395
758 293 2495 2519 309863 48498
759 293 2495 2519 310628 48573
760 294 2495 2519 311407 48681
761 295 2495 2519 312213 48766
762 296 2495 2519 312978 48825
763 296 2495 2519 313705 48919
764 296 2495 2519 314453 48994
765 298 2495 2519 315280 49070
766 300 2495 2519 316039 49151
767 301 2495 2519 316883 49205
768 302 2495 2519 317663 49284
769 302 2495 2519 318465 49378
770 303 2495 2519 319290 49516
771 305 2495 2519 320183 49618
772 305 2495 2519 321090 49769
773 305 2494 2519 322020 49857
774 305 2494 2519 322861 49970
775 305 2494 2519 323676 50072
776 305 2494 2519 324542 50191
777 305 2494 2519 325412 50281
778 307 2494 2519 326217 50349
779 308 2494 2519 327062 50473
780 308 2494 2519 327869 50594
781 309 2494 2519 328631 50641
782 310 2494 2519 329426 50738
783 311 2493 2519 330157 50819
784 311 2493 2519 330919 50926
785 313 2493 2519 331691 51033
786 314 2493 2519 332510 51119
787 316 2493 2519 333383 51241
788 317 2493 2519 334273 51369
789 317 2493 2519 335261 51510
790 319 2492 2519 336135 51621
791 319 2492 2519 337099 51733
792 319 2492 2519 338075 51847
793 319 2492 2519 339113 51962
794 320 2492 2519 340055 52088
795 320 2492 2519 340927 52235
796 320 2492 2519 341842 52346
797 320 2492 2519 342655 52460
798 321 2492 2519 343525 52521
799 321 2492 2519 344287 52596
800 322 2492 2519 345117 52760
801 322 2492 2519 345899 52860
802 322 2492 2519 346723 52926
803 324 2491 2519 347600 53012
804 326 2491 2519 348365 53114
805 328 2490 2519 349181 53239
806 328 2490 2519 350049 53332
807 328 2490 2519 350984 53428
808 329 2490 2519 351762 53543
809 330 2490 2519 352560 53598
810 331 2490 2519 353507 53759
811 332 2490 2519 354410 53838
812 332 2490 2519 355221 53950
813 333 2490 2519 356146 54037
814 334 2490 2519 356969 54102
815 335 2490 2519 357758 54210
816 335 2490 2519 358549 54292
817 335 2490 2519 359282 54421
818 337 2490 2519 360169 54486
819 340 2490 2519 360990 54592
820 341 2490 2519 361816 54642
821 341 2489 2519 362642 54757
822 342 2489 2519 363524 54900
823 342 2489 2519 364451 55025
824 344 2489 2519 365292 55161
825 345 2489 2519 366173 55246
826 345 2489 2519 367063 55349
827 347 2488 2519 368083 55498
828 348 2488 2519 369162 55665
829 351 2488 2519 370109 55822
830 351 2488 2519 371075 55944
831 351 2488 2519 372088 56085
832 352 2488 2519 373111 56225
833 354 2488 2519 374140 56383
834 354 2487 2519 375137 56479
835 355 2487 2519 376211 56611
836 355 2487 2519 377204 56757
837 355 2487 2519 378212 56927
838 355 2487 2519 379218 57010
839 356 2487 2519 380246 57145
840 357 2487 2519 381168 57298
841 358 2487 2519 382067 57428
842 358 2487 2519 383028 57542
843 358 2487 2519 383933 57639
844 358 2487 2519 384829 57741
845 359 2487 2519 385730 57869
846 362 2487 2519 386568 57976
847 363 2487 2519 387378 58080
848 363 2487 2519 388268 58224
849 365 2487 2519 389124 58324
850 365 2487 2519 390000 58369
851 366 2487 2519 390861 58481
852 366 2487 2519 391750 58594
853 367 2487 2519 392552 58728
854 368 2487 2519 393461 58806
855 368 2487 2519 394357 58949
856 369 2487 2519 395225 59046
857 369 2487 2519 396089 59142
858 371 2487 2519 396995 59276
859 371 2487 2519 397862 59409
860 371 2487 2519 398720 59530
861 372 2487 2519 399545 59635
862 375 2487 2519 400423 59747
863 376 2487 2519 401313 59833
864 376 2487 2519 402203 59982
865 376 2487 2519 403137 60114
866 376 2487 2519 404086 60230
867 379 2487 2519 404971 60384
868 380 2487 2519 405958 60521
869 382 2487 2519 406896 60607
870 382 2487 2519 407894 60767
871 384 2487 2519 408870 60902
872 387 2487 2519 409926 60994
873 387 2487 2519 411013 61166
874 388 2487 2519 412036 61320
875 388 2487 2519 413084 61410
876 388 2487 2519 414154 61531
877 390 2487 2519 415214 61653
878 390 2487 2519 416295 61744
879 391 2486 2519 417337 61883
880 391 2486 2519 418354 62025
881 391 2486 2519 419437 62160
882 393 2486 2519 420449 62247
883 393 2486 2519 421495 62413
884 394 2486 2519 422507 62430
885 395 2486 2519 423485 62570
886 396 2486 2519 424436 62755
887 398 2486 2519 425397 62883
888 399 2486 2519 426299 63012
889 400 2486 2519 427224 63080
890 400 2486 2519 428225 63135
891 400 2486 2519 429141 63195
892 401 2486 2519 430109 63310
893 402 2486 2519 431029 63376
894 404 2486 2519 431983 63464
895 404 2485 2519 432929 63583
896 406 2485 2519 433870 63708
897 406 2485 2519 434808 63817
898 408 2485 2519 435778 63948
899 409 2485 2519 436691 63981
900 409 2485 2519 437734 64121
901 409 2485 2519 438717 64231
902 409 2485 2519 439696 64358
903 410 2485 2519 440673 64413
904 411 2484 2519 441632 64550
905 412 2484 2519 442492 64655
906 413 2484 2519 443513 64805
907 413 2484 2519 444504 64922
908 413 2484 2519 445512 65065
909 414 2484 2519 446397 65158
910 415 2484 2519 447337 65238
911 415 2484 2519 448181 65318
912 415 2484 2519 449123 65439
913 416 2484 2519 449996 65497
914 417 2484 2519 450816 65543
915 417 2484 2519 451624 65647
916 418 2484 2519 452487 65753
917 419 2484 2519 453322 65838
918 420 2484 2519 454109 65987
919 420 2484 2519 454957 66092
920 421 2484 2519 455830 66242
921 423 2484 2519 456722 66374
922 423 2483 2519 457589 66490
923 425 2483 2519 458538 66581
924 428 2483 2519 459475 66744
925 429 2483 2519 460440 66852
926 430 2483 2519 461449 67017
927 430 2483 2519 462463 67099
928 433 2483 2519 463581 67197
929 436 2483 2519 464650 67323
930 438 2483 2519 465650 67508
931 439 2483 2519 466752 67626
932 439 2483 2519 467880 67806
933 440 2483 2519 469027 67889
934 440 2483 2519 470132 68024
935 441 2482 2519 471310 68151
936 441 2482 2519 472445 68244
937 441 2482 2519 473601 68357
938 441 2482 2519 474695 68467
939 441 2482 2519 475768 68569
940 442 2482 2519 476873 68704
941 443 2482 2519 477869 68785
942 444 2482 2519 478885 68839
943 444 2482 2519 480011 68949
944 444 2482 2519 480964 69042
945 445 2482 2519 481984 69121
946 447 2482 2519 482975 69214
947 449 2480 2519 483892 69340
948 450 2480 2519 484897 69499
949 450 2480 2519 486013 69601
950 452 2480 2519 487043 69718
951 452 2480 2519 488163 69851
952 452 2480 2519 489275 69986
953 453 2480 2519 490385 70128
954 455 2480 2519 491438 70224
955 456 2480 2519 492561 70367
956 458 2480 2519 493603 70493
957 460 2480 2519 494770 70581
958 460 2480 2519 495967 70678
959 461 2478 2519 497067 70817
960 462 2478 2519 498109 70900
961 463 2478 2519 499167 71023
962 463 2478 2519 500304 71125
963 463 2478 2519 501376 71209
964 466 2478 2519 502435 71353
965 467 2477 2519 503494 71483
966 467 2477 2519 504600 71586
967 467 2477 2519 505680 71630
968 469 2477 2519 506799 71711
969 469 2477 2519 507781 71794
970 473 2477 2519 508820 71912
971 474 2477 2519 509823 71973
972 475 2477 2519 510912 72078
973 478 2477 2519 511964 72181
974 479 2477 2519 513129 72262
975 479 2477 2519 514132 72388
976 480 2476 2519 515269 72470
977 481 2476 2519 516353 72561
978 482 2476 2519 517453 72672
979 482 2476 2519 518569 72702
980 483 2476 2519 519616 72868
981 484 2476 2519 520689 72973
982 486 2476 2519 521795 73043
983 488 2476 2519 522874 73154
984 489 2476 2519 523921 73266
985 491 2476 2519 524916 73363
986 491 2476 2519 526014 73470
987 491 2476 2519 527205 73618
988 491 2476 2519 528249 73683
989 491 2476 2519 529263 73759
990 492 2475 2519 530375 73852
991 493 2475 2519 531444 73942
992 496 2475 2519 532563 74109
993 499 2475 2519 533696 74267
994 500 2475 2519 534863 74414
995 500 2475 2519 536041 74497
996 501 2475 2519 537128 74603
997 502 2475 2519 538265 74723
998 506 2475 2519 539427 74838
999 507 2475 2519 540654 74899
1000 507 2475 2519 541859 75029
