0 1 2520 2519 415 291
1 1 2520 2519 498 346
2 1 2520 2519 578 381
3 1 2520 2519 648 418
4 1 2520 2519 731 442
5 1 2520 2519 802 468
6 1 2520 2519 870 494
7 1 2520 2519 925 523
8 1 2520 2519 994 544
9 1 2520 2519 1038 561
10 1 2520 2519 1082 575
11 1 2520 2519 1116 584
12 1 2520 2519 1159 598
13 1 2520 2519 1186 610
14 1 2520 2519 1210 615
15 1 2520 2519 1222 625
16 1 2520 2519 1241 629
17 1 2520 2519 1264 637
18 1 2520 2519 1291 654
19 1 2520 2519 1303 660
20 1 2520 2519 1312 669
21 1 2520 2519 1320 674
22 1 2520 2519 1327 673
23 1 2520 2519 1330 673
24 1 2520 2519 1345 686
25 2 2520 2519 1355 686
26 2 2520 2519 1385 702
27 2 2520 2519 1448 732
28 2 2520 2519 1548 780
29 2 2520 2519 1664 822
30 2 2520 2519 1769 862
31 2 2520 2519 1859 895
32 2 2520 2519 1955 929
33 2 2520 2519 2058 958
34 2 2520 2519 2139 972
35 2 2520 2519 2204 986
36 2 2520 2519 2255 1004
37 2 2520 2519 2321 1013
38 2 2520 2519 2364 1035
39 2 2520 2519 2423 1054
40 2 2520 2519 2463 1066
41 2 2520 2519 2503 1080
42 3 2520 2519 2525 1093
43 3 2520 2519 2589 1107
44 3 2520 2519 2668 1138
45 3 2520 2519 2758 1169
46 3 2520 2519 2848 1210
47 4 2520 2519 2937 1225
48 4 2520 2519 3026 1253
49 4 2520 2519 3153 1284
50 4 2520 2519 3277 1330
51 4 2520 2519 3400 1370
52 4 2520 2519 3544 1413
53 4 2520 2519 3687 1456
54 4 2520 2519 3821 1498
55 4 2520 2519 3954 1520
56 4 2520 2519 4052 1561
57 4 2520 2519 4165 1589
58 4 2520 2519 4270 1638
59 4 2520 2519 4372 1661
60 4 2520 2519 4443 1678
61 4 2520 2519 4528 1690
62 4 2520 2519 4574 1704
63 5 2520 2519 4622 1714
64 5 2520 2519 4719 1745
65 5 2520 2519 4861 1788
66 5 2520 2519 4982 1824
67 5 2520 2519 5087 1837
68 5 2520 2519 5210 1869
69 6 2520 2519 5321 1900
70 6 2520 2519 5459 1935
71 7 2520 2519 5626 1982
72 7 2520 2519 5793 2032
73 7 2520 2519 6014 2100
74 7 2520 2519 6231 2152
75 7 2520 2519 6424 2202
76 7 2520 2519 6588 2249
77 7 2520 2519 6772 2294
78 7 2520 2519 6926 2326
79 7 2520 2519 7079 2334
80 7 2520 2519 7225 2363
81 7 2520 2519 7372 2396
82 7 2520 2519 7487 2421
83 7 2520 2519 7602 2449
84 7 2520 2519 7720 2482
85 7 2520 2519 7839 2509
86 7 2520 2519 7929 2526
87 7 2520 2519 8002 2558
88 8 2520 2519 8087 2589
89 9 2520 2519 8179 2591
90 9 2520 2519 8330 2641
91 10 2520 2519 8495 2694
92 10 2520 2519 8704 2751
93 10 2520 2519 8911 2808
94 11 2520 2519 9102 2847
95 11 2520 2519 9313 2899
96 12 2520 2519 9581 2957
97 12 2520 2519 9825 3013
98 12 2520 2519 10091 3077
99 12 2520 2519 10332 3123
100 12 2520 2519 10546 3154
101 12 2520 2519 10827 3211
102 12 2520 2519 11035 3286
103 12 2520 2519 11252 3323
104 12 2520 2519 11437 3354
105 12 2520 2519 11631 3362
106 12 2520 2519 11820 3427
107 12 2520 2519 12053 3476
108 12 2520 2519 12248 3519
109 12 2520 2519 12424 3568
110 12 2520 2519 12595 3605
111 13 2520 2519 12752 3645
112 13 2520 2519 12904 3672
113 13 2520 2519 13073 3701
114 14 2520 2519 13237 3746
115 14 2520 2519 13412 3801
116 14 2520 2519 13581 3851
117 15 2520 2519 13733 3874
118 15 2520 2519 13940 3916
119 15 2520 2519 14184 3994
120 15 2520 2519 14441 4068
121 15 2520 2519 14639 4102
122 15 2520 2519 14861 4175
123 15 2520 2519 15065 4222
124 15 2520 2519 15260 4265
125 15 2520 2519 15445 4304
126 16 2520 2519 15642 4333
127 16 2520 2519 15821 4359
128 16 2520 2519 16020 4404
129 16 2520 2519 16221 4449
130 16 2520 2519 16391 4481
131 16 2520 2519 16570 4513
132 16 2520 2519 16716 4561
133 16 2520 2519 16866 4593
134 17 2520 2519 16995 4648
135 17 2520 2519 17165 4690
136 17 2520 2519 17313 4728
137 17 2520 2519 17489 4747
138 17 2520 2519 17623 4804
139 18 2520 2519 17789 4861
140 18 2520 2519 17951 4885
141 19 2520 2519 18111 4911
142 22 2520 2519 18260 4960
143 22 2520 2519 18570 5055
144 22 2520 2519 18889 5122
145 22 2520 2519 19202 5188
146 22 2520 2519 19546 5238
147 22 2520 2519 19872 5290
148 22 2520 2519 20144 5352
149 22 2520 2519 20491 5405
150 22 2520 2519 20767 5474
151 22 2520 2519 21016 5532
152 22 2520 2519 21256 5562
153 22 2520 2519 21497 5599
154 22 2520 2519 21724 5647
155 22 2520 2519 21933 5685
156 22 2520 2519 22161 5737
157 22 2520 2519 22383 5755
158 23 2520 2519 22555 5803
159 23 2520 2519 22738 5853
160 23 2520 2519 22954 5881
161 23 2520 2519 23175 5926
162 23 2520 2519 23368 5979
163 23 2520 2519 23585 6026
164 24 2520 2519 23759 6082
165 24 2520 2519 24002 6117
166 24 2520 2519 24223 6189
167 24 2520 2519 24455 6251
168 24 2520 2519 24660 6305
169 27 2520 2519 24852 6353
170 27 2520 2519 25114 6387
171 27 2520 2519 25475 6491
172 27 2520 2519 25784 6539
173 27 2520 2519 26116 6601
174 27 2520 2519 26424 6685
175 27 2520 2519 26744 6756
176 27 2520 2519 27039 6822
177 27 2520 2519 27313 6881
178 27 2520 2519 27564 6926
179 27 2520 2519 27804 6968
180 27 2520 2519 28074 7009
181 27 2520 2519 28294 7058
182 27 2520 2519 28492 7090
183 27 2520 2519 28670 7131
184 27 2520 2519 28855 7144
185 27 2520 2519 29033 7188
186 28 2520 2519 29191 7224
187 29 2520 2519 29377 7244
188 30 2520 2519 29593 7293
189 30 2520 2519 29822 7320
190 30 2520 2519 30035 7371
191 30 2520 2519 30282 7434
192 31 2520 2519 30512 7493
193 31 2520 2519 30776 7553
194 31 2520 2519 31041 7584
195 32 2520 2519 31334 7634
196 32 2520 2519 31636 7753
197 32 2520 2519 31983 7813
198 32 2520 2519 32270 7865
199 32 2520 2519 32552 7931
200 32 2520 2519 32811 7959
201 32 2520 2519 33059 8028
202 33 2520 2519 33292 8074
203 33 2520 2519 33525 8134
204 33 2520 2519 33795 8186
205 33 2520 2519 34038 8228
206 33 2520 2519 34257 8260
207 33 2520 2519 34512 8306
208 34 2520 2519 34762 8366
209 34 2520 2519 35020 8418
210 34 2520 2519 35238 8456
211 34 2520 2519 35460 8477
212 34 2520 2519 35681 8515
213 34 2520 2519 35884 8544
214 35 2520 2519 36147 8590
215 36 2520 2519 36435 8641
216 36 2520 2519 36718 8725
217 37 2520 2519 36955 8786
218 37 2520 2519 37182 8828
219 37 2520 2519 37465 8859
220 37 2520 2519 37758 8908
221 37 2520 2519 38032 8961
222 37 2520 2519 38270 9007
223 37 2520 2519 38525 9066
224 37 2520 2519 38782 9111
225 37 2520 2519 39041 9166
226 38 2520 2519 39283 9220
227 39 2520 2519 39545 9268
228 39 2520 2519 39818 9277
229 39 2520 2519 40063 9349
230 39 2520 2519 40322 9432
231 39 2520 2519 40598 9452
232 39 2520 2519 40861 9504
233 39 2520 2519 41113 9552
234 40 2520 2519 41376 9601
235 40 2520 2519 41649 9670
236 40 2520 2519 41883 9708
237 41 2520 2519 42147 9750
238 41 2520 2519 42396 9825
239 41 2520 2519 42682 9888
240 42 2520 2519 42915 9922
241 43 2520 2519 43213 9973
242 43 2520 2519 43508 10047
243 44 2520 2519 43839 10062
244 44 2520 2519 44175 10134
245 44 2520 2519 44488 10191
246 44 2520 2519 44853 10263
247 44 2520 2519 45188 10337
248 44 2520 2519 45532 10379
249 44 2520 2519 45899 10417
250 45 2520 2519 46206 10474
251 45 2520 2519 46499 10519
252 46 2520 2519 46785 10545
253 46 2520 2519 47063 10577
254 46 2520 2519 47348 10643
255 46 2520 2519 47647 10716
256 46 2520 2519 47949 10778
257 46 2520 2519 48261 10816
258 46 2520 2519 48513 10857
259 46 2520 2519 48763 10899
260 46 2520 2519 49031 10948
261 46 2520 2519 49208 10992
262 47 2520 2519 49443 11025
263 47 2520 2519 49672 11052
264 49 2520 2519 49964 11116
265 50 2520 2519 50268 11178
266 50 2520 2519 50587 11251
267 50 2520 2519 50967 11313
268 50 2520 2519 51352 11376
269 50 2520 2519 51717 11431
270 51 2520 2519 52051 11472
271 51 2520 2519 52359 11500
272 53 2520 2519 52651 11539
273 53 2520 2519 52971 11591
274 54 2520 2519 53392 11636
275 54 2520 2519 53755 11710
276 54 2520 2519 54123 11767
277 54 2520 2519 54492 11823
278 54 2520 2519 54892 11900
279 54 2520 2519 55279 11934
280 54 2520 2519 55632 11987
281 54 2520 2519 55957 12080
282 54 2520 2519 56283 12146
283 54 2520 2519 56594 12167
284 54 2520 2519 56893 12189
285 55 2520 2519 57228 12236
286 56 2520 2519 57487 12292
287 56 2520 2519 57858 12393
288 56 2520 2519 58171 12467
289 56 2520 2519 58477 12551
290 56 2520 2519 58802 12647
291 56 2520 2519 59132 12687
292 56 2520 2519 59422 12747
293 56 2520 2519 59682 12806
294 56 2520 2519 59970 12875
295 56 2520 2519 60218 12921
296 56 2520 2519 60510 12962
297 56 2520 2519 60782 13016
298 56 2520 2519 60992 13050
299 57 2520 2519 61194 13087
300 57 2520 2519 61473 13141
301 57 2520 2519 61705 13187
302 57 2520 2519 61962 13267
303 57 2520 2519 62215 13330
304 58 2520 2519 62419 13342
305 59 2520 2519 62679 13421
306 59 2520 2519 62959 13492
307 60 2520 2519 63316 13568
308 60 2520 2519 63659 13640
309 61 2520 2519 64000 13693
310 62 2520 2519 64286 13755
311 63 2520 2519 64653 13831
312 64 2520 2519 65030 13910
313 64 2520 2519 65512 14000
314 64 2520 2519 65857 14067
315 64 2520 2519 66274 14139
316 64 2520 2519 66691 14179
317 64 2520 2519 67028 14247
318 65 2520 2519 67422 14315
319 65 2520 2519 67800 14366
320 65 2520 2519 68156 14485
321 65 2520 2519 68469 14546
322 65 2520 2519 68810 14587
323 66 2520 2519 69121 14642
324 66 2520 2519 69435 14697
325 66 2520 2519 69745 14751
326 67 2520 2519 70059 14787
327 67 2520 2519 70321 14819
328 68 2520 2519 70578 14860
329 68 2520 2519 70895 14905
330 68 2520 2519 71203 14963
331 69 2520 2519 71525 14992
332 70 2520 2519 71818 15026
333 71 2520 2519 72116 15099
334 71 2520 2519 72477 15173
335 72 2520 2519 72880 15213
336 72 2520 2519 73305 15292
337 72 2520 2519 73686 15354
338 72 2520 2519 74087 15433
339 74 2520 2519 74477 15518
340 75 2520 2519 74916 15534
341 75 2520 2519 75343 15610
342 75 2520 2519 75824 15702
343 75 2520 2519 76225 15758
344 75 2520 2519 76607 15826
345 75 2520 2519 76964 15888
346 75 2520 2519 77337 15966
347 76 2520 2519 77709 16022
348 76 2520 2519 78091 16084
349 76 2520 2519 78497 16185
350 76 2520 2519 78907 16252
351 77 2520 2519 79254 16286
352 77 2520 2519 79627 16382
353 77 2520 2519 80015 16476
354 77 2520 2519 80343 16525
355 78 2520 2519 80717 16556
356 79 2520 2519 81113 16647
357 79 2520 2519 81413 16666
358 79 2520 2519 81777 16750
359 79 2520 2519 82161 16795
360 79 2520 2519 82517 16834
361 79 2520 2519 82896 16888
362 79 2520 2519 83203 16941
363 79 2520 2519 83569 16987
364 79 2520 2519 83892 17054
365 81 2520 2519 84190 17096
366 81 2520 2519 84538 17170
367 82 2520 2519 84896 17247
368 82 2520 2519 85300 17300
369 82 2520 2519 85639 17354
370 82 2520 2519 86060 17428
371 82 2520 2519 86467 17499
372 82 2520 2519 86813 17570
373 82 2520 2519 87238 17609
374 82 2520 2519 87545 17672
375 83 2520 2519 87887 17713
376 83 2520 2519 88181 17753
377 83 2520 2519 88519 17814
378 84 2520 2519 88856 17892
379 84 2520 2519 89206 17920
380 85 2520 2519 89510 17975
381 85 2520 2519 89915 18061
382 85 2520 2519 90315 18130
383 85 2520 2519 90622 18185
384 85 2520 2519 90976 18235
385 85 2520 2519 91354 18318
386 85 2520 2519 91656 18399
387 85 2520 2519 91952 18438
388 85 2520 2519 92216 18483
389 85 2520 2519 92501 18539
390 86 2520 2519 92769 18544
391 86 2520 2519 93091 18620
392 87 2520 2519 93404 18682
393 87 2520 2519 93717 18738
394 87 2520 2519 94011 18813
395 87 2520 2519 94262 18835
396 87 2520 2519 94533 18886
397 87 2520 2519 94788 18890
398 87 2520 2519 95053 18926
399 87 2520 2519 95309 18982
400 90 2520 2519 95599 19017
401 90 2520 2519 95878 19078
402 90 2520 2519 96180 19150
403 90 2520 2519 96490 19213
404 90 2520 2519 96877 19282
405 92 2520 2519 97242 19344
406 93 2520 2519 97589 19434
407 93 2520 2519 97916 19484
408 93 2520 2519 98249 19590
409 94 2520 2519 98601 19642
410 94 2520 2519 98984 19677
411 96 2520 2519 99366 19722
412 97 2520 2519 99728 19747
413 98 2520 2519 100184 19825
414 98 2520 2519 100592 19891
415 100 2520 2519 100997 19958
416 100 2520 2519 101471 20029
417 100 2520 2519 101885 20078
418 100 2520 2519 102372 20133
419 100 2520 2519 102821 20181
420 100 2520 2519 103255 20226
421 100 2520 2519 103770 20323
422 100 2520 2519 104163 20370
423 100 2520 2519 104568 20465
424 100 2520 2519 104961 20525
425 101 2520 2519 105343 20596
426 101 2520 2519 105719 20652
427 102 2520 2519 106086 20722
428 102 2520 2519 106440 20769
429 102 2520 2519 106836 20816
430 102 2520 2519 107203 20898
431 102 2520 2519 107534 20942
432 102 2519 2519 107903 20975
433 102 2519 2519 108223 21037
434 102 2519 2519 108568 21097
435 102 2519 2519 108868 21173
436 102 2519 2519 109181 21234
437 102 2519 2519 109453 21320
438 102 2519 2519 109719 21330
439 102 2519 2519 109959 21397
440 102 2519 2519 110234 21457
441 102 2519 2519 110465 21494
442 102 2519 2519 110720 21568
443 102 2519 2519 110964 21609
444 102 2519 2519 111183 21643
445 102 2519 2519 111457 21661
446 102 2519 2519 111670 21683
447 104 2519 2519 111946 21721
448 105 2519 2519 112172 21764
449 106 2519 2519 112467 21834
450 107 2519 2519 112773 21887
451 107 2519 2519 113131 21955
452 108 2519 2519 113477 21999
453 108 2519 2519 113859 22073
454 108 2519 2519 114238 22118
455 108 2519 2519 114635 22202
456 108 2519 2519 115008 22299
457 108 2519 2519 115377 22338
458 109 2519 2519 115742 22395
459 109 2519 2519 116116 22460
460 109 2519 2519 116481 22532
461 109 2519 2519 116871 22554
462 109 2519 2519 117202 22579
463 109 2517 2519 117570 22677
464 109 2517 2519 117943 22741
465 110 2517 2519 118338 22803
466 110 2517 2519 118655 22840
467 111 2517 2519 118967 22887
468 111 2517 2519 119334 22931
469 111 2517 2519 119663 22981
470 111 2517 2519 119998 23026
471 111 2517 2519 120305 23075
472 111 2517 2519 120671 23130
473 111 2517 2519 120982 23182
474 111 2517 2519 121295 23233
475 111 2517 2519 121619 23271
476 111 2517 2519 121927 23338
477 111 2517 2519 122210 23366
478 112 2517 2519 122551 23407
479 112 2517 2519 122770 23428
480 113 2517 2519 123062 23503
481 113 2517 2519 123387 23534
482 114 2517 2519 123715 23593
483 115 2517 2519 123991 23654
484 116 2517 2519 124306 23696
485 116 2517 2519 124668 23764
486 116 2517 2519 125026 23829
487 116 2517 2519 125409 23890
488 116 2517 2519 125718 23927
489 116 2517 2519 125989 23974
490 117 2517 2519 126314 24009
491 118 2517 2519 126653 24038
492 119 2516 2519 126982 24098
493 119 2516 2519 127360 24124
494 119 2516 2519 127722 24183
495 120 2516 2519 128124 24209
496 120 2516 2519 128488 24270
497 120 2516 2519 128872 24305
498 120 2516 2519 129236 24320
499 121 2516 2519 129623 24358
500 121 2516 2519 129942 24381
501 121 2516 2519 130287 24425
502 122 2516 2519 130665 24451
503 122 2516 2519 131032 24542
504 123 2516 2519 131361 24604
505 123 2516 2519 131675 24661
506 123 2516 2519 132057 24757
507 123 2516 2519 132442 24823
508 124 2516 2519 132854 24880
509 125 2516 2519 133257 24924
510 125 2516 2519 133646 24947
511 125 2516 2519 134018 25007
512 125 2516 2519 134393 25080
513 125 2516 2519 134792 25142
514 125 2516 2519 135189 25225
515 127 2516 2519 135609 25289
516 127 2516 2519 135957 25329
517 128 2516 2519 136416 25406
518 128 2516 2519 136874 25476
519 128 2516 2519 137277 25559
520 128 2516 2519 137718 25638
521 128 2516 2519 138160 25655
522 129 2516 2519 138589 25737
523 130 2516 2519 139011 25833
524 131 2516 2519 139444 25927
525 132 2516 2519 139883 26013
526 133 2516 2519 140327 26060
527 133 2516 2519 140779 26143
528 133 2516 2519 141281 26218
529 133 2516 2519 141743 26293
530 135 2516 2519 142175 26345
531 135 2516 2519 142691 26375
532 135 2516 2519 143181 26435
533 135 2516 2519 143657 26528
534 136 2516 2519 144200 26605
535 136 2516 2519 144726 26659
536 136 2516 2519 145197 26728
537 136 2516 2519 145795 26840
538 136 2516 2519 146276 26906
539 136 2516 2519 146737 26983
540 136 2516 2519 147205 27023
541 137 2516 2519 147618 27088
542 137 2516 2519 148107 27171
543 137 2516 2519 148527 27252
544 138 2516 2519 148956 27316
545 138 2516 2519 149346 27369
546 140 2516 2519 149746 27425
547 140 2516 2519 150197 27488
548 140 2516 2519 150672 27571
549 140 2516 2519 151116 27645
550 140 2516 2519 151563 27721
551 140 2516 2519 152000 27814
552 141 2516 2519 152431 27883
553 141 2516 2519 152888 27990
554 141 2516 2519 153309 28057
555 141 2516 2519 153720 28130
556 143 2516 2519 154126 28225
557 144 2516 2519 154555 28305
558 144 2516 2519 155038 28370
559 144 2516 2519 155435 28439
560 145 2516 2519 155910 28508
561 146 2516 2519 156306 28545
562 146 2516 2519 156793 28640
563 148 2516 2519 157325 28729
564 148 2516 2519 157916 28844
565 148 2516 2519 158437 28933
566 148 2516 2519 158898 29020
567 149 2516 2519 159345 29095
568 150 2516 2519 159817 29169
569 150 2516 2519 160294 29285
570 151 2516 2519 160786 29381
571 152 2516 2519 161324 29425
572 152 2516 2519 161790 29490
573 152 2516 2519 162309 29544
574 152 2516 2519 162842 29610
575 152 2516 2519 163331 29699
576 153 2516 2519 163817 29769
577 154 2516 2519 164328 29810
578 154 2516 2519 164826 29916
579 156 2516 2519 165337 29990
580 157 2516 2519 165800 30088
581 157 2516 2519 166351 30177
582 158 2516 2519 166839 30279
583 158 2516 2519 167352 30370
584 159 2516 2519 167828 30405
585 159 2516 2519 168371 30503
586 159 2516 2519 169000 30568
587 161 2516 2519 169543 30655
588 161 2516 2519 170063 30702
589 163 2515 2519 170577 30765
590 163 2515 2519 171150 30859
591 164 2515 2519 171746 30918
592 165 2515 2519 172369 30951
593 165 2515 2519 173015 31060
594 165 2515 2519 173687 31164
595 166 2515 2519 174327 31254
596 166 2515 2519 174897 31336
597 166 2515 2519 175582 31369
598 166 2515 2519 176220 31470
599 166 2515 2519 176812 31537
600 166 2515 2519 177392 31597
601 167 2514 2519 177923 31694
602 168 2514 2519 178376 31729
603 169 2514 2519 178990 31794
604 171 2514 2519 179575 31883
605 171 2514 2519 180117 32011
606 171 2514 2519 180694 32118
607 172 2514 2519 181327 32181
608 173 2514 2519 181966 32262
609 173 2514 2519 182536 32308
610 174 2514 2519 183091 32394
611 176 2514 2519 183711 32484
612 177 2514 2519 184326 32619
613 177 2514 2519 184933 32744
614 177 2514 2519 185644 32801
615 177 2514 2519 186283 32892
616 177 2514 2519 186869 33013
617 177 2514 2519 187381 33078
618 177 2514 2519 187955 33121
619 177 2514 2519 188559 33195
620 178 2514 2519 189122 33253
621 178 2514 2519 189654 33364
622 179 2514 2519 190191 33439
623 180 2514 2519 190737 33466
624 181 2514 2519 191315 33475
625 181 2514 2519 191913 33571
626 181 2514 2519 192485 33638
627 181 2514 2519 193040 33690
628 181 2514 2519 193580 33789
629 181 2514 2519 194068 33852
630 182 2514 2519 194570 33966
631 183 2514 2519 195078 34044
632 184 2514 2519 195588 34091
633 184 2514 2519 196120 34203
634 184 2514 2519 196691 34274
635 184 2514 2519 197166 34341
636 185 2514 2519 197704 34378
637 187 2514 2519 198253 34408
638 187 2514 2519 198823 34478
639 187 2514 2519 199414 34543
640 188 2514 2519 199980 34643
641 189 2514 2519 200580 34697
642 190 2514 2519 201154 34817
643 190 2514 2519 201756 34922
644 190 2514 2519 202367 34985
645 191 2514 2519 203004 35095
646 191 2514 2519 203606 35165
647 192 2514 2519 204235 35232
648 192 2514 2519 204833 35307
649 192 2514 2519 205438 35442
650 192 2514 2519 206062 35556
651 192 2514 2519 206676 35634
652 194 2514 2519 207285 35758
653 196 2514 2519 207892 35821
654 197 2514 2519 208474 35950
655 198 2514 2519 209097 36053
656 198 2514 2519 209703 36133
657 199 2514 2519 210303 36243
658 199 2514 2519 210894 36269
659 199 2514 2519 211552 36374
660 199 2514 2519 212184 36439
661 200 2514 2519 212755 36520
662 203 2514 2519 213393 36613
663 205 2514 2519 214022 36688
664 206 2514 2519 214631 36801
665 206 2514 2519 215277 36908
666 206 2514 2519 215975 37004
667 206 2514 2519 216607 37089
668 206 2514 2519 217247 37167
669 207 2514 2519 217889 37247
670 208 2514 2519 218485 37336
671 208 2514 2519 219022 37423
672 209 2514 2519 219641 37499
673 209 2514 2519 220260 37570
674 209 2513 2519 220901 37668
675 210 2513 2519 221502 37738
676 210 2513 2519 222105 37800
677 211 2513 2519 222783 37907
678 212 2513 2519 223410 37968
679 213 2513 2519 224050 38046
680 213 2512 2519 224662 38131
681 214 2512 2519 225256 38188
682 215 2512 2519 225805 38255
683 215 2512 2519 226434 38346
684 215 2512 2519 227051 38387
685 215 2512 2519 227678 38437
686 217 2512 2519 228250 38527
687 217 2512 2519 228901 38606
688 218 2512 2519 229594 38703
689 218 2512 2519 230248 38788
690 218 2512 2519 230861 38868
691 219 2512 2519 231414 39011
692 219 2512 2519 232072 39076
693 219 2512 2519 232760 39153
694 220 2512 2519 233324 39223
695 220 2512 2519 233925 39304
696 220 2512 2519 234520 39420
697 220 2512 2519 235101 39458
698 220 2512 2519 235660 39542
699 220 2512 2519 236226 39556
700 220 2512 2519 236773 39640
701 220 2512 2519 237272 39759
702 220 2512 2519 237823 39788
703 220 2512 2519 238355 39817
704 220 2512 2519 238797 39867
705 221 2512 2519 239238 39935
706 225 2512 2519 239670 40038
707 226 2512 2519 240188 40110
708 226 2512 2519 240704 40192
709 226 2512 2519 241204 40270
710 226 2512 2519 241699 40329
711 227 2512 2519 242250 40394
712 227 2512 2519 242771 40499
713 228 2512 2519 243329 40577
714 228 2512 2519 243880 40622
715 228 2511 2519 244395 40695
716 228 2511 2519 244929 40774
717 229 2511 2519 245526 40793
718 230 2511 2519 246122 40840
719 231 2511 2519 246726 40906
720 232 2511 2519 247314 40986
721 232 2511 2519 247892 41075
722 233 2511 2519 248444 41126
723 234 2511 2519 249083 41190
724 235 2511 2519 249714 41299
725 236 2511 2519 250256 41383
726 236 2511 2519 250944 41482
727 237 2511 2519 251546 41590
728 238 2511 2519 252147 41683
729 238 2511 2519 252755 41717
730 238 2511 2519 253414 41832
731 239 2511 2519 253999 41910
732 241 2511 2519 254716 41971
733 241 2511 2519 255381 42075
734 241 2511 2519 256035 42165
735 241 2511 2519 256678 42244
736 243 2511 2519 257310 42371
737 244 2511 2519 257970 42480
738 244 2511 2519 258598 42569
739 245 2511 2519 259264 42697
740 247 2511 2519 259948 42770
741 248 2511 2519 260588 42870
742 248 2511 2519 261215 42960
743 248 2511 2519 261986 43049
744 249 2511 2519 262669 43132
745 249 2511 2519 263432 43245
746 249 2511 2519 264084 43359
747 249 2511 2519 264800 43493
748 249 2511 2519 265440 43561
749 250 2511 2519 266111 43620
750 250 2511 2519 266798 43756
751 251 2511 2519 267462 43885
752 252 2511 2519 268123 43965
753 252 2511 2519 268824 44052
754 252 2511 2519 269477 44162
755 252 2511 2519 270127 44233
756 252 2511 2519 270742 44345
757 252 2511 2519 271396 44391
758 252 2510 2519 272056 44501
759 252 2510 2519 272699 44590
760 253 2510 2519 273315 44665
761 253 2510 2519 273962 44750
762 254 2510 2519 274489 44804
763 257 2510 2519 275073 44870
764 257 2510 2519 275693 44969
765 257 2510 2519 276383 45080
766 258 2510 2519 276991 45146
767 259 2510 2519 277606 45229
768 260 2510 2519 278223 45294
769 260 2510 2519 278890 45393
770 263 2510 2519 279598 45454
771 264 2510 2519 280286 45542
772 265 2510 2519 280992 45636
773 265 2510 2519 281751 45761
774 265 2510 2519 282513 45873
775 265 2510 2519 283262 46009
776 267 2510 2519 284006 46173
777 268 2510 2519 284737 46306
778 271 2510 2519 285509 46376
779 272 2510 2519 286254 46480
780 272 2510 2519 287103 46601
781 272 2510 2519 287939 46708
782 272 2510 2519 288763 46809
783 273 2510 2519 289633 46915
784 274 2510 2519 290412 47034
785 274 2510 2519 291197 47130
786 274 2510 2519 292051 47260
787 274 2509 2519 292785 47330
788 275 2509 2519 293497 47420
789 275 2509 2519 294254 47483
790 278 2509 2519 295060 47561
791 279 2509 2519 295864 47676
792 279 2509 2519 296681 47759
793 279 2509 2519 297379 47824
794 279 2509 2519 298166 47906
795 280 2509 2519 298897 48004
796 280 2509 2519 299659 48101
797 281 2509 2519 300394 48180
798 281 2508 2519 301127 48266
799 281 2507 2519 301848 48380
800 282 2507 2519 302517 48434
801 282 2507 2519 303307 48532
802 283 2507 2519 304052 48610
803 283 2507 2519 304705 48676
804 283 2507 2519 305462 48817
805 284 2507 2519 306056 48920
806 285 2507 2519 306684 48992
807 285 2507 2519 307321 49053
808 286 2507 2519 307957 49106
809 288 2507 2519 308612 49217
810 290 2507 2519 309269 49368
811 291 2507 2519 310021 49501
812 291 2507 2519 310766 49621
813 292 2507 2519 311555 49699
814 295 2507 2519 312334 49821
815 295 2507 2519 313108 49987
816 298 2507 2519 313952 50100
817 299 2507 2519 314791 50225
818 300 2507 2519 315577 50310
819 301 2507 2519 316419 50444
820 303 2507 2519 317209 50552
821 303 2507 2519 318061 50639
822 303 2507 2519 318910 50778
823 303 2507 2519 319681 50828
824 304 2507 2519 320445 50934
825 304 2507 2519 321290 50997
826 304 2507 2519 321970 51108
827 304 2507 2519 322726 51207
828 305 2506 2519 323467 51231
829 306 2506 2519 324159 51352
830 307 2506 2519 324953 51407
831 308 2506 2519 325707 51488
832 308 2506 2519 326447 51612
833 308 2506 2519 327245 51741
834 309 2506 2519 327983 51834
835 310 2506 2519 328749 51910
836 311 2506 2519 329500 52038
837 313 2506 2519 330339 52177
838 314 2506 2519 331160 52287
839 315 2506 2519 332019 52383
840 315 2505 2519 332852 52502
841 316 2505 2519 333736 52608
842 317 2505 2519 334666 52726
843 318 2504 2519 335601 52788
844 318 2504 2519 336499 52898
845 318 2504 2519 337400 53052
846 319 2504 2519 338311 53168
847 321 2504 2519 339280 53300
848 322 2504 2519 340177 53394
849 322 2504 2519 341140 53525
850 324 2504 2519 341988 53645
851 324 2504 2519 342896 53754
852 324 2504 2519 343780 53900
853 324 2504 2519 344563 53965
854 324 2504 2519 345360 54059
855 326 2504 2519 346229 54127
856 329 2504 2519 347072 54235
857 329 2503 2519 348043 54413
858 329 2502 2519 348998 54546
859 329 2502 2519 349895 54681
860 331 2502 2519 350810 54817
861 331 2501 2519 351787 54913
862 333 2501 2519 352709 55047
863 333 2501 2519 353648 55126
864 333 2501 2519 354612 55196
865 334 2501 2519 355666 55281
866 336 2500 2519 356557 55364
867 336 2499 2519 357415 55456
868 337 2499 2519 358249 55553
869 340 2499 2519 359127 55670
870 340 2499 2519 360052 55746
871 341 2498 2519 360999 55907
872 341 2498 2519 361984 56009
873 341 2498 2519 362883 56167
874 342 2498 2519 363822 56239
875 343 2498 2519 364719 56385
876 343 2498 2519 365682 56565
877 343 2498 2519 366603 56678
878 343 2498 2519 367522 56781
879 343 2498 2519 368376 56875
880 344 2498 2519 369149 56994
881 346 2498 2519 369905 57054
882 347 2498 2519 370773 57153
883 347 2498 2519 371601 57280
884 347 2498 2519 372431 57364
885 349 2498 2519 373271 57464
886 349 2498 2519 374120 57637
887 349 2498 2519 374964 57737
888 351 2498 2519 375808 57883
889 352 2498 2519 376666 57951
890 352 2498 2519 377482 58042
891 354 2498 2519 378423 58150
892 355 2498 2519 379217 58227
893 357 2498 2519 380128 58355
894 357 2498 2519 380992 58454
895 359 2498 2519 381852 58554
896 359 2498 2519 382855 58644
897 361 2498 2519 383782 58748
898 362 2498 2519 384668 58869
899 363 2498 2519 385592 59004
900 363 2498 2519 386631 59180
901 364 2498 2519 387548 59280
902 364 2498 2519 388456 59430
903 365 2497 2519 389471 59507
904 366 2497 2519 390429 59580
905 368 2497 2519 391391 59696
906 369 2497 2519 392360 59741
907 369 2497 2519 393200 59854
908 371 2497 2519 394173 59985
909 371 2497 2519 395115 60053
910 371 2497 2519 396077 60124
911 372 2497 2519 397005 60239
912 373 2497 2519 397928 60376
913 373 2497 2519 398837 60500
914 374 2497 2519 399779 60607
915 374 2497 2519 400697 60743
916 375 2497 2519 401577 60843
917 375 2497 2519 402449 60988
918 375 2497 2519 403384 61084
919 375 2497 2519 404198 61228
920 376 2497 2519 405025 61304
921 378 2497 2519 405807 61348
922 379 2497 2519 406694 61419
923 379 2497 2519 407519 61528
924 380 2497 2519 408328 61634
925 380 2497 2519 409164 61716
926 382 2497 2519 410014 61856
927 385 2497 2519 410764 61951
928 387 2497 2519 411572 62029
929 388 2497 2519 412505 62114
930 388 2497 2519 413442 62216
931 389 2497 2519 414372 62325
932 390 2496 2519 415373 62413
933 390 2496 2519 416331 62539
934 391 2496 2519 417371 62670
935 392 2496 2519 418413 62762
936 394 2496 2519 419258 62883
937 396 2496 2519 420177 62965
938 398 2496 2519 421162 63096
939 400 2496 2519 422066 63197
940 401 2495 2519 422955 63308
941 401 2495 2519 424011 63374
942 405 2495 2519 425068 63446
943 406 2495 2519 426183 63622
944 406 2495 2519 427200 63719
945 406 2495 2519 428364 63891
946 406 2495 2519 429409 64003
947 408 2495 2519 430443 64101
948 408 2495 2519 431572 64176
949 408 2495 2519 432559 64310
950 409 2495 2519 433554 64379
951 411 2495 2519 434546 64497
952 412 2495 2519 435627 64668
953 414 2495 2519 436713 64786
954 414 2495 2519 437812 64954
955 415 2494 2519 438937 65027
956 415 2494 2519 440092 65136
957 416 2494 2519 441215 65272
958 417 2494 2519 442301 65375
959 419 2494 2519 443429 65546
960 419 2494 2519 444531 65636
961 420 2494 2519 445628 65743
962 420 2493 2519 446723 65875
963 420 2493 2519 447836 66023
964 421 2493 2519 448899 66117
965 422 2493 2519 449912 66208
966 423 2493 2519 450978 66347
967 423 2493 2519 451939 66419
968 423 2493 2519 452869 66552
969 423 2493 2519 453755 66722
970 425 2493 2519 454690 66900
971 427 2493 2519 455681 66965
972 427 2493 2519 456661 67066
973 427 2492 2519 457625 67197
974 427 2492 2519 458639 67271
975 428 2492 2519 459556 67358
976 428 2492 2519 460482 67514
977 429 2492 2519 461336 67634
978 431 2492 2519 462239 67761
979 431 2491 2519 463036 67837
980 432 2491 2519 463994 68014
981 433 2491 2519 464906 68098
982 436 2491 2519 465847 68164
983 438 2491 2519 466786 68268
984 439 2491 2519 467731 68343
985 439 2491 2519 468799 68430
986 440 2491 2519 469740 68531
987 440 2490 2519 470740 68687
988 442 2490 2519 471751 68738
989 442 2490 2519 472731 68838
990 442 2490 2519 473846 68980
991 442 2490 2519 474824 69017
992 443 2490 2519 475772 69092
993 443 2490 2519 476722 69238
994 444 2490 2519 477670 69360
995 445 2490 2519 478700 69469
996 446 2490 2519 479665 69550
997 447 2490 2519 480587 69646
998 449 2490 2519 481490 69691
999 451 2490 2519 482459 69790
1000 452 2490 2519 483420 69902
