0 1 2520 2519 419 295
1 1 2520 2519 503 339
2 1 2520 2519 577 375
3 1 2520 2519 643 411
4 1 2520 2519 727 446
5 1 2520 2519 819 483
6 1 2520 2519 885 507
7 1 2520 2519 943 527
8 1 2520 2519 999 542
9 1 2520 2519 1050 566
10 1 2520 2519 1089 573
11 1 2520 2519 1127 593
12 1 2520 2519 1176 611
13 1 2520 2519 1196 620
14 1 2520 2519 1233 630
15 2 2520 2519 1265 637
16 2 2520 2519 1312 651
17 2 2520 2519 1418 697
18 2 2520 2519 1515 745
19 2 2520 2519 1623 796
20 2 2520 2519 1733 830
21 2 2520 2519 1841 868
22 2 2520 2519 1930 900
23 2 2520 2519 2028 933
24 2 2520 2519 2116 959
25 2 2520 2519 2185 973
26 2 2520 2519 2263 999
27 2 2520 2519 2328 1019
28 2 2520 2519 2376 1034
29 2 2520 2519 2426 1044
30 2 2520 2519 2484 1070
31 2 2520 2519 2518 1077
32 2 2520 2519 2539 1079
33 2 2520 2519 2564 1083
34 2 2520 2519 2578 1091
35 2 2520 2519 2600 1095
36 3 2520 2519 2637 1108
37 4 2520 2519 2668 1122
38 4 2520 2519 2750 1158
39 4 2520 2519 2879 1200
40 4 2520 2519 3048 1237
41 4 2520 2519 3196 1283
42 4 2520 2519 3356 1326
43 4 2520 2519 3502 1360
44 4 2520 2519 3656 1407
45 4 2520 2519 3805 1444
46 4 2520 2519 3910 1473
47 4 2520 2519 4029 1517
48 4 2520 2519 4128 1537
49 4 2520 2519 4207 1554
50 4 2520 2519 4305 1582
51 4 2520 2519 4417 1602
52 4 2520 2519 4472 1627
53 4 2520 2519 4563 1670
54 4 2520 2519 4621 1681
55 4 2520 2519 4707 1701
56 5 2520 2519 4761 1712
57 5 2520 2519 4849 1724
58 5 2520 2519 4976 1768
59 5 2520 2519 5075 1786
60 5 2520 2519 5193 1821
61 6 2520 2519 5303 1850
62 7 2520 2519 5417 1891
63 7 2520 2519 5616 1957
64 7 2520 2519 5837 1998
65 8 2520 2519 6035 2048
66 8 2520 2519 6264 2090
67 8 2520 2519 6506 2151
68 8 2520 2519 6735 2221
69 8 2520 2519 6966 2260
70 8 2520 2519 7178 2308
71 8 2520 2519 7367 2325
72 8 2520 2519 7567 2399
73 8 2520 2519 7745 2464
74 8 2520 2519 7898 2502
75 8 2520 2519 8037 2533
76 8 2520 2519 8169 2559
77 8 2520 2519 8325 2608
78 9 2520 2519 8443 2623
79 9 2520 2519 8551 2653
80 9 2520 2519 8718 2710
81 9 2520 2519 8876 2763
82 9 2520 2519 9061 2817
83 9 2520 2519 9199 2852
84 9 2520 2519 9346 2903
85 9 2520 2519 9459 2929
86 10 2520 2519 9606 2965
87 11 2520 2519 9771 3011
88 12 2520 2519 9952 3051
89 12 2520 2519 10168 3123
90 12 2520 2519 10420 3177
91 12 2520 2519 10642 3220
92 12 2520 2519 10875 3271
93 12 2520 2519 11088 3300
94 12 2520 2519 11312 3332
95 12 2520 2519 11501 3383
96 12 2520 2519 11750 3438
97 12 2520 2519 11974 3485
98 13 2520 2519 12131 3515
99 13 2520 2519 12315 3570
100 14 2520 2519 12514 3596
101 14 2520 2519 12740 3622
102 14 2520 2519 12992 3691
103 14 2520 2519 13285 3750
104 14 2520 2519 13511 3807
105 14 2520 2519 13709 3843
106 14 2520 2519 13941 3898
107 14 2520 2519 14195 3965
108 14 2520 2519 14422 3973
109 14 2520 2519 14629 4031
110 14 2520 2519 14816 4055
111 14 2520 2519 14970 4089
112 14 2520 2519 15114 4119
113 15 2520 2519 15248 4146
114 16 2520 2519 15407 4203
115 16 2520 2519 15598 4242
116 16 2520 2519 15769 4280
117 17 2520 2519 15966 4337
118 17 2520 2519 16205 4429
119 17 2520 2519 16459 4501
120 17 2520 2519 16705 4543
121 18 2520 2519 16949 4609
122 19 2520 2519 17273 4685
123 19 2520 2519 17585 4759
124 19 2520 2519 17908 4835
125 19 2520 2519 18192 4892
126 19 2520 2519 18454 4945
127 19 2520 2519 18704 4993
128 19 2520 2519 18974 5037
129 19 2520 2519 19195 5071
130 19 2520 2519 19434 5122
131 19 2520 2519 19610 5152
132 19 2520 2519 19833 5203
133 19 2520 2519 20032 5246
134 19 2520 2519 20247 5313
135 20 2520 2519 20426 5352
136 20 2520 2519 20643 5408
137 20 2520 2519 20858 5471
138 20 2520 2519 21037 5514
139 21 2520 2519 21233 5539
140 21 2520 2519 21423 5595
141 21 2520 2519 21641 5648
142 21 2520 2519 21914 5711
143 21 2520 2519 22134 5747
144 22 2520 2519 22344 5796
145 23 2520 2519 22540 5842
146 23 2520 2519 22796 5872
147 24 2520 2519 23079 5943
148 24 2520 2519 23324 5968
149 24 2520 2519 23602 6035
150 24 2520 2519 23844 6091
151 24 2520 2519 24103 6149
152 24 2520 2519 24362 6190
153 24 2520 2519 24613 6261
154 24 2520 2519 24810 6296
155 25 2520 2519 25044 6335
156 25 2520 2519 25284 6375
157 26 2520 2519 25497 6407
158 26 2520 2519 25726 6428
159 26 2520 2519 26022 6470
160 26 2520 2519 26264 6508
161 27 2520 2519 26519 6547
162 28 2520 2519 26773 6608
163 28 2520 2519 27041 6656
164 28 2520 2519 27365 6727
165 28 2520 2519 27638 6801
166 28 2520 2519 27938 6862
167 28 2520 2519 28174 6898
168 28 2520 2519 28455 6963
169 29 2520 2519 28667 6979
170 29 2520 2519 28949 7063
171 29 2520 2519 29210 7110
172 29 2520 2519 29475 7156
173 29 2520 2519 29733 7202
174 29 2520 2519 29955 7218
175 29 2520 2519 30182 7253
176 30 2520 2519 30400 7302
177 30 2520 2519 30627 7347
178 30 2520 2519 30878 7405
179 31 2520 2519 31129 7432
180 31 2520 2519 31384 7490
181 32 2520 2519 31628 7532
182 32 2520 2519 31880 7580
183 32 2520 2519 32201 7674
184 33 2520 2519 32457 7723
185 33 2520 2519 32774 7769
186 33 2520 2519 33066 7827
187 33 2520 2519 33321 7871
188 34 2520 2519 33576 7944
189 34 2520 2519 33826 7998
190 35 2520 2519 34085 8064
191 35 2520 2519 34349 8111
192 35 2520 2519 34609 8144
193 35 2520 2519 34888 8223
194 35 2520 2519 35149 8260
195 35 2520 2519 35432 8313
196 36 2520 2519 35694 8374
197 36 2520 2519 35924 8386
198 36 2520 2519 36162 8431
199 36 2520 2519 36411 8475
200 37 2520 2519 36694 8508
201 37 2520 2519 36965 8551
202 37 2520 2519 37236 8589
203 37 2520 2519 37505 8624
204 37 2520 2519 37750 8685
205 38 2520 2519 38010 8716
206 38 2520 2519 38256 8752
207 38 2520 2519 38513 8819
208 38 2520 2519 38751 8867
209 38 2520 2519 39013 8898
210 38 2520 2519 39281 8953
211 39 2520 2519 39543 8995
212 39 2520 2519 39833 9064
213 39 2520 2519 40098 9119
214 39 2520 2519 40408 9179
215 39 2520 2519 40689 9237
216 41 2520 2519 40972 9289
217 41 2520 2519 41272 9354
218 41 2520 2519 41548 9383
219 41 2520 2519 41853 9432
220 41 2520 2519 42166 9487
221 41 2520 2519 42479 9527
222 41 2520 2519 42746 9569
223 42 2520 2519 43027 9644
224 42 2520 2519 43294 9694
225 42 2520 2519 43531 9728
226 43 2520 2519 43806 9761
227 44 2520 2519 44082 9814
228 44 2520 2519 44366 9878
229 44 2520 2519 44675 9950
230 44 2520 2519 44946 9971
231 44 2520 2519 45236 10027
232 45 2520 2519 45496 10065
233 47 2520 2519 45764 10112
234 47 2520 2519 46065 10156
235 47 2520 2519 46447 10211
236 47 2520 2519 46834 10297
237 47 2520 2519 47134 10346
238 47 2520 2519 47491 10410
239 47 2520 2519 47861 10504
240 47 2520 2519 48211 10602
241 47 2520 2519 48520 10657
242 47 2520 2519 48799 10711
243 47 2520 2519 49083 10761
244 47 2520 2519 49400 10821
245 48 2520 2519 49681 10867
246 48 2520 2519 49989 10932
247 48 2520 2519 50304 10978
248 48 2520 2519 50576 11047
249 48 2520 2519 50836 11083
250 48 2520 2519 51069 11121
251 48 2520 2519 51342 11149
252 48 2520 2519 51602 11163
253 48 2520 2519 51816 11214
254 48 2520 2519 52036 11280
255 49 2520 2519 52270 11331
256 49 2520 2519 52501 11380
257 49 2520 2519 52754 11404
258 50 2520 2519 53025 11447
259 50 2520 2519 53224 11488
260 54 2520 2519 53432 11530
261 55 2520 2519 53748 11573
262 55 2520 2519 54096 11642
263 55 2520 2519 54463 11705
264 55 2520 2519 54866 11751
265 55 2520 2519 55263 11819
266 56 2520 2519 55672 11893
267 57 2520 2519 56098 11970
268 57 2520 2519 56546 12040
269 57 2520 2519 56964 12147
270 57 2520 2519 57416 12227
271 57 2520 2519 57829 12253
272 57 2520 2519 58248 12310
273 57 2520 2519 58658 12379
274 58 2520 2519 59042 12442
275 58 2520 2519 59409 12486
276 58 2520 2519 59782 12553
277 59 2520 2519 60121 12651
278 59 2520 2519 60514 12730
279 60 2520 2519 60906 12780
280 60 2520 2519 61246 12825
281 60 2520 2519 61593 12873
282 61 2520 2519 61900 12927
283 63 2520 2519 62250 12979
284 63 2520 2519 62621 13007
285 63 2520 2519 63030 13089
286 63 2520 2519 63462 13188
287 63 2520 2519 63868 13280
288 63 2520 2519 64252 13339
289 64 2520 2519 64620 13406
290 64 2520 2519 64979 13479
291 65 2520 2519 65406 13564
292 66 2520 2519 65836 13626
293 67 2520 2519 66239 13695
294 67 2520 2519 66650 13775
295 67 2520 2519 67084 13865
296 67 2520 2519 67532 13945
297 67 2520 2519 67972 14024
298 67 2520 2519 68374 14092
299 67 2520 2519 68745 14147
300 67 2520 2519 69078 14191
301 67 2520 2519 69471 14260
302 67 2520 2519 69825 14332
303 67 2520 2519 70217 14386
304 67 2520 2519 70575 14439
305 67 2520 2519 70868 14500
306 67 2520 2519 71152 14536
307 67 2520 2519 71433 14590
308 67 2520 2519 71755 14675
309 68 2520 2519 72022 14712
310 68 2520 2519 72279 14778
311 68 2520 2519 72547 14828
312 68 2520 2519 72788 14884
313 69 2520 2519 73090 14953
314 69 2520 2519 73383 15017
315 69 2520 2519 73666 15084
316 69 2520 2519 73949 15137
317 69 2520 2519 74197 15202
318 70 2520 2519 74472 15268
319 70 2520 2519 74728 15327
320 70 2520 2519 75038 15375
321 70 2520 2519 75325 15419
322 71 2520 2519 75618 15476
323 72 2520 2519 75893 15542
324 72 2520 2519 76176 15594
325 72 2520 2519 76473 15666
326 72 2520 2519 76817 15727
327 72 2520 2519 77118 15762
328 72 2520 2519 77410 15827
329 72 2520 2519 77677 15847
330 72 2520 2519 77956 15895
331 74 2520 2519 78240 15908
332 74 2520 2519 78512 15974
333 74 2520 2519 78830 16017
334 74 2520 2519 79147 16085
335 75 2520 2519 79420 16132
336 76 2520 2519 79780 16193
337 76 2520 2519 80092 16227
338 76 2520 2519 80420 16317
339 76 2520 2519 80716 16380
340 76 2520 2519 81051 16435
341 77 2520 2519 81407 16470
342 77 2520 2519 81711 16527
343 78 2520 2519 82056 16574
344 78 2520 2519 82401 16617
345 79 2520 2519 82698 16671
346 79 2520 2519 83057 16746
347 79 2520 2519 83355 16817
348 80 2520 2519 83657 16869
349 80 2520 2519 83967 16945
350 80 2520 2519 84297 16991
351 80 2520 2519 84682 17066
352 80 2520 2519 85077 17135
353 80 2520 2519 85422 17176
354 80 2520 2519 85766 17229
355 80 2520 2519 86112 17316
356 80 2520 2519 86401 17348
357 80 2520 2519 86689 17416
358 81 2520 2519 86947 17462
359 81 2520 2519 87206 17490
360 81 2520 2519 87512 17570
361 84 2520 2519 87821 17611
362 84 2520 2519 88105 17656
363 84 2520 2519 88462 17746
364 85 2520 2519 88830 17801
365 85 2520 2519 89188 17875
366 86 2520 2519 89503 17920
367 86 2520 2519 89866 17972
368 86 2519 2519 90241 18033
369 87 2519 2519 90596 18102
370 87 2519 2519 91014 18155
371 87 2519 2519 91403 18250
372 87 2519 2519 91790 18339
373 87 2519 2519 92223 18375
374 88 2519 2519 92645 18413
375 90 2519 2519 93018 18456
376 91 2519 2519 93481 18536
377 91 2519 2519 93916 18595
378 91 2519 2519 94297 18643
379 91 2519 2519 94739 18712
380 91 2519 2519 95127 18751
381 91 2519 2519 95509 18852
382 91 2519 2519 95886 18880
383 91 2519 2519 96276 18958
384 92 2519 2519 96643 18988
385 92 2519 2519 97014 19064
386 94 2519 2519 97409 19119
387 94 2519 2519 97846 19188
388 95 2519 2519 98213 19283
389 95 2519 2519 98670 19319
390 95 2519 2519 99104 19408
391 95 2519 2519 99577 19473
392 95 2519 2519 100013 19517
393 95 2519 2519 100449 19569
394 95 2519 2519 100782 19633
395 95 2519 2519 101234 19703
396 95 2519 2519 101629 19787
397 96 2519 2519 102007 19817
398 96 2519 2519 102340 19859
399 96 2519 2519 102715 19913
400 98 2519 2519 103053 19957
401 98 2519 2519 103422 20025
402 99 2519 2519 103761 20070
403 99 2519 2519 104122 20108
404 99 2519 2519 104511 20168
405 99 2519 2519 104895 20201
406 99 2519 2519 105268 20266
407 99 2519 2519 105615 20298
408 99 2519 2519 105950 20368
409 99 2519 2519 106267 20430
410 100 2519 2519 106612 20524
411 100 2519 2519 106910 20564
412 100 2519 2519 107236 20602
413 100 2519 2519 107585 20692
414 100 2519 2519 107926 20737
415 101 2519 2519 108224 20790
416 102 2519 2519 108485 20879
417 102 2519 2519 108803 20898
418 103 2519 2519 109159 20959
419 104 2519 2519 109475 21012
420 105 2519 2519 109826 21055
421 105 2519 2519 110170 21115
422 105 2519 2519 110494 21188
423 106 2519 2519 110854 21266
424 106 2519 2519 111256 21322
425 106 2519 2519 111588 21363
426 106 2519 2519 112020 21446
427 106 2519 2519 112355 21543
428 107 2519 2519 112719 21616
429 107 2519 2519 113063 21696
430 109 2519 2519 113405 21779
431 109 2519 2519 113769 21868
432 109 2519 2519 114141 21929
433 110 2518 2519 114544 21970
434 110 2518 2519 114873 22022
435 110 2518 2519 115275 22088
436 110 2518 2519 115686 22146
437 110 2518 2519 116075 22200
438 110 2518 2519 116486 22255
439 110 2518 2519 116921 22327
440 111 2518 2519 117268 22372
441 111 2518 2519 117665 22457
442 113 2518 2519 118020 22483
443 113 2518 2519 118407 22564
444 114 2518 2519 118716 22595
445 114 2518 2519 119109 22659
446 114 2518 2519 119500 22723
447 114 2518 2519 119931 22801
448 114 2518 2519 120271 22850
449 114 2518 2519 120666 22887
450 114 2518 2519 121037 22940
451 114 2518 2519 121383 23010
452 114 2518 2519 121758 23060
453 114 2517 2519 122190 23087
454 115 2517 2519 122615 23133
455 116 2517 2519 122929 23142
456 116 2517 2519 123308 23189
457 116 2517 2519 123737 23242
458 116 2517 2519 124133 23311
459 116 2517 2519 124528 23355
460 117 2517 2519 124892 23413
461 117 2517 2519 125290 23441
462 117 2517 2519 125641 23491
463 118 2517 2519 125941 23511
464 119 2517 2519 126289 23551
465 119 2517 2519 126721 23639
466 120 2517 2519 127086 23685
467 122 2517 2519 127453 23747
468 122 2517 2519 127839 23778
469 122 2517 2519 128235 23847
470 123 2517 2519 128662 23898
471 125 2517 2519 129074 23950
472 126 2517 2519 129542 23998
473 128 2517 2519 130013 24034
474 128 2517 2519 130498 24120
475 129 2516 2519 131073 24235
476 129 2516 2519 131590 24304
477 129 2516 2519 132152 24368
478 129 2516 2519 132726 24404
479 129 2516 2519 133250 24464
480 129 2516 2519 133786 24492
481 129 2516 2519 134358 24563
482 130 2516 2519 134921 24616
483 130 2515 2519 135410 24684
484 130 2515 2519 135931 24756
485 130 2515 2519 136472 24813
486 131 2515 2519 136923 24902
487 132 2515 2519 137451 24942
488 132 2515 2519 137953 24963
489 132 2515 2519 138445 25067
490 132 2515 2519 138926 25159
491 132 2515 2519 139406 25230
492 132 2515 2519 139929 25264
493 133 2515 2519 140423 25342
494 133 2515 2519 140868 25383
495 134 2515 2519 141307 25473
496 135 2515 2519 141710 25523
497 135 2515 2519 142102 25581
498 135 2515 2519 142528 25663
499 135 2515 2519 142977 25715
500 135 2515 2519 143436 25803
501 136 2515 2519 143849 25838
502 137 2515 2519 144249 25936
503 137 2515 2519 144684 25997
504 137 2515 2519 145135 26073
505 138 2515 2519 145543 26150
506 138 2515 2519 145998 26210
507 138 2515 2519 146417 26276
508 138 2515 2519 146842 26320
509 138 2515 2519 147295 26401
510 139 2515 2519 147717 26431
511 139 2515 2519 148126 26471
512 139 2515 2519 148555 26569
513 139 2515 2519 148974 26664
514 140 2514 2519 149369 26729
515 141 2514 2519 149729 26784
516 141 2514 2519 150116 26837
517 141 2514 2519 150550 26897
518 141 2514 2519 150918 26936
519 141 2514 2519 151274 26962
520 141 2514 2519 151678 27032
521 142 2514 2519 152035 27118
522 145 2514 2519 152405 27158
523 145 2514 2519 152880 27251
524 145 2514 2519 153375 27331
525 146 2514 2519 153832 27388
526 149 2514 2519 154284 27441
527 150 2514 2519 154770 27539
528 150 2514 2519 155340 27638
529 150 2514 2519 155897 27687
530 150 2514 2519 156477 27792
531 151 2514 2519 157086 27888
532 152 2514 2519 157715 27963
533 153 2514 2519 158305 28052
534 153 2514 2519 158921 28164
535 153 2514 2519 159535 28212
536 153 2514 2519 160190 28327
537 153 2513 2519 160787 28371
538 153 2513 2519 161383 28442
539 153 2513 2519 162001 28560
540 153 2513 2519 162550 28622
541 154 2513 2519 163121 28718
542 155 2513 2519 163670 28767
543 155 2512 2519 164134 28840
544 157 2512 2519 164638 28911
545 157 2512 2519 165188 28969
546 158 2512 2519 165783 29086
547 158 2512 2519 166358 29187
548 158 2512 2519 166870 29313
549 158 2512 2519 167400 29397
550 159 2512 2519 167971 29482
551 159 2512 2519 168536 29557
552 160 2512 2519 169119 29621
553 160 2512 2519 169630 29712
554 161 2512 2519 170126 29790
555 161 2512 2519 170639 29883
556 161 2512 2519 171180 29964
557 161 2512 2519 171659 30032
558 161 2512 2519 172141 30122
559 161 2512 2519 172634 30208
560 162 2512 2519 173113 30271
561 163 2512 2519 173666 30347
562 163 2511 2519 174204 30408
563 163 2511 2519 174686 30433
564 164 2511 2519 175157 30507
565 164 2511 2519 175643 30633
566 164 2511 2519 176182 30719
567 164 2511 2519 176739 30795
568 164 2511 2519 177246 30850
569 165 2511 2519 177745 30871
570 166 2511 2519 178188 30902
571 167 2511 2519 178642 31005
572 168 2511 2519 179133 31104
573 168 2511 2519 179583 31183
574 168 2511 2519 180051 31260
575 168 2511 2519 180606 31347
576 169 2511 2519 181119 31437
577 169 2511 2519 181672 31555
578 170 2511 2519 182160 31592
579 171 2511 2519 182607 31666
580 171 2511 2519 183111 31740
581 173 2511 2519 183599 31811
582 174 2511 2519 184129 31878
583 176 2511 2519 184719 32006
584 176 2511 2519 185295 32084
585 176 2511 2519 185958 32162
586 176 2511 2519 186618 32269
587 177 2509 2519 187249 32342
588 178 2509 2519 187950 32426
589 178 2509 2519 188642 32489
590 179 2509 2519 189292 32575
591 179 2508 2519 189956 32635
592 180 2508 2519 190600 32692
593 180 2508 2519 191197 32744
594 180 2508 2519 191921 32834
595 181 2508 2519 192553 32906
596 181 2508 2519 193186 32993
597 181 2508 2519 193828 33070
598 181 2508 2519 194376 33154
599 182 2508 2519 194930 33200
600 182 2508 2519 195419 33248
601 184 2508 2519 195950 33345
602 184 2508 2519 196520 33429
603 184 2508 2519 197036 33493
604 184 2508 2519 197569 33550
605 185 2508 2519 198135 33618
606 185 2508 2519 198656 33686
607 186 2508 2519 199163 33791
608 187 2508 2519 199695 33910
609 188 2507 2519 200281 33938
610 189 2507 2519 200784 34020
611 189 2507 2519 201423 34076
612 189 2507 2519 202013 34182
613 190 2506 2519 202589 34250
614 191 2506 2519 203191 34298
615 191 2506 2519 203787 34379
616 191 2506 2519 204394 34392
617 192 2506 2519 205004 34508
618 195 2506 2519 205548 34556
619 195 2506 2519 206114 34667
620 195 2506 2519 206728 34736
621 195 2506 2519 207348 34812
622 196 2506 2519 207939 34884
623 196 2506 2519 208464 34999
624 196 2506 2519 209042 35116
625 196 2506 2519 209648 35208
626 196 2506 2519 210228 35321
627 196 2506 2519 210729 35330
628 196 2506 2519 211248 35407
629 196 2506 2519 211745 35456
630 197 2506 2519 212287 35591
631 198 2506 2519 212775 35690
632 198 2506 2519 213262 35776
633 198 2506 2519 213719 35833
634 199 2506 2519 214279 35898
635 199 2506 2519 214733 35954
636 201 2506 2519 215246 36030
637 201 2506 2519 215719 36092
638 201 2506 2519 216221 36187
639 201 2506 2519 216722 36271
640 202 2506 2519 217262 36381
641 202 2506 2519 217806 36440
642 203 2506 2519 218348 36491
643 204 2506 2519 218896 36557
644 205 2506 2519 219474 36627
645 205 2506 2519 220102 36727
646 207 2506 2519 220735 36851
647 208 2506 2519 221315 36971
648 209 2506 2519 221881 37090
649 210 2506 2519 222516 37164
650 211 2505 2519 223131 37240
651 211 2505 2519 223749 37300
652 212 2505 2519 224435 37370
653 212 2505 2519 225089 37469
654 212 2505 2519 225716 37570
655 212 2505 2519 226370 37688
656 212 2505 2519 227022 37750
657 214 2505 2519 227629 37855
658 216 2505 2519 228272 37932
659 216 2505 2519 228908 38050
660 216 2504 2519 229539 38136
661 216 2504 2519 230197 38223
662 218 2504 2519 230861 38317
663 219 2504 2519 231464 38394
664 219 2504 2519 232054 38449
665 219 2504 2519 232640 38513
666 220 2504 2519 233276 38637
667 221 2504 2519 233961 38706
668 221 2504 2519 234625 38810
669 222 2504 2519 235300 38869
670 222 2504 2519 235838 38898
671 222 2504 2519 236425 38970
672 222 2504 2519 237105 39065
673 222 2504 2519 237724 39185
674 223 2504 2519 238319 39276
675 224 2504 2519 238902 39336
676 225 2504 2519 239535 39430
677 226 2504 2519 240158 39516
678 226 2504 2519 240714 39584
679 227 2504 2519 241287 39700
680 227 2504 2519 241817 39802
681 230 2504 2519 242427 39855
682 231 2504 2519 243082 39906
683 232 2504 2519 243762 40081
684 232 2503 2519 244419 40154
685 232 2503 2519 245125 40259
686 233 2502 2519 245921 40401
687 233 2502 2519 246636 40514
688 233 2502 2519 247329 40622
689 233 2502 2519 248051 40747
690 234 2502 2519 248773 40841
691 236 2502 2519 249472 40956
692 236 2502 2519 250215 41067
693 237 2502 2519 250928 41140
694 237 2502 2519 251694 41210
695 237 2502 2519 252399 41242
696 237 2502 2519 253095 41351
697 238 2502 2519 253849 41485
698 238 2501 2519 254595 41617
699 239 2501 2519 255361 41717
700 239 2501 2519 256071 41809
701 239 2501 2519 256794 41890
702 240 2501 2519 257461 41979
703 241 2501 2519 258197 42067
704 241 2501 2519 258923 42157
705 242 2501 2519 259621 42261
706 242 2501 2519 260274 42337
707 246 2501 2519 260961 42403
708 247 2501 2519 261627 42480
709 247 2500 2519 262293 42567
710 248 2500 2519 262951 42671
711 248 2500 2519 263625 42712
712 248 2500 2519 264365 42792
713 250 2500 2519 265167 42894
714 250 2500 2519 265843 42991
715 251 2500 2519 266581 43065
716 254 2499 2519 267278 43130
717 255 2499 2519 268045 43282
718 255 2499 2519 268848 43355
719 256 2499 2519 269614 43487
720 256 2499 2519 270378 43539
721 256 2498 2519 271208 43660
722 257 2498 2519 272072 43727
723 259 2498 2519 272846 43842
724 260 2498 2519 273650 43952
725 260 2497 2519 274515 44046
726 260 2497 2519 275323 44137
727 261 2497 2519 276239 44246
728 262 2495 2519 277034 44280
729 263 2495 2519 277915 44373
730 264 2494 2519 278810 44468
731 264 2494 2519 279661 44559
732 264 2494 2519 280584 44606
733 265 2494 2519 281457 44641
734 265 2493 2519 282256 44729
735 266 2493 2519 283098 44837
736 266 2493 2519 283891 44947
737 266 2493 2519 284619 44988
738 267 2493 2519 285333 45080
739 267 2493 2519 286102 45145
740 267 2493 2519 286828 45238
741 267 2493 2519 287544 45363
742 268 2493 2519 288267 45456
743 270 2493 2519 288965 45536
744 271 2493 2519 289728 45628
745 272 2493 2519 290484 45686
746 274 2493 2519 291273 45787
747 274 2493 2519 292022 45838
748 274 2493 2519 292824 45946
749 275 2493 2519 293615 46060
750 275 2493 2519 294399 46159
751 275 2493 2519 295130 46256
752 277 2493 2519 295847 46360
753 277 2493 2519 296568 46478
754 278 2493 2519 297320 46547
755 279 2493 2519 298102 46689
756 280 2492 2519 298884 46809
757 281 2492 2519 299603 46912
758 282 2492 2519 300335 47004
759 282 2492 2519 301147 47112
760 282 2492 2519 301934 47215
761 284 2492 2519 302737 47290
762 284 2492 2519 303504 47371
763 285 2492 2519 304241 47453
764 287 2492 2519 305007 47585
765 288 2492 2519 305802 47717
766 289 2492 2519 306599 47838
767 289 2492 2519 307377 47937
768 289 2492 2519 308217 48061
769 289 2492 2519 309015 48170
770 289 2492 2519 309765 48326
771 290 2492 2519 310500 48412
772 291 2492 2519 311217 48530
773 292 2492 2519 311946 48689
774 292 2491 2519 312728 48815
775 292 2491 2519 313493 48891
776 294 2491 2519 314296 48961
777 294 2491 2519 315011 49022
778 295 2491 2519 315771 49121
779 296 2491 2519 316507 49193
780 298 2491 2519 317199 49297
781 298 2491 2519 318026 49410
782 298 2491 2519 318897 49503
783 300 2491 2519 319657 49608
784 300 2491 2519 320475 49699
785 300 2491 2519 321306 49788
786 300 2491 2519 322106 49891
787 300 2490 2519 322792 49961
788 301 2490 2519 323504 50042
789 301 2490 2519 324176 50156
790 302 2490 2519 324851 50246
791 302 2489 2519 325545 50316
792 303 2489 2519 326245 50356
793 303 2489 2519 326905 50390
794 305 2489 2519 327622 50476
795 306 2489 2519 328375 50557
796 307 2489 2519 329216 50688
797 308 2488 2519 330034 50783
798 308 2488 2519 330874 50907
799 308 2487 2519 331673 51013
800 310 2487 2519 332423 51123
801 311 2487 2519 333212 51224
802 311 2487 2519 334045 51334
803 312 2487 2519 334893 51448
804 312 2486 2519 335691 51573
805 312 2486 2519 336579 51684
806 312 2486 2519 337408 51749
807 312 2486 2519 338281 51870
808 313 2485 2519 339034 51931
809 313 2485 2519 339729 51963
810 315 2485 2519 340437 52056
811 317 2485 2519 341083 52112
812 317 2485 2519 341862 52207
813 317 2485 2519 342561 52313
814 318 2485 2519 343268 52383
815 319 2485 2519 344002 52468
816 319 2485 2519 344762 52566
817 320 2485 2519 345455 52682
818 320 2485 2519 346255 52729
819 320 2485 2519 346946 52839
820 321 2485 2519 347593 52927
821 321 2485 2519 348358 52993
822 323 2485 2519 349074 53073
823 327 2485 2519 349765 53200
824 327 2485 2519 350460 53289
825 328 2484 2519 351160 53433
826 328 2484 2519 351880 53480
827 331 2484 2519 352667 53602
828 332 2484 2519 353609 53715
829 333 2484 2519 354447 53847
830 334 2484 2519 355274 53972
831 334 2483 2519 356144 54109
832 335 2483 2519 357096 54231
833 335 2483 2519 358027 54324
834 335 2483 2519 358948 54425
835 335 2483 2519 359830 54570
836 336 2483 2519 360684 54678
837 337 2483 2519 361517 54781
838 340 2483 2519 362365 54971
839 340 2482 2519 363292 55069
840 340 2482 2519 364233 55197
841 342 2482 2519 365167 55278
842 342 2482 2519 366067 55374
843 343 2482 2519 367064 55491
844 343 2482 2519 367946 55613
845 343 2482 2519 368878 55749
846 344 2482 2519 369733 55866
847 344 2482 2519 370586 55993
848 345 2481 2519 371561 56092
849 345 2481 2519 372374 56214
850 346 2481 2519 373221 56270
851 346 2481 2519 374037 56360
852 348 2481 2519 374859 56448
853 348 2481 2519 375657 56554
854 348 2480 2519 376548 56618
855 348 2480 2519 377359 56704
856 349 2480 2519 378263 56840
857 349 2480 2519 378992 56933
858 349 2480 2519 379790 57070
859 350 2480 2519 380586 57183
860 350 2480 2519 381344 57258
861 353 2480 2519 382158 57311
862 354 2480 2519 382933 57442
863 357 2480 2519 383664 57569
864 360 2480 2519 384520 57709
865 361 2480 2519 385385 57816
866 361 2480 2519 386319 57897
867 363 2480 2519 387292 58031
868 364 2480 2519 388248 58147
869 364 2480 2519 389217 58242
870 365 2478 2519 390180 58403
871 366 2478 2519 391181 58582
872 366 2478 2519 392198 58711
873 367 2478 2519 393205 58788
874 367 2478 2519 394192 58922
875 368 2478 2519 395150 59059
876 369 2478 2519 396112 59144
877 369 2478 2519 397097 59270
878 371 2478 2519 397999 59392
879 371 2478 2519 398913 59511
880 371 2478 2519 399788 59617
881 371 2477 2519 400658 59661
882 371 2476 2519 401595 59733
883 373 2476 2519 402574 59795
884 373 2476 2519 403459 59874
885 373 2476 2519 404369 59997
886 373 2476 2519 405250 60039
887 375 2476 2519 406120 60100
888 378 2475 2519 407007 60217
889 380 2475 2519 407890 60292
890 380 2475 2519 408730 60383
891 381 2475 2519 409578 60501
892 384 2475 2519 410495 60564
893 386 2475 2519 411423 60626
894 387 2475 2519 412484 60788
895 387 2475 2519 413422 60896
896 388 2474 2519 414371 61015
897 390 2474 2519 415361 61079
898 392 2474 2519 416408 61210
899 392 2474 2519 417525 61276
900 393 2474 2519 418528 61381
901 395 2474 2519 419505 61465
902 396 2474 2519 420526 61614
903 398 2474 2519 421614 61702
904 400 2474 2519 422737 61841
905 400 2474 2519 423813 61931
906 401 2474 2519 424889 62080
907 401 2474 2519 426015 62219
908 401 2474 2519 427107 62358
909 402 2474 2519 428214 62443
910 403 2474 2519 429332 62502
911 404 2474 2519 430287 62664
912 407 2474 2519 431354 62760
913 408 2474 2519 432324 62900
914 408 2473 2519 433462 63021
915 408 2473 2519 434598 63097
916 408 2473 2519 435681 63220
917 408 2472 2519 436644 63368
918 408 2472 2519 437686 63438
919 410 2472 2519 438683 63565
920 412 2472 2519 439717 63708
921 414 2472 2519 440770 63866
922 414 2472 2519 441835 64047
923 415 2472 2519 442894 64183
924 416 2472 2519 443843 64284
925 416 2472 2519 444809 64435
926 418 2471 2519 445887 64552
927 420 2471 2519 446895 64652
928 420 2471 2519 447963 64807
929 420 2470 2519 449072 64918
930 420 2470 2519 450025 65021
931 421 2470 2519 451069 65176
932 421 2470 2519 452034 65236
933 422 2470 2519 453013 65327
934 422 2470 2519 454021 65415
935 423 2470 2519 455068 65468
936 423 2470 2519 456032 65548
937 423 2470 2519 456928 65571
938 426 2470 2519 457858 65616
939 428 2469 2519 458690 65698
940 428 2469 2519 459561 65774
941 430 2469 2519 460515 65875
942 430 2469 2519 461397 65938
943 430 2469 2519 462351 66016
944 431 2469 2519 463339 66124
945 435 2469 2519 464281 66265
946 435 2469 2519 465256 66338
947 436 2469 2519 466268 66468
948 436 2469 2519 467311 66600
949 437 2469 2519 468294 66709
950 438 2469 2519 469331 66820
951 440 2469 2519 470325 66919
952 443 2468 2519 471366 67053
953 443 2468 2519 472451 67205
954 443 2468 2519 473479 67307
955 443 2468 2519 474522 67383
956 446 2468 2519 475494 67478
957 446 2468 2519 476546 67534
958 446 2468 2519 477594 67668
959 447 2468 2519 478588 67782
960 449 2468 2519 479555 67915
961 449 2468 2519 480555 67995
962 450 2468 2519 481524 68098
963 452 2468 2519 482519 68145
964 453 2468 2519 483516 68251
965 455 2468 2519 484510 68360
966 455 2468 2519 485406 68549
967 455 2468 2519 486309 68656
968 455 2467 2519 487306 68709
969 456 2467 2519 488213 68779
970 456 2467 2519 489041 68853
971 461 2467 2519 489984 68971
972 462 2467 2519 490882 69087
973 462 2467 2519 491823 69149
974 465 2467 2519 492755 69272
975 465 2466 2519 493792 69347
976 467 2466 2519 494807 69436
977 467 2466 2519 495836 69562
978 467 2466 2519 496887 69652
979 469 2466 2519 497913 69804
980 470 2466 2519 498926 69870
981 470 2465 2519 500053 69979
982 470 2465 2519 501143 70052
983 471 2465 2519 502227 70125
984 472 2465 2519 503340 70206
985 472 2465 2519 504314 70363
986 473 2464 2519 505357 70476
987 476 2464 2519 506467 70617
988 477 2464 2519 507529 70746
989 477 2464 2519 508599 70799
990 479 2464 2519 509669 70927
991 480 2464 2519 510662 71079
992 481 2464 2519 511674 71200
993 481 2464 2519 512709 71298
994 481 2463 2519 513722 71443
995 482 2463 2519 514709 71493
996 482 2463 2519 515724 71546
997 483 2463 2519 516794 71596
998 483 2463 2519 517807 71701
999 483 2463 2519 518752 71825
1000 483 2462 2519 519740 71884
