0 1 2519 2520 796 500
1 1 2519 2520 811 510
2 1 2519 2520 830 521
3 1 2519 2520 860 538
4 1 2519 2520 883 552
5 1 2519 2520 908 568
6 1 2519 2520 936 579
7 1 2519 2520 962 589
8 1 2519 2520 990 602
9 1 2519 2520 1006 608
10 1 2519 2520 1024 618
11 1 2519 2520 1045 627
12 1 2519 2520 1071 640
13 1 2519 2520 1091 646
14 1 2519 2520 1117 657
15 1 2519 2520 1141 664
16 1 2519 2520 1159 674
17 1 2519 2520 1174 680
18 1 2519 2520 1201 690
19 1 2519 2520 1218 696
20 1 2519 2520 1229 696
21 1 2519 2520 1239 699
22 1 2519 2520 1253 705
23 2 2519 2520 1265 710
24 2 2519 2520 1303 728
25 2 2519 2520 1383 760
26 2 2519 2520 1484 806
27 2 2519 2520 1561 838
28 2 2519 2520 1650 866
29 2 2519 2520 1743 889
30 2 2519 2520 1816 912
31 2 2519 2520 1900 943
32 2 2519 2520 1964 965
33 2 2519 2520 2047 997
34 2 2519 2520 2108 1002
35 2 2519 2520 2162 1015
36 2 2519 2520 2216 1030
37 2 2519 2520 2264 1042
38 2 2519 2520 2319 1063
39 2 2519 2520 2361 1072
40 2 2519 2520 2396 1077
41 2 2519 2520 2427 1083
42 2 2519 2520 2462 1095
43 2 2519 2520 2493 1105
44 2 2519 2520 2519 1113
45 2 2519 2520 2533 1115
46 3 2519 2520 2554 1120
47 4 2519 2520 2597 1138
48 4 2519 2520 2697 1164
49 4 2519 2520 2824 1209
50 4 2519 2520 2942 1247
51 4 2519 2520 3091 1303
52 4 2519 2520 3230 1354
53 4 2519 2520 3375 1408
54 4 2519 2520 3512 1448
55 4 2519 2520 3617 1461
56 4 2519 2520 3704 1489
57 4 2519 2520 3788 1505
58 4 2519 2520 3890 1536
59 4 2519 2520 4001 1572
60 4 2519 2520 4097 1589
61 4 2519 2520 4177 1606
62 4 2519 2520 4246 1622
63 4 2519 2520 4323 1646
64 4 2519 2520 4409 1660
65 4 2519 2520 4485 1691
66 4 2519 2520 4559 1712
67 4 2519 2520 4590 1723
68 5 2519 2520 4660 1753
69 5 2519 2520 4746 1769
70 6 2519 2520 4839 1829
71 6 2519 2520 4939 1857
72 6 2519 2520 5081 1914
73 6 2519 2520 5199 1946
74 6 2519 2520 5338 1983
75 6 2519 2520 5470 2016
76 6 2519 2520 5592 2060
77 6 2519 2520 5712 2095
78 6 2519 2520 5849 2134
79 6 2519 2520 5976 2154
80 6 2519 2520 6087 2171
81 6 2519 2520 6190 2188
82 6 2519 2520 6293 2201
83 6 2519 2520 6414 2232
84 7 2519 2520 6506 2260
85 8 2519 2520 6601 2283
86 8 2519 2520 6727 2298
87 9 2519 2520 6862 2315
88 9 2519 2520 7033 2347
89 9 2519 2520 7223 2390
90 9 2518 2520 7457 2449
91 9 2517 2520 7681 2492
92 9 2517 2520 7941 2539
93 9 2517 2520 8127 2560
94 9 2517 2520 8336 2572
95 9 2517 2520 8535 2607
96 9 2517 2520 8712 2628
97 9 2517 2520 8890 2643
98 9 2517 2520 9063 2658
99 10 2517 2520 9243 2691
100 10 2517 2520 9412 2741
101 10 2517 2520 9568 2758
102 10 2517 2520 9733 2783
103 10 2517 2520 9856 2812
104 10 2517 2520 9987 2830
105 10 2517 2520 10136 2861
106 10 2517 2520 10269 2895
107 10 2517 2520 10398 2914
108 11 2517 2520 10510 2925
109 11 2517 2520 10646 2958
110 11 2517 2520 10791 2992
111 12 2517 2520 10915 3014
112 12 2517 2520 11084 3050
113 13 2517 2520 11290 3081
114 13 2517 2520 11484 3117
115 13 2517 2520 11699 3169
116 13 2517 2520 11886 3222
117 13 2517 2520 12075 3260
118 13 2517 2520 12235 3287
119 13 2517 2520 12400 3317
120 13 2517 2520 12554 3332
121 13 2517 2520 12706 3361
122 13 2517 2520 12878 3412
123 13 2517 2520 13037 3459
124 13 2517 2520 13186 3491
125 13 2517 2520 13347 3521
126 13 2517 2520 13484 3557
127 13 2517 2520 13619 3592
128 13 2517 2520 13745 3601
129 13 2517 2520 13865 3640
130 15 2517 2520 13978 3651
131 15 2517 2520 14110 3682
132 15 2517 2520 14257 3718
133 16 2517 2520 14404 3752
134 16 2517 2520 14563 3782
135 16 2517 2520 14800 3833
136 16 2517 2520 15025 3889
137 16 2517 2520 15237 3940
138 16 2517 2520 15425 3995
139 16 2517 2520 15613 4039
140 16 2517 2520 15797 4060
141 16 2517 2520 15966 4099
142 16 2516 2520 16119 4149
143 16 2516 2520 16300 4169
144 16 2516 2520 16513 4193
145 16 2516 2520 16675 4230
146 17 2516 2520 16864 4254
147 17 2516 2520 17033 4284
148 18 2516 2520 17225 4325
149 18 2516 2520 17396 4354
150 18 2516 2520 17598 4406
151 18 2516 2520 17789 4447
152 18 2516 2520 17973 4460
153 19 2516 2520 18161 4485
154 19 2516 2520 18336 4525
155 19 2515 2520 18550 4575
156 19 2515 2520 18743 4591
157 19 2515 2520 18938 4659
158 20 2515 2520 19122 4705
159 21 2515 2520 19308 4742
160 22 2515 2520 19534 4770
161 22 2515 2520 19759 4812
162 22 2515 2520 20026 4868
163 22 2515 2520 20296 4899
164 22 2515 2520 20589 4962
165 22 2515 2520 20852 4997
166 22 2515 2520 21107 5070
167 22 2515 2520 21309 5116
168 22 2515 2520 21534 5149
169 22 2515 2520 21767 5199
170 22 2515 2520 21966 5260
171 22 2515 2520 22159 5314
172 22 2515 2520 22341 5356
173 22 2515 2520 22492 5371
174 22 2515 2520 22669 5398
175 22 2515 2520 22818 5423
176 22 2515 2520 22972 5482
177 22 2515 2520 23115 5517
178 22 2515 2520 23240 5548
179 22 2515 2520 23357 5562
180 22 2515 2520 23493 5585
181 23 2515 2520 23585 5596
182 23 2515 2520 23714 5620
183 23 2515 2520 23874 5673
184 23 2515 2520 24001 5708
185 23 2515 2520 24140 5750
186 23 2515 2520 24277 5786
187 24 2515 2520 24436 5820
188 25 2515 2520 24600 5858
189 25 2515 2520 24798 5892
190 25 2515 2520 24952 5921
191 25 2515 2520 25130 5964
192 25 2515 2520 25304 6011
193 25 2515 2520 25477 6057
194 25 2515 2520 25630 6071
195 26 2515 2520 25785 6100
196 26 2515 2520 25926 6124
197 26 2515 2520 26074 6153
198 26 2515 2520 26262 6189
199 26 2515 2520 26420 6196
200 26 2515 2520 26587 6236
201 26 2515 2520 26710 6270
202 26 2515 2520 26862 6278
203 26 2515 2520 26995 6293
204 26 2515 2520 27152 6326
205 27 2515 2520 27315 6345
206 27 2515 2520 27510 6391
207 27 2515 2520 27682 6435
208 27 2515 2520 27862 6462
209 27 2515 2520 28019 6495
210 27 2515 2520 28170 6532
211 27 2515 2520 28331 6584
212 27 2515 2520 28482 6604
213 27 2515 2520 28638 6619
214 27 2515 2520 28771 6638
215 27 2515 2520 28904 6665
216 28 2515 2520 29020 6704
217 28 2515 2520 29165 6733
218 28 2515 2520 29305 6761
219 28 2515 2520 29473 6809
220 28 2515 2520 29625 6843
221 29 2515 2520 29775 6868
222 29 2515 2520 29933 6891
223 29 2515 2520 30104 6926
224 29 2515 2520 30231 6958
225 29 2515 2520 30378 7006
226 29 2515 2520 30516 7026
227 30 2515 2520 30655 7068
228 30 2515 2520 30814 7094
229 30 2515 2520 30975 7140
230 30 2515 2520 31126 7176
231 31 2515 2520 31290 7219
232 32 2515 2520 31487 7262
233 32 2515 2520 31665 7312
234 32 2515 2520 31860 7360
235 32 2515 2520 32068 7415
236 32 2515 2520 32246 7455
237 32 2515 2520 32429 7501
238 32 2515 2520 32606 7540
239 32 2515 2520 32806 7553
240 32 2515 2520 32984 7624
241 32 2515 2520 33147 7642
242 32 2515 2520 33338 7698
243 32 2515 2520 33514 7726
244 32 2515 2520 33706 7766
245 32 2515 2520 33837 7789
246 32 2515 2520 34006 7797
247 32 2515 2520 34135 7822
248 32 2515 2520 34253 7852
249 32 2515 2520 34356 7877
250 32 2515 2520 34475 7903
251 32 2515 2520 34594 7905
252 32 2515 2520 34736 7942
253 32 2515 2520 34853 7959
254 32 2515 2520 34984 7988
255 32 2515 2520 35091 8044
256 32 2515 2520 35191 8061
257 32 2515 2520 35279 8076
258 32 2515 2520 35362 8083
259 32 2515 2520 35459 8103
260 32 2515 2520 35549 8128
261 33 2515 2520 35640 8157
262 33 2515 2520 35705 8165
263 33 2515 2520 35799 8184
264 33 2515 2520 35883 8201
265 33 2515 2520 35987 8226
266 33 2515 2520 36091 8272
267 33 2515 2520 36186 8281
268 33 2515 2520 36310 8312
269 34 2515 2520 36387 8335
270 35 2515 2520 36490 8360
271 35 2515 2520 36626 8391
272 35 2515 2520 36803 8427
273 35 2515 2520 36949 8465
274 36 2515 2520 37133 8488
275 36 2515 2520 37307 8521
276 36 2515 2520 37506 8574
277 36 2515 2520 37684 8603
278 36 2515 2520 37903 8638
279 36 2515 2520 38086 8649
280 36 2515 2520 38300 8693
281 36 2515 2520 38455 8743
282 37 2515 2520 38562 8738
283 37 2514 2520 38737 8769
284 37 2514 2520 38910 8787
285 37 2514 2520 39080 8811
286 37 2514 2520 39219 8848
287 37 2514 2520 39365 8845
288 37 2514 2520 39522 8868
289 37 2514 2520 39690 8872
290 37 2514 2520 39832 8887
291 37 2514 2520 39995 8895
292 37 2514 2520 40107 8915
293 37 2514 2520 40265 8932
294 38 2514 2520 40398 8946
295 38 2514 2520 40560 8966
296 38 2514 2520 40694 8980
297 38 2514 2520 40824 9007
298 38 2514 2520 40963 9033
299 38 2514 2520 41109 9050
300 38 2514 2520 41258 9087
301 38 2514 2520 41422 9144
302 38 2514 2520 41562 9160
303 38 2514 2520 41712 9182
304 38 2514 2520 41858 9200
305 38 2514 2520 41992 9231
306 38 2514 2520 42107 9253
307 39 2514 2520 42223 9284
308 39 2514 2520 42380 9329
309 39 2514 2520 42487 9325
310 40 2514 2520 42614 9369
311 41 2514 2520 42748 9381
312 42 2514 2520 42907 9417
313 42 2514 2520 43099 9466
314 42 2514 2520 43283 9521
315 42 2514 2520 43459 9555
316 42 2514 2520 43640 9614
317 42 2514 2520 43816 9650
318 42 2514 2520 43963 9665
319 42 2514 2520 44144 9708
320 42 2514 2520 44360 9754
321 44 2514 2520 44535 9786
322 44 2514 2520 44705 9795
323 44 2514 2520 44903 9826
324 45 2514 2520 45091 9849
325 45 2514 2520 45293 9873
326 45 2514 2520 45538 9915
327 45 2514 2520 45769 9943
328 45 2513 2520 46000 9966
329 45 2513 2520 46230 9985
330 46 2513 2520 46494 10011
331 47 2513 2520 46698 10040
332 47 2513 2520 46926 10083
333 47 2513 2520 47166 10107
334 47 2513 2520 47382 10136
335 48 2513 2520 47616 10200
336 48 2513 2520 47847 10245
337 48 2513 2520 48103 10315
338 48 2513 2520 48349 10378
339 48 2513 2520 48590 10438
340 48 2513 2520 48805 10464
341 48 2513 2520 49047 10485
342 48 2513 2520 49269 10547
343 48 2513 2520 49487 10583
344 50 2513 2520 49682 10590
345 50 2513 2520 49892 10635
346 50 2513 2520 50118 10687
347 50 2513 2520 50342 10712
348 50 2513 2520 50546 10748
349 50 2513 2520 50766 10783
350 50 2513 2520 50979 10815
351 50 2513 2520 51191 10825
352 50 2513 2520 51416 10875
353 50 2513 2520 51627 10917
354 50 2513 2520 51824 10979
355 50 2513 2520 52004 11022
356 50 2513 2520 52186 11049
357 50 2513 2520 52345 11067
358 50 2513 2520 52538 11122
359 51 2513 2520 52691 11141
360 51 2513 2520 52816 11151
361 51 2513 2520 53002 11170
362 51 2513 2520 53173 11212
363 51 2513 2520 53363 11256
364 51 2513 2520 53558 11276
365 51 2513 2520 53710 11299
366 51 2513 2520 53877 11329
367 52 2513 2520 54016 11369
368 53 2513 2520 54163 11404
369 53 2513 2520 54354 11416
370 54 2513 2520 54554 11461
371 54 2513 2520 54771 11506
372 54 2513 2520 54983 11547
373 54 2513 2520 55232 11590
374 54 2513 2520 55495 11645
375 54 2513 2520 55696 11674
376 55 2513 2520 55891 11711
377 56 2513 2520 56099 11771
378 56 2513 2520 56310 11803
379 56 2513 2520 56498 11842
380 56 2513 2520 56677 11877
381 56 2513 2520 56864 11899
382 56 2513 2520 57098 11952
383 56 2513 2520 57340 11988
384 56 2513 2520 57548 12025
385 56 2513 2520 57730 12055
386 56 2513 2520 57884 12096
387 56 2513 2520 58063 12138
388 56 2513 2520 58206 12148
389 56 2513 2520 58417 12175
390 56 2513 2520 58588 12210
391 56 2513 2520 58729 12239
392 56 2513 2520 58882 12262
393 56 2513 2520 59021 12284
394 57 2513 2520 59143 12315
395 57 2513 2520 59312 12340
396 57 2513 2520 59499 12400
397 57 2513 2520 59699 12460
398 57 2513 2520 59879 12501
399 57 2513 2520 60013 12527
400 57 2513 2520 60188 12546
401 58 2513 2520 60359 12583
402 58 2513 2520 60505 12613
403 58 2513 2520 60696 12662
404 58 2513 2520 60826 12670
405 58 2513 2520 61017 12723
406 58 2513 2520 61208 12754
407 58 2513 2520 61345 12771
408 58 2513 2520 61510 12796
409 59 2513 2520 61683 12829
410 59 2513 2520 61879 12858
411 59 2513 2520 62078 12886
412 59 2513 2520 62283 12912
413 60 2513 2520 62455 12942
414 60 2513 2520 62645 13003
415 60 2513 2520 62814 13049
416 60 2513 2520 63012 13079
417 60 2513 2520 63188 13136
418 60 2513 2520 63374 13157
419 60 2513 2520 63560 13183
420 61 2513 2520 63726 13230
421 61 2513 2520 63912 13271
422 62 2513 2520 64101 13303
423 62 2513 2520 64252 13340
424 62 2513 2520 64456 13368
425 62 2513 2520 64622 13407
426 64 2513 2520 64761 13446
427 64 2513 2520 64942 13480
428 65 2513 2520 65176 13533
429 65 2513 2520 65414 13559
430 65 2513 2520 65629 13612
431 65 2513 2520 65870 13641
432 65 2513 2520 66123 13677
433 65 2513 2520 66404 13732
434 65 2513 2520 66670 13792
435 65 2513 2520 66926 13828
436 65 2513 2520 67126 13861
437 65 2513 2520 67355 13905
438 65 2513 2520 67602 13966
439 65 2513 2520 67822 14005
440 65 2513 2520 68015 14030
441 65 2513 2520 68194 14043
442 65 2513 2520 68356 14055
443 65 2513 2520 68523 14093
444 65 2513 2520 68704 14137
445 65 2513 2520 68870 14167
446 65 2513 2520 69050 14213
447 65 2513 2520 69229 14247
448 65 2513 2520 69409 14256
449 66 2513 2520 69544 14301
450 66 2513 2520 69689 14335
451 66 2513 2520 69850 14359
452 66 2513 2520 69999 14386
453 66 2513 2520 70166 14411
454 66 2513 2520 70362 14456
455 66 2512 2520 70530 14466
456 66 2512 2520 70694 14500
457 67 2512 2520 70826 14525
458 67 2512 2520 70991 14552
459 67 2512 2520 71173 14578
460 67 2512 2520 71368 14624
461 67 2512 2520 71541 14670
462 67 2512 2520 71693 14681
463 69 2512 2520 71883 14720
464 69 2512 2520 72077 14759
465 69 2512 2520 72288 14774
466 70 2512 2520 72510 14807
467 70 2512 2520 72747 14881
468 70 2512 2520 72966 14942
469 71 2512 2520 73200 14978
470 71 2512 2520 73438 15016
471 71 2512 2520 73660 15054
472 71 2512 2520 73914 15084
473 71 2512 2520 74167 15119
474 71 2512 2520 74429 15165
475 71 2512 2520 74698 15184
476 72 2512 2520 74901 15204
477 72 2512 2520 75111 15228
478 72 2512 2520 75334 15249
479 72 2512 2520 75538 15279
480 72 2512 2520 75794 15328
481 72 2512 2520 76004 15329
482 72 2512 2520 76186 15368
483 72 2512 2520 76366 15404
484 72 2512 2520 76542 15435
485 72 2512 2520 76696 15438
486 72 2512 2520 76910 15496
487 72 2512 2520 77128 15530
488 72 2512 2520 77273 15552
489 72 2512 2520 77442 15606
490 72 2512 2520 77601 15624
491 73 2512 2520 77767 15649
492 73 2512 2520 77909 15687
493 74 2512 2520 78095 15711
494 74 2512 2520 78259 15730
495 74 2512 2520 78395 15774
496 74 2512 2520 78545 15829
497 75 2512 2520 78735 15861
498 75 2512 2520 78918 15875
499 75 2512 2520 79091 15923
500 75 2512 2520 79288 15970
501 75 2512 2520 79473 16014
502 75 2512 2520 79651 16054
503 75 2512 2520 79819 16085
504 75 2512 2520 79994 16092
505 75 2512 2520 80205 16122
506 76 2512 2520 80402 16143
507 76 2512 2520 80624 16173
508 77 2511 2520 80809 16189
509 77 2511 2520 81005 16223
510 78 2511 2520 81234 16256
511 78 2511 2520 81467 16316
512 79 2511 2520 81696 16357
513 79 2511 2520 81942 16407
514 79 2511 2520 82187 16422
515 80 2511 2520 82436 16441
516 81 2511 2520 82663 16499
517 81 2511 2520 82934 16516
518 81 2511 2520 83191 16550
519 81 2511 2520 83420 16578
520 81 2511 2520 83730 16624
521 81 2511 2520 83986 16672
522 81 2511 2520 84238 16706
523 83 2511 2520 84483 16745
524 83 2511 2520 84735 16800
525 83 2511 2520 84983 16855
526 83 2510 2520 85212 16909
527 84 2510 2520 85489 16956
528 84 2510 2520 85726 16969
529 85 2510 2520 85981 17001
530 85 2510 2520 86244 17058
531 85 2510 2520 86509 17064
532 85 2510 2520 86806 17134
533 85 2510 2520 87069 17205
534 85 2510 2520 87291 17218
535 85 2510 2520 87522 17249
536 85 2510 2520 87800 17317
537 85 2510 2520 88043 17341
538 85 2510 2520 88285 17378
539 85 2510 2520 88521 17424
540 85 2510 2520 88735 17483
541 85 2509 2520 88970 17510
542 86 2509 2520 89161 17514
543 87 2509 2520 89386 17562
544 87 2509 2520 89617 17616
545 87 2509 2520 89867 17673
546 87 2509 2520 90092 17723
547 87 2509 2520 90346 17756
548 87 2509 2520 90579 17804
549 87 2509 2520 90845 17853
550 87 2509 2520 91095 17888
551 87 2509 2520 91329 17916
552 87 2509 2520 91565 17946
553 87 2509 2520 91804 17954
554 87 2509 2520 92044 17999
555 87 2509 2520 92276 18052
556 87 2509 2520 92492 18081
557 88 2509 2520 92679 18126
558 88 2509 2520 92915 18152
559 88 2509 2520 93125 18148
560 89 2509 2520 93293 18193
561 91 2509 2520 93493 18228
562 91 2509 2520 93697 18273
563 91 2509 2520 93909 18324
564 91 2509 2520 94116 18388
565 92 2509 2520 94328 18421
566 92 2509 2520 94547 18455
567 92 2509 2520 94774 18522
568 92 2509 2520 94963 18525
569 92 2509 2520 95196 18596
570 92 2509 2520 95411 18668
571 92 2509 2520 95656 18711
572 93 2509 2520 95851 18756
573 93 2509 2520 96043 18790
574 93 2509 2520 96249 18837
575 93 2509 2520 96444 18877
576 94 2509 2520 96652 18940
577 94 2509 2520 96866 18968
578 94 2509 2520 97081 19006
579 94 2508 2520 97292 19064
580 94 2508 2520 97562 19088
581 94 2508 2520 97797 19131
582 94 2508 2520 98026 19139
583 94 2508 2520 98265 19169
584 94 2508 2520 98517 19205
585 94 2508 2520 98738 19243
586 95 2508 2520 98979 19277
587 95 2508 2520 99212 19309
588 95 2508 2520 99458 19328
589 95 2508 2520 99708 19356
590 96 2508 2520 99922 19377
591 96 2508 2520 100176 19425
592 96 2508 2520 100385 19446
593 96 2508 2520 100651 19487
594 97 2508 2520 100850 19519
595 97 2508 2520 101016 19548
596 97 2508 2520 101242 19578
597 97 2508 2520 101442 19586
598 97 2508 2520 101612 19610
599 98 2508 2520 101804 19637
600 98 2508 2520 102040 19672
601 98 2508 2520 102252 19691
602 98 2508 2520 102469 19725
603 98 2508 2520 102664 19754
604 98 2508 2520 102863 19798
605 98 2508 2520 103136 19840
606 98 2508 2520 103348 19886
607 98 2508 2520 103564 19937
608 98 2508 2520 103780 19995
609 99 2508 2520 103990 20026
610 99 2508 2520 104203 20071
611 99 2508 2520 104414 20104
612 99 2508 2520 104651 20137
613 100 2508 2520 104841 20154
614 100 2508 2520 105069 20181
615 100 2508 2520 105309 20211
616 100 2508 2520 105514 20231
617 101 2508 2520 105757 20274
618 102 2508 2520 105963 20295
619 102 2508 2520 106167 20309
620 104 2508 2520 106410 20380
621 104 2508 2520 106672 20410
622 104 2508 2520 106941 20461
623 104 2508 2520 107188 20493
624 104 2508 2520 107467 20522
625 104 2508 2520 107732 20570
626 104 2508 2520 108045 20619
627 104 2508 2520 108346 20640
628 104 2507 2520 108612 20685
629 104 2507 2520 108856 20705
630 104 2507 2520 109097 20728
631 105 2507 2520 109356 20763
632 105 2507 2520 109603 20793
633 105 2507 2520 109907 20845
634 105 2507 2520 110158 20879
635 106 2507 2520 110440 20924
636 106 2507 2520 110711 20979
637 106 2507 2520 111019 21054
638 106 2507 2520 111328 21104
639 106 2507 2520 111565 21147
640 106 2507 2520 111810 21167
641 106 2507 2520 112101 21205
642 106 2507 2520 112357 21279
643 106 2507 2520 112626 21290
644 106 2507 2520 112885 21339
645 107 2507 2520 113154 21384
646 107 2507 2520 113407 21414
647 107 2507 2520 113639 21445
648 108 2507 2520 113857 21470
649 108 2507 2520 114047 21507
650 108 2507 2520 114272 21552
651 108 2507 2520 114508 21588
652 109 2507 2520 114751 21621
653 109 2507 2520 115006 21643
654 109 2507 2520 115235 21685
655 109 2507 2520 115466 21711
656 109 2507 2520 115706 21736
657 109 2507 2520 115949 21779
658 109 2507 2520 116203 21830
659 109 2507 2520 116441 21872
660 110 2507 2520 116655 21909
661 112 2507 2520 116883 21935
662 112 2507 2520 117124 21990
663 112 2507 2520 117406 22047
664 113 2507 2520 117629 22071
665 113 2506 2520 117928 22130
666 113 2506 2520 118250 22211
667 114 2506 2520 118583 22260
668 114 2506 2520 118900 22347
669 114 2506 2520 119229 22401
670 114 2506 2520 119553 22458
671 114 2506 2520 119858 22492
672 114 2506 2520 120176 22581
673 114 2506 2520 120487 22616
674 115 2506 2520 120831 22670
675 115 2506 2520 121149 22704
676 115 2506 2520 121460 22787
677 115 2506 2520 121748 22813
678 115 2506 2520 122047 22872
679 115 2506 2520 122292 22900
680 115 2506 2520 122574 22922
681 116 2506 2520 122840 22975
682 117 2506 2520 123113 23036
683 119 2506 2520 123420 23088
684 119 2506 2520 123764 23177
685 119 2506 2520 124092 23248
686 119 2506 2520 124423 23292
687 119 2506 2520 124779 23337
688 119 2506 2520 125078 23379
689 119 2506 2520 125419 23403
690 119 2506 2520 125691 23448
691 119 2506 2520 126014 23515
692 119 2506 2520 126313 23542
693 119 2506 2520 126611 23583
694 119 2506 2520 126889 23603
695 119 2506 2520 127224 23623
696 121 2506 2520 127466 23679
697 121 2506 2520 127755 23740
698 121 2506 2520 128051 23812
699 121 2506 2520 128402 23905
700 122 2506 2520 128710 23953
701 122 2506 2520 129010 24004
702 122 2506 2520 129290 24063
703 122 2506 2520 129619 24112
704 122 2506 2520 129938 24165
705 122 2506 2520 130263 24200
706 123 2506 2520 130561 24250
707 123 2506 2520 130835 24313
708 123 2506 2520 131127 24347
709 124 2506 2520 131401 24414
710 124 2506 2520 131667 24457
711 124 2506 2520 132017 24500
712 124 2506 2520 132295 24541
713 125 2506 2520 132571 24595
714 125 2506 2520 132860 24655
715 125 2506 2520 133127 24716
716 125 2506 2520 133410 24759
717 125 2506 2520 133671 24811
718 125 2506 2520 133935 24870
719 125 2506 2520 134250 24905
720 126 2506 2520 134492 24953
721 127 2505 2520 134769 25004
722 127 2505 2520 135015 25033
723 127 2505 2520 135319 25094
724 128 2505 2520 135576 25153
725 128 2505 2520 135849 25194
726 129 2504 2520 136140 25223
727 129 2504 2520 136408 25255
728 130 2504 2520 136754 25294
729 130 2504 2520 137044 25321
730 131 2504 2520 137334 25351
731 131 2504 2520 137639 25380
732 132 2504 2520 137992 25469
733 132 2504 2520 138360 25493
734 132 2504 2520 138777 25581
735 132 2504 2520 139147 25666
736 133 2504 2520 139518 25695
737 133 2504 2520 139895 25744
738 134 2504 2520 140267 25809
739 135 2504 2520 140604 25862
740 135 2504 2520 140946 25876
741 135 2504 2520 141343 25959
742 135 2504 2520 141718 26024
743 135 2504 2520 142093 26089
744 136 2504 2520 142442 26149
745 136 2504 2520 142780 26194
746 136 2504 2520 143103 26264
747 137 2504 2520 143410 26293
748 137 2504 2520 143765 26360
749 137 2504 2520 144089 26410
750 138 2504 2520 144419 26439
751 138 2504 2520 144689 26498
752 138 2504 2520 145036 26536
753 138 2504 2520 145354 26576
754 138 2504 2520 145676 26629
755 139 2504 2520 145984 26694
756 139 2503 2520 146324 26745
757 139 2503 2520 146641 26787
758 140 2503 2520 146964 26850
759 140 2503 2520 147298 26896
760 140 2503 2520 147654 26942
761 140 2502 2520 148026 27026
762 141 2502 2520 148393 27069
763 141 2502 2520 148748 27117
764 142 2502 2520 149085 27162
765 142 2502 2520 149417 27206
766 142 2502 2520 149779 27270
767 142 2502 2520 150136 27311
768 142 2502 2520 150478 27371
769 142 2502 2520 150800 27432
770 144 2502 2520 151105 27437
771 145 2502 2520 151440 27492
772 145 2502 2520 151743 27549
773 145 2502 2520 152053 27618
774 145 2502 2520 152362 27672
775 145 2502 2520 152702 27728
776 145 2502 2520 153006 27788
777 145 2502 2520 153358 27822
778 145 2502 2520 153680 27872
779 145 2502 2520 153992 27889
780 145 2502 2520 154330 27963
781 145 2502 2520 154630 27985
782 146 2502 2520 154969 28040
783 146 2502 2520 155337 28119
784 146 2502 2520 155639 28148
785 146 2502 2520 155943 28190
786 146 2502 2520 156149 28230
787 146 2502 2520 156457 28289
788 146 2502 2520 156729 28328
789 146 2502 2520 157013 28354
790 146 2502 2520 157210 28403
791 146 2502 2520 157431 28444
792 147 2502 2520 157648 28485
793 147 2502 2520 157866 28508
794 147 2502 2520 158110 28538
795 147 2502 2520 158313 28545
796 148 2502 2520 158547 28554
797 148 2502 2520 158799 28613
798 148 2502 2520 159107 28668
799 148 2502 2520 159397 28713
800 148 2502 2520 159709 28736
801 148 2502 2520 159960 28774
802 148 2502 2520 160198 28837
803 148 2502 2520 160466 28891
804 148 2502 2520 160727 28892
805 148 2502 2520 160944 28892
806 148 2502 2520 161162 28903
807 148 2502 2520 161350 28939
808 148 2502 2520 161643 28982
809 148 2502 2520 161859 29017
810 149 2502 2520 162021 29050
811 149 2502 2520 162209 29084
812 150 2502 2520 162398 29125
813 151 2502 2520 162621 29131
814 152 2502 2520 162771 29148
815 153 2502 2520 163039 29188
816 153 2502 2520 163282 29227
817 153 2502 2520 163568 29261
818 154 2502 2520 163846 29326
819 154 2502 2520 164136 29362
820 154 2502 2520 164431 29412
821 154 2502 2520 164700 29417
822 154 2502 2520 164988 29446
823 154 2502 2520 165268 29496
824 154 2502 2520 165592 29538
825 155 2502 2520 165863 29567
826 155 2501 2520 166161 29625
827 155 2501 2520 166472 29686
828 155 2501 2520 166740 29723
829 155 2501 2520 167068 29769
830 156 2501 2520 167327 29815
831 156 2500 2520 167619 29837
832 157 2500 2520 167898 29884
833 157 2500 2520 168185 29924
834 159 2500 2520 168471 29962
835 159 2500 2520 168760 30010
836 159 2500 2520 169037 30023
837 159 2500 2520 169358 30087
838 159 2500 2520 169582 30153
839 160 2500 2520 169923 30167
840 160 2499 2520 170242 30204
841 160 2499 2520 170557 30252
842 161 2499 2520 170857 30267
843 162 2499 2520 171144 30285
844 162 2499 2520 171470 30328
845 162 2499 2520 171768 30356
846 162 2499 2520 172103 30389
847 162 2499 2520 172409 30453
848 162 2499 2520 172695 30502
849 162 2499 2520 172959 30544
850 162 2499 2520 173260 30574
851 162 2499 2520 173509 30607
852 162 2499 2520 173796 30634
853 162 2499 2520 174080 30690
854 163 2499 2520 174302 30707
855 163 2499 2520 174573 30739
856 163 2499 2520 174853 30766
857 163 2499 2520 175134 30796
858 163 2499 2520 175354 30831
859 163 2499 2520 175628 30851
860 163 2499 2520 175850 30872
861 163 2499 2520 176107 30906
862 163 2499 2520 176357 30923
863 164 2499 2520 176610 30958
864 164 2499 2520 176864 30970
865 165 2498 2520 177147 31001
866 165 2498 2520 177406 31063
867 165 2498 2520 177701 31094
868 165 2498 2520 177980 31128
869 165 2498 2520 178258 31176
870 165 2498 2520 178552 31226
871 166 2498 2520 178851 31257
872 166 2498 2520 179131 31323
873 166 2498 2520 179452 31357
874 167 2498 2520 179736 31422
875 168 2498 2520 180061 31459
876 168 2498 2520 180366 31492
877 169 2498 2520 180627 31512
878 169 2498 2520 180926 31552
879 170 2498 2520 181260 31608
880 170 2498 2520 181579 31652
881 172 2498 2520 181864 31671
882 172 2498 2520 182165 31705
883 172 2498 2520 182517 31729
884 172 2498 2520 182804 31783
885 172 2498 2520 183175 31829
886 173 2498 2520 183556 31895
887 173 2498 2520 183912 31947
888 173 2498 2520 184197 31970
889 173 2498 2520 184522 32002
890 173 2498 2520 184825 32052
891 174 2498 2520 185119 32093
892 174 2498 2520 185405 32139
893 174 2498 2520 185671 32175
894 175 2498 2520 185924 32193
895 175 2498 2520 186199 32257
896 175 2498 2520 186393 32296
897 175 2498 2520 186635 32368
898 175 2498 2520 186883 32412
899 175 2498 2520 187066 32426
900 175 2498 2520 187297 32436
901 175 2498 2520 187552 32459
902 175 2498 2520 187771 32498
903 176 2498 2520 188019 32527
904 178 2498 2520 188301 32568
905 178 2498 2520 188517 32576
906 178 2498 2520 188783 32623
907 178 2498 2520 189048 32650
908 178 2498 2520 189325 32697
909 179 2498 2520 189620 32733
910 180 2498 2520 189917 32764
911 181 2498 2520 190218 32787
912 181 2498 2520 190547 32851
913 181 2498 2520 190889 32902
914 181 2498 2520 191209 32947
915 182 2498 2520 191578 32986
916 182 2498 2520 191916 33016
917 182 2498 2520 192288 33080
918 182 2498 2520 192650 33146
919 182 2498 2520 192996 33189
920 182 2498 2520 193374 33252
921 182 2498 2520 193714 33323
922 182 2498 2520 194040 33351
923 182 2498 2520 194360 33377
924 182 2498 2520 194723 33444
925 182 2498 2520 195051 33483
926 184 2498 2520 195414 33506
927 184 2498 2520 195705 33544
928 184 2498 2520 195968 33577
929 184 2498 2520 196369 33602
930 184 2498 2520 196694 33641
931 185 2498 2520 197049 33660
932 185 2498 2520 197365 33751
933 186 2498 2520 197740 33822
934 187 2498 2520 198046 33870
935 187 2498 2520 198417 33906
936 187 2498 2520 198797 33961
937 187 2498 2520 199179 34028
938 187 2498 2520 199486 34086
939 187 2498 2520 199796 34130
940 188 2498 2520 200150 34154
941 188 2498 2520 200582 34199
942 188 2498 2520 200885 34268
943 188 2498 2520 201279 34327
944 188 2498 2520 201639 34416
945 188 2498 2520 201974 34477
946 188 2498 2520 202333 34531
947 188 2498 2520 202647 34608
948 188 2498 2520 203006 34647
949 188 2498 2520 203282 34714
950 188 2498 2520 203535 34768
951 190 2498 2520 203815 34816
952 190 2498 2520 204151 34875
953 190 2498 2520 204466 34935
954 190 2498 2520 204780 34998
955 190 2498 2520 205068 35043
956 191 2498 2520 205345 35053
957 191 2498 2520 205667 35107
958 192 2498 2520 205925 35189
959 192 2498 2520 206232 35262
960 192 2498 2520 206560 35281
961 192 2498 2520 206822 35347
962 193 2498 2520 207181 35408
963 194 2498 2520 207523 35438
964 195 2498 2520 207796 35449
965 196 2498 2520 208130 35480
966 196 2498 2520 208538 35533
967 196 2497 2520 208913 35596
968 196 2497 2520 209273 35640
969 196 2497 2520 209681 35692
970 197 2497 2520 210051 35693
971 198 2497 2520 210445 35719
972 198 2497 2520 210876 35767
973 198 2497 2520 211241 35821
974 199 2497 2520 211633 35833
975 200 2497 2520 212050 35876
976 200 2497 2520 212443 35900
977 200 2497 2520 212862 35972
978 201 2497 2520 213277 36030
979 201 2497 2520 213711 36071
980 201 2497 2520 214108 36117
981 201 2497 2520 214514 36186
982 201 2497 2520 214905 36234
983 201 2497 2520 215288 36293
984 202 2497 2520 215679 36370
985 202 2497 2520 216092 36440
986 202 2497 2520 216486 36466
987 203 2497 2520 216888 36519
988 204 2497 2520 217257 36543
989 204 2497 2520 217609 36599
990 204 2497 2520 218003 36687
991 204 2497 2520 218379 36762
992 204 2497 2520 218760 36828
993 204 2497 2520 219100 36847
994 204 2497 2520 219448 36907
995 204 2497 2520 219789 36983
996 204 2497 2520 220115 36986
997 204 2496 2520 220407 37035
998 205 2496 2520 220751 37057
999 205 2496 2520 221075 37057
1000 206 2496 2520 221429 37101
