0 1 2519 2520 796 500
1 1 2519 2520 810 510
2 1 2519 2520 829 520
3 1 2519 2520 853 537
4 1 2519 2520 871 551
5 1 2519 2520 901 564
6 1 2519 2520 924 575
7 1 2519 2520 942 583
8 1 2519 2520 971 601
9 1 2519 2520 1004 618
10 1 2519 2520 1030 624
11 1 2519 2520 1051 634
12 1 2519 2520 1080 653
13 1 2519 2520 1102 661
14 1 2519 2520 1118 665
15 1 2519 2520 1139 669
16 1 2519 2520 1156 681
17 1 2519 2520 1168 681
18 1 2519 2520 1191 689
19 2 2519 2520 1209 701
20 2 2519 2520 1255 718
21 2 2519 2520 1349 751
22 2 2519 2520 1440 782
23 2 2519 2520 1527 814
24 2 2519 2520 1618 849
25 2 2519 2520 1684 863
26 2 2519 2520 1765 883
27 2 2519 2520 1837 903
28 2 2519 2520 1909 930
29 2 2519 2520 1975 945
30 2 2519 2520 2023 949
31 2 2519 2520 2098 978
32 2 2519 2520 2164 1002
33 2 2519 2520 2200 1018
34 2 2519 2520 2257 1031
35 2 2519 2520 2313 1038
36 2 2519 2520 2359 1053
37 2 2519 2520 2396 1063
38 2 2519 2520 2432 1072
39 3 2519 2520 2458 1076
40 3 2519 2520 2491 1086
41 3 2519 2520 2577 1120
42 3 2519 2520 2674 1151
43 3 2519 2520 2771 1174
44 4 2519 2520 2847 1196
45 4 2519 2520 2935 1229
46 4 2519 2520 3022 1253
47 4 2519 2520 3129 1290
48 4 2519 2520 3225 1325
49 4 2519 2520 3355 1363
50 4 2519 2520 3485 1399
51 4 2519 2520 3612 1430
52 4 2519 2520 3710 1471
53 4 2519 2520 3818 1511
54 4 2519 2520 3919 1524
55 4 2519 2520 4024 1559
56 4 2519 2520 4105 1584
57 4 2519 2520 4191 1603
58 4 2519 2520 4274 1627
59 4 2519 2520 4344 1657
60 4 2519 2520 4413 1670
61 5 2519 2520 4473 1690
62 5 2519 2520 4548 1710
63 5 2519 2520 4657 1744
64 5 2519 2520 4782 1776
65 5 2519 2520 4901 1823
66 5 2519 2520 5007 1864
67 5 2519 2520 5069 1893
68 5 2519 2520 5148 1915
69 5 2519 2520 5246 1971
70 5 2519 2520 5329 1982
71 6 2519 2520 5414 2014
72 6 2519 2520 5512 2033
73 6 2519 2520 5630 2076
74 6 2519 2520 5748 2101
75 6 2519 2520 5859 2128
76 6 2519 2520 5964 2144
77 6 2519 2520 6081 2193
78 6 2519 2520 6196 2219
79 7 2519 2520 6299 2231
80 7 2519 2520 6423 2281
81 7 2519 2520 6538 2304
82 7 2519 2520 6663 2336
83 7 2518 2520 6801 2370
84 7 2518 2520 6927 2394
85 9 2518 2520 7056 2423
86 9 2518 2520 7264 2457
87 9 2518 2520 7447 2501
88 10 2518 2520 7646 2533
89 10 2518 2520 7871 2597
90 10 2518 2520 8071 2657
91 10 2518 2520 8251 2697
92 10 2517 2520 8461 2732
93 10 2517 2520 8646 2773
94 10 2517 2520 8851 2817
95 10 2517 2520 9072 2837
96 10 2517 2520 9275 2885
97 10 2517 2520 9472 2919
98 11 2517 2520 9649 2918
99 11 2517 2520 9858 2943
100 11 2517 2520 10041 2984
101 11 2517 2520 10229 3036
102 11 2517 2520 10389 3058
103 11 2517 2520 10583 3101
104 11 2517 2520 10766 3124
105 11 2517 2520 10888 3164
106 12 2517 2520 11031 3193
107 12 2517 2520 11202 3204
108 12 2517 2520 11395 3251
109 12 2517 2520 11546 3273
110 12 2517 2520 11708 3300
111 13 2517 2520 11899 3321
112 13 2517 2520 12083 3371
113 14 2517 2520 12255 3406
114 14 2517 2520 12447 3445
115 14 2517 2520 12623 3491
116 14 2517 2520 12812 3522
117 14 2517 2520 13015 3556
118 15 2517 2520 13196 3600
119 15 2517 2520 13391 3656
120 15 2517 2520 13618 3706
121 15 2517 2520 13835 3739
122 15 2517 2520 14047 3783
123 16 2517 2520 14266 3809
124 16 2517 2520 14495 3842
125 16 2517 2520 14731 3904
126 17 2517 2520 14986 3981
127 17 2517 2520 15215 4019
128 17 2517 2520 15446 4057
129 17 2517 2520 15627 4097
130 17 2517 2520 15882 4126
131 17 2517 2520 16071 4172
132 17 2517 2520 16267 4209
133 17 2517 2520 16471 4251
134 17 2517 2520 16647 4283
135 17 2517 2520 16801 4322
136 17 2517 2520 16963 4350
137 17 2517 2520 17115 4384
138 18 2517 2520 17287 4414
139 18 2517 2520 17440 4453
140 18 2517 2520 17612 4478
141 18 2517 2520 17791 4513
142 18 2517 2520 17963 4545
143 18 2517 2520 18135 4607
144 18 2517 2520 18279 4639
145 19 2517 2520 18416 4667
146 19 2517 2520 18557 4695
147 19 2517 2520 18721 4751
148 19 2517 2520 18866 4770
149 20 2517 2520 19058 4813
150 20 2517 2520 19238 4859
151 20 2517 2520 19425 4890
152 20 2517 2520 19594 4942
153 20 2517 2520 19774 4966
154 20 2517 2520 19949 5017
155 20 2517 2520 20136 5053
156 21 2517 2520 20269 5072
157 21 2517 2520 20471 5104
158 21 2517 2520 20654 5137
159 21 2517 2520 20835 5172
160 21 2517 2520 20987 5196
161 21 2517 2520 21158 5225
162 21 2517 2520 21316 5252
163 21 2517 2520 21471 5277
164 21 2517 2520 21626 5301
165 21 2517 2520 21756 5311
166 21 2516 2520 21920 5351
167 21 2516 2520 22054 5365
168 22 2516 2520 22224 5412
169 23 2516 2520 22366 5429
170 23 2516 2520 22522 5450
171 23 2516 2520 22674 5462
172 24 2516 2520 22834 5484
173 24 2516 2520 23041 5524
174 24 2516 2520 23221 5560
175 24 2516 2520 23417 5578
176 24 2516 2520 23591 5609
177 24 2516 2520 23761 5639
178 24 2516 2520 23920 5687
179 25 2516 2520 24075 5709
180 26 2516 2520 24277 5750
181 27 2516 2520 24481 5780
182 27 2516 2520 24676 5819
183 27 2516 2520 24894 5865
184 27 2516 2520 25122 5918
185 27 2516 2520 25385 5985
186 27 2516 2520 25627 6031
187 27 2516 2520 25831 6058
188 27 2516 2520 26037 6088
189 27 2516 2520 26270 6147
190 27 2516 2520 26467 6187
191 27 2516 2520 26648 6203
192 27 2516 2520 26849 6236
193 27 2516 2520 27016 6275
194 27 2516 2520 27166 6311
195 27 2516 2520 27333 6347
196 27 2516 2520 27507 6398
197 27 2516 2520 27669 6424
198 27 2516 2520 27811 6440
199 27 2516 2520 27974 6470
200 27 2516 2520 28083 6495
201 27 2516 2520 28198 6526
202 27 2516 2520 28319 6564
203 27 2516 2520 28412 6580
204 27 2516 2520 28514 6587
205 27 2516 2520 28636 6596
206 27 2516 2520 28743 6644
207 27 2516 2520 28836 6651
208 27 2516 2520 28925 6662
209 27 2516 2520 29019 6691
210 27 2516 2520 29091 6718
211 28 2516 2520 29194 6747
212 28 2516 2520 29281 6769
213 28 2516 2520 29419 6793
214 28 2516 2520 29523 6821
215 28 2516 2520 29631 6836
216 28 2516 2520 29741 6868
217 28 2516 2520 29832 6880
218 28 2516 2520 29947 6907
219 28 2516 2520 30049 6937
220 28 2516 2520 30159 6961
221 28 2516 2520 30267 6976
222 28 2516 2520 30360 7004
223 30 2516 2520 30455 7034
224 30 2516 2520 30540 7056
225 30 2516 2520 30672 7078
226 30 2516 2520 30814 7104
227 30 2516 2520 30965 7143
228 30 2516 2520 31110 7174
229 30 2516 2520 31243 7216
230 30 2516 2520 31396 7250
231 30 2516 2520 31538 7272
232 30 2516 2520 31692 7280
233 31 2516 2520 31846 7322
234 31 2516 2520 32006 7361
235 31 2516 2520 32172 7388
236 32 2516 2520 32329 7441
237 32 2516 2520 32508 7464
238 32 2516 2520 32676 7526
239 32 2516 2520 32851 7559
240 32 2516 2520 33043 7577
241 32 2516 2520 33241 7623
242 32 2516 2520 33398 7667
243 32 2516 2520 33581 7710
244 32 2516 2520 33783 7745
245 34 2516 2520 33948 7775
246 34 2516 2520 34119 7800
247 34 2516 2520 34271 7831
248 34 2516 2520 34440 7850
249 34 2516 2520 34611 7868
250 34 2516 2520 34761 7894
251 34 2516 2520 34910 7910
252 34 2516 2520 35071 7937
253 34 2516 2520 35209 7981
254 34 2516 2520 35359 8024
255 35 2516 2520 35491 8073
256 35 2516 2520 35635 8115
257 35 2516 2520 35794 8139
258 35 2516 2520 35958 8181
259 36 2516 2520 36137 8207
260 36 2516 2520 36277 8262
261 37 2516 2520 36459 8281
262 38 2516 2520 36641 8339
263 38 2516 2520 36855 8398
264 38 2516 2520 37043 8427
265 38 2516 2520 37229 8459
266 38 2516 2520 37414 8522
267 38 2516 2520 37605 8542
268 38 2516 2520 37825 8600
269 38 2516 2520 38018 8660
270 38 2516 2520 38248 8701
271 39 2516 2520 38450 8748
272 39 2516 2520 38649 8795
273 39 2516 2520 38852 8847
274 39 2516 2520 39014 8893
275 39 2516 2520 39195 8932
276 39 2516 2520 39404 8986
277 39 2516 2520 39605 9042
278 39 2516 2520 39770 9056
279 39 2516 2520 39937 9098
280 39 2516 2520 40092 9136
281 40 2516 2520 40262 9154
282 40 2516 2520 40452 9199
283 40 2516 2520 40636 9236
284 40 2516 2520 40799 9268
285 40 2516 2520 40947 9294
286 40 2516 2520 41124 9317
287 41 2516 2520 41294 9366
288 41 2516 2520 41464 9412
289 41 2516 2520 41626 9427
290 41 2516 2520 41808 9476
291 41 2516 2520 42000 9533
292 42 2516 2520 42157 9564
293 42 2516 2520 42323 9602
294 42 2516 2520 42517 9623
295 42 2516 2520 42691 9677
296 43 2516 2520 42871 9739
297 43 2516 2520 43063 9759
298 43 2516 2520 43278 9803
299 43 2516 2520 43501 9864
300 43 2516 2520 43710 9897
301 43 2516 2520 43895 9916
302 43 2516 2520 44085 9941
303 43 2516 2520 44269 9988
304 43 2516 2520 44477 10046
305 43 2516 2520 44672 10087
306 43 2516 2520 44859 10111
307 44 2515 2520 45024 10148
308 44 2515 2520 45212 10180
309 44 2515 2520 45391 10224
310 44 2515 2520 45564 10263
311 44 2515 2520 45766 10309
312 44 2515 2520 45946 10348
313 44 2515 2520 46105 10379
314 44 2515 2520 46316 10392
315 44 2514 2520 46491 10449
316 44 2514 2520 46701 10488
317 44 2514 2520 46878 10518
318 44 2514 2520 47078 10568
319 44 2514 2520 47251 10592
320 44 2514 2520 47448 10598
321 45 2514 2520 47634 10625
322 46 2514 2520 47823 10634
323 46 2514 2520 47988 10621
324 46 2514 2520 48159 10626
325 46 2514 2520 48370 10639
326 46 2514 2520 48521 10652
327 47 2514 2520 48685 10660
328 47 2514 2520 48863 10654
329 47 2514 2520 49075 10699
330 47 2514 2520 49242 10733
331 48 2514 2520 49418 10756
332 48 2514 2520 49582 10776
333 48 2514 2520 49792 10837
334 48 2514 2520 50004 10869
335 48 2514 2520 50221 10926
336 48 2514 2520 50407 10976
337 48 2514 2520 50606 11017
338 48 2514 2520 50770 11050
339 49 2514 2520 50947 11092
340 49 2514 2520 51142 11127
341 49 2514 2520 51301 11154
342 50 2514 2520 51474 11184
343 50 2514 2520 51706 11242
344 51 2514 2520 51907 11286
345 51 2514 2520 52123 11318
346 52 2514 2520 52339 11363
347 52 2514 2520 52587 11408
348 52 2514 2520 52856 11435
349 52 2514 2520 53086 11505
350 52 2514 2520 53345 11574
351 52 2514 2520 53578 11606
352 52 2514 2520 53793 11646
353 52 2514 2520 53976 11664
354 52 2514 2520 54147 11691
355 52 2514 2520 54339 11748
356 52 2514 2520 54528 11794
357 52 2514 2520 54709 11842
358 52 2514 2520 54898 11904
359 52 2514 2520 55098 11958
360 52 2514 2520 55263 11988
361 52 2514 2520 55434 12029
362 52 2514 2520 55584 12043
363 52 2514 2520 55729 12067
364 54 2514 2520 55885 12076
365 54 2514 2520 56023 12105
366 55 2514 2520 56214 12130
367 55 2514 2520 56383 12154
368 55 2514 2520 56553 12172
369 56 2514 2520 56713 12187
370 56 2514 2520 56899 12211
371 56 2513 2520 57141 12231
372 57 2513 2520 57343 12287
373 58 2513 2520 57582 12319
374 59 2513 2520 57849 12356
375 59 2513 2520 58128 12411
376 59 2513 2520 58410 12467
377 59 2513 2520 58695 12506
378 59 2513 2520 58984 12546
379 59 2513 2520 59244 12554
380 59 2513 2520 59520 12604
381 59 2513 2520 59819 12640
382 60 2513 2520 60068 12671
383 60 2513 2520 60297 12700
384 60 2513 2520 60574 12744
385 61 2513 2520 60880 12773
386 61 2513 2520 61146 12819
387 61 2513 2520 61435 12851
388 61 2513 2520 61647 12880
389 61 2513 2520 61897 12942
390 61 2513 2520 62122 12969
391 61 2513 2520 62348 13014
392 61 2513 2520 62565 13030
393 61 2513 2520 62819 13084
394 61 2513 2520 63035 13131
395 61 2513 2520 63268 13152
396 61 2513 2520 63467 13204
397 61 2513 2520 63669 13228
398 61 2513 2520 63833 13258
399 61 2513 2520 64037 13290
400 61 2513 2520 64221 13332
401 61 2513 2520 64409 13381
402 61 2513 2520 64538 13410
403 61 2513 2520 64680 13437
404 61 2513 2520 64850 13480
405 61 2513 2520 65018 13509
406 62 2513 2520 65168 13538
407 62 2513 2520 65363 13591
408 63 2513 2520 65535 13650
409 63 2513 2520 65725 13682
410 64 2513 2520 65963 13739
411 64 2513 2520 66189 13767
412 64 2513 2520 66422 13814
413 64 2513 2520 66687 13859
414 64 2513 2520 66905 13897
415 64 2513 2520 67127 13950
416 64 2513 2520 67357 13990
417 64 2513 2520 67564 14030
418 64 2513 2520 67750 14054
419 64 2513 2520 67916 14083
420 65 2513 2520 68103 14112
421 65 2513 2520 68297 14150
422 65 2513 2520 68468 14200
423 66 2513 2520 68690 14264
424 66 2513 2520 68929 14299
425 66 2513 2520 69147 14330
426 66 2513 2520 69368 14381
427 66 2513 2520 69539 14436
428 66 2513 2520 69732 14474
429 67 2513 2520 69939 14536
430 67 2513 2520 70118 14587
431 67 2513 2520 70334 14648
432 67 2513 2520 70531 14687
433 67 2513 2520 70746 14726
434 68 2513 2520 70958 14756
435 68 2513 2520 71174 14774
436 68 2513 2520 71354 14795
437 68 2513 2520 71567 14824
438 68 2513 2520 71789 14864
439 68 2513 2520 71977 14903
440 68 2513 2520 72175 14909
441 68 2513 2520 72404 14940
442 68 2513 2520 72583 14965
443 69 2513 2520 72807 15005
444 69 2513 2520 72967 15055
445 69 2513 2520 73193 15111
446 69 2513 2520 73413 15160
447 69 2513 2520 73622 15199
448 69 2513 2520 73799 15248
449 69 2513 2520 73957 15284
450 69 2513 2520 74120 15311
451 69 2513 2520 74306 15322
452 69 2513 2520 74425 15340
453 69 2513 2520 74566 15369
454 69 2513 2520 74713 15398
455 71 2513 2520 74873 15438
456 72 2513 2520 75085 15483
457 73 2513 2520 75333 15555
458 73 2513 2520 75570 15598
459 73 2513 2520 75820 15644
460 73 2513 2520 76051 15687
461 73 2513 2520 76252 15706
462 73 2513 2520 76509 15736
463 73 2513 2520 76756 15777
464 74 2513 2520 76939 15802
465 74 2513 2520 77195 15817
466 74 2513 2520 77483 15869
467 74 2513 2520 77732 15877
468 75 2513 2520 78004 15920
469 75 2513 2520 78310 15961
470 75 2513 2520 78562 15998
471 75 2513 2520 78782 16024
472 75 2513 2520 78991 16064
473 75 2513 2520 79242 16113
474 75 2513 2520 79466 16147
475 75 2513 2520 79667 16169
476 75 2513 2520 79865 16236
477 76 2513 2520 80062 16259
478 76 2513 2520 80274 16294
479 76 2513 2520 80499 16318
480 78 2513 2520 80712 16354
481 78 2513 2520 80932 16399
482 78 2513 2520 81206 16452
483 78 2513 2520 81461 16502
484 78 2513 2520 81712 16554
485 78 2513 2520 81976 16597
486 78 2513 2520 82246 16645
487 79 2513 2520 82493 16675
488 80 2513 2520 82776 16719
489 80 2513 2520 83050 16763
490 81 2513 2520 83330 16828
491 81 2513 2520 83633 16872
492 81 2513 2520 83898 16942
493 82 2513 2520 84166 17005
494 82 2513 2520 84470 17081
495 82 2513 2520 84791 17163
496 82 2513 2520 85054 17176
497 82 2513 2520 85337 17240
498 83 2513 2520 85642 17285
499 83 2513 2520 85951 17352
500 83 2513 2520 86231 17387
501 83 2513 2520 86535 17453
502 83 2513 2520 86826 17471
503 83 2513 2520 87111 17532
504 83 2512 2520 87401 17594
505 83 2512 2520 87669 17618
506 83 2512 2520 87964 17657
507 83 2512 2520 88229 17691
508 83 2512 2520 88451 17727
509 84 2512 2520 88689 17758
510 84 2512 2520 88939 17771
511 84 2512 2520 89210 17838
512 85 2512 2520 89442 17888
513 85 2512 2520 89722 17939
514 85 2512 2520 89980 17993
515 86 2512 2520 90291 18042
516 86 2512 2520 90603 18083
517 87 2512 2520 90914 18164
518 87 2512 2520 91219 18210
519 87 2512 2520 91511 18264
520 88 2512 2520 91799 18335
521 89 2512 2520 92089 18387
522 89 2512 2520 92392 18444
523 89 2512 2520 92656 18486
524 89 2512 2520 92910 18550
525 89 2512 2520 93206 18598
526 89 2512 2520 93486 18660
527 89 2512 2520 93744 18692
528 89 2512 2520 94002 18728
529 89 2512 2520 94274 18793
530 89 2512 2520 94566 18877
531 89 2512 2520 94849 18919
532 89 2512 2520 95102 18963
533 91 2512 2520 95366 18998
534 91 2512 2520 95629 19048
535 91 2512 2520 95911 19108
536 91 2512 2520 96147 19140
537 92 2512 2520 96410 19176
538 93 2512 2520 96689 19181
539 94 2512 2520 97008 19218
540 94 2512 2520 97341 19285
541 94 2512 2520 97700 19328
542 94 2511 2520 98045 19373
543 94 2511 2520 98391 19439
544 94 2511 2520 98693 19474
545 94 2511 2520 99019 19509
546 94 2511 2520 99276 19520
547 94 2511 2520 99603 19551
548 95 2511 2520 99944 19587
549 95 2511 2520 100242 19616
550 95 2511 2520 100560 19658
551 95 2511 2520 100909 19696
552 95 2511 2520 101193 19748
553 95 2511 2520 101519 19817
554 95 2511 2520 101801 19868
555 95 2511 2520 102066 19894
556 95 2511 2520 102340 19981
557 95 2511 2520 102606 20023
558 95 2511 2520 102842 20027
559 95 2511 2520 103085 20054
560 95 2511 2520 103335 20095
561 95 2511 2520 103552 20110
562 95 2511 2520 103775 20140
563 96 2511 2520 103926 20152
564 97 2511 2520 104148 20187
565 98 2511 2520 104370 20209
566 99 2511 2520 104596 20274
567 100 2511 2520 104830 20299
568 100 2511 2520 105097 20345
569 101 2511 2520 105403 20394
570 102 2511 2520 105684 20421
571 102 2511 2520 105958 20479
572 102 2511 2520 106316 20553
573 102 2511 2520 106645 20621
574 102 2511 2520 107011 20704
575 102 2511 2520 107342 20776
576 102 2510 2520 107713 20834
577 103 2510 2520 108023 20886
578 103 2510 2520 108353 20944
579 103 2510 2520 108647 20983
580 103 2510 2520 109004 21014
581 104 2510 2520 109313 21031
582 104 2510 2520 109642 21085
583 104 2510 2520 109951 21166
584 105 2510 2520 110225 21182
585 105 2510 2520 110516 21239
586 105 2510 2520 110800 21278
587 105 2510 2520 111084 21323
588 106 2510 2520 111393 21337
589 106 2510 2520 111692 21379
590 106 2510 2520 112001 21405
591 107 2510 2520 112281 21449
592 107 2510 2520 112586 21479
593 107 2510 2520 112899 21523
594 107 2510 2520 113165 21566
595 107 2510 2520 113429 21626
596 107 2510 2520 113694 21678
597 107 2510 2520 114002 21724
598 107 2510 2520 114285 21774
599 107 2510 2520 114575 21816
600 107 2510 2520 114842 21858
601 107 2510 2520 115114 21919
602 107 2510 2520 115342 21934
603 107 2510 2520 115618 22004
604 107 2510 2520 115843 22044
605 107 2510 2520 116104 22064
606 109 2510 2520 116380 22087
607 110 2510 2520 116618 22170
608 111 2510 2520 116898 22215
609 111 2510 2520 117211 22247
610 111 2510 2520 117482 22283
611 111 2510 2520 117822 22325
612 111 2510 2520 118120 22344
613 113 2510 2520 118388 22383
614 114 2510 2520 118706 22442
615 114 2510 2520 119007 22465
616 114 2510 2520 119337 22544
617 114 2510 2520 119688 22600
618 114 2510 2520 119986 22642
619 114 2510 2520 120322 22669
620 114 2510 2520 120653 22716
621 114 2510 2520 121000 22748
622 114 2510 2520 121309 22799
623 114 2510 2520 121594 22818
624 114 2510 2520 121878 22845
625 115 2510 2520 122153 22875
626 116 2510 2520 122457 22922
627 116 2509 2520 122744 22959
628 116 2509 2520 123035 23010
629 117 2509 2520 123308 23053
630 117 2509 2520 123609 23089
631 118 2509 2520 123961 23157
632 118 2509 2520 124243 23184
633 118 2509 2520 124561 23214
634 118 2509 2520 124883 23244
635 118 2509 2520 125188 23289
636 118 2509 2520 125507 23321
637 119 2508 2520 125782 23354
638 119 2508 2520 126112 23374
639 120 2508 2520 126415 23437
640 121 2508 2520 126735 23479
641 121 2508 2520 127027 23498
642 121 2508 2520 127325 23555
643 121 2508 2520 127607 23602
644 121 2508 2520 127856 23633
645 122 2508 2520 128147 23674
646 122 2507 2520 128450 23687
647 123 2507 2520 128823 23705
648 123 2507 2520 129139 23745
649 123 2507 2520 129440 23785
650 123 2507 2520 129746 23774
651 124 2507 2520 130061 23785
652 124 2507 2520 130373 23799
653 124 2507 2520 130719 23847
654 124 2507 2520 131063 23843
655 125 2507 2520 131407 23863
656 126 2507 2520 131768 23895
657 126 2507 2520 132146 23923
658 127 2507 2520 132484 23988
659 127 2507 2520 132822 24028
660 127 2507 2520 133176 24066
661 127 2507 2520 133493 24118
662 128 2507 2520 133865 24170
663 128 2507 2520 134196 24218
664 128 2507 2520 134620 24316
665 128 2507 2520 135005 24403
666 128 2507 2520 135341 24427
667 128 2507 2520 135672 24441
668 128 2507 2520 136023 24478
669 128 2507 2520 136369 24518
670 128 2507 2520 136725 24586
671 128 2507 2520 136996 24622
672 128 2507 2520 137293 24655
673 128 2507 2520 137609 24692
674 128 2507 2520 137868 24740
675 128 2507 2520 138112 24779
676 129 2507 2520 138334 24788
677 129 2506 2520 138589 24853
678 129 2506 2520 138883 24885
679 129 2506 2520 139170 24923
680 129 2506 2520 139397 24954
681 129 2506 2520 139672 24985
682 129 2506 2520 139925 25003
683 129 2506 2520 140220 25051
684 129 2506 2520 140444 25102
685 130 2506 2520 140680 25133
686 130 2506 2520 140913 25159
687 131 2506 2520 141191 25197
688 134 2506 2520 141482 25239
689 135 2506 2520 141775 25280
690 135 2506 2520 142122 25336
691 136 2506 2520 142519 25385
692 136 2506 2520 142891 25461
693 136 2506 2520 143321 25535
694 137 2506 2520 143682 25580
695 137 2506 2520 144010 25630
696 137 2506 2520 144422 25680
697 137 2506 2520 144786 25717
698 137 2506 2520 145186 25826
699 137 2506 2520 145568 25889
700 139 2506 2520 145961 25954
701 139 2506 2520 146358 26023
702 139 2506 2520 146750 26083
703 139 2506 2520 147115 26137
704 140 2506 2520 147524 26225
705 141 2506 2520 147877 26297
706 142 2506 2520 148256 26343
707 142 2506 2520 148622 26415
708 142 2506 2520 149010 26486
709 142 2506 2520 149413 26578
710 142 2506 2520 149791 26632
711 142 2506 2520 150142 26687
712 142 2506 2520 150510 26734
713 142 2506 2520 150842 26778
714 142 2506 2520 151178 26850
715 142 2506 2520 151499 26875
716 144 2506 2520 151843 26925
717 145 2505 2520 152190 26998
718 145 2505 2520 152556 27041
719 145 2504 2520 152877 27079
720 145 2504 2520 153230 27112
721 145 2504 2520 153540 27150
722 145 2504 2520 153844 27201
723 145 2504 2520 154209 27240
724 145 2504 2520 154519 27270
725 145 2504 2520 154808 27313
726 145 2504 2520 155141 27356
727 146 2504 2520 155436 27390
728 146 2504 2520 155762 27430
729 148 2504 2520 156087 27480
730 148 2504 2520 156397 27527
731 149 2504 2520 156741 27614
732 151 2504 2520 157090 27661
733 151 2504 2520 157464 27724
734 152 2504 2520 157882 27770
735 152 2504 2520 158313 27821
736 152 2504 2520 158704 27904
737 152 2504 2520 159138 27977
738 152 2504 2520 159528 28026
739 153 2504 2520 159979 28100
740 153 2504 2520 160371 28147
741 154 2504 2520 160784 28188
742 154 2504 2520 161196 28241
743 154 2504 2520 161597 28280
744 154 2504 2520 161953 28367
745 155 2504 2520 162339 28444
746 155 2504 2520 162683 28491
747 155 2504 2520 163038 28544
748 156 2504 2520 163382 28568
749 156 2504 2520 163757 28641
750 156 2504 2520 164136 28660
751 156 2504 2520 164544 28733
752 156 2504 2520 164916 28790
753 156 2504 2520 165298 28849
754 157 2504 2520 165650 28927
755 158 2504 2520 165978 28966
756 158 2504 2520 166331 29001
757 158 2504 2520 166690 29057
758 158 2504 2520 167077 29152
759 158 2504 2520 167441 29236
760 158 2504 2520 167767 29264
761 158 2504 2520 168087 29279
762 158 2504 2520 168438 29323
763 159 2504 2520 168738 29369
764 160 2504 2520 169077 29403
765 160 2504 2520 169393 29432
766 160 2504 2520 169795 29494
767 160 2504 2520 170092 29524
768 160 2504 2520 170397 29541
769 160 2504 2520 170728 29585
770 160 2504 2520 171101 29635
771 162 2504 2520 171397 29684
772 163 2504 2520 171751 29737
773 163 2504 2520 172128 29803
774 165 2504 2520 172498 29853
775 165 2504 2520 172856 29914
776 165 2504 2520 173274 30016
777 165 2504 2520 173684 30071
778 165 2504 2520 174114 30138
779 165 2504 2520 174521 30242
780 165 2504 2520 174881 30273
781 165 2504 2520 175262 30352
782 165 2504 2520 175657 30407
783 165 2504 2520 176039 30464
784 165 2504 2520 176415 30522
785 165 2504 2520 176765 30558
786 165 2504 2520 177119 30588
787 166 2504 2520 177431 30656
788 167 2504 2520 177726 30707
789 167 2504 2520 178086 30739
790 167 2504 2520 178473 30810
791 167 2504 2520 178826 30848
792 167 2504 2520 179215 30927
793 167 2504 2520 179581 30990
794 167 2504 2520 179894 31042
795 167 2504 2520 180244 31110
796 167 2504 2520 180630 31131
797 167 2504 2520 181011 31191
798 167 2504 2520 181384 31227
799 168 2504 2520 181694 31264
800 168 2504 2520 182023 31300
801 168 2504 2520 182348 31314
802 168 2504 2520 182643 31357
803 170 2504 2520 182969 31382
804 170 2504 2520 183267 31403
805 170 2504 2520 183618 31460
806 171 2504 2520 183968 31490
807 171 2504 2520 184258 31519
808 171 2504 2520 184593 31564
809 172 2504 2520 184939 31599
810 172 2504 2520 185279 31646
811 172 2504 2520 185639 31711
812 172 2504 2520 186021 31757
813 173 2504 2520 186380 31812
814 173 2504 2520 186696 31874
815 173 2504 2520 187069 31886
816 174 2504 2520 187437 31925
817 174 2504 2520 187766 31967
818 175 2504 2520 188077 31999
819 175 2504 2520 188449 32049
820 176 2504 2520 188739 32114
821 177 2504 2520 189135 32178
822 177 2504 2520 189514 32233
823 179 2504 2520 189948 32312
824 179 2504 2520 190346 32402
825 180 2504 2520 190781 32454
826 181 2504 2520 191174 32513
827 181 2504 2520 191595 32559
828 181 2504 2520 192005 32609
829 182 2504 2520 192305 32673
830 182 2504 2520 192722 32734
831 182 2504 2520 193162 32808
832 182 2504 2520 193571 32842
833 183 2504 2520 193952 32860
834 183 2504 2520 194321 32927
835 183 2504 2520 194728 32995
836 183 2504 2520 195071 33029
837 184 2504 2520 195463 33065
838 184 2504 2520 195770 33141
839 185 2504 2520 196115 33175
840 185 2504 2520 196497 33250
841 186 2504 2520 196830 33260
842 187 2504 2520 197207 33301
843 187 2504 2520 197532 33327
844 187 2504 2520 197924 33349
845 188 2504 2520 198308 33439
846 188 2504 2520 198748 33525
847 188 2504 2520 199188 33587
848 190 2504 2520 199533 33620
849 191 2504 2520 199955 33680
850 191 2504 2520 200344 33738
851 192 2504 2520 200760 33793
852 192 2504 2520 201211 33857
853 192 2504 2520 201627 33906
854 192 2504 2520 202069 33968
855 192 2504 2520 202532 34048
856 192 2504 2520 202991 34117
857 192 2504 2520 203472 34142
858 193 2504 2520 203840 34188
859 193 2504 2520 204261 34220
860 193 2504 2520 204726 34272
861 193 2504 2520 205116 34335
862 193 2504 2520 205544 34415
863 193 2504 2520 205981 34496
864 194 2504 2520 206362 34560
865 194 2504 2520 206730 34599
866 194 2504 2520 207152 34628
867 195 2504 2520 207521 34666
868 196 2504 2520 207864 34703
869 196 2504 2520 208237 34756
870 197 2504 2520 208615 34814
871 198 2504 2520 209056 34861
872 198 2504 2520 209474 34894
873 198 2504 2520 209907 34959
874 199 2504 2520 210304 34980
875 201 2504 2520 210714 35019
876 201 2504 2520 211137 35061
877 202 2504 2520 211613 35141
878 202 2504 2520 212042 35178
879 203 2504 2520 212511 35247
880 203 2504 2520 213008 35328
881 203 2504 2520 213505 35361
882 204 2504 2520 213905 35415
883 205 2504 2520 214384 35499
884 206 2504 2520 214881 35562
885 206 2504 2520 215393 35573
886 206 2504 2520 215863 35640
887 206 2504 2520 216401 35738
888 206 2504 2520 216935 35802
889 206 2504 2520 217440 35874
890 207 2504 2520 217922 35926
891 207 2504 2520 218396 35992
892 207 2504 2520 218869 36035
893 208 2504 2520 219330 36099
894 208 2504 2520 219803 36132
895 209 2504 2520 220253 36196
896 209 2504 2520 220655 36244
897 209 2504 2520 221110 36358
898 209 2504 2520 221533 36407
899 209 2504 2520 221950 36436
900 209 2504 2520 222421 36496
901 209 2504 2520 222813 36568
902 210 2504 2520 223168 36623
903 211 2504 2520 223554 36665
904 213 2504 2520 223947 36746
905 213 2504 2520 224415 36804
906 213 2504 2520 224841 36849
907 213 2503 2520 225255 36873
908 213 2503 2520 225677 36906
909 214 2503 2520 226144 36973
910 215 2503 2520 226578 37026
911 216 2503 2520 226990 37080
912 216 2503 2520 227418 37130
913 216 2503 2520 227875 37179
914 216 2503 2520 228342 37244
915 216 2503 2520 228782 37263
916 216 2503 2520 229274 37324
917 217 2503 2520 229689 37384
918 217 2503 2520 230112 37418
919 218 2503 2520 230531 37500
920 218 2503 2520 230994 37529
921 219 2503 2520 231446 37557
922 220 2503 2520 231881 37574
923 220 2503 2520 232309 37672
924 220 2503 2520 232733 37756
925 220 2503 2520 233223 37855
926 220 2503 2520 233643 37864
927 220 2502 2520 234111 37937
928 220 2502 2520 234557 38016
929 221 2502 2520 234995 38076
930 221 2502 2520 235438 38119
931 221 2502 2520 235892 38188
932 221 2502 2520 236310 38289
933 221 2502 2520 236686 38315
934 221 2502 2520 237056 38373
935 221 2502 2520 237427 38405
936 221 2502 2520 237792 38462
937 221 2502 2520 238199 38502
938 223 2502 2520 238555 38548
939 224 2502 2520 238905 38598
940 225 2502 2520 239319 38648
941 225 2502 2520 239707 38692
942 225 2502 2520 240085 38780
943 226 2502 2520 240508 38825
944 227 2502 2520 240880 38861
945 227 2501 2520 241283 38899
946 227 2501 2520 241728 38962
947 228 2501 2520 242143 39030
948 228 2501 2520 242631 39101
949 228 2501 2520 243041 39170
950 228 2501 2520 243454 39201
951 230 2501 2520 243897 39257
952 230 2501 2520 244270 39306
953 230 2501 2520 244701 39349
954 230 2501 2520 245167 39401
955 231 2501 2520 245557 39458
956 231 2501 2520 246003 39501
957 231 2501 2520 246486 39533
958 231 2501 2520 246904 39585
959 231 2501 2520 247349 39618
960 231 2501 2520 247765 39686
961 231 2501 2520 248147 39761
962 231 2501 2520 248564 39816
963 231 2501 2520 248957 39875
964 233 2501 2520 249320 39918
965 234 2501 2520 249720 39979
966 234 2501 2520 250136 40004
967 234 2501 2520 250499 40041
968 235 2501 2520 250876 40069
969 235 2501 2520 251233 40129
970 236 2501 2520 251611 40176
971 236 2501 2520 252005 40224
972 236 2501 2520 252397 40277
973 236 2501 2520 252782 40370
974 238 2501 2520 253172 40429
975 238 2501 2520 253514 40514
976 238 2501 2520 253948 40554
977 238 2501 2520 254326 40593
978 239 2501 2520 254703 40645
979 239 2501 2520 255132 40717
980 239 2501 2520 255526 40776
981 239 2501 2520 255914 40811
982 239 2501 2520 256288 40875
983 239 2501 2520 256746 40930
984 239 2500 2520 257159 40968
985 239 2500 2520 257561 41014
986 240 2500 2520 257929 41041
987 241 2500 2520 258280 41071
988 241 2500 2520 258689 41116
989 241 2500 2520 258994 41166
990 242 2500 2520 259381 41229
991 243 2500 2520 259708 41269
992 243 2500 2520 260066 41302
993 244 2500 2520 260423 41353
994 244 2500 2520 260838 41433
995 246 2500 2520 261187 41448
996 248 2500 2520 261549 41515
997 250 2500 2520 261985 41544
998 250 2500 2520 262374 41592
999 250 2500 2520 262770 41636
1000 250 2500 2520 263269 41710
