0 1 2519 2520 793 498
1 1 2519 2520 809 509
2 1 2519 2520 830 519
3 1 2519 2520 871 543
4 1 2519 2520 898 562
5 1 2519 2520 940 586
6 1 2519 2520 965 599
7 1 2519 2520 992 610
8 1 2519 2520 1036 635
9 1 2519 2520 1081 656
10 1 2519 2520 1121 671
11 1 2519 2520 1145 679
12 1 2519 2520 1169 690
13 1 2519 2520 1198 703
14 1 2519 2520 1225 711
15 1 2519 2520 1240 710
16 1 2519 2520 1271 724
17 1 2519 2520 1288 729
18 1 2519 2520 1304 733
19 1 2519 2520 1308 730
20 1 2519 2520 1326 732
21 1 2519 2520 1339 730
22 1 2519 2520 1344 731
23 1 2519 2520 1358 731
24 2 2519 2520 1370 734
25 2 2519 2520 1390 746
26 2 2519 2520 1468 781
27 2 2519 2520 1557 821
28 2 2519 2520 1626 841
29 2 2519 2520 1700 863
30 2 2519 2520 1767 888
31 2 2519 2520 1843 914
32 2 2519 2520 1927 935
33 2 2519 2520 1983 951
34 2 2519 2520 2027 961
35 2 2519 2520 2092 986
36 2 2519 2520 2148 993
37 2 2519 2520 2190 996
38 2 2519 2520 2250 1014
39 2 2519 2520 2280 1027
40 2 2519 2520 2313 1044
41 2 2519 2520 2345 1040
42 2 2519 2520 2387 1055
43 2 2519 2520 2413 1072
44 2 2519 2520 2439 1082
45 2 2519 2520 2469 1089
46 3 2519 2520 2492 1096
47 3 2519 2520 2526 1106
48 3 2519 2520 2590 1125
49 4 2519 2520 2660 1140
50 4 2519 2520 2743 1164
51 4 2519 2520 2864 1216
52 4 2519 2520 2963 1255
53 4 2519 2520 3093 1292
54 4 2519 2520 3207 1339
55 4 2519 2520 3323 1378
56 4 2519 2520 3415 1410
57 4 2519 2520 3523 1439
58 4 2519 2520 3641 1480
59 4 2519 2520 3756 1508
60 4 2519 2520 3849 1526
61 4 2519 2520 3955 1552
62 4 2519 2520 4048 1572
63 4 2519 2520 4141 1602
64 4 2519 2520 4223 1618
65 4 2519 2520 4311 1636
66 5 2519 2520 4380 1658
67 5 2519 2520 4493 1696
68 5 2519 2520 4619 1719
69 5 2519 2520 4721 1745
70 6 2519 2520 4848 1789
71 6 2519 2520 4989 1809
72 6 2519 2520 5128 1850
73 6 2519 2520 5276 1905
74 6 2519 2520 5414 1935
75 6 2519 2520 5574 1985
76 6 2519 2520 5697 2024
77 6 2519 2520 5831 2059
78 6 2519 2520 5949 2100
79 6 2519 2520 6085 2118
80 6 2519 2520 6183 2156
81 6 2519 2520 6277 2187
82 6 2519 2520 6385 2220
83 7 2519 2520 6461 2243
84 7 2519 2520 6590 2283
85 7 2519 2520 6683 2301
86 7 2519 2520 6808 2335
87 7 2519 2520 6904 2359
88 7 2519 2520 7003 2384
89 7 2519 2520 7112 2398
90 7 2519 2520 7178 2425
91 7 2519 2520 7270 2437
92 7 2519 2520 7352 2472
93 7 2519 2520 7430 2496
94 7 2519 2520 7519 2518
95 7 2519 2520 7589 2536
96 9 2519 2520 7678 2565
97 9 2519 2520 7783 2581
98 9 2519 2520 7929 2618
99 9 2519 2520 8080 2648
100 10 2519 2520 8247 2684
101 10 2519 2520 8433 2718
102 10 2519 2520 8655 2769
103 10 2519 2520 8851 2802
104 10 2519 2520 9035 2850
105 10 2519 2520 9217 2889
106 11 2519 2520 9391 2924
107 11 2519 2520 9575 2953
108 11 2519 2520 9786 2994
109 11 2519 2520 9974 3044
110 11 2519 2520 10145 3076
111 11 2519 2520 10330 3122
112 11 2519 2520 10464 3151
113 11 2519 2520 10618 3199
114 11 2519 2520 10754 3227
115 11 2519 2520 10898 3250
116 11 2519 2520 11034 3284
117 11 2519 2520 11175 3314
118 11 2519 2520 11306 3339
119 11 2519 2520 11424 3360
120 11 2519 2520 11539 3402
121 12 2519 2520 11674 3411
122 13 2519 2520 11793 3436
123 13 2519 2520 11985 3488
124 13 2519 2520 12136 3537
125 13 2519 2520 12308 3573
126 13 2519 2520 12519 3635
127 13 2519 2520 12708 3670
128 13 2519 2520 12889 3705
129 13 2519 2520 13051 3746
130 13 2519 2520 13227 3790
131 13 2519 2520 13375 3805
132 14 2519 2520 13513 3835
133 14 2519 2520 13655 3850
134 14 2519 2520 13812 3871
135 14 2519 2520 13999 3919
136 14 2519 2520 14151 3958
137 14 2519 2520 14310 3983
138 14 2519 2520 14454 4020
139 14 2519 2520 14592 4029
140 14 2519 2520 14699 4049
141 15 2519 2520 14841 4076
142 15 2519 2520 14964 4107
143 15 2519 2520 15089 4137
144 15 2519 2520 15254 4196
145 16 2519 2520 15392 4221
146 16 2519 2520 15565 4252
147 17 2519 2520 15755 4297
148 18 2519 2520 15924 4319
149 18 2519 2520 16135 4365
150 18 2519 2520 16375 4436
151 18 2519 2520 16622 4495
152 18 2519 2520 16843 4533
153 18 2519 2520 17114 4602
154 18 2519 2520 17344 4673
155 18 2519 2520 17567 4698
156 18 2519 2520 17779 4749
157 18 2519 2520 17976 4788
158 18 2519 2520 18114 4822
159 18 2519 2520 18325 4859
160 18 2519 2520 18490 4904
161 18 2519 2520 18620 4917
162 18 2519 2520 18803 4954
163 18 2519 2520 18947 4995
164 18 2519 2520 19101 5035
165 18 2519 2520 19222 5045
166 19 2519 2520 19333 5066
167 19 2519 2520 19473 5098
168 19 2519 2520 19645 5124
169 19 2519 2520 19798 5154
170 19 2519 2520 19987 5208
171 19 2519 2520 20125 5230
172 19 2519 2520 20250 5257
173 19 2519 2520 20395 5306
174 20 2519 2520 20505 5329
175 20 2519 2520 20641 5365
176 20 2519 2520 20802 5400
177 20 2519 2520 20993 5450
178 21 2519 2520 21129 5481
179 21 2519 2520 21262 5507
180 22 2519 2520 21467 5565
181 22 2519 2520 21663 5620
182 22 2519 2520 21859 5676
183 22 2519 2520 22073 5734
184 22 2519 2520 22286 5786
185 22 2519 2520 22443 5817
186 22 2519 2520 22612 5861
187 22 2519 2520 22823 5917
188 22 2519 2520 22990 5943
189 22 2519 2520 23148 5980
190 22 2519 2520 23331 6037
191 22 2519 2520 23486 6074
192 22 2519 2520 23623 6097
193 22 2519 2520 23776 6146
194 22 2519 2520 23911 6176
195 22 2519 2520 24052 6195
196 22 2519 2520 24176 6239
197 23 2519 2520 24299 6283
198 23 2519 2520 24420 6319
199 23 2519 2520 24553 6346
200 23 2519 2520 24691 6370
201 24 2519 2520 24820 6400
202 24 2519 2520 24966 6429
203 25 2519 2520 25127 6469
204 25 2519 2520 25281 6520
205 25 2519 2520 25460 6556
206 26 2519 2520 25609 6568
207 26 2519 2520 25775 6616
208 26 2519 2520 25991 6668
209 26 2519 2520 26224 6747
210 26 2519 2520 26455 6795
211 26 2519 2520 26687 6848
212 26 2519 2520 26882 6876
213 26 2519 2520 27080 6933
214 26 2519 2520 27284 6955
215 28 2519 2520 27470 6969
216 28 2519 2520 27636 7013
217 28 2519 2520 27827 7062
218 28 2519 2520 28043 7093
219 28 2519 2520 28276 7151
220 28 2519 2520 28496 7199
221 28 2519 2520 28684 7234
222 29 2519 2520 28920 7262
223 29 2519 2520 29144 7305
224 29 2519 2520 29377 7333
225 29 2519 2520 29583 7391
226 29 2519 2520 29830 7446
227 29 2519 2520 30047 7468
228 29 2519 2520 30218 7473
229 29 2519 2520 30426 7532
230 29 2519 2520 30597 7565
231 30 2519 2520 30770 7598
232 30 2519 2520 31043 7663
233 31 2519 2520 31259 7714
234 32 2519 2520 31473 7745
235 32 2519 2520 31741 7785
236 32 2519 2520 32002 7853
237 32 2519 2520 32282 7922
238 32 2519 2520 32572 8014
239 32 2519 2520 32885 8064
240 32 2519 2520 33134 8121
241 32 2519 2520 33424 8167
242 32 2519 2520 33623 8213
243 32 2519 2520 33851 8269
244 33 2519 2520 34110 8334
245 34 2519 2520 34297 8364
246 34 2519 2520 34515 8409
247 34 2519 2520 34699 8434
248 34 2519 2520 34958 8479
249 34 2519 2520 35208 8538
250 34 2519 2520 35390 8574
251 34 2519 2520 35616 8607
252 34 2519 2520 35798 8640
253 34 2519 2520 35961 8696
254 34 2519 2520 36165 8739
255 34 2519 2520 36306 8764
256 34 2519 2520 36495 8776
257 34 2519 2520 36647 8789
258 34 2519 2520 36795 8816
259 34 2519 2520 36984 8836
260 34 2519 2520 37144 8886
261 34 2519 2520 37292 8912
262 34 2519 2520 37460 8932
263 35 2519 2520 37621 8954
264 36 2519 2520 37774 8963
265 37 2519 2520 37985 9021
266 38 2519 2520 38182 9062
267 39 2519 2520 38436 9129
268 39 2519 2520 38683 9160
269 40 2519 2520 38947 9224
270 41 2519 2520 39272 9299
271 42 2519 2520 39602 9347
272 43 2519 2520 39948 9413
273 43 2519 2520 40336 9497
274 43 2519 2520 40777 9565
275 43 2519 2520 41210 9634
276 44 2519 2520 41657 9715
277 44 2519 2520 42081 9764
278 45 2519 2520 42461 9842
279 45 2519 2520 42882 9919
280 45 2519 2520 43377 9982
281 45 2519 2520 43752 10063
282 45 2519 2520 44157 10119
283 45 2519 2520 44584 10211
284 45 2519 2520 44948 10266
285 45 2519 2520 45357 10315
286 45 2519 2520 45697 10377
287 45 2519 2520 45985 10431
288 45 2519 2520 46286 10471
289 45 2519 2520 46611 10542
290 45 2519 2520 46901 10591
291 45 2519 2520 47130 10636
292 46 2519 2520 47429 10698
293 46 2519 2520 47739 10742
294 46 2519 2520 47992 10792
295 46 2519 2520 48231 10849
296 46 2519 2520 48475 10879
297 46 2519 2520 48725 10893
298 47 2519 2520 48956 10947
299 47 2519 2520 49167 10981
300 47 2519 2520 49438 11059
301 47 2519 2520 49662 11072
302 47 2519 2520 49865 11122
303 49 2519 2520 50079 11166
304 49 2519 2520 50317 11187
305 49 2519 2520 50608 11265
306 49 2519 2520 50890 11322
307 50 2519 2520 51116 11371
308 50 2519 2520 51393 11420
309 50 2519 2520 51712 11487
310 51 2519 2520 51980 11553
311 51 2519 2520 52292 11622
312 51 2519 2520 52540 11637
313 51 2519 2520 52827 11686
314 51 2519 2520 53120 11736
315 51 2519 2520 53418 11779
316 51 2519 2520 53732 11810
317 51 2519 2520 54019 11841
318 51 2519 2520 54253 11874
319 51 2519 2520 54493 11936
320 51 2519 2520 54739 11987
321 51 2519 2520 54932 12008
322 51 2519 2520 55180 12053
323 51 2519 2520 55352 12079
324 51 2519 2520 55572 12128
325 52 2519 2520 55756 12137
326 52 2519 2520 55908 12170
327 53 2519 2520 56093 12220
328 53 2519 2520 56262 12264
329 53 2519 2520 56447 12319
330 53 2519 2520 56637 12364
331 53 2519 2520 56863 12426
332 54 2519 2520 57112 12470
333 54 2519 2520 57303 12501
334 54 2519 2520 57515 12551
335 55 2519 2520 57729 12601
336 55 2519 2520 57960 12632
337 56 2519 2520 58227 12692
338 56 2519 2520 58508 12754
339 56 2519 2520 58767 12807
340 56 2519 2520 59013 12857
341 56 2519 2520 59245 12880
342 56 2519 2520 59526 12960
343 56 2519 2520 59783 13004
344 56 2519 2520 60005 13053
345 56 2519 2520 60216 13105
346 56 2519 2520 60447 13109
347 56 2519 2520 60681 13167
348 57 2519 2520 60906 13199
349 58 2519 2520 61137 13254
350 58 2519 2520 61401 13318
351 59 2519 2520 61656 13360
352 59 2519 2520 61919 13411
353 59 2519 2520 62201 13484
354 59 2519 2520 62453 13532
355 59 2519 2520 62725 13593
356 59 2519 2520 63005 13647
357 59 2519 2520 63260 13658
358 59 2519 2520 63530 13693
359 59 2519 2520 63744 13748
360 60 2519 2520 63987 13795
361 61 2519 2520 64291 13847
362 61 2519 2520 64555 13898
363 61 2519 2520 64779 13950
364 62 2519 2520 65057 13980
365 62 2519 2520 65331 14012
366 63 2519 2520 65654 14073
367 63 2519 2520 65965 14116
368 63 2519 2520 66299 14167
369 63 2519 2520 66548 14171
370 63 2519 2520 66815 14226
371 64 2519 2520 67160 14288
372 64 2519 2520 67493 14328
373 64 2519 2520 67798 14380
374 64 2519 2520 68102 14448
375 65 2519 2520 68394 14477
376 67 2519 2520 68692 14525
377 67 2519 2520 69024 14580
378 67 2519 2520 69365 14623
379 70 2519 2520 69657 14653
380 70 2519 2520 70023 14685
381 70 2519 2520 70409 14698
382 70 2519 2520 70830 14761
383 70 2519 2520 71286 14806
384 70 2519 2520 71625 14899
385 70 2519 2520 72041 14922
386 70 2519 2520 72388 14976
387 70 2519 2520 72739 15030
388 70 2519 2520 73130 15079
389 70 2519 2520 73459 15146
390 70 2519 2520 73755 15170
391 70 2519 2520 74088 15242
392 71 2519 2520 74436 15300
393 72 2519 2520 74760 15377
394 72 2519 2520 75045 15413
395 72 2519 2520 75403 15452
396 73 2519 2520 75745 15521
397 73 2519 2520 76082 15578
398 73 2519 2520 76446 15644
399 73 2519 2520 76739 15712
400 73 2519 2520 77101 15787
401 73 2519 2520 77432 15855
402 74 2519 2520 77722 15893
403 75 2519 2520 78046 15961
404 75 2519 2520 78397 16051
405 75 2519 2520 78734 16094
406 76 2519 2520 79036 16157
407 76 2519 2520 79376 16232
408 76 2519 2520 79721 16262
409 76 2519 2520 80097 16349
410 76 2519 2520 80448 16400
411 76 2519 2520 80793 16454
412 76 2519 2520 81152 16525
413 76 2519 2520 81466 16565
414 77 2519 2520 81758 16629
415 77 2519 2520 82074 16672
416 77 2519 2520 82374 16717
417 78 2519 2520 82655 16767
418 78 2519 2520 82969 16834
419 78 2519 2520 83331 16910
420 78 2519 2520 83632 16978
421 79 2519 2520 83977 17026
422 80 2519 2520 84279 17074
423 80 2519 2520 84626 17143
424 80 2519 2520 84978 17216
425 80 2519 2520 85282 17258
426 80 2519 2520 85621 17312
427 80 2519 2520 85858 17356
428 80 2519 2520 86164 17437
429 81 2519 2520 86440 17497
430 81 2519 2520 86724 17538
431 82 2519 2520 87050 17608
432 83 2519 2520 87342 17645
433 83 2519 2520 87648 17699
434 83 2519 2520 87977 17743
435 83 2519 2520 88313 17833
436 83 2519 2520 88640 17891
437 83 2519 2520 89056 17975
438 83 2519 2520 89422 18056
439 84 2519 2520 89684 18084
440 84 2519 2520 90019 18149
441 86 2519 2520 90345 18212
442 86 2519 2520 90713 18275
443 86 2519 2520 91064 18358
444 87 2519 2520 91418 18411
445 88 2519 2520 91816 18461
446 88 2519 2520 92211 18527
447 88 2519 2520 92663 18571
448 89 2519 2520 93048 18651
449 89 2519 2520 93393 18709
450 90 2519 2520 93766 18755
451 91 2519 2520 94112 18789
452 91 2519 2520 94533 18872
453 93 2519 2520 94956 18942
454 93 2519 2520 95340 18994
455 93 2519 2520 95826 19062
456 93 2519 2520 96286 19151
457 93 2519 2520 96706 19176
458 93 2519 2520 97106 19236
459 93 2519 2520 97520 19313
460 93 2519 2520 97957 19342
461 94 2519 2520 98347 19403
462 94 2519 2520 98753 19470
463 94 2519 2520 99135 19540
464 94 2519 2520 99504 19595
465 94 2519 2520 99908 19656
466 94 2519 2520 100280 19676
467 94 2519 2520 100676 19746
468 96 2519 2520 101029 19810
469 96 2519 2520 101421 19865
470 96 2519 2520 101771 19922
471 96 2519 2520 102142 19953
472 97 2519 2520 102504 20017
473 98 2519 2520 102872 20101
474 98 2519 2520 103271 20173
475 98 2519 2520 103672 20238
476 99 2519 2520 104050 20299
477 99 2519 2520 104464 20400
478 99 2519 2520 104881 20502
479 99 2519 2520 105281 20615
480 99 2519 2520 105653 20661
481 100 2519 2520 106024 20744
482 100 2519 2520 106385 20787
483 100 2519 2520 106761 20851
484 100 2519 2520 107164 20928
485 101 2519 2520 107552 20994
486 102 2519 2520 107906 21033
487 102 2519 2520 108310 21112
488 103 2519 2520 108629 21142
489 103 2519 2520 108992 21217
490 104 2519 2520 109407 21234
491 104 2519 2520 109823 21323
492 105 2519 2520 110256 21367
493 105 2519 2520 110641 21417
494 106 2519 2520 111089 21509
495 106 2519 2520 111570 21598
496 107 2519 2520 112072 21685
497 108 2519 2520 112527 21763
498 108 2519 2520 113009 21871
499 109 2519 2520 113530 21948
500 109 2519 2520 114015 22055
501 110 2519 2520 114537 22167
502 110 2519 2520 114997 22250
503 110 2519 2520 115510 22316
504 111 2519 2520 116038 22394
505 111 2519 2520 116518 22479
506 111 2519 2520 116971 22567
507 112 2519 2520 117395 22630
508 112 2519 2520 117866 22706
509 112 2519 2520 118312 22775
510 112 2519 2520 118733 22839
511 112 2519 2520 119165 22918
512 113 2519 2520 119577 23005
513 113 2519 2520 119979 23066
514 113 2519 2520 120369 23125
515 114 2519 2520 120781 23196
516 114 2519 2520 121207 23289
517 115 2519 2520 121570 23297
518 115 2519 2520 121931 23339
519 115 2519 2520 122410 23417
520 115 2519 2520 122863 23489
521 117 2519 2520 123274 23550
522 117 2519 2520 123684 23632
523 117 2519 2520 124126 23719
524 118 2519 2520 124574 23768
525 119 2519 2520 125011 23857
526 120 2519 2520 125535 23961
527 120 2519 2520 126062 24066
528 120 2519 2520 126569 24158
529 122 2519 2520 127087 24248
530 122 2519 2520 127493 24283
531 123 2519 2520 128030 24395
532 123 2519 2520 128562 24490
533 123 2519 2520 129071 24530
534 123 2519 2520 129526 24599
535 123 2519 2520 130056 24647
536 123 2519 2520 130581 24784
537 124 2519 2520 131077 24871
538 124 2519 2520 131538 24918
539 124 2519 2520 131995 24953
540 124 2519 2520 132474 25033
541 124 2519 2520 132871 25092
542 124 2519 2520 133346 25189
543 125 2519 2520 133804 25244
544 125 2519 2520 134236 25310
545 125 2519 2520 134668 25343
546 125 2519 2520 135126 25403
547 127 2519 2520 135494 25455
548 127 2519 2520 135873 25518
549 128 2519 2520 136285 25583
550 129 2519 2520 136737 25647
551 130 2519 2520 137171 25740
552 131 2519 2520 137676 25838
553 131 2519 2520 138128 25874
554 132 2519 2520 138648 25949
555 133 2519 2520 139177 26021
556 133 2519 2520 139724 26129
557 133 2519 2520 140221 26220
558 133 2519 2520 140807 26274
559 134 2519 2520 141312 26351
560 134 2519 2520 141884 26477
561 135 2519 2520 142436 26549
562 135 2519 2520 142979 26659
563 136 2519 2520 143489 26702
564 136 2519 2520 144012 26797
565 137 2519 2520 144559 26909
566 137 2519 2520 145080 26962
567 138 2519 2520 145605 27070
568 139 2519 2520 146142 27152
569 140 2519 2520 146669 27245
570 140 2519 2520 147198 27319
571 140 2519 2520 147700 27371
572 140 2519 2520 148260 27416
573 140 2519 2520 148799 27528
574 140 2519 2520 149352 27577
575 140 2519 2520 149839 27653
576 140 2519 2520 150308 27759
577 140 2519 2520 150762 27814
578 141 2519 2520 151234 27836
579 142 2519 2520 151707 27863
580 142 2519 2520 152153 27900
581 142 2519 2520 152643 27956
582 144 2519 2520 153108 28018
583 144 2519 2520 153551 28094
584 144 2519 2520 154029 28148
585 148 2519 2520 154522 28231
586 148 2519 2520 154952 28250
587 149 2519 2520 155505 28351
588 149 2519 2520 156044 28445
589 149 2519 2520 156620 28532
590 151 2519 2520 157180 28589
591 151 2519 2520 157806 28656
592 151 2519 2520 158387 28732
593 151 2519 2520 158972 28796
594 153 2519 2520 159523 28865
595 154 2519 2520 160066 28959
596 154 2519 2520 160692 28992
597 154 2519 2520 161272 29101
598 154 2519 2520 161857 29181
599 154 2519 2520 162445 29227
600 155 2519 2520 162935 29276
601 156 2519 2520 163510 29352
602 156 2519 2520 164093 29457
603 156 2519 2520 164584 29559
604 156 2519 2520 165132 29595
605 158 2519 2520 165712 29677
606 158 2519 2520 166205 29745
607 158 2519 2520 166743 29841
608 158 2519 2520 167246 29881
609 158 2519 2520 167735 29970
610 158 2519 2520 168231 30013
611 160 2519 2520 168760 30095
612 160 2519 2520 169290 30160
613 161 2519 2520 169761 30216
614 163 2519 2520 170341 30326
615 164 2519 2520 170863 30394
616 164 2519 2520 171441 30489
617 164 2519 2520 171951 30603
618 165 2519 2520 172527 30673
619 166 2519 2520 173092 30774
620 167 2519 2520 173650 30847
621 168 2519 2520 174215 30948
622 168 2519 2520 174840 31036
623 168 2519 2520 175454 31120
624 168 2519 2520 176099 31224
625 169 2519 2520 176707 31335
626 169 2519 2520 177286 31436
627 170 2519 2520 177875 31553
628 171 2519 2520 178460 31658
629 173 2519 2520 179064 31770
630 173 2519 2520 179657 31864
631 173 2519 2520 180196 31953
632 173 2519 2520 180815 32015
633 174 2519 2520 181349 32088
634 174 2519 2520 181948 32210
635 174 2519 2520 182451 32303
636 175 2519 2520 183073 32375
637 176 2519 2520 183615 32492
638 176 2519 2520 184146 32591
639 177 2519 2520 184681 32710
640 177 2519 2520 185166 32756
641 177 2519 2520 185711 32806
642 177 2519 2520 186280 32924
643 179 2519 2520 186812 33051
644 179 2519 2520 187396 33099
645 180 2519 2520 187962 33170
646 180 2519 2520 188575 33258
647 180 2519 2520 189142 33354
648 180 2519 2520 189779 33450
649 181 2519 2520 190342 33543
650 181 2519 2520 190888 33615
651 181 2519 2520 191457 33680
652 182 2519 2520 192062 33758
653 182 2519 2520 192649 33828
654 183 2519 2520 193247 33910
655 183 2519 2520 193806 34008
656 188 2519 2520 194379 34094
657 190 2519 2520 194949 34184
658 190 2519 2520 195627 34295
659 190 2519 2520 196290 34399
660 190 2519 2520 196905 34537
661 190 2519 2520 197511 34628
662 190 2519 2520 198177 34733
663 190 2519 2520 198735 34787
664 190 2519 2520 199318 34863
665 190 2519 2520 199861 34962
666 191 2519 2520 200438 35019
667 191 2519 2520 201012 35071
668 192 2519 2520 201544 35195
669 192 2519 2520 202136 35248
670 192 2519 2520 202756 35345
671 193 2519 2520 203286 35423
672 193 2519 2520 203919 35513
673 194 2519 2520 204517 35609
674 195 2519 2520 205103 35663
675 197 2519 2520 205662 35723
676 197 2519 2520 206303 35802
677 197 2519 2520 206948 35922
678 197 2519 2520 207615 36038
679 197 2519 2520 208216 36128
680 198 2519 2520 208852 36162
681 198 2519 2520 209459 36279
682 198 2519 2520 209966 36358
683 198 2519 2520 210519 36456
684 198 2519 2520 211066 36516
685 199 2519 2520 211664 36570
686 199 2519 2520 212185 36654
687 200 2519 2520 212785 36708
688 201 2519 2520 213353 36794
689 201 2519 2520 213927 36894
690 202 2519 2520 214425 36967
691 203 2519 2520 214959 37025
692 204 2519 2520 215543 37066
693 204 2519 2520 216049 37141
694 204 2519 2520 216598 37236
695 205 2519 2520 217180 37314
696 206 2519 2520 217721 37385
697 206 2519 2520 218312 37444
698 206 2519 2520 218903 37505
699 207 2519 2520 219485 37566
700 209 2519 2520 220003 37665
701 210 2519 2520 220542 37765
702 210 2519 2520 221096 37872
703 211 2519 2520 221672 37920
704 211 2519 2520 222283 37986
705 211 2519 2520 222842 38069
706 212 2519 2520 223442 38113
707 216 2519 2520 224064 38180
708 216 2519 2520 224732 38274
709 216 2519 2520 225475 38343
710 216 2519 2520 226175 38358
711 216 2519 2520 226800 38484
712 216 2519 2520 227527 38591
713 216 2519 2520 228214 38673
714 216 2519 2520 228881 38749
715 217 2519 2520 229520 38856
716 218 2519 2520 230241 38940
717 218 2519 2520 230949 39011
718 218 2519 2520 231552 39101
719 219 2519 2520 232224 39175
720 219 2519 2520 232810 39215
721 219 2519 2520 233386 39325
722 219 2519 2520 234006 39452
723 221 2519 2520 234583 39537
724 221 2519 2520 235227 39618
725 221 2519 2520 235765 39689
726 221 2519 2520 236343 39747
727 221 2519 2520 236885 39804
728 223 2519 2520 237400 39895
729 223 2519 2520 237923 39954
730 223 2519 2520 238513 39984
731 223 2519 2520 239062 40080
732 223 2519 2520 239662 40173
733 224 2519 2520 240253 40219
734 224 2519 2520 240789 40262
735 224 2519 2520 241223 40316
736 224 2519 2520 241731 40367
737 224 2519 2520 242250 40426
738 225 2519 2520 242756 40482
739 227 2519 2520 243242 40552
740 227 2519 2520 243759 40587
741 227 2519 2520 244281 40649
742 228 2519 2520 244673 40701
743 228 2519 2520 245129 40754
744 228 2519 2520 245649 40850
745 230 2519 2520 246220 40940
746 230 2519 2520 246732 41009
747 230 2519 2520 247250 41079
748 232 2519 2520 247848 41134
749 234 2519 2520 248348 41230
750 235 2519 2520 248969 41337
751 235 2519 2520 249602 41447
752 236 2519 2520 250190 41521
753 236 2519 2520 250850 41623
754 237 2519 2520 251482 41715
755 237 2519 2520 252179 41806
756 238 2519 2520 252818 41904
757 239 2519 2520 253435 41948
758 241 2519 2520 254061 42061
759 243 2519 2520 254704 42148
760 243 2519 2520 255372 42244
761 243 2519 2520 256081 42319
762 244 2519 2520 256843 42396
763 244 2519 2520 257604 42503
764 245 2519 2520 258333 42580
765 245 2519 2520 259104 42684
766 246 2519 2520 259888 42763
767 247 2519 2520 260592 42828
768 247 2519 2520 261322 42897
769 248 2519 2520 262059 43009
770 248 2519 2520 262780 43126
771 248 2519 2520 263521 43154
772 248 2519 2520 264195 43219
773 248 2519 2520 264839 43293
774 249 2519 2520 265541 43371
775 251 2519 2520 266169 43424
776 251 2519 2520 266837 43453
777 251 2519 2520 267549 43528
778 251 2519 2520 268244 43616
779 252 2519 2520 268902 43675
780 252 2519 2520 269600 43797
781 252 2519 2520 270185 43847
782 252 2519 2520 270831 43897
783 252 2519 2520 271440 44003
784 253 2519 2520 272048 44047
785 253 2519 2520 272660 44112
786 256 2519 2520 273259 44205
787 256 2519 2520 273923 44255
788 256 2519 2520 274571 44292
789 257 2519 2520 275156 44357
790 259 2519 2520 275694 44389
791 260 2519 2520 276295 44493
792 260 2519 2520 276851 44542
793 260 2519 2520 277532 44640
794 260 2519 2520 278165 44783
795 261 2519 2520 278859 44836
796 261 2519 2520 279501 44917
797 262 2519 2520 280175 45008
798 262 2519 2520 280769 45130
799 262 2519 2520 281504 45182
800 262 2519 2520 282140 45225
801 262 2519 2520 282724 45352
802 262 2519 2520 283330 45426
803 262 2519 2520 283946 45491
804 264 2519 2520 284607 45570
805 264 2519 2520 285173 45545
806 265 2519 2520 285790 45626
807 267 2519 2520 286360 45717
808 268 2519 2520 287086 45806
809 268 2519 2520 287754 45880
810 269 2519 2520 288395 45948
811 271 2519 2520 288978 46035
812 272 2519 2520 289657 46126
813 273 2519 2520 290472 46240
814 274 2519 2520 291208 46300
815 274 2519 2520 292012 46417
816 274 2519 2520 292738 46516
817 275 2519 2520 293517 46614
818 275 2519 2520 294285 46724
819 275 2519 2520 295030 46830
820 275 2519 2520 295746 46958
821 275 2519 2520 296454 47042
822 275 2519 2520 297110 47133
823 277 2519 2520 297761 47254
824 280 2519 2520 298427 47330
825 280 2519 2520 299206 47418
826 281 2519 2520 299920 47538
827 282 2519 2520 300622 47609
828 282 2519 2520 301443 47746
829 283 2519 2520 302191 47839
830 285 2519 2520 302929 47925
831 286 2519 2520 303678 48000
832 286 2519 2520 304483 48133
833 286 2519 2520 305301 48256
834 286 2519 2520 306079 48334
835 286 2519 2520 306808 48401
836 288 2519 2520 307568 48465
837 288 2519 2520 308274 48508
838 288 2519 2520 308963 48605
839 289 2519 2520 309699 48717
840 289 2519 2520 310389 48784
841 290 2519 2520 311104 48879
842 291 2519 2520 311772 48984
843 291 2519 2520 312402 49031
844 292 2519 2520 312982 49054
845 294 2519 2520 313562 49178
846 294 2519 2520 314288 49248
847 294 2519 2520 314928 49312
848 294 2519 2520 315511 49334
849 294 2519 2520 316152 49426
850 294 2519 2520 316739 49523
851 295 2519 2520 317374 49657
852 295 2519 2520 317967 49731
853 297 2519 2520 318589 49800
854 298 2519 2520 319200 49872
855 299 2519 2520 319769 49949
856 299 2519 2520 320445 50003
857 301 2519 2520 321080 50100
858 302 2519 2520 321715 50189
859 303 2519 2520 322437 50273
860 304 2519 2520 323110 50345
861 304 2519 2520 323741 50404
862 304 2519 2520 324436 50477
863 304 2519 2520 325189 50608
864 305 2519 2520 325870 50669
865 306 2519 2520 326530 50782
866 308 2519 2520 327268 50870
867 308 2519 2520 328036 50951
868 309 2519 2520 328828 51040
869 311 2519 2520 329603 51189
870 311 2519 2520 330462 51324
871 313 2519 2520 331270 51426
872 313 2519 2520 332198 51537
873 314 2519 2520 333023 51669
874 315 2519 2520 333853 51727
875 316 2519 2520 334718 51841
876 316 2519 2520 335549 51953
877 316 2519 2520 336402 51983
878 317 2519 2520 337206 52101
879 318 2519 2520 337912 52191
880 318 2519 2520 338649 52293
881 319 2519 2520 339378 52413
882 320 2519 2520 340149 52498
883 320 2519 2520 340916 52591
884 321 2519 2520 341721 52668
885 321 2519 2520 342509 52740
886 321 2519 2520 343299 52824
887 321 2519 2520 344164 52937
888 321 2519 2520 344959 53063
889 321 2519 2520 345800 53205
890 321 2519 2520 346482 53266
891 323 2519 2520 347144 53388
892 323 2519 2520 347883 53451
893 325 2519 2520 348526 53544
894 325 2519 2520 349202 53642
895 325 2519 2520 349810 53701
896 326 2519 2520 350536 53756
897 328 2519 2520 351211 53828
898 328 2519 2520 351910 53880
899 330 2519 2520 352608 54005
900 330 2519 2520 353351 54079
901 330 2519 2520 354126 54226
902 330 2519 2520 354862 54284
903 331 2519 2520 355598 54403
904 334 2519 2520 356298 54456
905 334 2519 2520 357107 54541
906 335 2519 2520 357919 54638
907 336 2519 2520 358712 54719
908 338 2519 2520 359455 54814
909 338 2519 2520 360184 54971
910 339 2519 2520 361070 55103
911 339 2519 2520 361847 55237
912 339 2519 2520 362583 55321
913 339 2519 2520 363359 55393
914 342 2519 2520 364155 55495
915 342 2519 2520 364903 55591
916 343 2519 2520 365703 55654
917 344 2519 2520 366591 55791
918 345 2519 2520 367393 55908
919 345 2519 2520 368275 56041
920 347 2519 2520 369072 56087
921 347 2519 2520 369950 56206
922 348 2519 2520 370772 56320
923 351 2519 2520 371637 56391
924 353 2519 2520 372479 56518
925 353 2519 2520 373303 56651
926 355 2519 2520 374303 56836
927 355 2519 2520 375252 56959
928 355 2519 2520 376179 57052
929 356 2519 2520 377168 57222
930 356 2519 2520 378118 57349
931 356 2519 2520 379118 57470
932 357 2519 2520 379988 57528
933 358 2519 2520 380889 57658
934 358 2519 2520 381781 57749
935 358 2519 2520 382679 57818
936 358 2519 2520 383618 57897
937 359 2519 2520 384405 57981
938 359 2519 2520 385261 58098
939 361 2519 2520 386045 58140
940 362 2519 2520 386869 58253
941 363 2519 2520 387720 58370
942 364 2519 2520 388471 58454
943 364 2519 2520 389275 58566
944 366 2519 2520 390116 58657
945 367 2519 2520 391023 58737
946 367 2519 2520 391851 58810
947 368 2519 2520 392696 58938
948 369 2519 2520 393560 59068
949 371 2519 2520 394383 59112
950 373 2519 2520 395310 59192
951 373 2519 2520 396218 59300
952 376 2519 2520 397080 59394
953 376 2519 2520 397962 59488
954 377 2519 2520 398965 59618
955 377 2519 2520 399915 59695
956 377 2519 2520 400859 59776
957 378 2519 2520 401836 59861
958 380 2519 2520 402737 59898
959 380 2519 2520 403716 60028
960 382 2519 2520 404680 60161
961 383 2519 2520 405646 60259
962 384 2519 2520 406624 60356
963 387 2519 2520 407552 60482
964 387 2519 2520 408553 60584
965 389 2519 2520 409583 60735
966 389 2519 2520 410699 60874
967 389 2519 2520 411742 61053
968 389 2519 2520 412778 61176
969 389 2519 2520 413836 61293
970 389 2519 2520 414899 61380
971 391 2519 2520 415884 61484
972 391 2519 2520 416843 61549
973 392 2519 2520 417835 61712
974 393 2519 2520 418743 61825
975 395 2519 2520 419630 61914
976 395 2519 2520 420532 61966
977 396 2519 2520 421558 62045
978 396 2519 2520 422323 62088
979 397 2519 2520 423215 62141
980 397 2519 2520 424036 62243
981 397 2519 2520 424905 62368
982 399 2519 2520 425829 62443
983 401 2519 2520 426660 62565
984 401 2519 2520 427542 62624
985 401 2519 2520 428373 62764
986 401 2519 2520 429297 62873
987 401 2519 2520 430146 62974
988 401 2519 2520 430938 63086
989 403 2519 2520 431764 63163
990 403 2519 2520 432561 63234
991 403 2519 2520 433393 63328
992 406 2519 2520 434184 63457
993 406 2519 2520 435030 63519
994 407 2519 2520 435817 63606
995 409 2519 2520 436663 63689
996 410 2519 2520 437561 63830
997 410 2519 2520 438408 63927
998 410 2519 2520 439307 63971
999 412 2519 2520 440228 64061
1000 412 2519 2520 441077 64121
