0 1 2519 2520 796 500
1 1 2519 2520 818 514
2 1 2519 2520 849 534
3 1 2519 2520 888 557
4 1 2519 2520 929 577
5 1 2519 2520 964 597
6 1 2519 2520 999 609
7 1 2519 2520 1041 632
8 1 2519 2520 1078 648
9 1 2519 2520 1113 661
10 1 2519 2520 1135 670
11 1 2519 2520 1144 669
12 1 2519 2520 1163 673
13 1 2519 2520 1177 678
14 1 2519 2520 1195 687
15 1 2519 2520 1217 691
16 1 2519 2520 1243 702
17 1 2519 2520 1248 703
18 1 2519 2520 1262 705
19 1 2519 2520 1275 707
20 2 2519 2520 1291 710
21 2 2519 2520 1328 725
22 2 2519 2520 1417 762
23 2 2519 2520 1508 794
24 2 2519 2520 1610 835
25 2 2519 2520 1697 871
26 2 2519 2520 1778 894
27 2 2519 2520 1879 941
28 2 2519 2520 1967 961
29 2 2519 2520 2054 978
30 2 2519 2520 2113 995
31 2 2519 2520 2186 1016
32 2 2519 2520 2237 1032
33 2 2519 2520 2278 1037
34 2 2519 2520 2314 1046
35 2 2519 2520 2345 1059
36 2 2519 2520 2383 1069
37 2 2519 2520 2413 1077
38 2 2519 2520 2446 1090
39 3 2519 2520 2462 1098
40 3 2519 2520 2515 1116
41 3 2519 2520 2589 1143
42 4 2519 2520 2677 1182
43 4 2519 2520 2786 1206
44 4 2519 2520 2932 1265
45 4 2519 2520 3078 1327
46 4 2519 2520 3195 1372
47 4 2519 2520 3331 1416
48 4 2519 2520 3442 1463
49 4 2519 2520 3552 1497
50 4 2519 2520 3656 1531
51 4 2519 2520 3783 1574
52 4 2519 2520 3900 1613
53 4 2519 2520 4007 1659
54 4 2519 2520 4095 1675
55 4 2519 2520 4180 1699
56 4 2519 2520 4281 1739
57 4 2519 2520 4354 1767
58 4 2519 2520 4442 1784
59 4 2519 2520 4507 1817
60 4 2519 2520 4584 1852
61 5 2519 2520 4659 1884
62 5 2519 2520 4733 1899
63 6 2519 2520 4847 1939
64 6 2519 2520 4980 1982
65 6 2519 2520 5118 2036
66 7 2519 2520 5286 2095
67 7 2519 2520 5454 2137
68 7 2519 2520 5640 2189
69 7 2519 2520 5836 2236
70 7 2519 2520 6030 2291
71 7 2519 2520 6209 2335
72 7 2519 2520 6410 2399
73 7 2519 2520 6560 2438
74 7 2519 2520 6711 2479
75 7 2519 2520 6866 2516
76 7 2519 2520 6988 2549
77 7 2519 2520 7133 2581
78 7 2519 2520 7211 2598
79 7 2519 2520 7337 2636
80 7 2519 2520 7468 2682
81 8 2519 2520 7558 2708
82 8 2519 2520 7656 2746
83 9 2519 2520 7797 2779
84 9 2519 2520 7920 2816
85 9 2519 2520 8116 2861
86 9 2519 2520 8290 2916
87 9 2519 2520 8469 2959
88 9 2519 2520 8630 3002
89 10 2519 2520 8784 3030
90 10 2519 2520 8943 3105
91 10 2519 2520 9144 3139
92 11 2519 2520 9365 3180
93 11 2519 2520 9595 3235
94 11 2519 2520 9861 3313
95 11 2519 2520 10043 3357
96 11 2519 2520 10246 3410
97 11 2519 2520 10418 3457
98 11 2519 2520 10632 3496
99 11 2519 2520 10805 3536
100 11 2519 2520 10979 3572
101 11 2519 2520 11137 3621
102 11 2519 2520 11293 3643
103 12 2519 2520 11447 3695
104 12 2519 2520 11632 3723
105 12 2519 2520 11785 3768
106 12 2519 2520 11969 3819
107 12 2519 2520 12135 3868
108 12 2519 2520 12282 3904
109 12 2519 2520 12410 3949
110 14 2519 2520 12553 3995
111 14 2519 2520 12751 4037
112 14 2519 2520 12976 4090
113 14 2519 2520 13221 4144
114 14 2519 2520 13395 4185
115 14 2519 2520 13561 4237
116 14 2519 2520 13778 4264
117 14 2519 2520 13976 4308
118 14 2519 2520 14171 4359
119 14 2519 2520 14318 4384
120 15 2519 2520 14475 4419
121 15 2519 2520 14666 4463
122 15 2519 2520 14852 4497
123 15 2519 2520 15019 4531
124 15 2519 2520 15176 4559
125 15 2519 2520 15373 4593
126 15 2519 2520 15537 4628
127 15 2519 2520 15674 4657
128 15 2519 2520 15792 4704
129 15 2519 2520 15910 4718
130 16 2519 2520 16025 4750
131 16 2519 2520 16150 4785
132 16 2519 2520 16312 4807
133 16 2519 2520 16456 4832
134 17 2519 2520 16613 4862
135 18 2519 2520 16804 4924
136 18 2519 2520 17021 4978
137 19 2519 2520 17270 5044
138 19 2519 2520 17542 5112
139 19 2519 2520 17853 5199
140 19 2519 2520 18101 5246
141 19 2519 2520 18333 5299
142 19 2519 2520 18543 5336
143 19 2519 2520 18756 5369
144 20 2519 2520 19006 5419
145 21 2519 2520 19238 5458
146 21 2519 2520 19505 5503
147 21 2519 2520 19727 5554
148 21 2519 2520 19967 5594
149 21 2519 2520 20210 5618
150 21 2519 2520 20421 5672
151 21 2519 2520 20642 5724
152 21 2519 2520 20862 5775
153 21 2519 2520 21084 5809
154 21 2519 2520 21271 5827
155 21 2519 2520 21493 5863
156 21 2519 2520 21680 5890
157 21 2519 2520 21847 5955
158 21 2519 2520 22027 5998
159 21 2519 2520 22184 6032
160 22 2519 2520 22340 6051
161 22 2519 2520 22486 6085
162 22 2519 2520 22656 6115
163 22 2519 2520 22862 6159
164 24 2519 2520 23058 6208
165 24 2519 2520 23295 6274
166 25 2519 2520 23504 6315
167 25 2519 2520 23770 6370
168 25 2519 2520 24047 6443
169 25 2519 2520 24286 6511
170 26 2519 2520 24528 6572
171 26 2519 2520 24763 6634
172 26 2519 2520 25086 6703
173 27 2519 2520 25397 6767
174 27 2519 2520 25681 6821
175 27 2519 2520 26006 6911
176 27 2519 2520 26310 6985
177 27 2519 2520 26602 7048
178 27 2519 2520 26875 7100
179 27 2519 2520 27147 7173
180 27 2519 2520 27403 7224
181 27 2519 2520 27620 7261
182 27 2519 2520 27811 7297
183 27 2519 2520 28051 7342
184 27 2519 2520 28238 7373
185 27 2519 2520 28431 7409
186 27 2519 2520 28594 7442
187 28 2519 2520 28768 7487
188 28 2519 2520 28955 7497
189 28 2519 2520 29144 7558
190 28 2519 2520 29328 7577
191 28 2519 2520 29500 7618
192 28 2519 2520 29704 7656
193 28 2519 2520 29861 7705
194 28 2519 2520 29993 7741
195 29 2519 2520 30144 7782
196 29 2519 2520 30316 7821
197 30 2519 2520 30515 7908
198 31 2519 2520 30745 7953
199 31 2519 2520 30955 8031
200 31 2519 2520 31184 8081
201 31 2519 2520 31494 8153
202 31 2519 2520 31706 8196
203 32 2519 2520 31924 8239
204 33 2519 2520 32135 8297
205 33 2519 2520 32396 8333
206 33 2519 2520 32648 8377
207 34 2519 2520 32904 8450
208 34 2519 2520 33137 8495
209 35 2519 2520 33386 8538
210 35 2519 2520 33665 8573
211 35 2519 2520 33942 8626
212 35 2519 2520 34236 8705
213 35 2519 2520 34524 8775
214 35 2519 2520 34791 8817
215 35 2519 2520 35074 8865
216 35 2519 2520 35357 8904
217 35 2519 2520 35626 8959
218 35 2519 2520 35871 9003
219 35 2519 2520 36082 9030
220 35 2519 2520 36303 9093
221 35 2519 2520 36496 9160
222 35 2519 2520 36699 9197
223 35 2519 2520 36932 9232
224 35 2519 2520 37149 9275
225 35 2519 2520 37325 9320
226 35 2519 2520 37488 9378
227 35 2519 2520 37687 9416
228 35 2519 2520 37851 9416
229 35 2519 2520 37995 9468
230 36 2519 2520 38160 9497
231 37 2519 2520 38318 9533
232 37 2519 2520 38518 9577
233 37 2519 2520 38692 9621
234 37 2519 2520 38880 9654
235 37 2519 2520 39068 9719
236 37 2519 2520 39258 9754
237 37 2519 2520 39482 9811
238 38 2519 2520 39744 9856
239 38 2519 2520 39978 9925
240 38 2519 2520 40170 9977
241 38 2519 2520 40366 9999
242 38 2519 2520 40586 10028
243 39 2519 2520 40762 10067
244 39 2519 2520 40937 10133
245 39 2519 2520 41163 10127
246 41 2519 2520 41358 10182
247 41 2519 2520 41551 10230
248 42 2519 2520 41821 10267
249 42 2519 2520 42093 10335
250 42 2519 2520 42342 10390
251 42 2519 2520 42656 10437
252 44 2519 2520 42934 10503
253 44 2519 2520 43253 10573
254 44 2519 2520 43556 10637
255 44 2519 2520 43847 10716
256 44 2519 2520 44189 10756
257 44 2519 2520 44470 10818
258 44 2519 2520 44779 10886
259 44 2519 2520 45065 10929
260 44 2519 2520 45331 10995
261 44 2519 2520 45594 11032
262 45 2519 2520 45847 11088
263 45 2519 2520 46132 11135
264 45 2519 2520 46377 11167
265 45 2519 2520 46642 11236
266 45 2519 2520 46885 11290
267 45 2519 2520 47116 11325
268 45 2519 2520 47348 11359
269 45 2519 2520 47581 11398
270 45 2519 2520 47825 11430
271 45 2519 2520 48035 11463
272 45 2519 2520 48252 11501
273 45 2519 2520 48430 11538
274 45 2519 2520 48659 11568
275 45 2519 2520 48883 11598
276 45 2519 2520 49058 11626
277 45 2519 2520 49205 11649
278 45 2519 2520 49370 11681
279 45 2519 2520 49516 11701
280 47 2519 2520 49675 11736
281 48 2519 2520 49815 11784
282 48 2519 2520 50070 11834
283 50 2519 2520 50289 11890
284 50 2519 2520 50595 11937
285 50 2519 2520 50939 12018
286 51 2519 2520 51263 12059
287 51 2519 2520 51569 12101
288 51 2519 2520 51904 12165
289 51 2519 2520 52218 12235
290 51 2519 2520 52481 12311
291 51 2519 2520 52787 12373
292 51 2519 2520 53047 12409
293 52 2519 2520 53314 12471
294 52 2519 2520 53631 12531
295 53 2519 2520 53911 12589
296 53 2519 2520 54179 12634
297 53 2519 2520 54444 12704
298 53 2519 2520 54686 12736
299 54 2519 2520 54987 12799
300 54 2519 2520 55281 12868
301 54 2519 2520 55555 12914
302 54 2519 2520 55867 12952
303 54 2519 2520 56132 13019
304 54 2519 2520 56361 13027
305 54 2519 2520 56617 13065
306 55 2519 2520 56871 13117
307 56 2519 2520 57176 13159
308 56 2519 2520 57477 13228
309 56 2519 2520 57754 13299
310 56 2519 2520 58035 13355
311 56 2519 2520 58337 13408
312 57 2519 2520 58578 13495
313 57 2519 2520 58883 13522
314 57 2519 2520 59228 13578
315 58 2519 2520 59530 13615
316 58 2519 2520 59823 13678
317 58 2519 2520 60140 13756
318 59 2519 2520 60451 13813
319 59 2519 2520 60745 13853
320 59 2519 2520 61048 13935
321 59 2519 2520 61373 13980
322 59 2519 2520 61718 14033
323 59 2519 2520 62024 14079
324 59 2519 2520 62342 14169
325 59 2519 2520 62621 14212
326 59 2519 2520 62888 14278
327 59 2519 2520 63142 14326
328 59 2519 2520 63437 14370
329 59 2519 2520 63701 14390
330 60 2519 2520 63925 14450
331 60 2519 2520 64181 14503
332 60 2519 2520 64439 14544
333 60 2519 2520 64675 14585
334 60 2519 2520 64900 14641
335 60 2519 2520 65098 14662
336 60 2519 2520 65307 14699
337 60 2519 2520 65493 14724
338 60 2519 2520 65701 14787
339 60 2519 2520 65904 14795
340 60 2519 2520 66082 14844
341 60 2519 2520 66271 14879
342 61 2519 2520 66451 14931
343 63 2519 2520 66597 14967
344 64 2519 2520 66792 15026
345 65 2519 2520 67049 15045
346 66 2519 2520 67281 15079
347 66 2519 2520 67533 15131
348 66 2519 2520 67835 15171
349 66 2519 2520 68194 15248
350 66 2519 2520 68555 15327
351 66 2519 2520 68926 15386
352 66 2519 2520 69270 15450
353 66 2519 2520 69607 15499
354 66 2519 2520 69907 15542
355 68 2519 2520 70167 15590
356 69 2519 2520 70492 15639
357 69 2519 2520 70841 15713
358 69 2519 2520 71187 15789
359 69 2519 2520 71551 15864
360 69 2519 2520 71900 15919
361 69 2519 2520 72255 15974
362 69 2519 2520 72540 16012
363 69 2519 2520 72832 16080
364 69 2519 2520 73131 16117
365 69 2519 2520 73415 16147
366 69 2519 2520 73701 16216
367 71 2519 2520 74011 16272
368 71 2519 2520 74316 16375
369 71 2519 2520 74653 16415
370 72 2519 2520 74963 16507
371 72 2519 2520 75301 16568
372 72 2519 2520 75622 16622
373 73 2519 2520 75956 16664
374 73 2519 2520 76292 16704
375 73 2519 2520 76691 16801
376 73 2519 2520 77018 16871
377 74 2519 2520 77348 16945
378 74 2519 2520 77629 16996
379 75 2519 2520 77960 17062
380 75 2519 2520 78303 17150
381 75 2519 2520 78634 17233
382 75 2519 2520 78914 17299
383 75 2519 2520 79244 17335
384 75 2519 2520 79534 17390
385 75 2519 2520 79865 17411
386 75 2519 2520 80138 17435
387 75 2519 2520 80484 17461
388 75 2519 2520 80791 17480
389 75 2519 2520 81090 17507
390 75 2519 2520 81349 17558
391 75 2519 2520 81559 17590
392 78 2519 2520 81798 17626
393 78 2519 2520 82107 17658
394 78 2519 2520 82451 17739
395 79 2519 2520 82747 17786
396 80 2519 2520 83082 17854
397 80 2519 2520 83373 17911
398 81 2519 2520 83746 17964
399 81 2519 2520 84097 18044
400 82 2519 2520 84494 18118
401 82 2519 2520 84879 18204
402 83 2519 2520 85283 18301
403 83 2519 2520 85647 18382
404 83 2519 2520 85978 18418
405 83 2519 2520 86391 18508
406 83 2519 2520 86840 18557
407 83 2519 2520 87199 18626
408 83 2519 2520 87519 18647
409 83 2519 2520 87880 18711
410 83 2519 2520 88207 18767
411 83 2519 2520 88576 18837
412 83 2519 2520 88930 18899
413 83 2519 2520 89216 18947
414 84 2519 2520 89566 19025
415 84 2519 2520 89865 19091
416 84 2519 2520 90123 19132
417 84 2519 2520 90414 19215
418 84 2519 2520 90681 19238
419 85 2519 2520 90957 19285
420 86 2519 2520 91243 19324
421 86 2519 2520 91488 19373
422 86 2519 2520 91791 19433
423 87 2519 2520 92096 19486
424 87 2519 2520 92312 19524
425 87 2519 2520 92598 19596
426 87 2519 2520 92868 19643
427 87 2519 2520 93138 19722
428 87 2519 2520 93406 19755
429 87 2519 2520 93696 19761
430 87 2519 2520 93964 19818
431 87 2519 2520 94203 19881
432 88 2519 2520 94479 19926
433 88 2519 2520 94730 19992
434 88 2519 2520 95001 20016
435 89 2519 2520 95243 20085
436 89 2519 2520 95541 20146
437 89 2519 2520 95845 20212
438 91 2519 2520 96136 20249
439 91 2519 2520 96423 20343
440 91 2519 2520 96736 20427
441 93 2519 2520 97051 20472
442 93 2519 2520 97382 20505
443 93 2519 2520 97712 20564
444 93 2519 2520 98051 20635
445 94 2519 2520 98392 20714
446 94 2519 2520 98740 20733
447 94 2519 2520 99079 20777
448 95 2519 2520 99481 20830
449 95 2519 2520 99863 20903
450 95 2519 2520 100243 20957
451 95 2519 2520 100589 20988
452 96 2519 2520 100947 21055
453 96 2519 2520 101291 21084
454 97 2519 2520 101722 21162
455 97 2519 2520 102101 21210
456 97 2519 2520 102466 21275
457 98 2519 2520 102828 21347
458 98 2519 2520 103173 21405
459 100 2519 2520 103580 21459
460 100 2519 2520 103934 21527
461 100 2519 2520 104304 21548
462 100 2519 2520 104645 21585
463 100 2519 2520 104996 21647
464 100 2519 2520 105333 21692
465 100 2519 2520 105730 21706
466 102 2519 2520 106045 21741
467 102 2519 2520 106442 21783
468 102 2519 2520 106846 21820
469 102 2519 2520 107236 21867
470 102 2519 2520 107569 21889
471 104 2519 2520 107898 21953
472 106 2519 2520 108308 22007
473 106 2519 2520 108798 22084
474 106 2519 2520 109287 22173
475 106 2519 2520 109736 22256
476 107 2519 2520 110241 22305
477 107 2519 2520 110730 22377
478 107 2519 2520 111212 22479
479 107 2519 2520 111656 22529
480 107 2519 2520 112135 22608
481 107 2519 2520 112563 22690
482 108 2519 2520 113002 22745
483 108 2519 2520 113360 22797
484 108 2519 2520 113803 22896
485 110 2519 2520 114216 22945
486 110 2519 2520 114664 22985
487 110 2519 2520 115152 23068
488 110 2519 2520 115546 23125
489 110 2519 2520 115952 23140
490 110 2519 2520 116394 23223
491 110 2519 2520 116831 23281
492 110 2519 2520 117239 23379
493 110 2519 2520 117595 23470
494 110 2519 2520 117949 23556
495 110 2519 2520 118299 23601
496 110 2519 2520 118615 23679
497 110 2519 2520 118933 23717
498 110 2519 2520 119226 23758
499 110 2519 2520 119498 23782
500 111 2519 2520 119724 23844
501 111 2519 2520 119969 23837
502 112 2519 2520 120228 23884
503 113 2519 2520 120503 23927
504 113 2519 2520 120843 23969
505 113 2519 2520 121165 24029
506 113 2519 2520 121470 24093
507 113 2519 2520 121822 24150
508 114 2519 2520 122163 24213
509 114 2519 2520 122446 24270
510 117 2519 2520 122723 24315
511 117 2519 2520 123038 24412
512 117 2519 2520 123393 24472
513 118 2519 2520 123762 24546
514 118 2519 2520 124151 24613
515 118 2519 2520 124507 24665
516 118 2519 2520 124855 24755
517 119 2519 2520 125249 24836
518 119 2519 2520 125634 24891
519 119 2519 2520 125986 24938
520 120 2519 2520 126325 25005
521 120 2519 2520 126658 25035
522 120 2519 2520 127027 25094
523 120 2519 2520 127350 25116
524 121 2519 2520 127764 25183
525 121 2519 2520 128175 25214
526 121 2519 2520 128569 25285
527 121 2519 2520 128960 25321
528 121 2519 2520 129306 25354
529 121 2519 2520 129694 25410
530 121 2519 2520 130088 25505
531 122 2519 2520 130436 25562
532 122 2519 2520 130774 25602
533 122 2519 2520 131106 25618
534 122 2519 2520 131447 25683
535 122 2519 2520 131739 25742
536 122 2519 2520 132041 25783
537 123 2519 2520 132311 25824
538 123 2519 2520 132636 25837
539 124 2519 2520 132928 25886
540 124 2519 2520 133245 25937
541 125 2519 2520 133615 25993
542 126 2519 2520 133952 26042
543 126 2519 2520 134288 26099
544 126 2519 2520 134652 26123
545 126 2519 2520 135033 26210
546 126 2519 2520 135388 26249
547 126 2519 2520 135807 26301
548 126 2519 2520 136139 26377
549 127 2519 2520 136523 26389
550 128 2519 2520 136846 26451
551 128 2519 2520 137228 26502
552 129 2519 2520 137664 26573
553 129 2519 2520 138043 26632
554 129 2519 2520 138426 26672
555 129 2519 2520 138783 26773
556 129 2519 2520 139203 26823
557 130 2519 2520 139594 26855
558 131 2519 2520 139956 26948
559 132 2519 2520 140328 26964
560 132 2519 2520 140734 27006
561 132 2519 2520 141139 27078
562 132 2519 2520 141552 27169
563 133 2519 2520 141958 27260
564 134 2519 2520 142350 27319
565 134 2519 2520 142748 27346
566 134 2519 2520 143186 27406
567 136 2519 2520 143604 27458
568 137 2519 2520 143997 27496
569 137 2519 2520 144457 27557
570 137 2519 2520 144839 27645
571 138 2519 2520 145231 27725
572 138 2519 2520 145653 27770
573 139 2519 2520 146090 27832
574 140 2519 2520 146558 27896
575 141 2519 2520 146987 27921
576 141 2519 2520 147407 27960
577 141 2519 2520 147856 28014
578 141 2519 2520 148276 28042
579 142 2519 2520 148762 28094
580 142 2519 2520 149210 28186
581 143 2519 2520 149643 28247
582 144 2519 2520 150138 28316
583 146 2519 2520 150624 28448
584 146 2519 2520 151143 28477
585 146 2519 2520 151683 28550
586 146 2519 2520 152198 28608
587 146 2519 2520 152759 28698
588 146 2519 2520 153248 28711
589 146 2519 2520 153787 28741
590 147 2519 2520 154271 28795
591 147 2519 2520 154688 28858
592 148 2519 2520 155199 28928
593 149 2519 2520 155645 28986
594 149 2519 2520 156149 29055
595 149 2519 2520 156645 29157
596 149 2519 2520 157138 29236
597 149 2519 2520 157561 29273
598 151 2519 2520 158032 29345
599 151 2519 2520 158488 29407
600 152 2519 2520 158896 29471
601 152 2519 2520 159315 29546
602 152 2519 2520 159778 29557
603 153 2519 2520 160261 29605
604 153 2519 2520 160732 29663
605 154 2519 2520 161248 29697
606 154 2519 2520 161708 29811
607 154 2519 2520 162207 29876
608 154 2519 2520 162642 29937
609 156 2519 2520 163145 29995
610 157 2519 2520 163679 30100
611 157 2519 2520 164227 30220
612 158 2519 2520 164772 30319
613 158 2519 2520 165258 30399
614 158 2519 2520 165806 30492
615 159 2519 2520 166419 30560
616 159 2519 2520 166971 30636
617 159 2519 2520 167533 30758
618 161 2519 2520 168113 30861
619 161 2519 2520 168706 30956
620 162 2519 2520 169297 31045
621 162 2519 2520 169911 31111
622 162 2519 2520 170511 31194
623 162 2519 2520 171129 31288
624 162 2519 2520 171629 31350
625 162 2519 2520 172154 31465
626 162 2519 2520 172644 31551
627 162 2519 2520 173212 31664
628 163 2519 2520 173670 31740
629 163 2519 2520 174199 31783
630 163 2519 2520 174635 31814
631 163 2519 2520 175108 31892
632 163 2519 2520 175600 31925
633 163 2519 2520 175984 31974
634 163 2519 2520 176412 32020
635 163 2519 2520 176804 32051
636 164 2519 2520 177134 32106
637 164 2519 2520 177528 32150
638 164 2519 2520 177909 32223
639 164 2519 2520 178352 32290
640 164 2519 2520 178729 32357
641 166 2519 2520 179121 32469
642 166 2519 2520 179478 32516
643 166 2519 2520 179938 32552
644 166 2519 2520 180289 32595
645 168 2519 2520 180742 32638
646 169 2519 2520 181131 32721
647 169 2519 2520 181630 32773
648 170 2519 2520 182104 32850
649 172 2519 2520 182565 32887
650 172 2519 2520 183118 33017
651 173 2519 2520 183674 33096
652 175 2519 2520 184194 33186
653 175 2519 2520 184819 33270
654 176 2519 2520 185389 33350
655 178 2519 2520 186023 33490
656 178 2519 2520 186647 33568
657 178 2519 2520 187258 33660
658 178 2519 2520 187900 33715
659 180 2519 2520 188515 33772
660 180 2519 2520 189131 33856
661 180 2519 2520 189773 33964
662 181 2519 2520 190373 34002
663 181 2519 2520 190978 34074
664 181 2519 2520 191558 34181
665 181 2519 2520 192202 34262
666 181 2519 2520 192836 34364
667 181 2519 2520 193416 34453
668 182 2519 2520 194021 34543
669 182 2519 2520 194632 34618
670 182 2519 2520 195123 34654
671 182 2519 2520 195643 34749
672 182 2519 2520 196134 34771
673 182 2519 2520 196621 34847
674 183 2519 2520 197089 34880
675 183 2519 2520 197585 34974
676 183 2519 2520 198041 35034
677 184 2519 2520 198517 35086
678 184 2519 2520 198964 35167
679 185 2519 2520 199396 35259
680 186 2519 2520 199812 35310
681 186 2519 2520 200274 35351
682 188 2519 2520 200762 35400
683 188 2519 2520 201215 35466
684 190 2519 2520 201709 35561
685 190 2519 2520 202225 35632
686 192 2519 2520 202847 35704
687 192 2519 2520 203395 35788
688 192 2519 2520 203950 35869
689 193 2519 2520 204539 35973
690 193 2519 2520 205115 36027
691 193 2519 2520 205692 36127
692 194 2519 2520 206225 36210
693 194 2519 2520 206731 36265
694 194 2519 2520 207246 36362
695 194 2519 2520 207770 36427
696 194 2519 2520 208258 36546
697 194 2519 2520 208771 36579
698 195 2519 2520 209244 36660
699 198 2519 2520 209704 36711
700 198 2519 2520 210187 36768
701 198 2519 2520 210676 36830
702 198 2519 2520 211192 36861
703 198 2519 2520 211663 36924
704 199 2519 2520 212137 36981
705 199 2519 2520 212610 37048
706 200 2519 2520 213103 37103
707 201 2519 2520 213592 37171
708 202 2519 2520 214146 37274
709 203 2519 2520 214675 37369
710 203 2519 2520 215144 37441
711 203 2519 2520 215632 37528
712 203 2519 2520 216106 37580
713 203 2519 2520 216581 37656
714 206 2519 2520 217077 37712
715 206 2519 2520 217572 37762
716 206 2519 2520 218109 37811
717 208 2519 2520 218645 37942
718 209 2519 2520 219205 38019
719 209 2519 2520 219838 38127
720 210 2519 2520 220444 38233
721 210 2519 2520 221052 38368
722 210 2519 2520 221701 38440
723 210 2519 2520 222264 38490
724 211 2519 2520 222825 38593
725 212 2519 2520 223399 38662
726 212 2519 2520 223943 38774
727 213 2519 2520 224599 38896
728 213 2519 2520 225178 38970
729 214 2519 2520 225745 39036
730 214 2519 2520 226329 39153
731 214 2519 2520 226856 39225
732 214 2519 2520 227464 39316
733 214 2519 2520 227962 39418
734 215 2519 2520 228498 39462
735 215 2519 2520 229046 39509
736 217 2519 2520 229563 39594
737 217 2519 2520 230048 39675
738 217 2519 2520 230574 39741
739 218 2519 2520 231083 39841
740 219 2519 2520 231664 39891
741 219 2519 2520 232238 39971
742 219 2519 2520 232729 40077
743 220 2519 2520 233312 40135
744 220 2519 2520 233827 40242
745 220 2519 2520 234406 40318
746 220 2519 2520 234902 40379
747 221 2519 2520 235386 40432
748 221 2519 2520 235913 40491
749 222 2519 2520 236372 40567
750 222 2519 2520 236942 40632
751 222 2519 2520 237476 40691
752 223 2519 2520 237959 40756
753 225 2519 2520 238455 40816
754 225 2519 2520 238990 40889
755 226 2519 2520 239529 40974
756 227 2519 2520 240070 41059
757 228 2519 2520 240606 41110
758 228 2519 2520 241284 41214
759 228 2519 2520 241855 41368
760 228 2519 2520 242457 41473
761 228 2519 2520 242901 41507
762 229 2519 2520 243428 41596
763 230 2519 2520 244062 41670
764 231 2519 2520 244668 41740
765 231 2519 2520 245213 41834
766 231 2519 2520 245780 41910
767 231 2519 2520 246349 41986
768 231 2519 2520 246921 42084
769 232 2519 2520 247545 42161
770 232 2519 2520 248026 42260
771 232 2519 2520 248582 42352
772 233 2519 2520 249134 42409
773 233 2519 2520 249593 42467
774 234 2519 2520 250177 42527
775 234 2519 2520 250731 42602
776 236 2519 2520 251340 42702
777 236 2519 2520 251952 42781
778 238 2519 2520 252529 42852
779 239 2519 2520 253147 42921
780 239 2519 2520 253853 43068
781 239 2519 2520 254496 43134
782 239 2519 2520 255131 43228
783 240 2519 2520 255639 43338
784 240 2519 2520 256233 43438
785 240 2519 2520 256812 43509
786 240 2519 2520 257400 43558
787 241 2519 2520 257961 43620
788 242 2519 2520 258497 43734
789 242 2519 2520 259105 43824
790 242 2519 2520 259757 43925
791 242 2519 2520 260321 44027
792 243 2519 2520 260819 44123
793 246 2519 2520 261362 44176
794 246 2519 2520 261903 44244
795 248 2519 2520 262591 44356
796 249 2519 2520 263154 44417
797 249 2519 2520 263759 44477
798 249 2519 2520 264383 44625
799 250 2519 2520 264963 44675
800 251 2519 2520 265620 44783
801 252 2519 2520 266296 44890
802 252 2519 2520 266888 45001
803 254 2519 2520 267481 45083
804 255 2519 2520 268119 45156
805 255 2519 2520 268825 45278
806 255 2519 2520 269471 45364
807 256 2519 2520 270174 45428
808 258 2519 2520 270861 45463
809 258 2519 2520 271557 45563
810 259 2519 2520 272311 45655
811 260 2519 2520 272997 45712
812 260 2519 2520 273692 45833
813 260 2519 2520 274359 45867
814 260 2519 2520 275052 45934
815 260 2519 2520 275708 46007
816 260 2519 2520 276382 46125
817 261 2519 2520 276932 46178
818 261 2519 2520 277509 46184
819 262 2519 2520 278100 46232
820 262 2519 2520 278688 46317
821 262 2519 2520 279280 46387
822 264 2519 2520 279905 46457
823 264 2519 2520 280495 46541
824 264 2519 2520 281096 46631
825 264 2519 2520 281758 46714
826 265 2519 2520 282310 46788
827 265 2519 2520 282879 46842
828 265 2519 2520 283564 46932
829 266 2519 2520 284104 46992
830 266 2519 2520 284655 47082
831 267 2519 2520 285249 47177
832 267 2519 2520 285858 47225
833 267 2519 2520 286416 47263
834 269 2519 2520 286953 47368
835 270 2519 2520 287440 47423
836 270 2519 2520 287981 47476
837 270 2519 2520 288577 47576
838 271 2519 2520 289165 47674
839 271 2519 2520 289694 47776
840 271 2519 2520 290327 47814
841 272 2519 2520 290967 47913
842 274 2519 2520 291551 48010
843 274 2519 2520 292233 48154
844 274 2519 2520 292901 48264
845 275 2519 2520 293451 48327
846 275 2519 2520 294054 48398
847 276 2519 2520 294661 48488
848 276 2519 2520 295369 48548
849 277 2519 2520 296011 48617
850 278 2519 2520 296630 48700
851 278 2519 2520 297253 48759
852 279 2519 2520 297856 48845
853 280 2519 2520 298478 48915
854 280 2519 2520 299079 49020
855 280 2519 2520 299756 49115
856 281 2519 2520 300417 49212
857 283 2519 2520 301040 49281
858 283 2519 2520 301739 49389
859 283 2519 2520 302385 49475
860 285 2519 2520 303046 49537
861 287 2519 2520 303749 49606
862 288 2519 2520 304502 49686
863 289 2519 2520 305180 49786
864 290 2519 2520 305921 49879
865 291 2519 2520 306756 49921
866 291 2519 2520 307441 49980
867 291 2519 2520 308204 50047
868 291 2519 2520 308859 50116
869 291 2519 2520 309597 50224
870 291 2519 2520 310262 50291
871 291 2519 2520 310998 50384
872 291 2519 2520 311684 50499
873 292 2519 2520 312344 50543
874 293 2519 2520 312964 50616
875 293 2519 2520 313638 50690
876 294 2519 2520 314314 50822
877 295 2519 2520 315005 50862
878 298 2519 2520 315566 50930
879 298 2519 2520 316208 50987
880 300 2519 2520 316877 51077
881 302 2519 2520 317648 51143
882 304 2519 2520 318380 51210
883 304 2519 2520 319182 51398
884 305 2519 2520 320004 51521
885 306 2519 2520 320831 51621
886 306 2519 2520 321633 51697
887 306 2519 2520 322521 51837
888 307 2519 2520 323347 51962
889 307 2519 2520 324210 52048
890 307 2519 2520 325030 52159
891 307 2519 2520 325798 52252
892 307 2519 2520 326608 52344
893 307 2519 2520 327348 52395
894 308 2519 2520 328134 52522
895 310 2519 2520 328798 52579
896 310 2519 2520 329407 52691
897 310 2519 2520 330089 52805
898 311 2519 2520 330676 52840
899 312 2519 2520 331294 52924
900 312 2519 2520 331923 52994
901 313 2519 2520 332604 53064
902 315 2519 2520 333308 53130
903 317 2519 2520 334013 53213
904 317 2519 2520 334681 53315
905 317 2519 2520 335349 53405
906 317 2519 2520 336057 53503
907 317 2519 2520 336741 53585
908 318 2519 2520 337421 53681
909 318 2519 2520 338060 53744
910 319 2519 2520 338737 53882
911 320 2519 2520 339332 53957
912 322 2519 2520 340028 54049
913 322 2519 2520 340698 54169
914 322 2519 2520 341480 54291
915 323 2519 2520 342099 54365
916 323 2519 2520 342834 54465
917 323 2519 2520 343613 54622
918 323 2519 2520 344372 54685
919 323 2519 2520 345084 54773
920 324 2519 2520 345747 54811
921 325 2519 2520 346459 54919
922 325 2519 2520 347158 54979
923 326 2519 2520 347915 55086
924 327 2519 2520 348566 55181
925 327 2519 2520 349313 55229
926 328 2519 2520 349954 55322
927 329 2519 2520 350586 55427
928 329 2519 2520 351234 55486
929 330 2519 2520 351945 55537
930 331 2519 2520 352615 55593
931 334 2519 2520 353286 55730
932 334 2519 2520 354008 55759
933 334 2519 2520 354698 55859
934 334 2519 2520 355421 55965
935 334 2519 2520 356190 56077
936 334 2519 2520 356868 56125
937 335 2519 2520 357611 56193
938 336 2519 2520 358308 56317
939 336 2519 2520 359069 56429
940 338 2519 2520 359763 56511
941 339 2519 2520 360526 56611
942 340 2519 2520 361318 56700
943 340 2519 2520 362161 56780
944 341 2519 2520 362965 56877
945 341 2519 2520 363734 56958
946 341 2519 2520 364414 57048
947 341 2519 2520 365117 57137
948 341 2519 2520 365795 57212
949 341 2519 2520 366525 57326
950 341 2519 2520 367230 57461
951 341 2519 2520 367860 57521
952 341 2519 2520 368449 57648
953 342 2519 2520 369175 57705
954 342 2519 2520 369762 57795
955 343 2519 2520 370438 57864
956 344 2519 2520 371161 57915
957 346 2519 2520 371867 57974
958 346 2519 2520 372576 58093
959 346 2519 2520 373336 58209
960 346 2519 2520 374024 58285
961 347 2519 2520 374622 58340
962 348 2519 2520 375311 58437
963 350 2519 2520 375966 58500
964 352 2519 2520 376754 58585
965 352 2519 2520 377498 58645
966 352 2519 2520 378157 58731
967 354 2519 2520 378840 58850
968 356 2519 2520 379506 58958
969 357 2519 2520 380259 59057
970 358 2519 2520 381090 59166
971 358 2519 2520 381889 59275
972 360 2519 2520 382683 59353
973 360 2519 2520 383483 59432
974 360 2519 2520 384270 59518
975 361 2519 2520 385144 59622
976 362 2519 2520 385921 59755
977 362 2519 2520 386775 59844
978 362 2519 2520 387548 59914
979 362 2519 2520 388370 60011
980 363 2519 2520 389183 60074
981 363 2519 2520 389968 60157
982 363 2519 2520 390691 60264
983 364 2519 2520 391491 60355
984 364 2519 2520 392288 60458
985 365 2519 2520 393049 60528
986 367 2519 2520 393805 60601
987 367 2519 2520 394589 60706
988 367 2519 2520 395298 60811
989 370 2519 2520 395995 60841
990 371 2519 2520 396775 60923
991 372 2519 2520 397536 61037
992 373 2519 2520 398340 61145
993 374 2519 2520 399193 61244
994 375 2519 2520 400000 61362
995 376 2519 2520 400872 61482
996 377 2519 2520 401693 61610
997 377 2519 2520 402495 61739
998 377 2519 2520 403245 61804
999 378 2519 2520 404122 61949
1000 379 2519 2520 404977 62026
