0 1 2519 2520 795 499
1 1 2519 2520 823 517
2 1 2519 2520 849 533
3 1 2519 2520 906 561
4 1 2519 2520 952 582
5 1 2519 2520 990 597
6 1 2519 2520 1007 609
7 1 2519 2520 1036 622
8 1 2519 2520 1071 636
9 1 2519 2520 1097 646
10 1 2519 2520 1126 657
11 1 2519 2520 1153 666
12 1 2519 2520 1182 679
13 1 2519 2520 1210 691
14 1 2519 2520 1236 696
15 1 2519 2520 1256 702
16 1 2519 2520 1270 706
17 1 2519 2520 1287 711
18 1 2519 2520 1304 717
19 1 2519 2520 1317 725
20 1 2519 2520 1331 727
21 2 2519 2520 1333 720
22 2 2519 2520 1351 729
23 2 2519 2520 1434 764
24 2 2519 2520 1536 805
25 2 2519 2520 1617 839
26 2 2519 2520 1678 860
27 2 2519 2520 1760 891
28 2 2519 2520 1832 906
29 2 2519 2520 1917 941
30 2 2519 2520 1983 961
31 2 2519 2520 2050 982
32 2 2519 2520 2110 997
33 2 2519 2520 2167 1019
34 2 2519 2520 2224 1028
35 2 2519 2520 2253 1042
36 2 2519 2520 2296 1053
37 2 2519 2520 2340 1067
38 2 2519 2520 2366 1080
39 2 2519 2520 2409 1095
40 2 2519 2520 2434 1100
41 2 2519 2520 2452 1109
42 2 2519 2520 2467 1117
43 2 2519 2520 2483 1122
44 3 2519 2520 2513 1130
45 4 2519 2520 2549 1135
46 4 2519 2520 2645 1178
47 4 2519 2520 2764 1213
48 4 2519 2520 2916 1266
49 4 2519 2520 3062 1312
50 4 2519 2520 3214 1341
51 4 2519 2520 3341 1396
52 4 2519 2520 3478 1431
53 4 2519 2520 3618 1481
54 4 2519 2520 3719 1519
55 4 2519 2520 3823 1550
56 4 2519 2520 3920 1593
57 4 2519 2520 4028 1617
58 4 2519 2520 4121 1658
59 4 2519 2520 4209 1669
60 4 2519 2520 4287 1699
61 4 2519 2520 4370 1731
62 4 2519 2520 4423 1746
63 4 2519 2520 4471 1754
64 4 2519 2520 4538 1773
65 5 2519 2520 4609 1795
66 6 2519 2520 4708 1825
67 6 2519 2520 4851 1882
68 6 2519 2520 5020 1935
69 7 2519 2520 5176 1978
70 7 2519 2520 5338 2013
71 7 2519 2520 5543 2083
72 7 2519 2520 5754 2162
73 7 2519 2520 5936 2216
74 7 2519 2520 6164 2287
75 7 2519 2520 6333 2329
76 7 2519 2520 6492 2371
77 7 2519 2520 6654 2423
78 7 2519 2520 6792 2467
79 7 2519 2520 6929 2498
80 7 2519 2520 7046 2528
81 7 2519 2520 7179 2572
82 7 2519 2520 7294 2609
83 7 2519 2520 7419 2650
84 7 2519 2520 7555 2669
85 8 2519 2520 7676 2684
86 8 2519 2520 7775 2718
87 8 2519 2520 7920 2765
88 8 2519 2520 8073 2808
89 8 2519 2520 8228 2834
90 8 2519 2520 8354 2868
91 9 2519 2520 8470 2911
92 9 2519 2520 8627 2945
93 9 2519 2520 8782 2994
94 10 2519 2520 8916 3037
95 10 2519 2520 9066 3068
96 11 2519 2520 9283 3134
97 11 2519 2520 9497 3172
98 11 2519 2520 9713 3231
99 11 2519 2520 9938 3282
100 11 2519 2520 10108 3321
101 11 2519 2520 10286 3363
102 11 2519 2520 10451 3426
103 11 2519 2520 10600 3456
104 11 2519 2520 10740 3493
105 11 2519 2520 10909 3532
106 12 2519 2520 11089 3567
107 12 2519 2520 11251 3605
108 12 2519 2520 11440 3659
109 12 2519 2520 11613 3680
110 12 2519 2520 11782 3739
111 12 2519 2520 11928 3776
112 12 2519 2520 12047 3810
113 12 2519 2520 12195 3818
114 12 2519 2520 12356 3880
115 13 2519 2520 12491 3916
116 14 2519 2520 12638 3941
117 14 2519 2520 12787 3965
118 14 2519 2520 12993 4018
119 14 2519 2520 13139 4063
120 14 2519 2520 13327 4105
121 14 2519 2520 13485 4138
122 14 2519 2520 13699 4214
123 14 2519 2520 13873 4273
124 14 2519 2520 14008 4311
125 14 2519 2520 14169 4344
126 14 2519 2520 14312 4378
127 14 2519 2520 14429 4398
128 15 2519 2520 14533 4419
129 15 2519 2520 14684 4468
130 15 2519 2520 14828 4499
131 15 2519 2520 14982 4544
132 15 2519 2520 15119 4571
133 15 2519 2520 15273 4602
134 15 2519 2520 15413 4619
135 16 2519 2520 15557 4645
136 16 2519 2520 15711 4683
137 16 2519 2520 15900 4713
138 17 2519 2520 16050 4754
139 17 2519 2520 16235 4793
140 17 2519 2520 16443 4837
141 17 2519 2520 16640 4876
142 17 2519 2520 16800 4920
143 17 2519 2520 16996 4965
144 19 2519 2520 17186 5005
145 19 2519 2520 17376 5043
146 19 2519 2520 17618 5087
147 19 2519 2520 17854 5164
148 19 2519 2520 18022 5188
149 19 2519 2520 18248 5239
150 19 2519 2520 18446 5300
151 19 2519 2520 18620 5332
152 19 2519 2520 18805 5362
153 19 2519 2520 19011 5433
154 19 2519 2520 19162 5470
155 19 2519 2520 19323 5518
156 19 2519 2520 19450 5563
157 19 2519 2520 19579 5592
158 19 2519 2520 19763 5638
159 19 2519 2520 19923 5679
160 20 2519 2520 20057 5697
161 20 2519 2520 20187 5736
162 20 2519 2520 20341 5781
163 20 2519 2520 20500 5813
164 21 2519 2520 20672 5858
165 21 2519 2520 20832 5903
166 21 2519 2520 21043 5955
167 21 2519 2520 21230 5994
168 22 2519 2520 21394 6028
169 22 2519 2520 21603 6084
170 22 2519 2520 21807 6130
171 22 2519 2520 21981 6155
172 22 2519 2520 22200 6205
173 22 2519 2520 22412 6252
174 22 2519 2520 22580 6294
175 22 2519 2520 22744 6343
176 23 2519 2520 22874 6379
177 23 2519 2520 23066 6412
178 23 2519 2520 23268 6463
179 24 2519 2520 23479 6541
180 24 2519 2520 23686 6563
181 24 2519 2520 23888 6603
182 25 2519 2520 24084 6635
183 25 2519 2520 24275 6672
184 25 2519 2520 24511 6715
185 26 2519 2520 24740 6781
186 26 2519 2520 24994 6822
187 26 2519 2520 25266 6918
188 26 2519 2520 25543 6977
189 27 2519 2520 25844 7041
190 27 2519 2520 26078 7074
191 29 2519 2520 26353 7140
192 29 2519 2520 26681 7190
193 29 2519 2520 26996 7247
194 29 2519 2520 27343 7327
195 29 2519 2520 27601 7413
196 29 2519 2520 27901 7487
197 29 2519 2520 28216 7573
198 29 2519 2520 28486 7633
199 29 2519 2520 28743 7697
200 29 2519 2520 28996 7750
201 29 2519 2520 29213 7809
202 29 2519 2520 29432 7851
203 29 2519 2520 29635 7893
204 29 2519 2520 29846 7941
205 29 2519 2520 30020 7964
206 29 2519 2520 30209 8017
207 30 2519 2520 30362 8038
208 30 2519 2520 30538 8066
209 30 2519 2520 30729 8122
210 30 2519 2520 30916 8161
211 31 2519 2520 31090 8223
212 31 2519 2520 31250 8245
213 32 2519 2520 31455 8312
214 32 2519 2520 31672 8387
215 32 2519 2520 31942 8466
216 32 2519 2520 32177 8520
217 32 2519 2520 32421 8576
218 32 2519 2520 32661 8634
219 32 2519 2520 32873 8696
220 33 2519 2520 33112 8762
221 33 2519 2520 33334 8815
222 33 2519 2520 33555 8883
223 33 2519 2520 33787 8919
224 33 2519 2520 34004 8973
225 33 2519 2520 34226 9015
226 33 2519 2520 34430 9052
227 33 2519 2520 34613 9082
228 34 2519 2520 34847 9143
229 34 2519 2520 35067 9196
230 34 2519 2520 35295 9260
231 34 2519 2520 35476 9283
232 34 2519 2520 35666 9314
233 34 2519 2520 35836 9359
234 34 2519 2520 36015 9372
235 34 2519 2520 36172 9408
236 35 2519 2520 36330 9432
237 35 2519 2520 36485 9481
238 36 2519 2520 36712 9502
239 36 2519 2520 36971 9567
240 36 2519 2520 37223 9596
241 36 2519 2520 37457 9636
242 37 2519 2520 37683 9706
243 38 2519 2520 37919 9766
244 38 2519 2520 38122 9802
245 38 2519 2520 38329 9860
246 38 2519 2520 38614 9906
247 38 2519 2520 38851 9938
248 38 2519 2520 39072 9984
249 38 2519 2520 39334 10049
250 38 2519 2520 39521 10088
251 38 2519 2520 39712 10117
252 38 2519 2520 39947 10147
253 38 2519 2520 40168 10179
254 38 2519 2520 40340 10223
255 38 2519 2520 40554 10279
256 38 2519 2520 40720 10303
257 38 2519 2520 40885 10353
258 38 2519 2520 41089 10422
259 38 2519 2520 41256 10465
260 38 2519 2520 41447 10491
261 38 2519 2520 41653 10545
262 38 2519 2520 41791 10570
263 39 2519 2520 41950 10613
264 40 2519 2520 42105 10669
265 40 2519 2520 42278 10696
266 40 2519 2520 42493 10771
267 40 2519 2520 42656 10798
268 40 2519 2520 42841 10836
269 40 2519 2520 43064 10890
270 41 2519 2520 43254 10938
271 41 2519 2520 43455 10976
272 42 2519 2520 43680 11039
273 42 2519 2520 43902 11087
274 42 2519 2520 44135 11171
275 43 2519 2520 44391 11247
276 43 2519 2520 44653 11284
277 44 2519 2520 44930 11326
278 45 2519 2520 45251 11364
279 45 2519 2520 45567 11438
280 45 2519 2520 45862 11504
281 45 2519 2520 46138 11549
282 45 2519 2520 46468 11595
283 45 2519 2520 46748 11651
284 45 2519 2520 47053 11691
285 45 2519 2520 47304 11749
286 45 2519 2520 47542 11821
287 45 2519 2520 47810 11863
288 45 2519 2520 48043 11885
289 45 2519 2520 48232 11916
290 45 2519 2520 48419 11946
291 45 2519 2520 48645 11975
292 46 2519 2520 48856 11986
293 48 2519 2520 49076 12038
294 48 2519 2520 49305 12101
295 48 2519 2520 49604 12189
296 50 2519 2520 49877 12255
297 50 2519 2520 50139 12316
298 50 2519 2520 50447 12369
299 51 2519 2520 50738 12401
300 51 2519 2520 51048 12466
301 51 2519 2520 51396 12513
302 51 2519 2520 51709 12569
303 51 2519 2520 52038 12637
304 51 2519 2520 52342 12674
305 51 2519 2520 52694 12730
306 51 2519 2520 52998 12808
307 52 2519 2520 53345 12902
308 52 2519 2520 53681 12984
309 52 2519 2520 54009 13033
310 52 2519 2520 54373 13103
311 52 2519 2520 54682 13188
312 52 2519 2520 55000 13246
313 52 2519 2520 55305 13329
314 52 2519 2520 55537 13397
315 52 2519 2520 55754 13447
316 52 2519 2520 56003 13504
317 52 2519 2520 56204 13520
318 54 2519 2520 56438 13576
319 55 2519 2520 56711 13625
320 55 2519 2520 57008 13667
321 55 2519 2520 57251 13734
322 55 2519 2520 57508 13770
323 56 2519 2520 57721 13833
324 56 2519 2520 57934 13837
325 57 2519 2520 58226 13881
326 58 2519 2520 58522 13948
327 59 2519 2520 58810 14032
328 59 2519 2520 59169 14111
329 59 2519 2520 59535 14205
330 59 2519 2520 59894 14283
331 59 2519 2520 60282 14384
332 59 2519 2520 60641 14442
333 59 2519 2520 60971 14499
334 60 2519 2520 61303 14595
335 60 2519 2520 61581 14646
336 60 2519 2520 61912 14735
337 60 2519 2520 62266 14780
338 60 2519 2520 62588 14835
339 61 2519 2520 62872 14867
340 62 2519 2520 63196 14903
341 62 2519 2520 63478 14953
342 62 2519 2520 63780 15018
343 63 2519 2520 64104 15084
344 63 2519 2520 64386 15136
345 64 2519 2520 64698 15198
346 64 2519 2520 65023 15294
347 64 2519 2520 65328 15357
348 64 2519 2520 65681 15415
349 65 2519 2520 66024 15485
350 66 2519 2520 66361 15549
351 66 2519 2520 66682 15588
352 66 2519 2520 66959 15642
353 66 2519 2520 67256 15715
354 66 2519 2520 67574 15762
355 66 2519 2520 67882 15802
356 66 2519 2520 68256 15894
357 66 2519 2520 68568 15913
358 66 2519 2520 68877 15990
359 67 2519 2520 69175 16025
360 67 2519 2520 69494 16099
361 67 2519 2520 69854 16164
362 67 2519 2520 70186 16231
363 67 2519 2520 70494 16262
364 67 2519 2520 70817 16333
365 67 2519 2520 71116 16416
366 67 2519 2520 71435 16476
367 67 2519 2520 71715 16496
368 68 2519 2520 71949 16543
369 68 2519 2520 72264 16568
370 68 2519 2520 72542 16636
371 68 2519 2520 72801 16697
372 69 2519 2520 72979 16737
373 69 2519 2520 73244 16791
374 69 2519 2520 73529 16829
375 71 2519 2520 73787 16869
376 71 2519 2520 74013 16885
377 71 2519 2520 74309 16932
378 71 2519 2520 74574 16984
379 71 2519 2520 74876 17056
380 71 2519 2520 75146 17106
381 71 2519 2520 75341 17173
382 71 2519 2520 75594 17209
383 71 2519 2520 75870 17277
384 72 2519 2520 76166 17321
385 72 2519 2520 76474 17407
386 73 2519 2520 76802 17470
387 74 2519 2520 77072 17515
388 74 2519 2520 77384 17572
389 74 2519 2520 77745 17621
390 74 2519 2520 78038 17657
391 75 2519 2520 78411 17737
392 75 2519 2520 78768 17814
393 75 2519 2520 79137 17874
394 75 2519 2520 79568 17957
395 76 2519 2520 79869 17963
396 78 2519 2520 80182 18034
397 78 2519 2520 80585 18104
398 78 2519 2520 80907 18152
399 78 2519 2520 81276 18190
400 78 2519 2520 81623 18250
401 78 2519 2520 81949 18301
402 78 2519 2520 82305 18335
403 78 2519 2520 82672 18392
404 78 2519 2520 83024 18459
405 78 2519 2520 83331 18492
406 78 2519 2520 83578 18515
407 78 2519 2520 83865 18585
408 78 2519 2520 84155 18670
409 79 2519 2520 84428 18705
410 81 2519 2520 84696 18757
411 82 2519 2520 84991 18790
412 83 2519 2520 85278 18852
413 83 2519 2520 85611 18916
414 83 2519 2520 85982 18969
415 84 2519 2520 86290 19008
416 84 2519 2520 86626 19098
417 84 2519 2520 86988 19176
418 84 2519 2520 87341 19198
419 84 2519 2520 87697 19221
420 85 2519 2520 88027 19267
421 85 2519 2520 88368 19298
422 85 2519 2520 88704 19353
423 86 2519 2520 89090 19425
424 86 2519 2520 89452 19468
425 86 2519 2520 89844 19516
426 86 2519 2520 90117 19543
427 86 2519 2520 90354 19603
428 86 2519 2520 90700 19652
429 86 2519 2520 90984 19728
430 87 2519 2520 91232 19763
431 89 2519 2520 91555 19800
432 89 2519 2520 91863 19894
433 89 2519 2520 92203 19946
434 89 2519 2520 92515 20019
435 90 2519 2520 92825 20060
436 90 2519 2520 93149 20116
437 90 2519 2520 93552 20182
438 90 2519 2520 93979 20254
439 92 2519 2520 94323 20290
440 92 2519 2520 94716 20339
441 92 2519 2520 95114 20405
442 92 2519 2520 95538 20505
443 93 2519 2520 95947 20589
444 93 2519 2520 96343 20669
445 93 2519 2520 96745 20768
446 93 2519 2520 97135 20844
447 94 2519 2520 97546 20900
448 94 2519 2520 97918 20973
449 94 2519 2520 98258 21043
450 95 2519 2520 98593 21080
451 95 2519 2520 98997 21169
452 95 2519 2520 99354 21235
453 95 2519 2520 99665 21305
454 95 2519 2520 100053 21347
455 96 2519 2520 100436 21385
456 96 2519 2520 100771 21478
457 96 2519 2520 101116 21523
458 97 2519 2520 101415 21592
459 97 2519 2520 101750 21645
460 97 2519 2520 102117 21709
461 98 2519 2520 102476 21767
462 99 2519 2520 102871 21845
463 99 2519 2520 103289 21937
464 101 2519 2520 103738 22036
465 101 2519 2520 104196 22153
466 101 2519 2520 104617 22204
467 102 2519 2520 105112 22306
468 102 2519 2520 105599 22396
469 103 2519 2520 106090 22470
470 103 2519 2520 106516 22527
471 103 2519 2520 106981 22611
472 103 2519 2520 107425 22678
473 103 2519 2520 107912 22738
474 104 2519 2520 108357 22826
475 104 2519 2520 108798 22904
476 104 2519 2520 109236 23000
477 104 2519 2520 109586 23064
478 104 2519 2520 110028 23130
479 104 2519 2520 110398 23162
480 104 2519 2520 110792 23219
481 106 2519 2520 111088 23247
482 107 2519 2520 111464 23313
483 107 2519 2520 111834 23380
484 107 2519 2520 112186 23440
485 107 2519 2520 112547 23506
486 107 2519 2520 112902 23565
487 108 2519 2520 113268 23624
488 108 2519 2520 113629 23684
489 108 2519 2520 114009 23749
490 109 2519 2520 114366 23815
491 109 2519 2520 114737 23895
492 109 2519 2520 115126 23931
493 110 2519 2520 115501 24023
494 110 2519 2520 115879 24086
495 111 2519 2520 116241 24136
496 111 2519 2520 116585 24195
497 111 2519 2520 116948 24256
498 112 2519 2520 117327 24317
499 112 2519 2520 117737 24412
500 112 2519 2520 118151 24484
501 113 2519 2520 118616 24558
502 113 2519 2520 119008 24660
503 113 2519 2520 119446 24721
504 113 2519 2520 119917 24788
505 113 2519 2520 120380 24870
506 115 2519 2520 120828 24932
507 115 2519 2520 121223 24973
508 115 2519 2520 121728 25056
509 116 2519 2520 122228 25133
510 116 2519 2520 122603 25179
511 116 2519 2520 123024 25243
512 117 2519 2520 123432 25347
513 117 2519 2520 123898 25440
514 119 2519 2520 124288 25500
515 120 2519 2520 124709 25592
516 122 2519 2520 125138 25694
517 123 2519 2520 125591 25770
518 123 2519 2520 126148 25895
519 123 2519 2520 126683 25983
520 123 2519 2520 127268 26055
521 124 2519 2520 127798 26168
522 126 2519 2520 128306 26290
523 127 2519 2520 128862 26359
524 127 2519 2520 129410 26440
525 127 2519 2520 130016 26558
526 127 2519 2520 130617 26648
527 127 2519 2520 131174 26719
528 127 2519 2520 131778 26844
529 127 2519 2520 132332 26928
530 127 2519 2520 132876 26986
531 127 2519 2520 133343 27042
532 127 2519 2520 133914 27134
533 127 2519 2520 134363 27206
534 127 2519 2520 134817 27298
535 128 2519 2520 135300 27354
536 128 2519 2520 135738 27433
537 128 2519 2520 136226 27506
538 128 2519 2520 136614 27553
539 128 2519 2520 137055 27658
540 128 2519 2520 137425 27721
541 129 2519 2520 137841 27773
542 129 2519 2520 138252 27805
543 130 2519 2520 138619 27896
544 130 2519 2520 139009 27990
545 134 2519 2520 139483 28079
546 134 2519 2520 140000 28142
547 135 2519 2520 140536 28200
548 135 2519 2520 141092 28295
549 135 2519 2520 141614 28401
550 135 2519 2520 142081 28476
551 135 2519 2520 142680 28561
552 136 2519 2520 143193 28633
553 137 2519 2520 143698 28733
554 137 2519 2520 144240 28820
555 137 2519 2520 144813 28902
556 137 2519 2520 145345 29019
557 137 2519 2520 145855 29080
558 138 2519 2520 146378 29161
559 138 2519 2520 146850 29241
560 138 2519 2520 147306 29296
561 139 2519 2520 147767 29410
562 139 2519 2520 148192 29481
563 141 2519 2520 148653 29544
564 141 2519 2520 149106 29600
565 142 2519 2520 149698 29659
566 142 2519 2520 150247 29758
567 142 2519 2520 150759 29844
568 143 2519 2520 151202 29925
569 143 2519 2520 151725 30042
570 143 2519 2520 152228 30126
571 144 2519 2520 152705 30181
572 144 2519 2520 153174 30268
573 144 2519 2520 153611 30337
574 144 2519 2520 154030 30381
575 145 2519 2520 154474 30447
576 146 2519 2520 154878 30481
577 146 2519 2520 155368 30569
578 146 2519 2520 155847 30650
579 148 2519 2520 156381 30759
580 148 2519 2520 156888 30834
581 148 2519 2520 157374 30878
582 148 2519 2520 157862 30999
583 148 2519 2520 158333 31037
584 150 2519 2520 158742 31112
585 151 2519 2520 159248 31196
586 151 2519 2520 159782 31268
587 152 2519 2520 160276 31347
588 153 2519 2520 160830 31449
589 153 2519 2520 161373 31538
590 153 2519 2520 161966 31658
591 154 2519 2520 162512 31711
592 154 2519 2520 163050 31820
593 155 2519 2520 163607 31876
594 155 2519 2520 164155 31956
595 155 2519 2520 164766 32020
596 156 2519 2520 165298 32068
597 157 2519 2520 165838 32172
598 157 2519 2520 166415 32237
599 157 2519 2520 166997 32322
600 157 2519 2520 167581 32387
601 157 2519 2520 168110 32483
602 157 2519 2520 168571 32511
603 157 2519 2520 169050 32546
604 158 2519 2520 169507 32579
605 159 2519 2520 169968 32654
606 160 2519 2520 170510 32742
607 161 2519 2520 171036 32781
608 162 2519 2520 171514 32840
609 162 2519 2520 172000 32910
610 163 2519 2520 172545 33035
611 163 2519 2520 173049 33119
612 163 2519 2520 173530 33185
613 164 2519 2520 173999 33282
614 164 2519 2520 174518 33381
615 164 2519 2520 175055 33453
616 166 2519 2520 175533 33479
617 166 2519 2520 176065 33539
618 166 2519 2520 176700 33670
619 166 2519 2520 177243 33748
620 166 2519 2520 177789 33816
621 166 2519 2520 178256 33902
622 167 2519 2520 178854 34002
623 168 2519 2520 179388 34069
624 168 2519 2520 179958 34160
625 168 2519 2520 180477 34242
626 168 2519 2520 181055 34280
627 169 2519 2520 181524 34344
628 169 2519 2520 182062 34439
629 172 2519 2520 182573 34501
630 173 2519 2520 182995 34578
631 173 2519 2520 183602 34685
632 174 2519 2520 184154 34773
633 175 2519 2520 184717 34867
634 175 2519 2520 185253 34952
635 177 2519 2520 185803 35033
636 179 2519 2520 186347 35123
637 179 2519 2520 186896 35194
638 179 2519 2520 187493 35344
639 181 2519 2520 188018 35411
640 181 2519 2520 188544 35472
641 182 2519 2520 189141 35551
642 183 2519 2520 189726 35631
643 183 2519 2520 190322 35701
644 183 2519 2520 190914 35817
645 183 2519 2520 191403 35894
646 183 2519 2520 192054 35961
647 184 2519 2520 192600 36013
648 184 2519 2520 193193 36104
649 185 2519 2520 193756 36214
650 185 2519 2520 194439 36270
651 185 2519 2520 195008 36292
652 186 2519 2520 195549 36356
653 186 2519 2520 196122 36435
654 186 2519 2520 196768 36555
655 187 2519 2520 197356 36623
656 187 2519 2520 197906 36707
657 187 2519 2520 198503 36778
658 187 2519 2520 199076 36856
659 188 2519 2520 199576 36913
660 188 2519 2520 200160 36988
661 188 2519 2520 200800 37065
662 188 2519 2520 201331 37169
663 188 2519 2520 201879 37225
664 188 2519 2520 202443 37288
665 188 2519 2520 203082 37356
666 188 2519 2520 203563 37425
667 188 2519 2520 203984 37484
668 188 2519 2520 204388 37549
669 188 2519 2520 204855 37594
670 189 2519 2520 205226 37637
671 189 2519 2520 205691 37714
672 190 2519 2520 206122 37773
673 191 2519 2520 206527 37843
674 192 2519 2520 206984 37942
675 194 2519 2520 207415 38000
676 195 2519 2520 207938 38108
677 195 2519 2520 208468 38211
678 195 2519 2520 209029 38349
679 196 2519 2520 209567 38431
680 197 2519 2520 210151 38543
681 197 2519 2520 210726 38651
682 198 2519 2520 211293 38732
683 200 2519 2520 211858 38816
684 201 2519 2520 212496 38892
685 203 2519 2520 213146 38973
686 203 2519 2520 213894 39084
687 204 2519 2520 214615 39198
688 204 2519 2520 215281 39294
689 204 2519 2520 216008 39398
690 205 2519 2520 216710 39517
691 205 2519 2520 217419 39635
692 206 2519 2520 218138 39738
693 206 2519 2520 218889 39879
694 208 2519 2520 219623 39991
695 209 2519 2520 220368 40126
696 210 2519 2520 221095 40234
697 210 2519 2520 221872 40300
698 210 2519 2520 222593 40402
699 211 2519 2520 223226 40531
700 211 2519 2520 223925 40607
701 211 2519 2520 224575 40681
702 211 2519 2520 225216 40793
703 212 2519 2520 225825 40888
704 212 2519 2520 226449 40953
705 214 2519 2520 227080 41040
706 214 2519 2520 227623 41126
707 215 2519 2520 228288 41218
708 216 2519 2520 228926 41298
709 216 2519 2520 229504 41370
710 217 2519 2520 230147 41459
711 218 2519 2520 230761 41522
712 219 2519 2520 231418 41578
713 220 2519 2520 232093 41698
714 221 2519 2520 232802 41743
715 222 2519 2520 233487 41837
716 222 2519 2520 234153 41907
717 222 2519 2520 234804 42008
718 223 2519 2520 235432 42083
719 224 2519 2520 236047 42169
720 225 2519 2520 236712 42219
721 225 2519 2520 237368 42299
722 225 2519 2520 238059 42422
723 226 2519 2520 238788 42498
724 227 2519 2520 239497 42550
725 228 2519 2520 240181 42634
726 228 2519 2520 240845 42772
727 228 2519 2520 241532 42905
728 228 2519 2520 242202 42994
729 228 2519 2520 242834 43065
730 229 2519 2520 243544 43171
731 230 2519 2520 244169 43228
732 230 2519 2520 244796 43301
733 230 2519 2520 245393 43362
734 233 2519 2520 245962 43427
735 233 2519 2520 246517 43466
736 233 2519 2520 247188 43528
737 233 2519 2520 247760 43636
738 234 2519 2520 248359 43711
739 235 2519 2520 249005 43779
740 238 2519 2520 249609 43858
741 238 2519 2520 250238 43941
742 238 2519 2520 251030 44079
743 238 2519 2520 251685 44158
744 238 2519 2520 252398 44255
745 239 2519 2520 253082 44349
746 240 2519 2520 253716 44441
747 240 2519 2520 254463 44529
748 240 2519 2520 255127 44601
749 242 2519 2520 255796 44660
750 242 2519 2520 256454 44753
751 244 2519 2520 257194 44856
752 245 2519 2520 257911 44944
753 246 2519 2520 258647 45020
754 246 2519 2520 259298 45091
755 246 2519 2520 260017 45173
756 246 2519 2520 260807 45323
757 246 2519 2520 261542 45413
758 246 2519 2520 262292 45484
759 246 2519 2520 262977 45616
760 246 2519 2520 263689 45728
761 247 2519 2520 264318 45821
762 251 2519 2520 265026 45936
763 252 2519 2520 265768 46044
764 253 2519 2520 266518 46127
765 253 2519 2520 267298 46251
766 253 2519 2520 268032 46264
767 253 2519 2520 268732 46318
768 254 2519 2520 269428 46456
769 255 2519 2520 270185 46573
770 256 2519 2520 270907 46676
771 256 2519 2520 271649 46776
772 256 2519 2520 272365 46903
773 256 2519 2520 273098 46981
774 256 2519 2520 273855 47023
775 256 2519 2520 274560 47133
776 256 2519 2520 275268 47195
777 257 2519 2520 275951 47290
778 259 2519 2520 276579 47347
779 260 2519 2520 277284 47437
780 260 2519 2520 277950 47504
781 261 2519 2520 278670 47602
782 262 2519 2520 279332 47647
783 265 2519 2520 280107 47719
784 266 2519 2520 280865 47820
785 266 2519 2520 281620 47922
786 267 2519 2520 282462 48043
787 267 2519 2520 283252 48184
788 267 2519 2520 284114 48347
789 267 2519 2520 284999 48454
790 267 2519 2520 285794 48578
791 270 2519 2520 286530 48655
792 271 2519 2520 287259 48785
793 272 2519 2520 288132 48935
794 273 2519 2520 289020 49023
795 274 2519 2520 289869 49145
796 274 2519 2520 290732 49215
797 275 2519 2520 291609 49344
798 275 2519 2520 292479 49471
799 275 2519 2520 293371 49574
800 275 2519 2520 294191 49676
801 275 2519 2520 295021 49775
802 275 2519 2520 295803 49882
803 275 2519 2520 296501 49962
804 275 2519 2520 297219 50048
805 275 2519 2520 297902 50154
806 275 2519 2520 298594 50211
807 276 2519 2520 299225 50296
808 277 2519 2520 299897 50368
809 278 2519 2520 300504 50419
810 278 2519 2520 301182 50503
811 280 2519 2520 301745 50596
812 280 2519 2520 302354 50635
813 283 2519 2520 303038 50724
814 284 2519 2520 303731 50778
815 285 2519 2520 304434 50849
816 285 2519 2520 305109 50942
817 286 2519 2520 305859 51042
818 290 2519 2520 306593 51100
819 292 2519 2520 307372 51121
820 292 2519 2520 308198 51247
821 292 2519 2520 309063 51354
822 292 2519 2520 309993 51412
823 292 2519 2520 310866 51536
824 292 2519 2520 311757 51651
825 294 2519 2520 312635 51733
826 294 2519 2520 313450 51796
827 294 2519 2520 314348 51911
828 294 2519 2520 315171 52025
829 294 2519 2520 316067 52091
830 294 2519 2520 316838 52217
831 294 2519 2520 317571 52247
832 296 2519 2520 318306 52346
833 297 2519 2520 318996 52434
834 297 2519 2520 319776 52512
835 297 2519 2520 320507 52615
836 297 2519 2520 321175 52696
837 298 2519 2520 321964 52769
838 299 2519 2520 322756 52857
839 299 2519 2520 323369 52892
840 299 2519 2520 324101 52967
841 300 2519 2520 324795 53063
842 300 2519 2520 325434 53109
843 300 2519 2520 326078 53195
844 300 2519 2520 326792 53259
845 302 2519 2520 327394 53315
846 303 2519 2520 328041 53398
847 306 2519 2520 328742 53502
848 306 2519 2520 329463 53587
849 306 2519 2520 330244 53641
850 307 2519 2520 330959 53790
851 309 2519 2520 331655 53839
852 309 2519 2520 332434 53878
853 310 2519 2520 333175 53999
854 312 2519 2520 333952 54066
855 314 2519 2520 334738 54138
856 318 2519 2520 335667 54243
857 320 2519 2520 336575 54401
858 320 2519 2520 337565 54520
859 321 2519 2520 338472 54592
860 322 2519 2520 339495 54714
861 323 2519 2520 340401 54826
862 323 2519 2520 341353 54967
863 323 2519 2520 342400 55103
864 324 2519 2520 343371 55247
865 326 2519 2520 344350 55329
866 326 2519 2520 345294 55431
867 327 2519 2520 346254 55572
868 327 2519 2520 347141 55699
869 327 2519 2520 348093 55829
870 328 2519 2520 349000 55913
871 328 2519 2520 349819 55987
872 328 2519 2520 350686 56098
873 328 2519 2520 351550 56177
874 328 2519 2520 352407 56237
875 328 2519 2520 353237 56335
876 331 2519 2520 354034 56405
877 331 2519 2520 354793 56467
878 332 2519 2520 355601 56587
879 333 2519 2520 356432 56690
880 333 2519 2520 357193 56731
881 333 2519 2520 357980 56883
882 334 2519 2520 358713 56977
883 334 2519 2520 359516 57039
884 334 2519 2520 360338 57130
885 336 2519 2520 361078 57233
886 337 2519 2520 361857 57331
887 339 2519 2520 362679 57454
888 339 2519 2520 363525 57569
889 339 2519 2520 364285 57622
890 340 2519 2520 365107 57746
891 340 2519 2520 365955 57818
892 342 2519 2520 366818 57870
893 342 2519 2520 367527 57935
894 344 2519 2520 368305 58023
895 344 2519 2520 369034 58173
896 345 2519 2520 369867 58289
897 345 2519 2520 370659 58370
898 346 2519 2520 371368 58457
899 348 2519 2520 372199 58570
900 350 2519 2520 372992 58638
901 353 2519 2520 373853 58769
902 354 2519 2520 374671 58872
903 354 2519 2520 375660 59031
904 354 2519 2520 376532 59132
905 354 2519 2520 377511 59196
906 355 2519 2520 378407 59342
907 356 2519 2520 379275 59431
908 356 2519 2520 380173 59525
909 356 2519 2520 381066 59634
910 356 2519 2520 381980 59716
911 358 2519 2520 382795 59834
912 358 2519 2520 383641 59920
913 360 2519 2520 384424 60004
914 361 2519 2520 385240 60096
915 363 2519 2520 386027 60168
916 363 2519 2520 386814 60281
917 363 2519 2520 387607 60393
918 363 2519 2520 388401 60465
919 363 2519 2520 389165 60534
920 364 2519 2520 390005 60624
921 364 2519 2520 390800 60681
922 365 2519 2520 391589 60758
923 366 2519 2520 392359 60805
924 368 2519 2520 393141 60879
925 371 2519 2520 393998 60981
926 372 2519 2520 394803 61039
927 373 2519 2520 395744 61230
928 375 2519 2520 396672 61325
929 375 2519 2520 397531 61404
930 376 2519 2520 398455 61550
931 376 2519 2520 399389 61637
932 377 2519 2520 400253 61762
933 378 2519 2520 401224 61820
934 379 2519 2520 402199 61863
935 380 2519 2520 403102 61943
936 381 2519 2520 404070 62032
937 381 2519 2520 405031 62184
938 382 2519 2520 405933 62303
939 382 2519 2520 406820 62386
940 382 2519 2520 407741 62508
941 384 2519 2520 408615 62588
942 384 2519 2520 409493 62698
943 384 2519 2520 410306 62804
944 384 2519 2520 411078 62904
945 384 2519 2520 411850 62983
946 385 2519 2520 412662 63029
947 385 2519 2520 413460 63115
948 387 2519 2520 414214 63152
949 387 2519 2520 414906 63227
950 387 2519 2520 415630 63352
951 387 2519 2520 416362 63375
952 388 2519 2520 417200 63490
953 390 2519 2520 417931 63582
954 390 2519 2520 418714 63636
955 391 2519 2520 419573 63741
956 393 2519 2520 420350 63772
957 394 2519 2520 421104 63867
958 395 2519 2520 421926 63997
959 395 2519 2520 422849 64123
960 395 2519 2520 423716 64254
961 395 2519 2520 424505 64324
962 395 2519 2520 425281 64354
963 396 2519 2520 426130 64432
964 397 2519 2520 426980 64564
965 398 2519 2520 427841 64682
966 398 2519 2520 428714 64775
967 401 2519 2520 429552 64872
968 402 2519 2520 430303 64943
969 402 2519 2520 431214 64923
970 404 2519 2520 432055 65057
971 405 2519 2520 432950 65191
972 408 2519 2520 433878 65284
973 409 2519 2520 434839 65381
974 410 2519 2520 435781 65435
975 411 2519 2520 436681 65562
976 412 2519 2520 437581 65587
977 413 2519 2520 438464 65636
978 413 2519 2520 439388 65690
979 413 2519 2520 440277 65796
980 414 2519 2520 441183 65830
981 416 2519 2520 442065 65940
982 416 2519 2520 443053 65998
983 417 2519 2520 443860 66069
984 417 2519 2520 444812 66134
985 417 2519 2520 445673 66230
986 418 2519 2520 446611 66318
987 418 2519 2520 447472 66393
988 418 2519 2520 448298 66516
989 420 2519 2520 449081 66664
990 421 2519 2520 449940 66746
991 422 2519 2520 450825 66771
992 422 2519 2520 451659 66873
993 423 2519 2520 452527 67008
994 423 2519 2520 453441 67127
995 425 2519 2520 454336 67231
996 426 2519 2520 455171 67289
997 428 2519 2520 456035 67393
998 430 2519 2520 456906 67502
999 431 2519 2520 457805 67574
1000 432 2519 2520 458733 67647
