0 1 2519 2520 796 500
1 1 2519 2520 830 519
2 1 2519 2520 864 540
3 1 2519 2520 907 567
4 1 2519 2520 932 581
5 1 2519 2520 954 594
6 1 2519 2520 993 615
7 1 2519 2520 1031 633
8 1 2519 2520 1064 651
9 1 2519 2520 1100 671
10 1 2519 2520 1116 672
11 1 2519 2520 1160 691
12 1 2519 2520 1187 703
13 1 2519 2520 1220 719
14 1 2519 2520 1255 733
15 1 2519 2520 1266 729
16 1 2519 2520 1286 733
17 2 2519 2520 1303 736
18 2 2519 2520 1345 753
19 2 2519 2520 1440 789
20 2 2519 2520 1544 819
21 2 2519 2520 1618 842
22 2 2519 2520 1718 875
23 2 2519 2520 1804 906
24 2 2519 2520 1868 918
25 2 2519 2520 1955 943
26 2 2519 2520 2012 963
27 2 2519 2520 2078 976
28 2 2519 2520 2143 998
29 2 2519 2520 2213 1021
30 2 2519 2520 2269 1045
31 2 2519 2520 2309 1070
32 2 2519 2520 2337 1079
33 2 2519 2520 2367 1088
34 3 2519 2520 2419 1108
35 3 2519 2520 2476 1120
36 3 2519 2520 2547 1144
37 3 2519 2520 2652 1180
38 3 2519 2520 2724 1201
39 3 2519 2520 2800 1237
40 3 2519 2520 2898 1283
41 4 2519 2520 2977 1308
42 4 2519 2520 3073 1332
43 4 2519 2520 3234 1387
44 4 2519 2520 3374 1435
45 4 2519 2520 3537 1473
46 4 2519 2520 3654 1515
47 4 2519 2520 3757 1552
48 4 2519 2520 3863 1588
49 4 2519 2520 3992 1623
50 4 2519 2520 4086 1642
51 4 2519 2520 4170 1665
52 4 2519 2520 4282 1695
53 4 2519 2520 4343 1713
54 4 2519 2520 4425 1728
55 4 2519 2520 4500 1743
56 4 2519 2520 4571 1771
57 4 2519 2520 4616 1780
58 4 2519 2520 4666 1790
59 5 2519 2520 4726 1817
60 5 2519 2520 4783 1829
61 6 2519 2520 4888 1863
62 7 2519 2520 4984 1878
63 7 2519 2520 5155 1945
64 7 2519 2520 5344 1991
65 7 2519 2520 5527 2036
66 7 2519 2520 5713 2100
67 7 2519 2520 5892 2157
68 7 2519 2520 6080 2202
69 7 2519 2520 6266 2265
70 7 2519 2520 6419 2288
71 7 2519 2520 6587 2339
72 7 2519 2520 6743 2368
73 7 2519 2520 6905 2393
74 7 2519 2520 7089 2432
75 7 2519 2520 7202 2473
76 7 2519 2520 7355 2524
77 7 2519 2520 7469 2561
78 7 2519 2520 7596 2583
79 7 2519 2520 7705 2620
80 8 2519 2520 7792 2640
81 8 2519 2520 7919 2667
82 8 2519 2520 8045 2695
83 8 2519 2520 8174 2736
84 10 2519 2520 8308 2776
85 10 2519 2520 8493 2820
86 10 2519 2520 8668 2864
87 10 2519 2520 8901 2917
88 10 2519 2520 9104 2963
89 10 2519 2520 9313 3014
90 10 2519 2520 9511 3056
91 10 2519 2520 9729 3110
92 10 2519 2520 9927 3142
93 11 2519 2520 10080 3182
94 12 2519 2520 10249 3225
95 13 2519 2520 10492 3283
96 13 2519 2520 10746 3368
97 13 2519 2520 11017 3427
98 13 2519 2520 11302 3498
99 13 2519 2520 11542 3546
100 13 2519 2520 11777 3612
101 13 2519 2520 11990 3637
102 13 2519 2520 12181 3700
103 13 2519 2520 12403 3727
104 13 2519 2520 12615 3774
105 14 2519 2520 12820 3829
106 14 2519 2520 13009 3892
107 14 2519 2520 13217 3928
108 14 2519 2520 13426 3969
109 14 2519 2520 13620 4013
110 15 2519 2520 13816 4076
111 15 2519 2520 14012 4111
112 15 2519 2520 14216 4143
113 15 2519 2520 14450 4209
114 15 2519 2520 14654 4224
115 15 2519 2520 14851 4273
116 15 2519 2520 15045 4321
117 15 2519 2520 15221 4348
118 15 2519 2520 15364 4390
119 15 2519 2520 15497 4417
120 15 2519 2520 15641 4468
121 15 2519 2520 15766 4493
122 15 2519 2520 15892 4526
123 15 2519 2520 15994 4547
124 15 2519 2520 16122 4566
125 15 2519 2520 16229 4586
126 16 2519 2520 16334 4623
127 16 2519 2520 16463 4670
128 17 2519 2520 16615 4705
129 17 2519 2520 16806 4760
130 18 2519 2520 17012 4800
131 18 2519 2520 17226 4864
132 18 2519 2520 17415 4914
133 18 2519 2520 17598 4962
134 18 2519 2520 17776 4986
135 18 2519 2520 17985 5043
136 19 2519 2520 18182 5088
137 19 2519 2520 18400 5141
138 19 2519 2520 18601 5183
139 19 2519 2520 18809 5256
140 19 2519 2520 18978 5285
141 19 2519 2520 19150 5318
142 19 2519 2520 19327 5354
143 19 2519 2520 19470 5371
144 19 2519 2520 19630 5404
145 19 2519 2520 19824 5434
146 21 2519 2520 19987 5462
147 21 2519 2520 20163 5495
148 21 2519 2520 20318 5532
149 21 2519 2520 20509 5581
150 21 2519 2520 20670 5610
151 21 2519 2520 20890 5660
152 22 2519 2520 21088 5726
153 22 2519 2520 21320 5778
154 22 2519 2520 21553 5821
155 23 2519 2520 21794 5888
156 23 2519 2520 22031 5929
157 23 2519 2520 22277 5987
158 23 2519 2520 22521 6042
159 23 2519 2520 22743 6107
160 23 2519 2520 22972 6155
161 23 2519 2520 23214 6187
162 24 2519 2520 23442 6236
163 24 2519 2520 23635 6285
164 25 2519 2520 23835 6338
165 25 2519 2520 24081 6402
166 25 2519 2520 24356 6471
167 25 2519 2520 24603 6543
168 25 2519 2520 24854 6595
169 25 2519 2520 25097 6686
170 25 2519 2520 25338 6739
171 25 2519 2520 25563 6804
172 25 2519 2520 25782 6865
173 25 2519 2520 25984 6904
174 25 2519 2520 26164 6944
175 25 2519 2520 26350 6978
176 25 2519 2520 26492 7001
177 25 2519 2520 26642 7054
178 25 2519 2520 26793 7088
179 25 2519 2520 26950 7106
180 26 2519 2520 27083 7132
181 26 2519 2520 27252 7171
182 26 2519 2520 27435 7196
183 26 2519 2520 27552 7226
184 26 2519 2520 27731 7273
185 26 2519 2520 27904 7301
186 26 2519 2520 28052 7344
187 26 2519 2520 28208 7380
188 26 2519 2520 28362 7418
189 26 2519 2520 28501 7437
190 26 2519 2520 28637 7479
191 27 2519 2520 28764 7505
192 27 2519 2520 28891 7546
193 28 2519 2520 29025 7587
194 28 2519 2520 29176 7627
195 28 2519 2520 29363 7662
196 29 2519 2520 29544 7700
197 29 2519 2520 29717 7718
198 29 2519 2520 29894 7758
199 29 2519 2520 30111 7793
200 29 2519 2520 30315 7820
201 29 2519 2520 30516 7881
202 29 2519 2520 30693 7927
203 30 2519 2520 30888 7970
204 30 2519 2520 31071 7997
205 31 2519 2520 31267 8051
206 31 2519 2520 31455 8097
207 32 2519 2520 31647 8115
208 32 2519 2520 31872 8182
209 32 2519 2520 32141 8253
210 32 2519 2520 32404 8314
211 32 2519 2520 32671 8367
212 32 2519 2520 32887 8388
213 32 2519 2520 33095 8450
214 32 2519 2520 33317 8493
215 32 2519 2520 33524 8531
216 32 2519 2520 33750 8584
217 32 2519 2520 33922 8627
218 32 2519 2520 34080 8653
219 32 2519 2520 34241 8689
220 32 2519 2520 34413 8706
221 33 2519 2520 34588 8737
222 34 2519 2520 34790 8769
223 34 2519 2520 35005 8821
224 34 2519 2520 35243 8873
225 34 2519 2520 35453 8932
226 35 2519 2520 35684 8951
227 35 2519 2520 35919 8999
228 35 2519 2520 36145 9050
229 36 2519 2520 36390 9100
230 37 2519 2520 36595 9151
231 38 2519 2520 36874 9197
232 38 2519 2520 37118 9253
233 38 2519 2520 37400 9308
234 38 2519 2520 37701 9369
235 38 2519 2520 38006 9378
236 38 2519 2520 38282 9432
237 38 2519 2520 38516 9483
238 38 2519 2520 38783 9561
239 38 2519 2520 39063 9622
240 38 2519 2520 39297 9684
241 38 2519 2520 39522 9726
242 38 2519 2520 39754 9758
243 38 2519 2520 39971 9812
244 38 2519 2520 40171 9857
245 38 2519 2520 40359 9870
246 38 2519 2520 40583 9920
247 39 2519 2520 40791 9936
248 39 2519 2520 41017 9975
249 39 2519 2520 41211 10022
250 39 2519 2520 41469 10084
251 39 2519 2520 41693 10128
252 39 2519 2520 41907 10193
253 39 2519 2520 42117 10247
254 40 2519 2520 42284 10287
255 40 2519 2520 42517 10322
256 41 2519 2520 42709 10351
257 41 2519 2520 42975 10419
258 43 2519 2520 43171 10501
259 43 2519 2520 43442 10543
260 43 2519 2520 43695 10599
261 43 2519 2520 43958 10665
262 43 2519 2520 44275 10727
263 43 2519 2520 44548 10776
264 44 2519 2520 44814 10817
265 45 2519 2520 45077 10852
266 45 2519 2520 45388 10882
267 45 2519 2520 45715 10952
268 45 2519 2520 46009 10980
269 45 2519 2520 46300 11032
270 45 2519 2520 46589 11087
271 46 2519 2520 46888 11158
272 47 2519 2520 47186 11186
273 47 2519 2520 47458 11242
274 47 2519 2520 47779 11299
275 47 2519 2520 48040 11338
276 47 2519 2520 48319 11370
277 47 2519 2520 48612 11414
278 48 2519 2520 48865 11485
279 48 2519 2520 49123 11532
280 48 2519 2520 49370 11573
281 48 2519 2520 49631 11639
282 48 2519 2520 49936 11684
283 48 2519 2520 50176 11745
284 49 2519 2520 50463 11810
285 49 2519 2520 50748 11850
286 49 2519 2520 51000 11883
287 49 2519 2520 51294 11921
288 49 2519 2520 51561 11959
289 49 2519 2520 51806 11995
290 50 2519 2520 52061 12050
291 50 2519 2520 52318 12115
292 50 2519 2520 52583 12164
293 50 2519 2520 52826 12219
294 50 2519 2520 53097 12260
295 50 2519 2520 53300 12282
296 52 2519 2520 53538 12367
297 52 2519 2520 53781 12416
298 52 2519 2520 54039 12460
299 53 2519 2520 54333 12511
300 53 2519 2520 54601 12571
301 55 2519 2520 54839 12593
302 55 2519 2520 55151 12671
303 55 2519 2520 55439 12735
304 56 2519 2520 55742 12784
305 56 2519 2520 56054 12861
306 56 2519 2520 56390 12912
307 56 2519 2520 56737 12967
308 56 2519 2520 57072 13015
309 56 2519 2520 57468 13104
310 56 2519 2520 57810 13169
311 56 2519 2520 58121 13212
312 56 2519 2520 58396 13279
313 56 2519 2520 58704 13328
314 56 2519 2520 59012 13404
315 56 2519 2520 59284 13461
316 56 2519 2520 59566 13519
317 57 2519 2520 59796 13591
318 57 2519 2520 60067 13640
319 57 2519 2520 60357 13681
320 57 2519 2520 60614 13728
321 57 2519 2520 60868 13794
322 58 2519 2520 61075 13840
323 58 2519 2520 61271 13863
324 58 2519 2520 61539 13907
325 58 2519 2520 61786 13946
326 58 2519 2520 62020 14012
327 58 2519 2520 62222 14064
328 58 2519 2520 62453 14081
329 58 2519 2520 62655 14123
330 60 2519 2520 62859 14148
331 60 2519 2520 63054 14160
332 60 2519 2520 63320 14200
333 62 2519 2520 63593 14264
334 62 2519 2520 63826 14337
335 63 2519 2520 64127 14396
336 63 2519 2520 64422 14453
337 63 2519 2520 64755 14531
338 63 2519 2520 65095 14589
339 63 2519 2520 65411 14669
340 64 2519 2520 65725 14719
341 64 2519 2520 66061 14778
342 64 2519 2520 66363 14827
343 64 2519 2520 66634 14866
344 66 2519 2520 66910 14896
345 67 2519 2520 67227 14928
346 67 2519 2520 67557 14970
347 68 2519 2520 67881 15031
348 68 2519 2520 68216 15117
349 68 2519 2520 68543 15181
350 68 2519 2520 68883 15261
351 69 2519 2520 69223 15326
352 70 2519 2520 69583 15390
353 71 2519 2520 69945 15449
354 71 2519 2520 70328 15539
355 71 2519 2520 70696 15597
356 71 2519 2520 71074 15657
357 71 2519 2520 71466 15678
358 71 2519 2520 71793 15711
359 71 2519 2520 72098 15755
360 71 2519 2520 72448 15799
361 71 2519 2520 72753 15860
362 71 2519 2520 73074 15929
363 71 2519 2520 73366 15987
364 71 2519 2520 73639 16049
365 71 2519 2520 73947 16065
366 71 2519 2520 74232 16115
367 71 2519 2520 74489 16161
368 71 2519 2520 74722 16205
369 71 2519 2520 74950 16212
370 71 2519 2520 75185 16266
371 71 2519 2520 75347 16292
372 71 2519 2520 75554 16341
373 71 2519 2520 75781 16335
374 71 2519 2520 76003 16389
375 71 2519 2520 76183 16424
376 71 2519 2520 76399 16455
377 72 2519 2520 76609 16476
378 72 2519 2520 76811 16524
379 73 2519 2520 77041 16548
380 73 2519 2520 77224 16607
381 74 2519 2520 77483 16644
382 74 2519 2520 77709 16649
383 74 2519 2520 77973 16678
384 75 2519 2520 78279 16695
385 77 2519 2520 78534 16754
386 78 2519 2520 78825 16831
387 78 2519 2520 79135 16853
388 78 2519 2520 79437 16879
389 78 2519 2520 79726 16921
390 79 2519 2520 80080 16963
391 79 2519 2520 80440 17000
392 79 2519 2520 80817 17055
393 79 2519 2520 81189 17124
394 79 2519 2520 81552 17169
395 79 2519 2520 81902 17211
396 79 2519 2520 82229 17248
397 79 2519 2520 82568 17290
398 79 2519 2520 82889 17345
399 79 2519 2520 83217 17409
400 79 2519 2520 83534 17487
401 79 2519 2520 83828 17509
402 79 2519 2520 84126 17588
403 80 2519 2520 84412 17650
404 80 2519 2520 84680 17679
405 80 2519 2520 84970 17704
406 80 2519 2520 85253 17738
407 80 2519 2520 85456 17765
408 80 2519 2520 85768 17821
409 80 2519 2520 86028 17861
410 80 2519 2520 86271 17898
411 80 2519 2520 86516 17912
412 80 2519 2520 86762 17912
413 80 2519 2520 87002 17957
414 80 2519 2520 87221 17997
415 82 2519 2520 87431 18029
416 82 2519 2520 87700 18105
417 82 2519 2520 87908 18130
418 83 2519 2520 88123 18163
419 83 2519 2520 88314 18189
420 84 2519 2520 88605 18230
421 85 2519 2520 88871 18267
422 85 2519 2520 89137 18324
423 86 2519 2520 89481 18378
424 87 2519 2520 89848 18422
425 87 2519 2520 90200 18460
426 88 2519 2520 90571 18526
427 88 2519 2520 90960 18583
428 88 2519 2520 91316 18639
429 88 2519 2520 91686 18671
430 88 2519 2520 92041 18708
431 88 2519 2520 92423 18800
432 88 2519 2520 92713 18819
433 88 2519 2520 93032 18830
434 88 2519 2520 93323 18887
435 88 2519 2520 93617 18954
436 88 2519 2520 93929 19016
437 89 2519 2520 94238 19034
438 91 2519 2520 94512 19098
439 91 2519 2520 94790 19132
440 91 2519 2520 95096 19196
441 91 2519 2520 95388 19240
442 91 2519 2520 95669 19248
443 92 2519 2520 95991 19300
444 92 2519 2520 96325 19331
445 92 2519 2520 96648 19364
446 92 2519 2520 96971 19411
447 94 2519 2520 97261 19477
448 94 2519 2520 97602 19496
449 94 2519 2520 97945 19546
450 94 2519 2520 98279 19594
451 94 2519 2520 98589 19651
452 94 2519 2520 98929 19689
453 94 2519 2520 99235 19718
454 94 2519 2520 99542 19778
455 95 2519 2520 99849 19818
456 95 2519 2520 100177 19881
457 95 2519 2520 100479 19937
458 96 2519 2520 100816 20013
459 97 2519 2520 101178 20064
460 97 2519 2520 101528 20118
461 97 2519 2520 101906 20209
462 97 2519 2520 102271 20277
463 98 2519 2520 102618 20331
464 98 2519 2520 102959 20351
465 98 2519 2520 103361 20377
466 99 2519 2520 103708 20416
467 99 2519 2520 104077 20485
468 99 2519 2520 104457 20525
469 99 2519 2520 104847 20574
470 99 2519 2520 105148 20649
471 99 2519 2520 105538 20725
472 99 2519 2520 105855 20760
473 99 2519 2520 106173 20810
474 99 2519 2520 106468 20851
475 99 2519 2520 106764 20882
476 100 2519 2520 106982 20920
477 100 2519 2520 107270 20962
478 101 2519 2520 107653 21013
479 101 2519 2520 107943 21047
480 101 2519 2520 108244 21094
481 101 2519 2520 108525 21152
482 102 2519 2520 108758 21198
483 102 2519 2520 109060 21258
484 102 2519 2520 109382 21345
485 102 2519 2520 109682 21393
486 103 2519 2520 110039 21442
487 103 2519 2520 110301 21435
488 103 2519 2520 110602 21503
489 103 2519 2520 110891 21544
490 104 2519 2520 111168 21594
491 104 2519 2520 111532 21660
492 105 2519 2520 111850 21703
493 105 2519 2520 112156 21774
494 105 2519 2520 112477 21854
495 105 2519 2520 112861 21924
496 105 2519 2520 113190 21975
497 106 2519 2520 113484 22035
498 107 2519 2520 113831 22068
499 107 2519 2520 114165 22097
500 107 2519 2520 114504 22176
501 108 2519 2520 114789 22214
502 108 2519 2520 115128 22295
503 108 2519 2520 115520 22370
504 108 2519 2520 115921 22451
505 108 2519 2520 116246 22476
506 108 2519 2520 116599 22531
507 108 2519 2520 116955 22579
508 108 2519 2520 117288 22631
509 109 2519 2520 117592 22664
510 109 2519 2520 117934 22706
511 111 2519 2520 118226 22794
512 112 2519 2520 118549 22862
513 112 2519 2520 118919 22925
514 112 2519 2520 119293 22984
515 112 2519 2520 119682 23058
516 112 2519 2520 120044 23137
517 112 2519 2520 120403 23201
518 114 2519 2520 120755 23233
519 114 2519 2520 121139 23303
520 114 2519 2520 121532 23367
521 115 2519 2520 121899 23463
522 115 2519 2520 122299 23528
523 115 2519 2520 122666 23570
524 116 2519 2520 123061 23690
525 117 2519 2520 123463 23728
526 117 2519 2520 123897 23783
527 117 2519 2520 124267 23844
528 117 2519 2520 124654 23927
529 117 2519 2520 125003 23971
530 117 2519 2520 125404 24035
531 118 2519 2520 125775 24089
532 118 2519 2520 126124 24138
533 119 2519 2520 126501 24202
534 119 2519 2520 126860 24275
535 120 2519 2520 127276 24320
536 120 2519 2520 127614 24388
537 120 2519 2520 127994 24459
538 120 2519 2520 128391 24502
539 120 2519 2520 128809 24582
540 120 2519 2520 129171 24660
541 121 2519 2520 129452 24723
542 121 2519 2520 129816 24765
543 122 2519 2520 130226 24815
544 123 2519 2520 130611 24866
545 123 2519 2520 131029 24977
546 123 2519 2520 131462 25036
547 123 2519 2520 131837 25108
548 123 2519 2520 132223 25167
549 123 2519 2520 132543 25244
550 125 2519 2520 132880 25307
551 125 2519 2520 133277 25376
552 128 2519 2520 133663 25422
553 128 2519 2520 134062 25504
554 128 2519 2520 134516 25608
555 129 2519 2520 134894 25671
556 130 2519 2520 135343 25787
557 130 2519 2520 135845 25901
558 130 2519 2520 136314 25989
559 130 2519 2520 136735 26046
560 130 2519 2520 137212 26140
561 130 2519 2520 137726 26216
562 130 2519 2520 138199 26312
563 130 2519 2520 138662 26401
564 130 2519 2520 139113 26470
565 131 2519 2520 139604 26528
566 131 2519 2520 140093 26639
567 131 2519 2520 140552 26735
568 131 2519 2520 140966 26819
569 131 2519 2520 141400 26893
570 131 2519 2520 141822 26976
571 132 2519 2520 142134 27013
572 132 2519 2520 142549 27054
573 133 2519 2520 142947 27132
574 133 2519 2520 143369 27156
575 133 2519 2520 143755 27230
576 134 2519 2520 144135 27267
577 134 2519 2520 144496 27327
578 135 2519 2520 144915 27412
579 136 2519 2520 145304 27484
580 136 2519 2520 145798 27574
581 136 2519 2520 146269 27655
582 136 2519 2520 146744 27682
583 136 2519 2520 147185 27744
584 136 2519 2520 147644 27807
585 137 2519 2520 148012 27850
586 137 2519 2520 148379 27891
587 137 2519 2520 148731 27948
588 138 2519 2520 149122 28005
589 138 2519 2520 149539 28066
590 139 2519 2520 149926 28134
591 141 2519 2520 150309 28199
592 142 2519 2520 150713 28254
593 143 2519 2520 151130 28284
594 143 2519 2520 151517 28329
595 143 2519 2520 152006 28399
596 144 2519 2520 152417 28483
597 145 2519 2520 152852 28529
598 145 2519 2520 153391 28593
599 146 2519 2520 153834 28627
600 147 2519 2520 154377 28720
601 147 2519 2520 154837 28811
602 148 2519 2520 155431 28943
603 148 2519 2520 155983 29005
604 148 2519 2520 156509 29062
605 148 2519 2520 157020 29137
606 149 2519 2520 157536 29182
607 149 2519 2520 158065 29266
608 149 2519 2520 158577 29329
609 149 2519 2520 159120 29399
610 149 2519 2520 159642 29440
611 149 2519 2520 160142 29562
612 150 2519 2520 160622 29635
613 150 2519 2520 161119 29719
614 150 2519 2520 161562 29771
615 151 2519 2520 161994 29849
616 152 2519 2520 162483 29910
617 153 2519 2520 162975 29990
618 153 2519 2520 163478 30085
619 153 2519 2520 163946 30159
620 153 2519 2520 164421 30216
621 153 2519 2520 164887 30292
622 153 2519 2520 165292 30346
623 153 2519 2520 165707 30451
624 155 2519 2520 166127 30519
625 155 2519 2520 166538 30576
626 155 2519 2520 166913 30599
627 157 2519 2520 167361 30641
628 157 2519 2520 167784 30757
629 158 2519 2520 168239 30840
630 158 2519 2520 168638 30870
631 158 2519 2520 169089 30940
632 159 2519 2520 169579 31024
633 159 2519 2520 170022 31118
634 159 2519 2520 170468 31201
635 160 2519 2520 171003 31261
636 161 2519 2520 171452 31369
637 162 2519 2520 171924 31440
638 163 2519 2520 172429 31481
639 163 2519 2520 172950 31559
640 163 2519 2520 173483 31615
641 163 2519 2520 173982 31683
642 166 2519 2520 174542 31802
643 166 2519 2520 175038 31924
644 166 2519 2520 175592 31991
645 166 2519 2520 176142 32105
646 166 2519 2520 176678 32197
647 166 2519 2520 177168 32288
648 166 2519 2520 177695 32343
649 167 2519 2520 178192 32412
650 167 2519 2520 178668 32459
651 167 2519 2520 179175 32521
652 167 2519 2520 179657 32571
653 167 2519 2520 180123 32641
654 167 2519 2520 180605 32682
655 168 2519 2520 181132 32771
656 169 2519 2520 181558 32832
657 171 2519 2520 181975 32922
658 173 2519 2520 182513 32956
659 174 2519 2520 183054 33097
660 175 2519 2520 183633 33201
661 175 2519 2520 184220 33309
662 176 2519 2520 184912 33415
663 177 2519 2520 185594 33529
664 178 2519 2520 186192 33625
665 178 2519 2520 186872 33713
666 178 2519 2520 187576 33835
667 179 2519 2520 188270 33911
668 179 2519 2520 188937 34031
669 179 2519 2520 189692 34131
670 180 2519 2520 190369 34241
671 180 2519 2520 191042 34304
672 180 2519 2520 191642 34378
673 181 2519 2520 192199 34470
674 181 2519 2520 192800 34617
675 182 2519 2520 193454 34738
676 182 2519 2520 194100 34874
677 182 2519 2520 194685 34937
678 182 2519 2520 195345 35032
679 182 2519 2520 195901 35127
680 182 2519 2520 196452 35220
681 182 2519 2520 196947 35284
682 183 2519 2520 197434 35354
683 185 2519 2520 197893 35378
684 186 2519 2520 198473 35466
685 186 2519 2520 199095 35534
686 186 2519 2520 199661 35617
687 187 2519 2520 200224 35687
688 187 2519 2520 200821 35771
689 189 2519 2520 201367 35891
690 190 2519 2520 201904 35986
691 191 2519 2520 202534 36059
692 192 2519 2520 203230 36193
693 192 2519 2520 203933 36285
694 193 2519 2520 204576 36376
695 193 2519 2520 205152 36454
696 193 2519 2520 205754 36527
697 194 2519 2520 206397 36608
698 195 2519 2520 206993 36671
699 196 2519 2520 207598 36743
700 196 2519 2520 208234 36859
701 196 2519 2520 208901 36933
702 197 2519 2520 209480 37018
703 198 2519 2520 210096 37132
704 199 2519 2520 210665 37193
705 199 2519 2520 211293 37307
706 199 2519 2520 211876 37389
707 199 2519 2520 212488 37473
708 200 2519 2520 213076 37521
709 200 2519 2520 213690 37544
710 201 2519 2520 214203 37586
711 201 2519 2520 214697 37668
712 201 2519 2520 215227 37735
713 201 2519 2520 215771 37773
714 202 2519 2520 216257 37847
715 203 2519 2520 216783 37934
716 204 2519 2520 217313 37997
717 205 2519 2520 217813 38092
718 207 2519 2520 218330 38128
719 208 2519 2520 218855 38237
720 208 2519 2520 219484 38306
721 208 2519 2520 220114 38404
722 210 2519 2520 220716 38477
723 210 2519 2520 221372 38566
724 212 2519 2520 222018 38651
725 212 2519 2520 222691 38771
726 212 2519 2520 223370 38852
727 213 2519 2520 224042 38968
728 213 2519 2520 224742 39084
729 215 2519 2520 225423 39179
730 215 2519 2520 226115 39270
731 215 2519 2520 226719 39348
732 215 2519 2520 227383 39445
733 215 2519 2520 227997 39513
734 216 2519 2520 228692 39604
735 216 2519 2520 229307 39628
736 217 2519 2520 229943 39720
737 217 2519 2520 230674 39810
738 218 2519 2520 231350 39872
739 219 2519 2520 231970 39939
740 219 2519 2520 232598 39975
741 219 2519 2520 233177 40064
742 219 2519 2520 233711 40149
743 219 2519 2520 234278 40265
744 219 2519 2520 234857 40340
745 219 2519 2520 235383 40393
746 220 2519 2520 235937 40494
747 222 2519 2520 236439 40569
748 223 2519 2520 236994 40668
749 223 2519 2520 237510 40752
750 224 2519 2520 238082 40869
751 225 2519 2520 238657 40931
752 225 2519 2520 239226 41027
753 225 2519 2520 239817 41069
754 226 2519 2520 240373 41122
755 227 2519 2520 240950 41192
756 229 2519 2520 241504 41282
757 229 2519 2520 242078 41345
758 230 2519 2520 242626 41400
759 230 2519 2520 243201 41474
760 230 2519 2520 243796 41543
761 230 2519 2520 244383 41638
762 230 2519 2520 244959 41726
763 230 2519 2520 245567 41786
764 232 2519 2520 246118 41852
765 233 2519 2520 246713 41934
766 234 2519 2520 247311 42036
767 234 2519 2520 247911 42124
768 234 2519 2520 248480 42239
769 234 2519 2520 249066 42319
770 236 2519 2520 249697 42443
771 238 2519 2520 250315 42517
772 238 2519 2520 250963 42582
773 240 2519 2520 251625 42679
774 240 2519 2520 252344 42811
775 240 2519 2520 253077 42924
776 240 2519 2520 253739 43018
777 240 2519 2520 254452 43111
778 240 2519 2520 255234 43302
779 240 2519 2520 255918 43401
780 241 2519 2520 256610 43521
781 241 2519 2520 257257 43557
782 242 2519 2520 257885 43652
783 242 2519 2520 258523 43738
784 243 2519 2520 259140 43847
785 243 2519 2520 259725 43918
786 243 2519 2520 260290 44007
787 243 2519 2520 260884 44068
788 244 2519 2520 261488 44157
789 244 2519 2520 262074 44210
790 244 2519 2520 262655 44244
791 245 2519 2520 263202 44355
792 246 2519 2520 263735 44450
793 247 2519 2520 264307 44516
794 248 2519 2520 264892 44624
795 249 2519 2520 265457 44727
796 249 2519 2520 266158 44854
797 251 2519 2520 266747 44912
798 251 2519 2520 267344 44949
799 251 2519 2520 267931 45035
800 251 2519 2520 268595 45141
801 254 2519 2520 269276 45244
802 256 2519 2520 269990 45309
803 257 2519 2520 270744 45399
804 258 2519 2520 271514 45565
805 258 2519 2520 272319 45639
806 259 2519 2520 273120 45746
807 259 2519 2520 273944 45887
808 259 2519 2520 274825 46002
809 259 2519 2520 275624 46114
810 259 2519 2520 276390 46191
811 259 2519 2520 277195 46290
812 259 2519 2520 277934 46398
813 259 2519 2520 278658 46482
814 259 2519 2520 279343 46616
815 259 2519 2520 280075 46767
816 259 2519 2520 280759 46855
817 259 2519 2520 281357 46916
818 259 2519 2520 281921 46976
819 260 2519 2520 282394 47057
820 260 2519 2520 282904 47137
821 260 2519 2520 283465 47228
822 261 2519 2520 284045 47342
823 262 2519 2520 284588 47416
824 263 2519 2520 285123 47476
825 264 2519 2520 285696 47572
826 267 2519 2520 286342 47629
827 267 2519 2520 287043 47693
828 269 2519 2520 287675 47791
829 270 2519 2520 288330 47853
830 271 2519 2520 289062 48022
831 272 2519 2520 289827 48174
832 272 2519 2520 290555 48291
833 275 2519 2520 291347 48426
834 275 2519 2520 292111 48545
835 275 2519 2520 292922 48631
836 275 2519 2520 293742 48809
837 275 2519 2520 294490 48906
838 275 2519 2520 295275 48981
839 277 2519 2520 296046 49081
840 277 2519 2520 296765 49174
841 277 2519 2520 297446 49313
842 278 2519 2520 298104 49400
843 278 2519 2520 298764 49464
844 278 2519 2520 299426 49543
845 279 2519 2520 300124 49606
846 285 2519 2520 300850 49677
847 285 2519 2520 301511 49799
848 286 2519 2520 302307 49940
849 286 2519 2520 303047 50022
850 286 2519 2520 303775 50062
851 288 2519 2520 304535 50187
852 288 2519 2520 305334 50232
853 289 2519 2520 306137 50297
854 290 2519 2520 306896 50412
855 290 2519 2520 307727 50517
856 292 2519 2520 308572 50580
857 292 2519 2520 309379 50634
858 292 2519 2520 310204 50732
859 292 2519 2520 311026 50842
860 293 2519 2520 311822 50966
861 295 2519 2520 312618 51107
862 295 2519 2520 313473 51241
863 296 2519 2520 314270 51318
864 296 2519 2520 315079 51415
865 297 2519 2520 315865 51507
866 297 2519 2520 316612 51563
867 298 2519 2520 317389 51663
868 298 2519 2520 318204 51708
869 298 2519 2520 318929 51768
870 299 2519 2520 319612 51828
871 301 2519 2520 320350 51910
872 301 2519 2520 321027 52014
873 302 2519 2520 321755 52117
874 304 2519 2520 322458 52182
875 306 2519 2520 323214 52300
876 306 2519 2520 323994 52448
877 307 2519 2520 324867 52532
878 308 2519 2520 325615 52590
879 311 2519 2520 326537 52706
880 311 2519 2520 327418 52839
881 312 2519 2520 328369 52995
882 313 2519 2520 329340 53141
883 313 2519 2520 330282 53268
884 314 2519 2520 331249 53383
885 314 2519 2520 332175 53514
886 314 2519 2520 333147 53626
887 315 2519 2520 334036 53753
888 316 2519 2520 334962 53868
889 316 2519 2520 335876 53973
890 317 2519 2520 336829 54037
891 317 2519 2520 337709 54177
892 319 2519 2520 338572 54298
893 319 2519 2520 339452 54368
894 319 2519 2520 340369 54517
895 319 2519 2520 341277 54671
896 319 2519 2520 342095 54806
897 319 2519 2520 342933 54925
898 320 2519 2520 343766 55038
899 321 2519 2520 344487 55076
900 321 2519 2520 345206 55139
901 321 2519 2520 345974 55223
902 321 2519 2520 346661 55317
903 321 2519 2520 347355 55371
904 323 2519 2520 348070 55479
905 324 2519 2520 348755 55580
906 325 2519 2520 349453 55655
907 326 2519 2520 350095 55795
908 326 2519 2520 350825 55927
909 327 2519 2520 351557 56033
910 328 2519 2520 352284 56117
911 329 2519 2520 353030 56224
912 330 2519 2520 353811 56335
913 331 2519 2520 354569 56434
914 333 2519 2520 355355 56562
915 336 2519 2520 356167 56694
916 336 2519 2520 357063 56814
917 336 2519 2520 357901 56977
918 337 2519 2520 358712 57080
919 339 2519 2520 359557 57161
920 339 2519 2520 360440 57282
921 339 2519 2520 361380 57435
922 342 2519 2520 362242 57547
923 343 2519 2520 363128 57649
924 345 2519 2520 364005 57735
925 347 2519 2520 365001 57835
926 347 2519 2520 365889 57954
927 347 2519 2520 366754 58024
928 347 2519 2520 367579 58154
929 348 2519 2520 368524 58293
930 349 2519 2520 369499 58418
931 350 2519 2520 370362 58506
932 351 2519 2520 371285 58628
933 352 2519 2520 372095 58782
934 353 2519 2520 372949 58907
935 353 2519 2520 373892 58969
936 355 2519 2520 374806 59079
937 356 2519 2520 375751 59176
938 356 2519 2520 376639 59312
939 357 2519 2520 377541 59435
940 357 2519 2520 378466 59552
941 358 2519 2520 379405 59662
942 358 2519 2520 380318 59728
943 359 2519 2520 381296 59867
944 359 2519 2520 382193 60027
945 359 2519 2520 383058 60122
946 360 2519 2520 383943 60263
947 360 2519 2520 384776 60364
948 360 2519 2520 385624 60461
949 362 2519 2520 386463 60553
950 362 2519 2520 387134 60672
951 364 2519 2520 387955 60742
952 364 2519 2520 388643 60829
953 364 2519 2520 389343 60893
954 364 2519 2520 390103 61030
955 364 2519 2520 390751 61090
956 366 2519 2520 391501 61193
957 366 2519 2520 392293 61239
958 367 2519 2520 393064 61358
959 367 2519 2520 393880 61438
960 368 2519 2520 394648 61577
961 368 2519 2520 395365 61653
962 368 2519 2520 396106 61727
963 368 2519 2520 396859 61796
964 369 2519 2520 397610 61869
965 370 2519 2520 398325 61972
966 370 2519 2520 399109 62061
967 370 2519 2520 399814 62140
968 371 2519 2520 400460 62230
969 372 2519 2520 401225 62336
970 372 2519 2520 401901 62445
971 372 2519 2520 402634 62534
972 372 2519 2520 403313 62615
973 373 2519 2520 403978 62718
974 375 2519 2520 404620 62770
975 376 2519 2520 405404 62893
976 377 2519 2520 406106 62983
977 377 2519 2520 406756 63044
978 378 2519 2520 407473 63094
979 379 2519 2520 408130 63210
980 379 2519 2520 408902 63328
981 379 2519 2520 409599 63402
982 379 2519 2520 410238 63458
983 381 2519 2520 410939 63546
984 383 2519 2520 411599 63633
985 384 2519 2520 412292 63704
986 386 2519 2520 413110 63818
987 387 2519 2520 413817 63899
988 390 2519 2520 414605 63978
989 391 2519 2520 415465 64126
990 391 2519 2520 416281 64257
991 391 2519 2520 417089 64336
992 394 2519 2520 418027 64473
993 395 2519 2520 418969 64562
994 396 2519 2520 419784 64649
995 396 2519 2520 420766 64708
996 396 2519 2520 421767 64814
997 397 2519 2520 422690 64903
998 398 2519 2520 423685 65034
999 399 2519 2520 424578 65163
1000 399 2519 2520 425602 65273
