0 1 2519 2520 797 501
1 1 2519 2520 833 522
2 1 2519 2520 858 533
3 1 2519 2520 886 546
4 1 2519 2520 915 563
5 1 2519 2520 934 576
6 1 2519 2520 974 601
7 1 2519 2520 1010 618
8 1 2519 2520 1042 628
9 1 2519 2520 1077 652
10 1 2519 2520 1107 661
11 1 2519 2520 1133 672
12 1 2519 2520 1159 678
13 1 2519 2520 1190 683
14 1 2519 2520 1221 687
15 1 2519 2520 1247 696
16 2 2519 2520 1263 700
17 2 2519 2520 1310 717
18 2 2519 2520 1421 759
19 2 2519 2520 1519 791
20 2 2519 2520 1625 840
21 2 2519 2520 1716 868
22 2 2519 2520 1812 890
23 2 2519 2520 1902 917
24 2 2519 2520 2005 949
25 2 2519 2520 2083 972
26 2 2519 2520 2143 986
27 2 2519 2520 2217 1010
28 2 2519 2520 2278 1029
29 2 2519 2520 2316 1032
30 2 2519 2520 2361 1050
31 2 2519 2520 2391 1058
32 2 2519 2520 2441 1080
33 2 2519 2520 2464 1081
34 3 2519 2520 2487 1089
35 4 2519 2520 2529 1108
36 4 2519 2520 2646 1151
37 4 2519 2520 2780 1213
38 4 2519 2520 2952 1285
39 4 2519 2520 3138 1339
40 4 2519 2520 3302 1386
41 4 2519 2520 3457 1432
42 4 2519 2520 3604 1468
43 4 2519 2520 3728 1491
44 4 2519 2520 3876 1519
45 4 2519 2520 4040 1555
46 4 2519 2520 4170 1589
47 4 2519 2520 4284 1624
48 4 2519 2520 4375 1649
49 4 2519 2520 4467 1681
50 5 2519 2520 4547 1705
51 5 2519 2520 4655 1729
52 5 2519 2520 4791 1768
53 5 2519 2520 4917 1799
54 5 2519 2520 5042 1842
55 5 2519 2520 5179 1862
56 5 2519 2520 5263 1883
57 5 2519 2520 5392 1932
58 6 2519 2520 5479 1964
59 6 2519 2520 5592 1972
60 7 2519 2520 5707 2001
61 8 2519 2520 5876 2040
62 8 2519 2520 6082 2094
63 8 2519 2520 6274 2154
64 8 2519 2520 6500 2209
65 8 2519 2520 6711 2246
66 8 2519 2520 6927 2302
67 8 2518 2520 7124 2331
68 8 2518 2520 7368 2390
69 8 2518 2520 7626 2428
70 8 2518 2520 7849 2482
71 9 2518 2520 8026 2520
72 9 2518 2520 8240 2563
73 9 2518 2520 8443 2623
74 9 2517 2520 8640 2648
75 9 2517 2520 8825 2679
76 9 2517 2520 9029 2719
77 9 2517 2520 9216 2728
78 10 2517 2520 9416 2774
79 10 2517 2520 9631 2818
80 10 2517 2520 9831 2840
81 10 2517 2520 10018 2889
82 11 2517 2520 10218 2903
83 11 2517 2520 10411 2950
84 11 2517 2520 10611 2994
85 12 2517 2520 10811 3027
86 12 2517 2520 11022 3056
87 12 2517 2520 11196 3105
88 12 2517 2520 11382 3155
89 13 2517 2520 11578 3184
90 14 2517 2520 11789 3228
91 14 2517 2520 12051 3286
92 14 2517 2520 12326 3352
93 14 2517 2520 12592 3409
94 14 2517 2520 12851 3486
95 14 2517 2520 13118 3541
96 15 2517 2520 13363 3583
97 15 2517 2520 13623 3615
98 15 2517 2520 13896 3657
99 15 2517 2520 14132 3706
100 15 2516 2520 14358 3728
101 15 2516 2520 14593 3750
102 16 2516 2520 14834 3804
103 16 2516 2520 15074 3815
104 16 2516 2520 15365 3867
105 16 2516 2520 15644 3917
106 16 2516 2520 15885 3952
107 16 2516 2520 16133 3990
108 16 2516 2520 16335 4009
109 16 2516 2520 16535 4033
110 16 2516 2520 16738 4081
111 16 2516 2520 16925 4115
112 16 2516 2520 17095 4144
113 17 2516 2520 17298 4168
114 18 2515 2520 17467 4203
115 18 2515 2520 17664 4249
116 18 2515 2520 17882 4301
117 19 2515 2520 18093 4354
118 19 2515 2520 18294 4367
119 20 2515 2520 18554 4403
120 21 2515 2520 18792 4445
121 21 2515 2520 19066 4508
122 22 2515 2520 19380 4600
123 22 2515 2520 19667 4674
124 22 2515 2520 19983 4713
125 22 2515 2520 20269 4759
126 22 2515 2520 20584 4820
127 22 2515 2520 20853 4880
128 23 2515 2520 21109 4907
129 23 2515 2520 21398 4937
130 23 2515 2520 21689 4980
131 23 2515 2520 21975 5046
132 23 2515 2520 22230 5092
133 23 2515 2520 22482 5136
134 23 2515 2520 22744 5189
135 24 2515 2520 22986 5234
136 24 2515 2520 23237 5268
137 24 2515 2520 23493 5350
138 24 2515 2520 23718 5412
139 24 2515 2520 23933 5454
140 25 2515 2520 24162 5504
141 25 2515 2520 24393 5562
142 25 2515 2520 24630 5587
143 25 2515 2520 24879 5665
144 25 2515 2520 25110 5721
145 26 2515 2520 25315 5768
146 26 2515 2520 25586 5833
147 26 2515 2520 25843 5896
148 26 2515 2520 26102 5945
149 27 2515 2520 26365 5997
150 27 2515 2520 26642 6082
151 27 2515 2520 26907 6122
152 27 2515 2520 27175 6143
153 27 2515 2520 27438 6213
154 27 2515 2520 27660 6252
155 27 2515 2520 27891 6314
156 27 2515 2520 28097 6370
157 27 2515 2520 28295 6405
158 28 2515 2520 28503 6456
159 28 2515 2520 28723 6517
160 29 2515 2520 28968 6556
161 29 2515 2520 29204 6581
162 29 2515 2520 29462 6628
163 30 2515 2520 29712 6677
164 30 2515 2520 29976 6727
165 30 2515 2520 30238 6780
166 30 2515 2520 30482 6839
167 30 2515 2520 30716 6875
168 30 2515 2520 30984 6934
169 30 2515 2520 31263 6969
170 30 2515 2520 31508 7011
171 30 2515 2520 31715 7043
172 30 2515 2520 31919 7068
173 30 2515 2520 32085 7085
174 30 2515 2520 32296 7113
175 31 2515 2520 32512 7168
176 31 2515 2520 32691 7214
177 32 2515 2520 32907 7253
178 33 2515 2520 33088 7275
179 33 2515 2520 33339 7291
180 33 2515 2520 33560 7328
181 33 2515 2520 33772 7362
182 33 2515 2520 34007 7408
183 35 2515 2520 34284 7466
184 35 2515 2520 34565 7515
185 35 2514 2520 34846 7541
186 35 2514 2520 35150 7622
187 35 2514 2520 35459 7693
188 35 2514 2520 35781 7742
189 35 2514 2520 36064 7792
190 36 2514 2520 36349 7858
191 36 2514 2520 36648 7907
192 36 2514 2520 36930 7923
193 37 2514 2520 37259 7989
194 37 2514 2520 37497 8014
195 37 2514 2520 37790 8048
196 38 2514 2520 38092 8080
197 38 2514 2520 38393 8173
198 38 2514 2520 38690 8224
199 38 2514 2520 38947 8278
200 39 2514 2520 39218 8330
201 39 2513 2520 39484 8379
202 39 2513 2520 39793 8451
203 39 2513 2520 40116 8505
204 40 2513 2520 40414 8565
205 40 2513 2520 40721 8580
206 40 2513 2520 40992 8618
207 40 2513 2520 41255 8652
208 41 2513 2520 41554 8685
209 41 2513 2520 41854 8717
210 42 2513 2520 42151 8808
211 42 2513 2520 42475 8860
212 42 2512 2520 42780 8944
213 42 2512 2520 43105 8959
214 43 2512 2520 43420 9013
215 43 2512 2520 43726 9043
216 44 2512 2520 44030 9069
217 44 2512 2520 44307 9124
218 44 2512 2520 44595 9164
219 44 2512 2520 44880 9227
220 44 2512 2520 45117 9233
221 44 2512 2520 45385 9260
222 44 2512 2520 45648 9308
223 44 2512 2520 45878 9370
224 44 2512 2520 46109 9385
225 44 2512 2520 46310 9415
226 44 2512 2520 46527 9455
227 44 2512 2520 46702 9484
228 44 2512 2520 46906 9502
229 44 2512 2520 47066 9544
230 44 2512 2520 47232 9546
231 44 2512 2520 47399 9599
232 46 2512 2520 47528 9618
233 46 2512 2520 47698 9644
234 47 2512 2520 47894 9693
235 47 2512 2520 48074 9712
236 47 2512 2520 48326 9755
237 47 2512 2520 48582 9807
238 48 2512 2520 48803 9828
239 48 2512 2520 49087 9878
240 48 2512 2520 49380 9954
241 48 2512 2520 49657 9997
242 48 2512 2520 49906 10043
243 48 2512 2520 50178 10069
244 48 2512 2520 50426 10126
245 49 2512 2520 50675 10156
246 51 2512 2520 50908 10190
247 51 2512 2520 51182 10244
248 52 2512 2520 51459 10318
249 52 2512 2520 51754 10360
250 52 2512 2520 52092 10428
251 53 2512 2520 52437 10466
252 53 2512 2520 52786 10524
253 53 2512 2520 53088 10575
254 53 2512 2520 53404 10614
255 53 2512 2520 53732 10675
256 53 2512 2520 54053 10723
257 53 2512 2520 54333 10773
258 53 2512 2520 54625 10786
259 53 2512 2520 54939 10839
260 53 2512 2520 55274 10919
261 53 2512 2520 55509 10925
262 54 2512 2520 55774 10969
263 54 2512 2520 56075 11006
264 56 2512 2520 56397 11037
265 56 2512 2520 56690 11079
266 57 2512 2520 57047 11149
267 57 2512 2520 57323 11194
268 57 2512 2520 57637 11258
269 57 2512 2520 57958 11311
270 58 2512 2520 58309 11336
271 58 2512 2520 58642 11383
272 58 2512 2520 58983 11414
273 58 2512 2520 59341 11491
274 59 2512 2520 59691 11538
275 59 2512 2520 60066 11565
276 59 2512 2520 60373 11636
277 60 2512 2520 60723 11722
278 60 2512 2520 61030 11777
279 60 2512 2520 61354 11824
280 60 2512 2520 61678 11897
281 60 2512 2520 61955 11928
282 60 2512 2520 62286 11946
283 60 2512 2520 62562 12000
284 61 2512 2520 62877 12028
285 61 2512 2520 63160 12065
286 61 2512 2520 63434 12117
287 61 2512 2520 63717 12146
288 61 2512 2520 64011 12173
289 61 2512 2520 64308 12239
290 62 2512 2520 64552 12264
291 62 2512 2520 64824 12312
292 62 2512 2520 65109 12382
293 62 2512 2520 65380 12430
294 62 2512 2520 65691 12482
295 62 2512 2520 65970 12516
296 63 2512 2520 66261 12562
297 63 2512 2520 66524 12620
298 63 2512 2520 66815 12656
299 64 2512 2520 67074 12667
300 65 2512 2520 67356 12731
301 65 2512 2520 67662 12764
302 65 2512 2520 67961 12825
303 65 2512 2520 68301 12881
304 65 2512 2520 68638 12932
305 65 2512 2520 68908 12992
306 65 2512 2520 69205 13038
307 65 2512 2520 69473 13086
308 65 2512 2520 69750 13153
309 65 2512 2520 70006 13164
310 65 2512 2520 70228 13199
311 65 2512 2520 70411 13251
312 65 2512 2520 70630 13307
313 65 2512 2520 70846 13354
314 65 2512 2520 71048 13391
315 66 2512 2520 71253 13416
316 66 2512 2520 71433 13443
317 67 2512 2520 71659 13474
318 68 2512 2520 71882 13526
319 69 2512 2520 72114 13547
320 70 2512 2520 72403 13582
321 71 2512 2520 72660 13648
322 71 2512 2520 72950 13704
323 71 2512 2520 73241 13752
324 72 2512 2520 73557 13800
325 72 2512 2520 73796 13841
326 72 2512 2520 74106 13894
327 72 2512 2520 74478 13953
328 72 2512 2520 74794 13996
329 73 2512 2520 75080 14027
330 73 2512 2520 75424 14071
331 73 2512 2520 75738 14100
332 73 2512 2520 76049 14151
333 73 2512 2520 76368 14205
334 74 2512 2520 76723 14280
335 74 2512 2520 77035 14296
336 75 2512 2520 77384 14374
337 75 2512 2520 77758 14392
338 75 2512 2520 78124 14498
339 75 2512 2520 78446 14543
340 75 2512 2520 78767 14598
341 75 2512 2520 79138 14663
342 75 2512 2520 79451 14735
343 75 2512 2520 79736 14759
344 75 2512 2520 80055 14831
345 76 2512 2520 80352 14880
346 76 2512 2520 80612 14913
347 76 2512 2520 80902 14946
348 76 2512 2520 81224 15000
349 76 2512 2520 81521 15035
350 77 2512 2520 81796 15089
351 77 2512 2520 82079 15113
352 77 2512 2520 82366 15166
353 77 2512 2520 82623 15201
354 77 2512 2520 82881 15219
355 78 2512 2520 83127 15252
356 78 2512 2520 83369 15308
357 78 2512 2520 83616 15350
358 79 2512 2520 83925 15391
359 79 2512 2520 84204 15430
360 79 2512 2520 84488 15458
361 79 2512 2520 84798 15455
362 79 2512 2520 85109 15490
363 80 2512 2520 85368 15526
364 80 2512 2520 85638 15578
365 80 2512 2520 85925 15659
366 80 2512 2520 86203 15689
367 82 2512 2520 86480 15703
368 83 2512 2520 86785 15744
369 84 2512 2520 87094 15832
370 85 2512 2520 87400 15880
371 85 2512 2520 87792 15935
372 86 2512 2520 88168 16003
373 86 2512 2520 88549 16101
374 86 2512 2520 88962 16191
375 86 2512 2520 89316 16273
376 87 2511 2520 89724 16314
377 87 2511 2520 90130 16371
378 87 2511 2520 90568 16407
379 88 2511 2520 90984 16472
380 88 2511 2520 91413 16541
381 88 2511 2520 91833 16606
382 88 2511 2520 92245 16636
383 88 2511 2520 92622 16700
384 88 2511 2520 93011 16765
385 88 2511 2520 93417 16819
386 88 2511 2520 93734 16885
387 89 2511 2520 94061 16930
388 89 2511 2520 94420 16974
389 89 2511 2520 94727 17016
390 90 2511 2520 95055 17060
391 90 2511 2520 95379 17081
392 90 2511 2520 95737 17126
393 90 2511 2520 96089 17232
394 92 2511 2520 96439 17301
395 92 2511 2520 96831 17340
396 93 2511 2520 97248 17430
397 93 2511 2520 97672 17483
398 93 2511 2520 98114 17552
399 93 2511 2520 98554 17656
400 94 2511 2520 98943 17716
401 94 2511 2520 99358 17782
402 94 2511 2520 99784 17852
403 95 2511 2520 100204 17895
404 95 2511 2520 100657 17930
405 96 2511 2520 101070 17974
406 97 2511 2520 101505 18056
407 98 2511 2520 101951 18140
408 98 2511 2520 102382 18214
409 98 2511 2520 102784 18253
410 98 2511 2520 103197 18300
411 99 2511 2520 103628 18365
412 99 2511 2520 104013 18435
413 100 2511 2520 104411 18472
414 100 2511 2520 104830 18524
415 100 2511 2520 105219 18564
416 100 2511 2520 105599 18621
417 100 2511 2520 105993 18686
418 101 2511 2520 106370 18736
419 101 2511 2520 106757 18785
420 101 2511 2520 107098 18851
421 101 2511 2520 107476 18883
422 103 2511 2520 107869 18908
423 103 2511 2520 108287 18976
424 104 2511 2520 108729 18981
425 104 2511 2520 109203 19077
426 104 2511 2520 109607 19153
427 104 2511 2520 110006 19196
428 104 2511 2520 110459 19282
429 104 2511 2520 110905 19303
430 105 2511 2520 111333 19398
431 105 2511 2520 111724 19473
432 105 2511 2520 112139 19521
433 105 2511 2520 112521 19570
434 105 2511 2520 112918 19640
435 105 2511 2520 113259 19706
436 105 2511 2520 113605 19725
437 105 2511 2520 113961 19774
438 105 2511 2520 114295 19816
439 106 2511 2520 114629 19861
440 106 2511 2520 115004 19910
441 106 2511 2520 115349 19967
442 107 2511 2520 115681 20000
443 109 2511 2520 116036 20063
444 110 2511 2520 116396 20127
445 111 2511 2520 116763 20186
446 111 2511 2520 117169 20293
447 111 2511 2520 117601 20354
448 112 2511 2520 118009 20376
449 112 2511 2520 118442 20429
450 114 2511 2520 118963 20503
451 115 2511 2520 119414 20563
452 116 2511 2520 119911 20648
453 117 2511 2520 120429 20722
454 117 2511 2520 120935 20788
455 117 2511 2520 121505 20880
456 117 2511 2520 122090 20989
457 117 2511 2520 122596 21075
458 119 2511 2520 123199 21113
459 120 2511 2520 123788 21182
460 121 2511 2520 124328 21273
461 121 2511 2520 124904 21362
462 122 2511 2520 125507 21439
463 122 2511 2520 126082 21526
464 123 2511 2520 126682 21593
465 124 2511 2520 127183 21679
466 124 2511 2520 127704 21743
467 124 2511 2520 128289 21790
468 125 2511 2520 128846 21867
469 127 2511 2520 129396 21935
470 127 2511 2520 129933 22028
471 128 2511 2520 130520 22109
472 128 2511 2520 131062 22193
473 128 2511 2520 131705 22307
474 128 2511 2520 132266 22424
475 129 2511 2520 132858 22470
476 129 2511 2520 133472 22519
477 129 2511 2520 134092 22609
478 130 2511 2520 134684 22681
479 131 2511 2520 135287 22737
480 131 2511 2520 135902 22851
481 131 2511 2520 136456 22960
482 132 2511 2520 136978 23032
483 132 2511 2520 137547 23111
484 133 2511 2520 138138 23202
485 133 2511 2520 138630 23260
486 133 2511 2520 139131 23356
487 134 2511 2520 139712 23426
488 134 2511 2520 140223 23471
489 134 2511 2520 140751 23553
490 134 2511 2520 141287 23633
491 134 2511 2520 141786 23688
492 136 2511 2520 142327 23718
493 136 2511 2520 142896 23818
494 136 2511 2520 143378 23893
495 136 2511 2520 143899 23939
496 136 2511 2520 144382 24000
497 136 2511 2520 144858 24068
498 136 2511 2520 145375 24128
499 137 2511 2520 145901 24209
500 138 2511 2520 146399 24297
501 138 2511 2520 146994 24399
502 139 2511 2520 147552 24479
503 139 2511 2520 148129 24548
504 139 2511 2520 148619 24649
505 139 2511 2520 149107 24756
506 139 2511 2520 149648 24852
507 139 2511 2520 150171 24969
508 140 2511 2520 150660 25026
509 141 2511 2520 151168 25123
510 141 2511 2520 151633 25196
511 142 2511 2520 152148 25253
512 143 2511 2520 152625 25340
513 144 2511 2520 153121 25426
514 145 2511 2520 153716 25523
515 145 2511 2520 154226 25609
516 146 2511 2520 154772 25685
517 146 2511 2520 155285 25764
518 146 2511 2520 155770 25834
519 146 2511 2520 156288 25929
520 146 2511 2520 156812 26039
521 148 2511 2520 157306 26111
522 149 2511 2520 157800 26171
523 149 2511 2520 158311 26270
524 149 2511 2520 158825 26305
525 149 2511 2520 159395 26410
526 149 2511 2520 159908 26505
527 149 2511 2520 160411 26590
528 152 2511 2520 160876 26649
529 152 2511 2520 161422 26734
530 152 2511 2520 161936 26775
531 152 2511 2520 162459 26862
532 154 2511 2520 163013 26934
533 154 2511 2520 163558 26995
534 157 2511 2520 164140 27107
535 157 2511 2520 164740 27197
536 159 2511 2520 165370 27254
537 159 2511 2520 165957 27353
538 160 2511 2520 166694 27461
539 161 2511 2520 167396 27555
540 161 2511 2520 168092 27638
541 161 2511 2520 168813 27725
542 162 2511 2520 169466 27815
543 164 2511 2520 170124 27939
544 165 2511 2520 170766 28055
545 165 2511 2520 171389 28151
546 165 2511 2520 172067 28220
547 165 2511 2520 172735 28302
548 165 2511 2520 173341 28378
549 165 2511 2520 173996 28452
550 165 2511 2520 174545 28543
551 165 2511 2520 175127 28622
552 165 2511 2520 175680 28709
553 165 2511 2520 176198 28772
554 167 2511 2520 176773 28894
555 168 2511 2520 177266 28934
556 169 2511 2520 177789 28994
557 169 2511 2520 178370 29046
558 169 2511 2520 178954 29145
559 170 2511 2520 179472 29223
560 171 2511 2520 179939 29340
561 173 2511 2520 180502 29406
562 174 2510 2520 181074 29519
563 175 2510 2520 181683 29627
564 176 2510 2520 182387 29742
565 177 2510 2520 183019 29835
566 178 2510 2520 183712 29896
567 178 2510 2520 184438 30057
568 179 2510 2520 185192 30173
569 180 2510 2520 185942 30251
570 180 2510 2520 186625 30329
571 180 2510 2520 187360 30431
572 180 2510 2520 188087 30538
573 180 2510 2520 188847 30650
574 181 2510 2520 189548 30742
575 182 2510 2520 190232 30840
576 184 2510 2520 190867 30916
577 184 2510 2520 191574 31010
578 184 2510 2520 192243 31114
579 184 2510 2520 192956 31233
580 184 2510 2520 193622 31302
581 184 2510 2520 194305 31303
582 186 2510 2520 195080 31478
583 186 2510 2520 195782 31604
584 186 2510 2520 196406 31691
585 186 2510 2520 197107 31795
586 186 2510 2520 197755 31896
587 187 2510 2520 198414 31959
588 187 2510 2520 199056 32053
589 187 2510 2520 199678 32160
590 187 2510 2520 200345 32217
591 187 2510 2520 200961 32292
592 188 2510 2520 201536 32368
593 188 2510 2520 202082 32492
594 188 2510 2520 202603 32526
595 188 2510 2520 203125 32603
596 188 2510 2520 203650 32672
597 189 2510 2520 204202 32753
598 189 2510 2520 204685 32810
599 189 2509 2520 205223 32882
600 192 2509 2520 205774 32936
601 192 2509 2520 206301 33005
602 192 2509 2520 206940 33110
603 194 2509 2520 207553 33239
604 195 2509 2520 208173 33326
605 196 2509 2520 208749 33430
606 197 2509 2520 209385 33537
607 198 2509 2520 209978 33650
608 198 2509 2520 210598 33697
609 198 2509 2520 211348 33801
610 199 2509 2520 211995 33916
611 200 2509 2520 212709 34018
612 202 2509 2520 213413 34127
613 204 2509 2520 214104 34185
614 204 2509 2520 214846 34272
615 204 2509 2520 215562 34357
616 205 2509 2520 216304 34495
617 206 2509 2520 217086 34609
618 207 2508 2520 217916 34725
619 207 2508 2520 218721 34790
620 207 2508 2520 219493 34869
621 207 2507 2520 220245 34993
622 207 2507 2520 220983 35171
623 208 2507 2520 221718 35249
624 208 2507 2520 222396 35305
625 209 2506 2520 223053 35355
626 209 2506 2520 223720 35473
627 210 2506 2520 224479 35597
628 210 2506 2520 225115 35666
629 211 2506 2520 225817 35696
630 211 2506 2520 226519 35781
631 211 2506 2520 227230 35824
632 211 2506 2520 227849 35895
633 211 2506 2520 228446 35942
634 212 2506 2520 229102 35985
635 212 2506 2520 229697 36014
636 212 2506 2520 230232 36059
637 213 2506 2520 230850 36140
638 214 2506 2520 231476 36202
639 217 2506 2520 232043 36291
640 218 2506 2520 232661 36360
641 219 2506 2520 233227 36433
642 220 2506 2520 233979 36549
643 220 2506 2520 234627 36636
644 221 2506 2520 235349 36718
645 222 2506 2520 236085 36807
646 222 2506 2520 236817 36904
647 224 2506 2520 237441 36945
648 226 2506 2520 238220 37062
649 226 2506 2520 239028 37177
650 226 2506 2520 239774 37285
651 226 2506 2520 240546 37404
652 228 2506 2520 241340 37480
653 230 2506 2520 242113 37610
654 231 2506 2520 242954 37702
655 232 2506 2520 243742 37799
656 232 2506 2520 244539 37911
657 232 2506 2520 245384 38035
658 233 2506 2520 246216 38189
659 234 2506 2520 247046 38298
660 234 2506 2520 247891 38394
661 234 2506 2520 248798 38469
662 236 2506 2520 249610 38545
663 237 2506 2520 250419 38583
664 238 2506 2520 251285 38702
665 238 2506 2520 252079 38814
666 240 2506 2520 252803 38896
667 242 2506 2520 253623 38972
668 242 2506 2520 254544 39095
669 243 2506 2520 255346 39183
670 243 2506 2520 256184 39266
671 244 2506 2520 257097 39356
672 245 2506 2520 257979 39493
673 245 2506 2520 258900 39629
674 246 2506 2520 259815 39728
675 246 2506 2520 260727 39827
676 247 2506 2520 261540 39926
677 247 2506 2520 262427 40015
678 247 2506 2520 263224 40105
679 248 2506 2520 263919 40179
680 250 2506 2520 264688 40305
681 250 2506 2520 265457 40429
682 252 2506 2520 266202 40521
683 254 2506 2520 266937 40635
684 255 2506 2520 267699 40725
685 255 2506 2520 268492 40877
686 255 2506 2520 269337 40981
687 255 2506 2520 270216 41138
688 255 2506 2520 271055 41259
689 258 2506 2520 271803 41367
690 258 2506 2520 272653 41472
691 260 2506 2520 273530 41579
692 260 2506 2520 274352 41719
693 261 2506 2520 275187 41806
694 261 2506 2520 275978 41888
695 261 2506 2520 276796 41951
696 261 2505 2520 277600 41980
697 262 2505 2520 278265 42054
698 263 2505 2520 279027 42140
699 265 2505 2520 279764 42234
700 268 2505 2520 280574 42319
701 270 2504 2520 281371 42417
702 270 2504 2520 282269 42567
703 271 2504 2520 283165 42716
704 272 2504 2520 284089 42852
705 272 2504 2520 285047 43004
706 272 2504 2520 285988 43121
707 272 2504 2520 286878 43232
708 272 2504 2520 287781 43326
709 273 2504 2520 288678 43403
710 274 2504 2520 289561 43524
711 276 2504 2520 290481 43654
712 277 2504 2520 291382 43740
713 279 2504 2520 292310 43853
714 279 2504 2520 293117 43982
715 280 2504 2520 294029 44068
716 280 2504 2520 294918 44148
717 280 2504 2520 295764 44253
718 281 2504 2520 296753 44362
719 283 2504 2520 297655 44502
720 283 2504 2520 298452 44590
721 283 2504 2520 299311 44733
722 284 2504 2520 300213 44854
723 286 2504 2520 301091 45025
724 287 2504 2520 302052 45159
725 287 2504 2520 302978 45292
726 287 2503 2520 303909 45452
727 288 2503 2520 304866 45549
728 288 2503 2520 305770 45629
729 288 2503 2520 306623 45702
730 289 2503 2520 307553 45827
731 292 2503 2520 308470 45930
732 294 2503 2520 309374 46041
733 294 2503 2520 310303 46116
734 294 2503 2520 311187 46228
735 294 2503 2520 312040 46323
736 296 2503 2520 312938 46397
737 296 2503 2520 313830 46509
738 296 2503 2520 314745 46568
739 297 2503 2520 315596 46669
740 299 2503 2520 316508 46752
741 299 2503 2520 317399 46842
742 299 2503 2520 318270 46984
743 300 2503 2520 319122 47053
744 300 2503 2520 320016 47160
745 300 2503 2520 320796 47250
746 301 2503 2520 321570 47349
747 302 2503 2520 322441 47430
748 303 2502 2520 323186 47518
749 303 2502 2520 324006 47638
750 303 2502 2520 324834 47710
751 304 2502 2520 325698 47769
752 304 2502 2520 326469 47898
753 310 2502 2520 327234 47961
754 310 2502 2520 328012 47984
755 310 2502 2520 328889 48075
756 311 2502 2520 329761 48197
757 312 2502 2520 330634 48273
758 313 2502 2520 331511 48391
759 313 2502 2520 332394 48514
760 313 2501 2520 333367 48653
761 313 2501 2520 334210 48763
762 313 2501 2520 335064 48872
763 313 2501 2520 335909 48912
764 313 2501 2520 336745 49030
765 313 2501 2520 337607 49111
766 313 2501 2520 338344 49234
767 313 2501 2520 339071 49277
768 314 2501 2520 339796 49344
769 314 2501 2520 340498 49415
770 315 2501 2520 341224 49484
771 318 2501 2520 341900 49555
772 319 2501 2520 342633 49633
773 321 2501 2520 343406 49679
774 322 2501 2520 344212 49742
775 323 2501 2520 345004 49814
776 323 2501 2520 345828 49912
777 326 2501 2520 346765 50044
778 328 2501 2520 347657 50192
779 328 2501 2520 348516 50330
780 328 2501 2520 349459 50405
781 328 2501 2520 350336 50516
782 328 2501 2520 351211 50580
783 328 2501 2520 352150 50658
784 329 2501 2520 353005 50776
785 330 2501 2520 353810 50887
786 330 2500 2520 354665 50966
787 333 2500 2520 355585 51062
788 333 2500 2520 356398 51199
789 335 2500 2520 357188 51269
790 335 2500 2520 358030 51384
791 335 2500 2520 358817 51446
792 336 2500 2520 359639 51564
793 337 2500 2520 360541 51628
794 338 2500 2520 361402 51776
795 339 2500 2520 362238 51922
796 339 2500 2520 363103 52043
797 339 2500 2520 363918 52189
798 339 2500 2520 364672 52315
799 339 2499 2520 365411 52423
800 341 2499 2520 366220 52536
801 342 2499 2520 366997 52613
802 342 2499 2520 367823 52726
803 343 2499 2520 368668 52894
804 344 2499 2520 369496 52983
805 344 2499 2520 370349 53148
806 346 2499 2520 371212 53253
807 347 2499 2520 372038 53333
808 348 2499 2520 372845 53432
809 349 2499 2520 373708 53569
810 350 2499 2520 374589 53730
811 352 2499 2520 375473 53800
812 353 2499 2520 376342 53967
813 354 2499 2520 377247 54068
814 356 2499 2520 378168 54155
815 358 2498 2520 379020 54237
816 358 2498 2520 380015 54357
817 358 2498 2520 381049 54455
818 359 2498 2520 382064 54592
819 361 2498 2520 382980 54715
820 361 2498 2520 383990 54813
821 361 2498 2520 384964 54938
822 361 2498 2520 385911 55017
823 362 2498 2520 386927 55181
824 362 2498 2520 387899 55234
825 363 2498 2520 388805 55328
826 365 2498 2520 389737 55464
827 365 2498 2520 390569 55559
828 365 2498 2520 391473 55681
829 366 2498 2520 392358 55776
830 369 2498 2520 393225 55849
831 369 2498 2520 394069 55915
832 371 2498 2520 394961 56049
833 371 2498 2520 395903 56144
834 371 2498 2520 396841 56250
835 372 2498 2520 397698 56353
836 372 2498 2520 398613 56479
837 372 2498 2520 399589 56628
838 373 2498 2520 400540 56742
839 374 2498 2520 401408 56870
840 375 2498 2520 402373 57005
841 376 2498 2520 403259 57100
842 378 2498 2520 404170 57184
843 379 2498 2520 405131 57318
844 380 2498 2520 406078 57409
845 380 2498 2520 407051 57489
846 380 2498 2520 407951 57682
847 381 2498 2520 408859 57756
848 381 2498 2520 409841 57912
849 385 2498 2520 410810 57998
850 387 2498 2520 411701 58146
851 387 2498 2520 412672 58294
852 388 2498 2520 413571 58427
853 388 2498 2520 414449 58537
854 390 2498 2520 415461 58624
855 392 2498 2520 416445 58798
856 393 2498 2520 417433 58957
857 394 2498 2520 418456 59075
858 394 2498 2520 419490 59216
859 394 2498 2520 420482 59295
860 396 2498 2520 421446 59418
861 396 2497 2520 422473 59550
862 398 2497 2520 423500 59670
863 399 2497 2520 424511 59809
864 401 2497 2520 425452 59884
865 403 2497 2520 426446 60012
866 404 2497 2520 427550 60169
867 404 2497 2520 428623 60307
868 405 2496 2520 429722 60408
869 406 2496 2520 430874 60526
870 407 2496 2520 431963 60703
871 409 2496 2520 433089 60833
872 410 2496 2520 434194 60954
873 410 2496 2520 435214 61047
874 412 2496 2520 436272 61166
875 413 2496 2520 437365 61297
876 414 2496 2520 438437 61467
877 416 2496 2520 439472 61575
878 416 2496 2520 440511 61717
879 416 2496 2520 441601 61804
880 416 2496 2520 442661 61883
881 418 2496 2520 443687 62037
882 419 2496 2520 444719 62138
883 419 2496 2520 445841 62272
884 421 2496 2520 446888 62324
885 422 2496 2520 448011 62448
886 424 2496 2520 449008 62535
887 425 2496 2520 450126 62605
888 426 2496 2520 451223 62744
889 427 2496 2520 452319 62793
890 430 2496 2520 453389 62920
891 430 2496 2520 454479 63102
892 430 2496 2520 455621 63263
893 432 2496 2520 456819 63352
894 432 2496 2520 457913 63472
895 434 2496 2520 459014 63604
896 434 2496 2520 460142 63758
897 434 2496 2520 461302 63858
898 436 2496 2520 462427 64004
899 436 2496 2520 463602 64121
900 437 2496 2520 464791 64227
901 438 2496 2520 465918 64361
902 438 2496 2520 467020 64466
903 439 2496 2520 468144 64550
904 439 2496 2520 469260 64657
905 439 2496 2520 470327 64807
906 441 2496 2520 471511 65001
907 441 2496 2520 472551 65110
908 442 2496 2520 473584 65210
909 442 2496 2520 474701 65310
910 444 2495 2520 475813 65430
911 445 2495 2520 476842 65554
912 446 2495 2520 477857 65694
913 448 2495 2520 478899 65780
914 451 2495 2520 479964 65886
915 453 2495 2520 481098 66001
916 453 2495 2520 482232 66136
917 453 2495 2520 483301 66241
918 454 2495 2520 484457 66308
919 455 2495 2520 485603 66404
920 456 2495 2520 486678 66560
921 457 2495 2520 487770 66641
922 458 2495 2520 488815 66742
923 462 2495 2520 489966 66865
924 462 2495 2520 491095 66987
925 462 2495 2520 492263 67129
926 462 2495 2520 493360 67314
927 464 2495 2520 494407 67428
928 466 2495 2520 495453 67552
929 467 2495 2520 496578 67632
930 468 2495 2520 497725 67743
931 469 2495 2520 498912 67898
932 469 2495 2520 500064 68014
933 469 2495 2520 501216 68160
934 470 2495 2520 502308 68305
935 470 2495 2520 503357 68441
936 470 2495 2520 504439 68527
937 472 2495 2520 505503 68645
938 472 2495 2520 506570 68731
939 473 2495 2520 507651 68856
940 473 2495 2520 508809 68982
941 473 2495 2520 509812 69102
942 474 2495 2520 510881 69185
943 476 2495 2520 511847 69277
944 477 2495 2520 512861 69373
945 479 2495 2520 513851 69463
946 479 2495 2520 514922 69595
947 481 2495 2520 515988 69693
948 482 2495 2520 517044 69808
949 485 2495 2520 518152 69966
950 486 2495 2520 519352 70090
951 486 2495 2520 520442 70267
952 487 2495 2520 521658 70405
953 489 2495 2520 522701 70539
954 489 2495 2520 523857 70670
955 489 2495 2520 525014 70866
956 489 2495 2520 526132 70936
957 490 2495 2520 527204 70980
958 497 2495 2520 528332 71110
959 499 2495 2520 529430 71212
960 501 2495 2520 530637 71337
961 501 2495 2520 531927 71483
962 503 2494 2520 533262 71663
963 503 2494 2520 534601 71822
964 505 2494 2520 535877 71955
965 505 2493 2520 537101 72033
966 506 2493 2520 538353 72162
967 506 2493 2520 539631 72320
968 506 2493 2520 540894 72448
969 507 2493 2520 542026 72504
970 508 2493 2520 543198 72650
971 509 2493 2520 544316 72797
972 511 2493 2520 545324 72868
973 513 2493 2520 546401 72981
974 513 2493 2520 547502 73097
975 515 2493 2520 548544 73169
976 515 2493 2520 549618 73282
977 520 2493 2520 550672 73393
978 520 2493 2520 551747 73518
979 520 2493 2520 552881 73647
980 522 2493 2520 554108 73764
981 525 2493 2520 555284 73866
982 526 2493 2520 556420 73945
983 527 2492 2520 557659 74095
984 527 2492 2520 558846 74236
985 530 2491 2520 560104 74396
986 532 2491 2520 561421 74536
987 532 2491 2520 562851 74637
988 534 2491 2520 564153 74817
989 535 2491 2520 565464 74987
990 535 2491 2520 566834 75152
991 537 2491 2520 568162 75247
992 537 2491 2520 569430 75379
993 537 2491 2520 570790 75516
994 539 2491 2520 572067 75599
995 540 2491 2520 573380 75740
996 540 2491 2520 574683 75887
997 540 2491 2520 576004 76036
998 540 2491 2520 577204 76145
999 542 2491 2520 578391 76294
1000 542 2491 2520 579608 76454
