0 1 2519 2520 795 498
1 1 2519 2520 814 511
2 1 2519 2520 847 537
3 1 2519 2520 882 556
4 1 2519 2520 909 571
5 1 2519 2520 945 590
6 1 2519 2520 975 609
7 1 2519 2520 1022 635
8 1 2519 2520 1053 654
9 1 2519 2520 1090 671
10 1 2519 2520 1121 682
11 1 2519 2520 1156 695
12 1 2519 2520 1190 703
13 1 2519 2520 1209 705
14 1 2519 2520 1226 709
15 1 2519 2520 1247 719
16 1 2519 2520 1264 721
17 1 2519 2520 1278 723
18 2 2519 2520 1287 730
19 2 2519 2520 1340 753
20 2 2519 2520 1430 796
21 2 2519 2520 1542 839
22 2 2519 2520 1649 867
23 2 2519 2520 1742 902
24 2 2519 2520 1835 932
25 2 2519 2520 1945 964
26 2 2519 2520 2023 989
27 2 2519 2520 2107 1024
28 2 2519 2520 2195 1039
29 2 2519 2520 2269 1058
30 2 2519 2520 2330 1073
31 2 2519 2520 2387 1082
32 2 2519 2520 2427 1102
33 2 2519 2520 2459 1099
34 2 2519 2520 2501 1109
35 2 2519 2520 2532 1117
36 2 2519 2520 2567 1131
37 2 2519 2520 2606 1141
38 2 2519 2520 2634 1153
39 3 2519 2520 2655 1155
40 3 2519 2520 2687 1166
41 3 2519 2520 2788 1200
42 4 2519 2520 2899 1243
43 4 2519 2520 2996 1281
44 4 2519 2520 3138 1321
45 4 2519 2520 3263 1365
46 4 2519 2520 3402 1408
47 4 2519 2520 3537 1437
48 4 2519 2520 3650 1476
49 4 2519 2520 3780 1499
50 4 2519 2520 3911 1542
51 4 2519 2520 4017 1561
52 4 2519 2520 4137 1581
53 4 2519 2520 4243 1601
54 4 2519 2520 4351 1620
55 4 2519 2520 4431 1649
56 5 2519 2520 4520 1686
57 5 2519 2520 4646 1736
58 5 2519 2520 4757 1743
59 5 2519 2520 4894 1773
60 5 2519 2520 5028 1802
61 6 2519 2520 5162 1834
62 7 2519 2520 5300 1883
63 7 2519 2520 5491 1942
64 7 2519 2520 5691 1976
65 7 2519 2520 5923 2049
66 8 2519 2520 6145 2098
67 8 2519 2520 6390 2157
68 8 2519 2520 6690 2228
69 8 2518 2520 6913 2272
70 8 2518 2520 7164 2313
71 8 2518 2520 7382 2372
72 8 2518 2520 7601 2388
73 8 2518 2520 7820 2399
74 8 2518 2520 8020 2404
75 8 2518 2520 8243 2440
76 9 2518 2520 8387 2473
77 9 2518 2520 8539 2513
78 9 2518 2520 8738 2571
79 9 2518 2520 8914 2612
80 9 2518 2520 9072 2656
81 10 2517 2520 9251 2686
82 10 2517 2520 9463 2731
83 11 2517 2520 9678 2778
84 11 2517 2520 9874 2817
85 11 2517 2520 10090 2865
86 11 2517 2520 10311 2896
87 12 2517 2520 10514 2929
88 12 2517 2520 10756 2948
89 12 2517 2520 10960 3003
90 12 2517 2520 11179 3037
91 14 2517 2520 11393 3079
92 14 2517 2520 11612 3130
93 14 2517 2520 11846 3160
94 14 2517 2520 12124 3200
95 14 2517 2520 12376 3259
96 14 2517 2520 12644 3320
97 14 2517 2520 12871 3354
98 14 2517 2520 13119 3410
99 14 2517 2520 13385 3463
100 14 2517 2520 13603 3516
101 14 2517 2520 13794 3567
102 14 2517 2520 13978 3607
103 14 2517 2520 14158 3642
104 14 2517 2520 14358 3691
105 14 2517 2520 14527 3725
106 14 2517 2520 14693 3752
107 14 2517 2520 14864 3784
108 15 2516 2520 15021 3814
109 15 2516 2520 15183 3821
110 16 2516 2520 15392 3853
111 16 2516 2520 15604 3883
112 16 2516 2520 15821 3907
113 16 2516 2520 15985 3931
114 17 2516 2520 16203 3960
115 17 2516 2520 16414 4015
116 18 2516 2520 16629 4073
117 18 2516 2520 16852 4088
118 18 2516 2520 17111 4154
119 18 2516 2520 17334 4193
120 18 2516 2520 17567 4241
121 18 2516 2520 17814 4278
122 18 2516 2520 18044 4340
123 18 2516 2520 18273 4394
124 18 2516 2520 18472 4423
125 19 2516 2520 18699 4463
126 19 2516 2520 18912 4509
127 19 2516 2520 19096 4547
128 19 2516 2520 19315 4572
129 19 2516 2520 19501 4606
130 19 2516 2520 19695 4646
131 19 2516 2520 19864 4700
132 20 2516 2520 20008 4738
133 21 2516 2520 20199 4794
134 21 2515 2520 20417 4836
135 22 2515 2520 20667 4867
136 22 2515 2520 20917 4920
137 23 2515 2520 21221 4970
138 23 2515 2520 21489 4998
139 23 2515 2520 21752 5036
140 23 2515 2520 21997 5086
141 24 2515 2520 22296 5156
142 24 2515 2520 22603 5180
143 24 2515 2520 22916 5230
144 24 2515 2520 23180 5286
145 24 2515 2520 23406 5328
146 24 2515 2520 23672 5381
147 24 2515 2520 23932 5439
148 24 2515 2520 24183 5472
149 24 2515 2520 24390 5521
150 24 2515 2520 24593 5583
151 24 2515 2520 24835 5626
152 24 2515 2520 25036 5668
153 24 2515 2520 25264 5690
154 25 2515 2520 25487 5720
155 25 2515 2520 25712 5759
156 25 2515 2520 25915 5807
157 26 2515 2520 26110 5862
158 26 2515 2520 26350 5924
159 27 2515 2520 26610 6004
160 28 2514 2520 26877 6062
161 28 2514 2520 27170 6116
162 30 2514 2520 27496 6171
163 30 2514 2520 27834 6219
164 30 2514 2520 28208 6297
165 30 2514 2520 28515 6335
166 31 2514 2520 28804 6359
167 31 2513 2520 29126 6407
168 31 2513 2520 29488 6470
169 31 2513 2520 29774 6518
170 31 2513 2520 30063 6582
171 31 2513 2520 30360 6620
172 31 2513 2520 30595 6681
173 31 2513 2520 30872 6732
174 31 2513 2520 31140 6770
175 31 2513 2520 31395 6816
176 31 2513 2520 31643 6824
177 31 2513 2520 31872 6865
178 31 2513 2520 32093 6898
179 31 2513 2520 32329 6941
180 31 2513 2520 32520 6999
181 31 2513 2520 32737 7031
182 33 2513 2520 32924 7060
183 33 2513 2520 33150 7109
184 33 2513 2520 33402 7150
185 33 2513 2520 33635 7199
186 33 2513 2520 33874 7200
187 34 2513 2520 34116 7247
188 34 2513 2520 34354 7274
189 34 2513 2520 34598 7342
190 34 2513 2520 34869 7398
191 35 2513 2520 35123 7453
192 35 2513 2520 35353 7497
193 35 2513 2520 35600 7568
194 35 2513 2520 35808 7640
195 35 2513 2520 36075 7703
196 35 2513 2520 36337 7750
197 35 2513 2520 36561 7755
198 35 2513 2520 36739 7785
199 35 2513 2520 36970 7850
200 35 2513 2520 37144 7880
201 35 2513 2520 37358 7910
202 35 2513 2520 37541 7926
203 36 2513 2520 37735 7969
204 36 2513 2520 37901 7985
205 36 2513 2520 38045 8010
206 37 2513 2520 38249 8090
207 37 2513 2520 38471 8118
208 37 2513 2520 38722 8153
209 37 2513 2520 38969 8186
210 37 2513 2520 39221 8222
211 38 2513 2520 39461 8267
212 38 2513 2520 39716 8319
213 38 2513 2520 39944 8349
214 39 2513 2520 40165 8400
215 39 2513 2520 40425 8426
216 39 2513 2520 40699 8474
217 39 2513 2520 40955 8524
218 39 2513 2520 41213 8589
219 39 2513 2520 41467 8643
220 40 2513 2520 41755 8693
221 40 2513 2520 42036 8751
222 40 2513 2520 42315 8806
223 40 2513 2520 42580 8866
224 40 2513 2520 42817 8887
225 40 2513 2520 43041 8934
226 40 2513 2520 43290 8993
227 40 2513 2520 43510 9032
228 41 2513 2520 43707 9066
229 41 2513 2520 43900 9101
230 41 2513 2520 44115 9134
231 42 2513 2520 44329 9177
232 43 2513 2520 44540 9207
233 44 2513 2520 44779 9234
234 46 2513 2520 45034 9307
235 46 2513 2520 45368 9375
236 46 2513 2520 45768 9468
237 46 2513 2520 46114 9539
238 46 2512 2520 46464 9601
239 46 2512 2520 46765 9642
240 47 2512 2520 47100 9676
241 47 2512 2520 47449 9746
242 47 2512 2520 47826 9814
243 48 2512 2520 48156 9855
244 48 2512 2520 48502 9908
245 49 2512 2520 48806 9951
246 49 2512 2520 49197 10001
247 49 2512 2520 49574 10076
248 49 2512 2520 49954 10157
249 49 2512 2520 50332 10239
250 49 2512 2520 50666 10292
251 49 2512 2520 51014 10332
252 49 2512 2520 51347 10386
253 49 2512 2520 51643 10432
254 49 2512 2520 51950 10494
255 50 2512 2520 52223 10548
256 50 2512 2520 52474 10615
257 50 2512 2520 52722 10675
258 50 2512 2520 53016 10703
259 50 2512 2520 53280 10742
260 51 2512 2520 53511 10768
261 52 2512 2520 53794 10827
262 53 2512 2520 54089 10932
263 53 2512 2520 54411 10987
264 53 2512 2520 54746 11038
265 53 2512 2520 55045 11093
266 54 2512 2520 55394 11133
267 54 2512 2520 55726 11195
268 55 2512 2520 56050 11258
269 55 2512 2520 56434 11341
270 55 2512 2520 56802 11399
271 56 2512 2520 57190 11461
272 56 2512 2520 57629 11519
273 56 2512 2520 58079 11626
274 56 2512 2520 58471 11712
275 56 2512 2520 58804 11760
276 56 2512 2520 59188 11812
277 57 2512 2520 59516 11852
278 57 2512 2520 59867 11945
279 57 2512 2520 60210 11993
280 57 2512 2520 60582 12086
281 57 2512 2520 60924 12177
282 57 2512 2520 61293 12261
283 57 2512 2520 61614 12301
284 57 2512 2520 61905 12327
285 59 2512 2520 62183 12376
286 59 2512 2520 62490 12460
287 59 2512 2520 62840 12523
288 59 2512 2520 63101 12565
289 60 2512 2520 63385 12590
290 61 2512 2520 63641 12670
291 61 2512 2520 63948 12708
292 61 2512 2520 64259 12765
293 62 2512 2520 64625 12813
294 63 2512 2520 64953 12879
295 63 2512 2520 65325 12955
296 63 2512 2520 65692 13005
297 63 2512 2520 66030 13063
298 64 2512 2520 66406 13126
299 64 2512 2520 66747 13175
300 64 2512 2520 67119 13243
301 66 2512 2520 67485 13330
302 67 2512 2520 67804 13399
303 67 2512 2520 68174 13465
304 67 2512 2520 68611 13535
305 67 2512 2520 68975 13602
306 67 2512 2520 69404 13685
307 67 2512 2520 69826 13786
308 67 2512 2520 70207 13865
309 67 2512 2520 70535 13935
310 67 2512 2520 70913 13984
311 67 2512 2520 71227 14061
312 68 2512 2520 71527 14107
313 68 2512 2520 71880 14185
314 69 2512 2520 72226 14255
315 71 2512 2520 72586 14334
316 71 2512 2520 72988 14418
317 71 2512 2520 73369 14494
318 72 2512 2520 73797 14562
319 72 2512 2520 74184 14625
320 72 2512 2520 74599 14746
321 72 2512 2520 75008 14811
322 72 2512 2520 75415 14911
323 72 2512 2520 75822 14996
324 72 2512 2520 76196 15080
325 72 2512 2520 76554 15146
326 72 2512 2520 76846 15186
327 72 2512 2520 77159 15248
328 72 2512 2520 77488 15285
329 72 2512 2520 77801 15332
330 72 2512 2520 78051 15396
331 72 2512 2520 78278 15442
332 72 2512 2520 78508 15482
333 72 2512 2520 78743 15512
334 72 2512 2520 79024 15565
335 72 2512 2520 79272 15600
336 72 2512 2520 79490 15637
337 73 2512 2520 79703 15669
338 74 2512 2520 79914 15723
339 74 2512 2520 80149 15761
340 74 2512 2520 80405 15811
341 76 2512 2520 80666 15876
342 77 2512 2520 80911 15944
343 78 2512 2520 81174 16010
344 79 2512 2520 81466 16058
345 80 2512 2520 81744 16124
346 82 2512 2520 82086 16199
347 84 2512 2520 82535 16275
348 84 2512 2520 82987 16355
349 84 2512 2520 83522 16447
350 84 2512 2520 84058 16507
351 84 2512 2520 84624 16593
352 84 2512 2520 85156 16660
353 84 2512 2520 85683 16758
354 84 2512 2520 86176 16829
355 84 2512 2520 86648 16872
356 84 2512 2520 87143 16920
357 84 2512 2520 87637 16961
358 84 2512 2520 88097 16984
359 84 2512 2520 88513 17052
360 85 2512 2520 88942 17137
361 85 2512 2520 89343 17211
362 85 2512 2520 89732 17296
363 85 2512 2520 90106 17363
364 86 2512 2520 90491 17437
365 86 2512 2520 90926 17516
366 86 2512 2520 91306 17570
367 86 2512 2520 91676 17675
368 86 2512 2520 92083 17735
369 86 2512 2520 92454 17807
370 86 2512 2520 92765 17854
371 86 2512 2520 93088 17914
372 86 2512 2520 93349 17978
373 87 2512 2520 93643 18030
374 87 2512 2520 93938 18058
375 89 2512 2520 94212 18103
376 89 2512 2520 94493 18131
377 89 2512 2520 94829 18163
378 89 2512 2520 95152 18231
379 90 2512 2520 95454 18277
380 91 2512 2520 95762 18335
381 91 2512 2520 96148 18398
382 91 2512 2520 96505 18454
383 92 2512 2520 96867 18517
384 92 2512 2520 97262 18565
385 94 2512 2520 97635 18645
386 94 2511 2520 98042 18739
387 96 2511 2520 98479 18819
388 96 2511 2520 98920 18927
389 97 2511 2520 99334 19004
390 97 2511 2520 99766 19067
391 97 2511 2520 100210 19132
392 97 2511 2520 100639 19212
393 97 2511 2520 101105 19291
394 97 2511 2520 101510 19373
395 98 2511 2520 101900 19400
396 98 2511 2520 102294 19501
397 98 2511 2520 102770 19563
398 98 2511 2520 103206 19631
399 98 2511 2520 103575 19679
400 98 2511 2520 103931 19754
401 99 2511 2520 104343 19833
402 99 2511 2520 104737 19888
403 100 2511 2520 105087 19926
404 100 2511 2520 105550 20025
405 102 2511 2520 105977 20120
406 102 2511 2520 106411 20152
407 103 2510 2520 106861 20229
408 103 2510 2520 107366 20325
409 103 2510 2520 107875 20433
410 103 2510 2520 108311 20486
411 103 2510 2520 108781 20541
412 103 2510 2520 109281 20619
413 103 2510 2520 109664 20662
414 103 2510 2520 110090 20737
415 103 2510 2520 110521 20810
416 103 2510 2520 110941 20854
417 103 2510 2520 111318 20949
418 104 2510 2520 111666 21008
419 105 2510 2520 112014 21054
420 107 2510 2520 112425 21135
421 108 2509 2520 112860 21222
422 108 2509 2520 113309 21293
423 108 2509 2520 113738 21389
424 108 2509 2520 114214 21464
425 109 2508 2520 114709 21514
426 109 2508 2520 115190 21583
427 109 2508 2520 115701 21670
428 109 2508 2520 116185 21743
429 110 2508 2520 116669 21807
430 110 2508 2520 117122 21862
431 111 2508 2520 117614 21952
432 111 2508 2520 118023 21991
433 114 2508 2520 118515 22059
434 115 2507 2520 119083 22159
435 116 2507 2520 119697 22229
436 117 2506 2520 120285 22323
437 118 2506 2520 120934 22400
438 118 2506 2520 121589 22464
439 118 2506 2520 122168 22584
440 118 2506 2520 122810 22657
441 119 2506 2520 123464 22746
442 119 2506 2520 124068 22846
443 119 2506 2520 124628 22929
444 119 2506 2520 125214 23000
445 119 2506 2520 125775 23073
446 119 2506 2520 126282 23132
447 119 2506 2520 126802 23191
448 120 2506 2520 127241 23248
449 120 2506 2520 127707 23323
450 121 2506 2520 128177 23396
451 123 2506 2520 128633 23464
452 123 2506 2520 129059 23532
453 124 2505 2520 129519 23595
454 125 2505 2520 130047 23702
455 125 2505 2520 130543 23763
456 126 2505 2520 131069 23887
457 127 2505 2520 131621 23956
458 127 2505 2520 132220 24052
459 127 2505 2520 132748 24129
460 127 2505 2520 133258 24181
461 128 2505 2520 133788 24264
462 128 2505 2520 134278 24372
463 128 2505 2520 134790 24415
464 129 2505 2520 135276 24493
465 129 2505 2520 135766 24566
466 129 2505 2520 136274 24643
467 130 2505 2520 136815 24727
468 130 2505 2520 137390 24823
469 130 2505 2520 137848 24865
470 130 2505 2520 138319 24900
471 130 2505 2520 138871 24970
472 130 2505 2520 139323 25023
473 130 2505 2520 139794 25060
474 130 2505 2520 140273 25125
475 131 2505 2520 140713 25203
476 132 2505 2520 141106 25235
477 133 2505 2520 141572 25315
478 134 2505 2520 142077 25399
479 134 2505 2520 142489 25462
480 136 2505 2520 142958 25544
481 136 2505 2520 143533 25643
482 136 2505 2520 144066 25731
483 136 2504 2520 144595 25799
484 138 2504 2520 145091 25870
485 138 2503 2520 145552 25937
486 138 2503 2520 146149 26022
487 139 2503 2520 146714 26077
488 140 2503 2520 147271 26152
489 140 2503 2520 147793 26259
490 142 2503 2520 148425 26321
491 142 2503 2520 149021 26374
492 143 2503 2520 149563 26397
493 143 2503 2520 150118 26454
494 143 2503 2520 150702 26517
495 143 2503 2520 151218 26587
496 144 2502 2520 151830 26639
497 144 2502 2520 152356 26668
498 144 2502 2520 152876 26718
499 145 2502 2520 153401 26765
500 146 2502 2520 153917 26824
501 147 2502 2520 154472 26848
502 147 2502 2520 155012 26891
503 147 2502 2520 155567 26955
504 147 2501 2520 156101 27041
505 147 2501 2520 156612 27085
506 148 2501 2520 157130 27156
507 149 2501 2520 157628 27211
508 149 2501 2520 158160 27268
509 151 2501 2520 158688 27371
510 151 2501 2520 159231 27425
511 151 2501 2520 159837 27470
512 151 2501 2520 160454 27554
513 152 2501 2520 161064 27640
514 152 2500 2520 161598 27689
515 152 2500 2520 162220 27742
516 152 2500 2520 162746 27788
517 153 2500 2520 163311 27821
518 154 2500 2520 163834 27841
519 154 2500 2520 164409 27896
520 154 2500 2520 165010 27965
521 157 2500 2520 165549 28009
522 159 2500 2520 166140 28088
523 159 2500 2520 166765 28158
524 159 2500 2520 167421 28223
525 160 2500 2520 167993 28304
526 161 2500 2520 168604 28373
527 161 2500 2520 169234 28440
528 162 2500 2520 169879 28510
529 163 2500 2520 170534 28637
530 163 2500 2520 171147 28721
531 164 2500 2520 171820 28786
532 164 2500 2520 172427 28888
533 165 2500 2520 173124 28955
534 165 2500 2520 173759 29035
535 166 2500 2520 174449 29150
536 167 2500 2520 175111 29163
537 167 2500 2520 175776 29275
538 168 2500 2520 176420 29339
539 169 2500 2520 177085 29401
540 169 2499 2520 177726 29507
541 169 2499 2520 178396 29590
542 170 2499 2520 178978 29617
543 170 2499 2520 179577 29634
544 170 2499 2520 180205 29709
545 170 2499 2520 180771 29769
546 170 2499 2520 181370 29864
547 171 2498 2520 181978 29917
548 171 2498 2520 182524 29934
549 171 2498 2520 183178 30004
550 171 2498 2520 183722 30062
551 171 2498 2520 184230 30102
552 172 2498 2520 184707 30205
553 173 2498 2520 185212 30229
554 173 2498 2520 185750 30266
555 174 2498 2520 186317 30319
556 175 2498 2520 186859 30395
557 176 2498 2520 187295 30412
558 176 2498 2520 187805 30474
559 178 2498 2520 188344 30538
560 178 2498 2520 188931 30597
561 179 2498 2520 189567 30681
562 181 2498 2520 190196 30735
563 181 2498 2520 190860 30859
564 182 2498 2520 191492 30939
565 184 2498 2520 192223 31055
566 184 2498 2520 192885 31144
567 184 2497 2520 193572 31214
568 185 2497 2520 194324 31291
569 185 2497 2520 194982 31368
570 185 2495 2520 195678 31495
571 186 2495 2520 196384 31569
572 186 2495 2520 197061 31630
573 187 2495 2520 197727 31747
574 187 2495 2520 198383 31808
575 188 2495 2520 199036 31857
576 189 2495 2520 199641 31873
577 190 2495 2520 200211 31936
578 190 2495 2520 200904 32019
579 191 2495 2520 201550 32076
580 191 2495 2520 202224 32155
581 191 2495 2520 202850 32169
582 192 2495 2520 203539 32255
583 193 2495 2520 204170 32353
584 193 2495 2520 204811 32439
585 194 2495 2520 205454 32548
586 195 2495 2520 206074 32629
587 196 2495 2520 206705 32731
588 196 2495 2520 207361 32803
589 196 2495 2520 208038 32862
590 196 2495 2520 208670 32961
591 198 2494 2520 209348 33006
592 198 2494 2520 209981 33031
593 200 2494 2520 210676 33106
594 201 2494 2520 211309 33178
595 202 2494 2520 211990 33246
596 202 2494 2520 212727 33319
597 202 2494 2520 213479 33424
598 203 2493 2520 214220 33518
599 203 2493 2520 214961 33598
600 203 2493 2520 215681 33675
601 203 2492 2520 216367 33746
602 203 2492 2520 217036 33825
603 205 2492 2520 217769 33905
604 205 2492 2520 218472 33963
605 205 2492 2520 219194 34025
606 206 2492 2520 219815 34102
607 206 2492 2520 220444 34177
608 206 2492 2520 221194 34277
609 206 2492 2520 221937 34381
610 208 2492 2520 222583 34463
611 208 2492 2520 223277 34507
612 208 2492 2520 223986 34592
613 209 2492 2520 224688 34699
614 209 2492 2520 225323 34766
615 209 2492 2520 225988 34843
616 210 2492 2520 226577 34902
617 210 2492 2520 227162 34964
618 210 2492 2520 227751 35028
619 211 2492 2520 228401 35102
620 211 2491 2520 229027 35148
621 211 2491 2520 229603 35218
622 213 2491 2520 230198 35270
623 214 2491 2520 230795 35360
624 214 2491 2520 231447 35431
625 215 2491 2520 232099 35528
626 217 2491 2520 232657 35551
627 218 2491 2520 233209 35607
628 220 2491 2520 233883 35699
629 221 2491 2520 234515 35770
630 222 2491 2520 235192 35849
631 223 2491 2520 235858 35937
632 224 2491 2520 236538 36016
633 224 2491 2520 237313 36116
634 225 2491 2520 238083 36236
635 227 2491 2520 238866 36350
636 228 2491 2520 239709 36461
637 229 2491 2520 240501 36565
638 231 2491 2520 241260 36697
639 231 2491 2520 242073 36807
640 231 2491 2520 242863 36903
641 231 2491 2520 243626 37002
642 232 2491 2520 244324 37098
643 232 2491 2520 245204 37203
644 232 2491 2520 245968 37328
645 232 2491 2520 246727 37421
646 233 2491 2520 247474 37511
647 233 2491 2520 248203 37609
648 234 2491 2520 248903 37702
649 234 2491 2520 249551 37793
650 235 2491 2520 250195 37815
651 236 2491 2520 250833 37868
652 238 2491 2520 251538 37968
653 238 2491 2520 252213 38100
654 239 2491 2520 252856 38201
655 241 2491 2520 253532 38277
656 241 2491 2520 254237 38381
657 241 2491 2520 254899 38464
658 241 2491 2520 255532 38573
659 242 2491 2520 256257 38686
660 242 2491 2520 257004 38785
661 243 2491 2520 257679 38840
662 244 2491 2520 258361 38920
663 244 2491 2520 259112 39026
664 244 2491 2520 259725 39128
665 244 2491 2520 260414 39201
666 244 2491 2520 261048 39257
667 245 2491 2520 261712 39374
668 245 2491 2520 262353 39467
669 245 2491 2520 263079 39592
670 246 2491 2520 263671 39684
671 246 2491 2520 264297 39780
672 246 2491 2520 264917 39882
673 248 2491 2520 265572 39964
674 248 2491 2520 266154 40077
675 248 2491 2520 266769 40156
676 248 2491 2520 267455 40214
677 248 2491 2520 268033 40265
678 250 2491 2520 268644 40340
679 251 2491 2520 269317 40425
680 251 2490 2520 269907 40514
681 252 2490 2520 270603 40578
682 252 2490 2520 271230 40673
683 253 2490 2520 271844 40751
684 254 2490 2520 272456 40798
685 255 2490 2520 273094 40838
686 256 2490 2520 273681 40867
687 256 2490 2520 274316 40957
688 257 2490 2520 275027 41037
689 258 2490 2520 275682 41098
690 259 2490 2520 276362 41175
691 259 2490 2520 277022 41229
692 259 2490 2520 277733 41332
693 261 2490 2520 278552 41427
694 261 2490 2520 279296 41553
695 261 2490 2520 280056 41666
696 261 2490 2520 280805 41709
697 261 2490 2520 281502 41800
698 261 2490 2520 282216 41893
699 264 2490 2520 282982 41981
700 264 2490 2520 283698 42105
701 264 2489 2520 284397 42187
702 264 2489 2520 285164 42239
703 264 2489 2520 285917 42332
704 264 2489 2520 286520 42435
705 265 2489 2520 287222 42528
706 265 2489 2520 287871 42592
707 265 2489 2520 288481 42614
708 265 2489 2520 289101 42677
709 267 2489 2520 289764 42765
710 268 2489 2520 290354 42834
711 268 2489 2520 290964 42898
712 269 2489 2520 291618 42921
713 271 2489 2520 292186 43006
714 271 2489 2520 292793 43070
715 271 2489 2520 293410 43157
716 271 2489 2520 294077 43236
717 272 2489 2520 294705 43361
718 274 2489 2520 295346 43401
719 274 2489 2520 295985 43489
720 275 2489 2520 296661 43593
721 275 2489 2520 297301 43663
722 275 2489 2520 298004 43782
723 276 2489 2520 298596 43826
724 277 2489 2520 299228 43895
725 279 2489 2520 299908 43964
726 280 2489 2520 300550 44065
727 280 2489 2520 301288 44190
728 282 2489 2520 301960 44273
729 283 2489 2520 302656 44364
730 284 2489 2520 303413 44450
731 284 2489 2520 304184 44526
732 285 2489 2520 304919 44597
733 285 2489 2520 305716 44702
734 286 2489 2520 306465 44841
735 288 2489 2520 307337 44967
736 289 2489 2520 308216 45122
737 290 2489 2520 309003 45221
738 290 2489 2520 309875 45365
739 292 2489 2520 310702 45456
740 293 2489 2520 311597 45571
741 293 2489 2520 312432 45679
742 294 2489 2520 313429 45795
743 294 2489 2520 314204 45881
744 295 2488 2520 315104 46015
745 295 2488 2520 315976 46156
746 295 2488 2520 316898 46240
747 296 2488 2520 317678 46332
748 296 2488 2520 318468 46421
749 297 2488 2520 319294 46511
750 298 2488 2520 320067 46578
751 298 2488 2520 320855 46678
752 299 2488 2520 321624 46813
753 299 2488 2520 322408 46872
754 300 2488 2520 323130 46890
755 301 2488 2520 323905 47003
756 302 2488 2520 324669 47107
757 303 2488 2520 325479 47204
758 303 2488 2520 326290 47305
759 303 2488 2520 327106 47459
760 304 2488 2520 327860 47545
761 306 2486 2520 328653 47662
762 307 2486 2520 329400 47719
763 308 2486 2520 330157 47850
764 310 2486 2520 331017 47906
765 311 2486 2520 331953 48057
766 313 2486 2520 332937 48133
767 314 2486 2520 333909 48265
768 315 2486 2520 334948 48406
769 315 2486 2520 335974 48469
770 315 2486 2520 336937 48588
771 316 2486 2520 337888 48742
772 318 2486 2520 338839 48827
773 318 2486 2520 339815 48905
774 319 2486 2520 340749 48973
775 320 2486 2520 341699 49094
776 320 2486 2520 342674 49200
777 321 2486 2520 343673 49326
778 322 2486 2520 344562 49373
779 323 2486 2520 345578 49495
780 324 2486 2520 346541 49610
781 324 2486 2520 347490 49752
782 324 2486 2520 348454 49858
783 325 2486 2520 349403 49919
784 327 2486 2520 350352 50022
785 328 2486 2520 351254 50155
786 328 2486 2520 352166 50264
787 329 2486 2520 353046 50384
788 331 2486 2520 353890 50480
789 331 2486 2520 354778 50660
790 331 2486 2520 355671 50753
791 331 2486 2520 356595 50825
792 332 2486 2520 357509 50947
793 332 2486 2520 358418 51059
794 334 2486 2520 359302 51126
795 336 2486 2520 360174 51230
796 339 2486 2520 361104 51357
797 342 2486 2520 361987 51413
798 342 2486 2520 362967 51510
799 343 2486 2520 364021 51632
800 344 2486 2520 364990 51728
801 345 2486 2520 366026 51876
802 346 2486 2520 367105 51989
803 348 2486 2520 368156 52060
804 351 2485 2520 369195 52179
805 352 2484 2520 370223 52270
806 352 2484 2520 371319 52352
807 352 2484 2520 372458 52457
808 352 2484 2520 373542 52478
809 352 2484 2520 374564 52584
810 352 2483 2520 375600 52688
811 352 2483 2520 376569 52768
812 353 2483 2520 377461 52861
813 354 2483 2520 378410 52933
814 356 2483 2520 379321 53071
815 356 2483 2520 380289 53151
816 358 2483 2520 381251 53217
817 358 2483 2520 382129 53289
818 359 2483 2520 383113 53380
819 362 2483 2520 384102 53442
820 364 2483 2520 385030 53536
821 365 2483 2520 386028 53651
822 365 2483 2520 387141 53790
823 366 2483 2520 388234 53906
824 367 2483 2520 389275 53986
825 367 2483 2520 390334 54142
826 367 2483 2520 391350 54257
827 369 2483 2520 392414 54401
828 369 2483 2520 393490 54541
829 370 2483 2520 394568 54675
830 370 2483 2520 395465 54815
831 370 2483 2520 396485 54949
832 370 2483 2520 397483 55026
833 370 2483 2520 398399 55074
834 370 2483 2520 399384 55193
835 371 2483 2520 400256 55323
836 372 2483 2520 401075 55375
837 372 2483 2520 401919 55445
838 372 2483 2520 402847 55515
839 374 2483 2520 403669 55625
840 375 2483 2520 404567 55721
841 375 2483 2520 405532 55800
842 378 2483 2520 406423 55895
843 379 2483 2520 407369 55994
844 381 2483 2520 408412 56159
845 383 2483 2520 409333 56247
846 383 2483 2520 410307 56419
847 384 2483 2520 411253 56512
848 384 2483 2520 412264 56605
849 384 2483 2520 413225 56684
850 385 2483 2520 414152 56767
851 387 2483 2520 415066 56916
852 388 2483 2520 416036 57029
853 389 2483 2520 416930 57151
854 389 2483 2520 417915 57231
855 391 2483 2520 418891 57345
856 393 2483 2520 419882 57455
857 393 2483 2520 420872 57558
858 394 2483 2520 421907 57714
859 394 2483 2520 422993 57831
860 395 2483 2520 423924 57905
861 396 2483 2520 424947 58040
862 397 2483 2520 425945 58113
863 398 2483 2520 427008 58271
864 401 2483 2520 428003 58406
865 402 2483 2520 429016 58496
866 402 2483 2520 430057 58626
867 404 2483 2520 431205 58714
868 405 2483 2520 432192 58813
869 405 2483 2520 433262 58952
870 405 2483 2520 434316 59060
871 406 2483 2520 435312 59158
872 406 2483 2520 436278 59299
873 409 2483 2520 437277 59384
874 411 2483 2520 438198 59437
875 412 2483 2520 439123 59579
876 416 2483 2520 440169 59690
877 416 2483 2520 441218 59827
878 417 2483 2520 442259 59921
879 418 2483 2520 443363 60097
880 419 2483 2520 444401 60185
881 421 2483 2520 445488 60306
882 421 2483 2520 446531 60400
883 421 2483 2520 447684 60558
884 422 2482 2520 448805 60736
885 423 2482 2520 449919 60907
886 424 2482 2520 451095 61007
887 424 2482 2520 452185 61086
888 425 2482 2520 453383 61209
889 427 2482 2520 454543 61295
890 427 2482 2520 455651 61415
891 427 2482 2520 456845 61579
892 427 2482 2520 458009 61645
893 428 2481 2520 459084 61811
894 429 2481 2520 460215 61917
895 429 2481 2520 461331 62068
896 429 2481 2520 462363 62157
897 429 2481 2520 463431 62237
898 431 2481 2520 464448 62388
899 432 2481 2520 465519 62475
900 433 2481 2520 466571 62652
901 435 2481 2520 467569 62766
902 436 2481 2520 468586 62953
903 436 2481 2520 469760 63117
904 436 2481 2520 470879 63233
905 436 2481 2520 471865 63406
906 436 2481 2520 472861 63506
907 437 2481 2520 473859 63569
908 440 2481 2520 474848 63708
909 440 2481 2520 475830 63790
910 441 2481 2520 476801 63864
911 441 2481 2520 477909 64026
912 444 2481 2520 478842 64163
913 445 2481 2520 479885 64331
914 447 2481 2520 480994 64472
915 451 2481 2520 482009 64589
916 453 2481 2520 483045 64732
917 454 2481 2520 484237 64882
918 455 2481 2520 485429 64967
919 456 2481 2520 486627 65152
920 457 2481 2520 487888 65302
921 457 2481 2520 489171 65432
922 458 2480 2520 490350 65543
923 459 2479 2520 491449 65685
924 461 2479 2520 492612 65853
925 462 2479 2520 493788 65947
926 465 2479 2520 495033 66080
927 467 2479 2520 496283 66211
928 467 2479 2520 497526 66293
929 467 2479 2520 498682 66456
930 469 2479 2520 499930 66647
931 471 2479 2520 501079 66737
932 471 2479 2520 502217 66837
933 472 2479 2520 503429 66919
934 472 2479 2520 504621 67045
935 472 2479 2520 505866 67207
936 472 2479 2520 507104 67275
937 472 2479 2520 508253 67368
938 472 2479 2520 509328 67504
939 473 2479 2520 510457 67664
940 474 2479 2520 511509 67741
941 475 2479 2520 512631 67835
942 475 2479 2520 513721 67938
943 476 2479 2520 514871 68060
944 476 2479 2520 515950 68194
945 477 2478 2520 516977 68383
946 478 2478 2520 518076 68553
947 479 2478 2520 519165 68730
948 481 2478 2520 520280 68910
949 482 2478 2520 521434 68997
950 483 2478 2520 522454 69172
951 485 2478 2520 523546 69243
952 488 2478 2520 524638 69379
953 490 2478 2520 525708 69505
954 491 2477 2520 526868 69678
955 492 2476 2520 528093 69829
956 494 2476 2520 529336 69959
957 494 2476 2520 530454 70035
958 494 2476 2520 531701 70188
959 495 2476 2520 532825 70350
960 496 2476 2520 534028 70466
961 498 2476 2520 535271 70597
962 498 2476 2520 536366 70733
963 499 2476 2520 537649 70871
964 500 2476 2520 538833 70986
965 501 2476 2520 540008 71099
966 503 2476 2520 541166 71220
967 504 2476 2520 542330 71350
968 504 2476 2520 543455 71477
969 504 2476 2520 544598 71614
970 507 2475 2520 545686 71763
971 510 2475 2520 546871 71880
972 512 2474 2520 548089 71993
973 515 2474 2520 549334 72156
974 516 2474 2520 550669 72293
975 518 2474 2520 551993 72406
976 520 2474 2520 553289 72540
977 520 2474 2520 554625 72697
978 524 2474 2520 555860 72842
979 525 2474 2520 557292 72990
980 527 2474 2520 558658 73117
981 529 2474 2520 560100 73196
982 532 2474 2520 561528 73349
983 533 2474 2520 562997 73503
984 535 2474 2520 564474 73654
985 535 2474 2520 566000 73841
986 535 2474 2520 567497 74040
987 536 2474 2520 568953 74134
988 539 2474 2520 570368 74299
989 539 2473 2520 571842 74518
990 543 2473 2520 573215 74672
991 544 2473 2520 574696 74795
992 544 2473 2520 576139 74930
993 544 2473 2520 577596 75099
994 544 2473 2520 578948 75254
995 544 2473 2520 580298 75441
996 546 2473 2520 581623 75579
997 547 2473 2520 583014 75721
998 547 2472 2520 584223 75839
999 549 2472 2520 585483 76014
1000 550 2472 2520 586864 76176
