0 1 2519 2520 797 501
1 1 2519 2520 818 516
2 1 2519 2520 847 531
3 1 2519 2520 888 557
4 1 2519 2520 916 570
5 1 2519 2520 945 586
6 1 2519 2520 976 599
7 1 2519 2520 1006 614
8 1 2519 2520 1035 622
9 1 2519 2520 1070 644
10 1 2519 2520 1106 664
11 1 2519 2520 1133 675
12 1 2519 2520 1151 677
13 1 2519 2520 1179 688
14 1 2519 2520 1201 697
15 1 2519 2520 1218 702
16 1 2519 2520 1252 708
17 1 2519 2520 1272 712
18 1 2519 2520 1287 716
19 1 2519 2520 1299 718
20 1 2519 2520 1319 725
21 1 2519 2520 1328 726
22 2 2519 2520 1336 727
23 2 2519 2520 1371 738
24 2 2519 2520 1473 779
25 2 2519 2520 1560 818
26 2 2519 2520 1642 856
27 2 2519 2520 1755 910
28 2 2519 2520 1852 955
29 2 2519 2520 1943 983
30 2 2519 2520 2015 998
31 2 2519 2520 2085 1024
32 2 2519 2520 2144 1028
33 2 2519 2520 2198 1048
34 2 2519 2520 2250 1062
35 2 2519 2520 2299 1069
36 2 2519 2520 2344 1075
37 2 2519 2520 2382 1075
38 2 2519 2520 2426 1076
39 2 2519 2520 2464 1078
40 2 2519 2520 2495 1084
41 2 2519 2520 2526 1101
42 3 2519 2520 2567 1116
43 4 2519 2520 2622 1127
44 4 2519 2520 2717 1166
45 4 2519 2520 2852 1212
46 4 2519 2520 2998 1264
47 4 2519 2520 3146 1305
48 4 2519 2520 3305 1359
49 4 2519 2520 3465 1403
50 4 2519 2520 3584 1438
51 4 2519 2520 3713 1479
52 4 2519 2520 3835 1507
53 4 2519 2520 3960 1540
54 4 2519 2520 4052 1558
55 4 2519 2520 4159 1588
56 4 2519 2520 4257 1623
57 4 2519 2520 4347 1642
58 4 2519 2520 4438 1664
59 4 2519 2520 4553 1709
60 4 2519 2520 4638 1725
61 4 2519 2520 4717 1734
62 5 2519 2520 4789 1744
63 6 2519 2520 4873 1783
64 6 2519 2520 5006 1828
65 7 2519 2520 5144 1866
66 7 2519 2520 5341 1922
67 7 2519 2520 5534 1981
68 7 2519 2520 5703 2033
69 8 2519 2520 5911 2084
70 8 2519 2520 6148 2142
71 8 2519 2520 6412 2195
72 8 2519 2520 6629 2241
73 8 2519 2520 6866 2293
74 8 2519 2520 7127 2351
75 8 2519 2520 7348 2410
76 8 2519 2520 7581 2472
77 8 2519 2520 7765 2510
78 8 2519 2520 7927 2539
79 8 2518 2520 8120 2568
80 8 2518 2520 8272 2608
81 8 2518 2520 8465 2641
82 8 2518 2520 8635 2676
83 8 2518 2520 8805 2717
84 8 2518 2520 8955 2723
85 8 2518 2520 9058 2751
86 9 2518 2520 9168 2775
87 9 2518 2520 9305 2798
88 10 2518 2520 9472 2831
89 10 2517 2520 9633 2855
90 10 2517 2520 9825 2888
91 11 2517 2520 10001 2918
92 13 2517 2520 10198 2965
93 14 2517 2520 10412 2996
94 14 2517 2520 10676 3051
95 14 2517 2520 10963 3128
96 15 2517 2520 11206 3171
97 15 2517 2520 11505 3225
98 15 2517 2520 11791 3255
99 15 2517 2520 12110 3318
100 15 2517 2520 12425 3410
101 15 2517 2520 12709 3440
102 15 2517 2520 12984 3498
103 15 2517 2520 13226 3543
104 15 2517 2520 13473 3590
105 15 2517 2520 13718 3647
106 15 2517 2520 13949 3693
107 15 2516 2520 14173 3712
108 15 2516 2520 14410 3765
109 15 2516 2520 14638 3804
110 15 2516 2520 14833 3828
111 15 2515 2520 15043 3863
112 16 2515 2520 15258 3871
113 16 2515 2520 15477 3925
114 17 2515 2520 15714 3967
115 17 2515 2520 15933 3972
116 17 2515 2520 16161 4002
117 17 2515 2520 16369 4028
118 18 2515 2520 16561 4029
119 18 2515 2520 16768 4067
120 18 2515 2520 17005 4118
121 18 2515 2520 17215 4137
122 18 2515 2520 17422 4153
123 18 2515 2520 17641 4207
124 18 2515 2520 17832 4228
125 18 2515 2520 18004 4255
126 18 2515 2520 18204 4288
127 19 2515 2520 18401 4328
128 21 2515 2520 18648 4382
129 22 2515 2520 18920 4450
130 22 2515 2520 19218 4517
131 22 2515 2520 19530 4566
132 22 2515 2520 19872 4628
133 22 2515 2520 20130 4674
134 22 2515 2520 20473 4726
135 22 2515 2520 20730 4780
136 22 2515 2520 20987 4821
137 22 2515 2520 21217 4838
138 22 2515 2520 21477 4873
139 23 2515 2520 21738 4929
140 23 2515 2520 22012 4984
141 24 2515 2520 22340 5072
142 24 2515 2520 22592 5108
143 24 2515 2520 22886 5164
144 24 2515 2520 23169 5222
145 24 2515 2520 23436 5280
146 24 2515 2520 23704 5337
147 24 2515 2520 23959 5372
148 24 2515 2520 24199 5422
149 24 2515 2520 24419 5456
150 24 2515 2520 24629 5503
151 24 2515 2520 24857 5554
152 25 2515 2520 25028 5586
153 25 2515 2520 25235 5615
154 26 2515 2520 25448 5659
155 26 2515 2520 25677 5705
156 26 2515 2520 25932 5744
157 26 2515 2520 26146 5783
158 26 2515 2520 26368 5847
159 29 2515 2520 26590 5903
160 30 2515 2520 26849 5932
161 30 2515 2520 27196 6030
162 30 2515 2520 27563 6081
163 30 2515 2520 27893 6151
164 30 2515 2520 28206 6235
165 30 2515 2520 28513 6278
166 30 2515 2520 28864 6358
167 30 2515 2520 29213 6431
168 30 2515 2520 29566 6494
169 30 2515 2520 29886 6556
170 32 2515 2520 30185 6622
171 33 2515 2520 30520 6715
172 33 2515 2520 30862 6751
173 33 2515 2520 31178 6818
174 33 2515 2520 31518 6891
175 33 2515 2520 31825 6931
176 33 2515 2520 32147 7017
177 33 2515 2520 32461 7074
178 34 2515 2520 32738 7135
179 34 2515 2520 33073 7221
180 34 2515 2520 33433 7291
181 34 2515 2520 33751 7372
182 34 2515 2520 34083 7457
183 34 2515 2520 34339 7472
184 34 2515 2520 34618 7531
185 34 2515 2520 34918 7613
186 34 2515 2520 35182 7677
187 34 2515 2520 35416 7728
188 35 2515 2520 35652 7754
189 35 2515 2520 35905 7807
190 35 2515 2520 36137 7872
191 36 2515 2520 36393 7920
192 38 2515 2520 36665 7958
193 39 2515 2520 36977 8043
194 39 2515 2520 37356 8152
195 40 2515 2520 37705 8208
196 40 2515 2520 38116 8288
197 40 2515 2520 38449 8354
198 40 2515 2520 38836 8427
199 40 2515 2520 39271 8502
200 40 2515 2520 39646 8559
201 40 2515 2520 40039 8624
202 40 2515 2520 40341 8690
203 40 2515 2520 40681 8767
204 40 2515 2520 41035 8849
205 42 2515 2520 41357 8907
206 42 2515 2520 41685 8988
207 42 2515 2520 42052 9069
208 42 2515 2520 42425 9155
209 42 2514 2520 42759 9201
210 42 2514 2520 43066 9229
211 42 2514 2520 43410 9281
212 42 2514 2520 43757 9368
213 42 2514 2520 44042 9418
214 43 2514 2520 44342 9473
215 44 2514 2520 44640 9538
216 46 2514 2520 44983 9572
217 46 2514 2520 45357 9623
218 47 2514 2520 45723 9665
219 47 2514 2520 46070 9733
220 47 2514 2520 46436 9768
221 47 2514 2520 46845 9835
222 47 2514 2520 47245 9893
223 48 2514 2520 47632 9966
224 48 2514 2520 48030 10005
225 48 2514 2520 48386 10070
226 50 2514 2520 48725 10139
227 51 2514 2520 49160 10253
228 51 2514 2520 49573 10334
229 51 2514 2520 49992 10423
230 51 2514 2520 50398 10492
231 51 2514 2520 50781 10581
232 51 2514 2520 51213 10686
233 51 2514 2520 51614 10747
234 51 2514 2520 51992 10796
235 51 2514 2520 52372 10856
236 51 2514 2520 52732 10888
237 51 2514 2520 53064 10942
238 52 2514 2520 53403 10977
239 52 2514 2520 53731 11024
240 52 2514 2520 54073 11101
241 52 2514 2520 54386 11174
242 53 2514 2520 54739 11255
243 53 2514 2520 55100 11320
244 53 2513 2520 55450 11370
245 53 2513 2520 55780 11409
246 54 2513 2520 56073 11492
247 55 2513 2520 56420 11548
248 55 2513 2520 56800 11622
249 57 2513 2520 57172 11677
250 57 2513 2520 57615 11760
251 57 2513 2520 58021 11874
252 58 2513 2520 58408 11951
253 58 2513 2520 58814 12018
254 59 2513 2520 59249 12101
255 59 2513 2520 59695 12192
256 59 2513 2520 60184 12270
257 59 2513 2520 60619 12337
258 59 2513 2520 61059 12391
259 59 2513 2520 61467 12484
260 60 2513 2520 61852 12584
261 61 2513 2520 62212 12653
262 61 2513 2520 62621 12727
263 61 2513 2520 63061 12796
264 61 2513 2520 63516 12891
265 62 2513 2520 64001 12999
266 62 2513 2520 64348 13052
267 62 2513 2520 64729 13125
268 62 2513 2520 65088 13191
269 62 2513 2520 65508 13277
270 63 2513 2520 65905 13302
271 63 2513 2520 66299 13371
272 63 2513 2520 66676 13444
273 63 2513 2520 66994 13489
274 63 2513 2520 67331 13550
275 64 2513 2520 67653 13580
276 65 2513 2520 68051 13667
277 65 2513 2520 68387 13731
278 65 2513 2520 68738 13806
279 65 2513 2520 69046 13860
280 68 2513 2520 69379 13909
281 68 2513 2520 69747 13972
282 68 2513 2520 70158 14062
283 68 2513 2520 70603 14153
284 69 2513 2520 71035 14277
285 69 2513 2520 71433 14336
286 69 2513 2520 71863 14421
287 69 2513 2520 72312 14482
288 69 2513 2520 72680 14563
289 70 2513 2520 73048 14626
290 70 2513 2520 73453 14724
291 70 2513 2520 73866 14799
292 70 2513 2520 74292 14864
293 71 2513 2520 74719 14921
294 71 2513 2520 75100 14958
295 71 2513 2520 75527 15050
296 71 2513 2520 75921 15117
297 71 2513 2520 76305 15194
298 71 2513 2520 76657 15271
299 72 2513 2520 76971 15324
300 72 2513 2520 77318 15342
301 72 2513 2520 77692 15396
302 72 2513 2520 78066 15473
303 72 2513 2520 78390 15534
304 73 2513 2520 78701 15606
305 74 2513 2520 78956 15648
306 75 2513 2520 79307 15737
307 77 2513 2520 79694 15818
308 79 2513 2520 80108 15867
309 79 2513 2520 80565 15934
310 79 2513 2520 81027 16021
311 81 2513 2520 81559 16131
312 81 2513 2520 82061 16255
313 81 2513 2520 82597 16415
314 81 2513 2520 83065 16465
315 81 2513 2520 83543 16552
316 81 2513 2520 84050 16617
317 82 2513 2520 84564 16687
318 82 2513 2520 85051 16749
319 82 2513 2520 85528 16829
320 82 2513 2520 85999 16924
321 84 2513 2520 86420 16969
322 84 2513 2520 86893 17065
323 85 2513 2520 87359 17140
324 85 2513 2520 87805 17215
325 86 2513 2520 88254 17307
326 86 2513 2520 88691 17401
327 86 2513 2520 89144 17486
328 87 2513 2520 89596 17544
329 90 2513 2520 90073 17614
330 91 2513 2520 90584 17694
331 91 2513 2520 91149 17813
332 92 2513 2520 91730 17892
333 92 2513 2520 92333 18005
334 92 2513 2520 92950 18070
335 92 2513 2520 93565 18148
336 92 2513 2520 94142 18247
337 92 2513 2520 94696 18340
338 92 2512 2520 95220 18448
339 92 2512 2520 95753 18516
340 93 2512 2520 96284 18599
341 93 2512 2520 96776 18680
342 93 2512 2520 97266 18730
343 93 2512 2520 97774 18817
344 93 2512 2520 98242 18862
345 93 2512 2520 98743 18945
346 93 2512 2520 99187 19018
347 94 2512 2520 99584 19071
348 94 2512 2520 100040 19132
349 94 2512 2520 100440 19158
350 95 2512 2520 100793 19194
351 95 2512 2520 101206 19213
352 95 2512 2520 101554 19275
353 96 2512 2520 101969 19355
354 97 2512 2520 102346 19424
355 97 2512 2520 102736 19488
356 97 2512 2520 103135 19575
357 98 2512 2520 103542 19625
358 98 2512 2520 103955 19699
359 99 2512 2520 104397 19761
360 99 2512 2520 104871 19845
361 99 2512 2520 105313 19929
362 99 2512 2520 105772 19989
363 101 2512 2520 106159 20046
364 101 2512 2520 106580 20135
365 101 2512 2520 107051 20173
366 102 2512 2520 107541 20270
367 102 2512 2520 107949 20354
368 102 2512 2520 108387 20452
369 102 2512 2520 108864 20511
370 102 2512 2520 109287 20554
371 103 2512 2520 109704 20596
372 104 2512 2520 110052 20613
373 104 2512 2520 110467 20663
374 107 2512 2520 110896 20724
375 107 2512 2520 111301 20750
376 107 2512 2520 111792 20821
377 107 2512 2520 112275 20894
378 107 2512 2520 112657 20951
379 107 2512 2520 113073 21019
380 107 2512 2520 113536 21079
381 108 2511 2520 113941 21136
382 108 2511 2520 114413 21203
383 110 2511 2520 114843 21239
384 110 2511 2520 115252 21250
385 110 2511 2520 115689 21316
386 110 2511 2520 116149 21363
387 111 2511 2520 116648 21416
388 111 2511 2520 117095 21478
389 111 2511 2520 117594 21507
390 111 2510 2520 118062 21603
391 111 2510 2520 118517 21692
392 113 2510 2520 118968 21760
393 113 2510 2520 119467 21835
394 113 2510 2520 119942 21884
395 113 2510 2520 120376 21947
396 113 2510 2520 120805 22008
397 114 2510 2520 121272 22082
398 115 2510 2520 121669 22155
399 116 2510 2520 122126 22196
400 116 2510 2520 122591 22270
401 116 2510 2520 123015 22303
402 117 2510 2520 123446 22389
403 119 2510 2520 123866 22467
404 119 2510 2520 124332 22536
405 119 2510 2520 124765 22589
406 119 2510 2520 125186 22625
407 120 2510 2520 125616 22665
408 120 2510 2520 126060 22722
409 121 2510 2520 126464 22780
410 121 2510 2520 126927 22851
411 121 2509 2520 127448 22938
412 122 2509 2520 127956 22994
413 123 2509 2520 128460 23070
414 123 2509 2520 129001 23160
415 123 2509 2520 129543 23229
416 123 2509 2520 130038 23303
417 123 2509 2520 130582 23376
418 124 2509 2520 131005 23440
419 125 2509 2520 131437 23415
420 125 2509 2520 131921 23485
421 125 2508 2520 132417 23582
422 125 2508 2520 132859 23640
423 125 2508 2520 133376 23692
424 125 2508 2520 133839 23763
425 126 2508 2520 134257 23830
426 127 2508 2520 134687 23876
427 127 2508 2520 135115 23932
428 128 2508 2520 135496 23983
429 128 2508 2520 135980 24071
430 129 2508 2520 136429 24122
431 129 2508 2520 136882 24221
432 129 2508 2520 137345 24314
433 130 2508 2520 137824 24368
434 131 2507 2520 138329 24431
435 131 2507 2520 138748 24466
436 131 2507 2520 139189 24505
437 131 2507 2520 139624 24553
438 131 2507 2520 140073 24631
439 131 2507 2520 140555 24672
440 131 2507 2520 141054 24721
441 131 2507 2520 141466 24776
442 131 2507 2520 141879 24810
443 134 2507 2520 142257 24858
444 134 2507 2520 142686 24910
445 134 2507 2520 143129 24938
446 135 2507 2520 143538 24981
447 135 2506 2520 144002 25008
448 135 2506 2520 144477 25033
449 136 2506 2520 144926 25081
450 137 2506 2520 145351 25144
451 137 2506 2520 145774 25196
452 137 2506 2520 146268 25282
453 137 2506 2520 146749 25318
454 137 2506 2520 147216 25392
455 138 2506 2520 147734 25478
456 140 2506 2520 148177 25523
457 140 2506 2520 148632 25582
458 141 2506 2520 149092 25652
459 141 2506 2520 149535 25710
460 142 2506 2520 150000 25781
461 144 2506 2520 150465 25845
462 144 2506 2520 150978 25910
463 145 2506 2520 151502 25984
464 145 2506 2520 151966 26070
465 147 2506 2520 152541 26146
466 147 2506 2520 153121 26216
467 147 2506 2520 153709 26284
468 147 2506 2520 154217 26338
469 148 2506 2520 154791 26413
470 148 2506 2520 155344 26499
471 148 2506 2520 155875 26575
472 148 2506 2520 156368 26650
473 148 2506 2520 156841 26692
474 149 2506 2520 157312 26732
475 149 2506 2520 157845 26762
476 149 2506 2520 158317 26822
477 150 2506 2520 158795 26861
478 150 2505 2520 159323 26956
479 150 2505 2520 159786 27031
480 150 2505 2520 160339 27100
481 150 2505 2520 160876 27162
482 150 2505 2520 161321 27183
483 151 2505 2520 161834 27258
484 151 2505 2520 162299 27339
485 152 2505 2520 162804 27439
486 152 2505 2520 163248 27517
487 153 2505 2520 163769 27569
488 153 2505 2520 164284 27631
489 155 2505 2520 164759 27707
490 155 2505 2520 165291 27779
491 155 2505 2520 165845 27858
492 155 2505 2520 166335 27894
493 155 2505 2520 166864 27933
494 155 2505 2520 167276 28016
495 155 2505 2520 167779 28075
496 155 2505 2520 168233 28149
497 156 2505 2520 168717 28203
498 159 2505 2520 169149 28274
499 160 2505 2520 169589 28336
500 160 2505 2520 170121 28397
501 160 2504 2520 170628 28470
502 160 2504 2520 171149 28525
503 161 2504 2520 171693 28605
504 163 2504 2520 172162 28658
505 163 2504 2520 172753 28701
506 163 2504 2520 173319 28762
507 164 2504 2520 173914 28787
508 164 2504 2520 174449 28818
509 164 2504 2520 175004 28902
510 164 2504 2520 175504 28948
511 165 2504 2520 176067 29010
512 166 2504 2520 176578 29110
513 167 2504 2520 177175 29168
514 167 2504 2520 177757 29286
515 167 2504 2520 178271 29377
516 168 2503 2520 178888 29457
517 169 2503 2520 179397 29519
518 169 2503 2520 179980 29592
519 169 2503 2520 180537 29649
520 169 2503 2520 181136 29700
521 169 2503 2520 181687 29745
522 169 2503 2520 182209 29814
523 169 2503 2520 182721 29896
524 169 2503 2520 183288 29979
525 169 2503 2520 183713 30045
526 170 2503 2520 184210 30100
527 170 2503 2520 184680 30180
528 172 2502 2520 185114 30218
529 174 2502 2520 185594 30251
530 175 2502 2520 186085 30321
531 176 2502 2520 186617 30398
532 178 2502 2520 187193 30451
533 179 2502 2520 187773 30515
534 181 2502 2520 188386 30609
535 181 2502 2520 189020 30727
536 182 2502 2520 189709 30802
537 182 2502 2520 190336 30897
538 182 2502 2520 191022 31019
539 182 2502 2520 191761 31147
540 182 2502 2520 192418 31278
541 182 2502 2520 193127 31386
542 183 2502 2520 193814 31488
543 183 2502 2520 194471 31557
544 183 2502 2520 195122 31663
545 183 2502 2520 195740 31732
546 184 2502 2520 196394 31835
547 185 2502 2520 197010 31886
548 185 2502 2520 197660 32005
549 185 2502 2520 198241 32024
550 186 2502 2520 198805 32118
551 186 2502 2520 199360 32228
552 186 2502 2520 199973 32345
553 186 2502 2520 200581 32402
554 187 2502 2520 201158 32465
555 188 2502 2520 201716 32516
556 188 2502 2520 202295 32575
557 190 2502 2520 202884 32675
558 190 2502 2520 203508 32740
559 191 2501 2520 204147 32812
560 193 2501 2520 204779 32931
561 193 2501 2520 205501 33016
562 194 2501 2520 206156 33147
563 194 2501 2520 206863 33264
564 197 2500 2520 207565 33341
565 197 2500 2520 208292 33433
566 199 2500 2520 209077 33617
567 200 2500 2520 209882 33695
568 201 2500 2520 210665 33794
569 201 2500 2520 211497 33936
570 201 2500 2520 212295 34036
571 202 2499 2520 213183 34193
572 203 2499 2520 214023 34318
573 203 2499 2520 214813 34433
574 204 2499 2520 215628 34544
575 204 2499 2520 216376 34641
576 204 2499 2520 217202 34742
577 204 2499 2520 218016 34825
578 205 2499 2520 218717 34901
579 207 2499 2520 219468 35014
580 209 2499 2520 220226 35146
581 209 2499 2520 220969 35217
582 209 2499 2520 221690 35319
583 209 2499 2520 222484 35436
584 210 2499 2520 223264 35552
585 212 2499 2520 224027 35655
586 212 2499 2520 224781 35720
587 212 2499 2520 225569 35855
588 214 2499 2520 226314 35993
589 216 2499 2520 227006 36070
590 217 2499 2520 227830 36237
591 217 2499 2520 228578 36306
592 217 2499 2520 229337 36394
593 219 2499 2520 230073 36518
594 219 2499 2520 230827 36653
595 220 2499 2520 231547 36771
596 221 2499 2520 232287 36842
597 221 2499 2520 233051 36950
598 221 2498 2520 233818 37054
599 222 2498 2520 234631 37157
600 222 2498 2520 235461 37275
601 223 2498 2520 236251 37377
602 223 2498 2520 237068 37500
603 223 2498 2520 237799 37553
604 224 2498 2520 238557 37677
605 227 2498 2520 239283 37771
606 229 2498 2520 240007 37894
607 229 2498 2520 240800 37986
608 230 2498 2520 241603 38110
609 230 2498 2520 242395 38239
610 230 2498 2520 243241 38362
611 230 2498 2520 243982 38446
612 231 2498 2520 244791 38555
613 231 2496 2520 245538 38634
614 231 2496 2520 246261 38721
615 231 2496 2520 247027 38791
616 231 2496 2520 247732 38851
617 231 2496 2520 248485 38952
618 232 2496 2520 249151 39006
619 233 2495 2520 249801 39085
620 234 2495 2520 250490 39184
621 235 2495 2520 251195 39302
622 235 2495 2520 251885 39366
623 237 2495 2520 252536 39432
624 237 2495 2520 253259 39527
625 238 2495 2520 254036 39646
626 239 2495 2520 254814 39739
627 241 2495 2520 255522 39829
628 242 2495 2520 256321 40010
629 242 2495 2520 257095 40132
630 243 2495 2520 257844 40241
631 244 2495 2520 258708 40339
632 244 2495 2520 259491 40426
633 245 2495 2520 260276 40570
634 247 2495 2520 261002 40646
635 247 2495 2520 261842 40761
636 247 2495 2520 262661 40894
637 248 2495 2520 263560 41035
638 249 2495 2520 264347 41156
639 249 2495 2520 265062 41235
640 252 2495 2520 265770 41325
641 252 2495 2520 266632 41417
642 252 2495 2520 267458 41512
643 252 2495 2520 268209 41611
644 253 2495 2520 269013 41700
645 253 2495 2520 269760 41817
646 255 2495 2520 270539 41889
647 257 2495 2520 271292 42001
648 259 2495 2520 272108 42145
649 259 2495 2520 272952 42243
650 260 2495 2520 273779 42352
651 260 2495 2520 274696 42454
652 261 2495 2520 275523 42571
653 262 2495 2520 276293 42702
654 263 2495 2520 277158 42817
655 263 2495 2520 278029 42921
656 263 2495 2520 278852 42999
657 263 2495 2520 279717 43086
658 263 2495 2520 280539 43257
659 263 2495 2520 281388 43378
660 265 2495 2520 282157 43468
661 266 2495 2520 282907 43589
662 266 2495 2520 283721 43713
663 266 2495 2520 284471 43812
664 266 2495 2520 285273 43895
665 266 2495 2520 285986 43957
666 268 2495 2520 286718 44028
667 268 2495 2520 287465 44083
668 270 2495 2520 288213 44192
669 271 2495 2520 288925 44318
670 272 2495 2520 289668 44407
671 274 2495 2520 290431 44471
672 275 2495 2520 291260 44568
673 278 2494 2520 292182 44699
674 278 2494 2520 293028 44791
675 278 2494 2520 293980 44887
676 278 2494 2520 294944 45036
677 279 2494 2520 295912 45143
678 281 2494 2520 296813 45241
679 281 2494 2520 297760 45352
680 281 2494 2520 298677 45484
681 281 2494 2520 299594 45552
682 282 2494 2520 300540 45667
683 282 2494 2520 301447 45745
684 282 2494 2520 302235 45855
685 283 2494 2520 303024 45962
686 283 2494 2520 303785 46047
687 284 2494 2520 304530 46179
688 285 2494 2520 305276 46273
689 285 2493 2520 306025 46355
690 286 2493 2520 306836 46428
691 287 2493 2520 307651 46502
692 287 2493 2520 308358 46561
693 287 2493 2520 309106 46673
694 289 2493 2520 309891 46783
695 289 2493 2520 310539 46812
696 293 2493 2520 311292 46894
697 295 2493 2520 312073 47004
698 295 2493 2520 312946 47164
699 296 2493 2520 313843 47273
700 296 2493 2520 314715 47370
701 298 2493 2520 315754 47509
702 299 2493 2520 316708 47602
703 300 2493 2520 317595 47692
704 303 2493 2520 318586 47755
705 303 2493 2520 319550 47906
706 303 2493 2520 320631 48020
707 304 2493 2520 321674 48116
708 305 2493 2520 322662 48170
709 305 2493 2520 323682 48272
710 306 2493 2520 324664 48400
711 308 2493 2520 325725 48492
712 309 2493 2520 326771 48618
713 309 2493 2520 327789 48764
714 310 2493 2520 328756 48846
715 310 2493 2520 329655 48950
716 310 2493 2520 330506 49058
717 311 2493 2520 331427 49114
718 312 2493 2520 332317 49211
719 313 2493 2520 333206 49306
720 316 2493 2520 334130 49388
721 317 2493 2520 335064 49526
722 317 2493 2520 336040 49596
723 317 2493 2520 336898 49666
724 317 2493 2520 337916 49766
725 318 2493 2520 338847 49920
726 321 2492 2520 339843 50069
727 322 2492 2520 340857 50168
728 323 2492 2520 341813 50288
729 324 2491 2520 342878 50353
730 324 2491 2520 343842 50468
731 324 2491 2520 344815 50585
732 326 2491 2520 345813 50754
733 326 2491 2520 346771 50890
734 326 2491 2520 347778 51016
735 327 2491 2520 348742 51129
736 329 2491 2520 349750 51259
737 330 2491 2520 350703 51385
738 332 2491 2520 351692 51494
739 333 2491 2520 352741 51637
740 334 2491 2520 353725 51708
741 336 2491 2520 354681 51840
742 336 2491 2520 355684 51945
743 337 2491 2520 356707 52108
744 339 2491 2520 357734 52240
745 342 2491 2520 358736 52359
746 343 2491 2520 359760 52492
747 344 2491 2520 360814 52581
748 344 2491 2520 361797 52677
749 344 2491 2520 362867 52819
750 345 2491 2520 363858 52954
751 346 2491 2520 364913 53014
752 347 2491 2520 365926 53171
753 348 2490 2520 366981 53300
754 350 2490 2520 368105 53477
755 350 2490 2520 369156 53641
756 351 2490 2520 370245 53797
757 351 2490 2520 371339 53937
758 351 2490 2520 372447 54122
759 353 2490 2520 373479 54211
760 355 2490 2520 374468 54280
761 357 2490 2520 375496 54387
762 358 2489 2520 376535 54541
763 359 2489 2520 377629 54691
764 361 2489 2520 378687 54888
765 362 2489 2520 379688 55005
766 364 2489 2520 380771 55129
767 364 2489 2520 381877 55239
768 365 2489 2520 383000 55439
769 367 2489 2520 384182 55576
770 368 2489 2520 385324 55740
771 368 2489 2520 386576 55857
772 369 2489 2520 387629 55994
773 371 2489 2520 388775 56113
774 372 2489 2520 389885 56245
775 372 2489 2520 391002 56348
776 372 2489 2520 392065 56493
777 373 2489 2520 393203 56560
778 374 2489 2520 394175 56693
779 376 2489 2520 395142 56773
780 376 2489 2520 396267 56864
781 378 2489 2520 397338 56984
782 381 2489 2520 398418 57084
783 381 2489 2520 399582 57214
784 381 2489 2520 400653 57340
785 381 2489 2520 401768 57403
786 381 2489 2520 402854 57578
787 382 2489 2520 403930 57728
788 382 2489 2520 404968 57870
789 384 2489 2520 406002 57973
790 384 2489 2520 407001 58092
791 384 2488 2520 407929 58200
792 384 2488 2520 408954 58305
793 385 2488 2520 409998 58274
794 387 2488 2520 411024 58374
795 387 2488 2520 412049 58496
796 387 2487 2520 413171 58644
797 387 2487 2520 414186 58754
798 387 2487 2520 415220 58831
799 387 2486 2520 416156 58994
800 387 2486 2520 417107 59088
801 388 2486 2520 417940 59175
802 389 2486 2520 418935 59260
803 390 2486 2520 419904 59415
804 390 2486 2520 420918 59509
805 391 2486 2520 421922 59582
806 393 2486 2520 422862 59642
807 393 2486 2520 423783 59800
808 396 2486 2520 424723 59934
809 398 2485 2520 425658 60058
810 399 2485 2520 426695 60100
811 399 2485 2520 427737 60240
812 399 2485 2520 428762 60368
813 400 2485 2520 429790 60492
814 401 2485 2520 430877 60639
815 403 2485 2520 431895 60718
816 403 2485 2520 433008 60847
817 405 2485 2520 433994 60914
818 405 2485 2520 435012 61013
819 407 2485 2520 435950 61102
820 409 2485 2520 436945 61231
821 411 2484 2520 437953 61389
822 412 2484 2520 438979 61479
823 415 2484 2520 440018 61663
824 416 2484 2520 441069 61770
825 417 2484 2520 442186 61885
826 417 2484 2520 443342 62004
827 417 2484 2520 444420 62173
828 418 2484 2520 445564 62330
829 418 2484 2520 446719 62469
830 419 2484 2520 447773 62508
831 420 2484 2520 448805 62627
832 420 2484 2520 449911 62729
833 420 2484 2520 451005 62819
834 420 2484 2520 452138 62919
835 421 2484 2520 453224 62963
836 421 2484 2520 454214 63057
837 422 2484 2520 455229 63159
838 423 2484 2520 456259 63260
839 426 2484 2520 457215 63360
840 427 2484 2520 458279 63437
841 428 2484 2520 459313 63536
842 429 2484 2520 460364 63647
843 432 2484 2520 461432 63742
844 435 2484 2520 462510 63880
845 437 2484 2520 463722 64017
846 437 2484 2520 464945 64194
847 438 2484 2520 466218 64319
848 438 2484 2520 467463 64446
849 441 2484 2520 468712 64608
850 443 2484 2520 469991 64767
851 444 2484 2520 471251 64921
852 447 2484 2520 472547 65073
853 447 2484 2520 473877 65239
854 448 2484 2520 475165 65341
855 448 2484 2520 476397 65491
856 450 2484 2520 477633 65619
857 451 2484 2520 478825 65719
858 451 2484 2520 480069 65866
859 451 2484 2520 481238 65986
860 452 2483 2520 482473 66135
861 452 2483 2520 483687 66256
862 453 2483 2520 484892 66390
863 454 2483 2520 486006 66513
864 455 2483 2520 487227 66650
865 456 2483 2520 488344 66749
866 457 2483 2520 489450 66875
867 459 2483 2520 490585 67030
868 460 2482 2520 491719 67126
869 462 2482 2520 492841 67264
870 463 2482 2520 494100 67347
871 463 2482 2520 495290 67456
872 467 2481 2520 496532 67588
873 470 2480 2520 497866 67758
874 471 2480 2520 499129 67908
875 472 2480 2520 500437 68086
876 472 2480 2520 501699 68257
877 476 2480 2520 503018 68406
878 478 2480 2520 504252 68489
879 480 2479 2520 505642 68625
880 481 2479 2520 507048 68825
881 481 2479 2520 508561 69015
882 482 2479 2520 510040 69175
883 484 2479 2520 511364 69364
884 484 2479 2520 512730 69536
885 484 2479 2520 514065 69691
886 486 2479 2520 515382 69848
887 488 2479 2520 516780 70030
888 489 2479 2520 518166 70169
889 490 2478 2520 519519 70331
890 490 2477 2520 520835 70529
891 492 2477 2520 522240 70685
892 492 2477 2520 523601 70786
893 492 2477 2520 524943 70986
894 492 2477 2520 526223 71100
895 492 2477 2520 527455 71207
896 492 2477 2520 528614 71382
897 492 2477 2520 529819 71463
898 494 2477 2520 530868 71597
899 496 2477 2520 532008 71708
900 497 2477 2520 533204 71798
901 498 2477 2520 534352 71985
902 499 2477 2520 535497 72131
903 500 2477 2520 536731 72278
904 502 2477 2520 537921 72435
905 505 2477 2520 539154 72589
906 507 2477 2520 540413 72769
907 508 2477 2520 541644 72890
908 509 2477 2520 542900 73082
909 510 2477 2520 544175 73233
910 512 2477 2520 545373 73313
911 513 2477 2520 546687 73472
912 515 2477 2520 547968 73659
913 515 2477 2520 549317 73860
914 516 2477 2520 550742 74014
915 518 2477 2520 552060 74098
916 519 2477 2520 553396 74257
917 520 2477 2520 554828 74464
918 521 2477 2520 556155 74609
919 521 2477 2520 557554 74786
920 523 2477 2520 558892 74885
921 525 2477 2520 560290 75086
922 525 2477 2520 561663 75278
923 525 2476 2520 563007 75411
924 527 2476 2520 564377 75556
925 527 2476 2520 565760 75692
926 528 2476 2520 567062 75860
927 529 2476 2520 568365 76016
928 530 2476 2520 569629 76196
929 531 2476 2520 570968 76357
930 532 2476 2520 572203 76529
931 532 2475 2520 573443 76655
932 534 2474 2520 574675 76767
933 535 2474 2520 575892 76920
934 535 2474 2520 577161 77116
935 536 2474 2520 578377 77243
936 537 2474 2520 579613 77368
937 537 2474 2520 580845 77479
938 538 2474 2520 582025 77576
939 539 2474 2520 583169 77690
940 540 2474 2520 584341 77867
941 545 2474 2520 585542 78002
942 547 2474 2520 586819 78116
943 550 2474 2520 588166 78203
944 551 2474 2520 589432 78365
945 552 2474 2520 590729 78468
946 553 2474 2520 592091 78570
947 555 2474 2520 593516 78743
948 556 2474 2520 594825 78888
949 556 2474 2520 596275 79012
950 559 2474 2520 597584 79148
951 560 2474 2520 599060 79191
952 561 2474 2520 600502 79308
953 563 2474 2520 602003 79464
954 565 2474 2520 603400 79601
955 566 2474 2520 604768 79779
956 569 2474 2520 606108 79919
957 570 2474 2520 607522 80030
958 571 2474 2520 608915 80171
959 571 2474 2520 610371 80328
960 572 2474 2520 611791 80447
961 575 2474 2520 613307 80559
962 576 2474 2520 614584 80706
963 578 2474 2520 616000 80818
964 578 2474 2520 617455 81004
965 580 2474 2520 618970 81125
966 581 2474 2520 620366 81217
967 582 2474 2520 621751 81392
968 582 2474 2520 623074 81534
969 585 2474 2520 624498 81657
970 585 2474 2520 625843 81795
971 586 2474 2520 627233 81966
972 589 2474 2520 628552 82089
973 593 2474 2520 629918 82280
974 593 2474 2520 631349 82320
975 593 2474 2520 632771 82512
976 596 2474 2520 634099 82636
977 596 2474 2520 635496 82783
978 597 2474 2520 636954 82928
979 598 2474 2520 638427 83057
980 600 2474 2520 639821 83125
981 600 2474 2520 641336 83285
982 600 2474 2520 642797 83439
983 602 2474 2520 644293 83562
984 603 2474 2520 645763 83685
985 604 2473 2520 647233 83784
986 605 2473 2520 648633 83927
987 606 2473 2520 649995 84059
988 607 2473 2520 651287 84136
989 612 2473 2520 652545 84254
990 614 2473 2520 653863 84368
991 614 2473 2520 655255 84556
992 614 2473 2520 656619 84743
993 615 2473 2520 658081 84864
994 616 2473 2520 659431 85008
995 617 2473 2520 660787 85151
996 618 2473 2520 662174 85313
997 620 2473 2520 663530 85423
998 621 2473 2520 664885 85548
999 621 2473 2520 666289 85699
1000 623 2473 2520 667720 85870
