0 1 2519 2520 796 501
1 1 2519 2520 825 519
2 1 2519 2520 851 532
3 1 2519 2520 894 557
4 1 2519 2520 924 572
5 1 2519 2520 951 582
6 1 2519 2520 990 608
7 1 2519 2520 1028 625
8 1 2519 2520 1053 637
9 1 2519 2520 1079 654
10 1 2519 2520 1108 666
11 1 2519 2520 1136 678
12 1 2519 2520 1167 696
13 1 2519 2520 1195 708
14 1 2519 2520 1216 714
15 1 2519 2520 1249 721
16 1 2519 2520 1288 736
17 1 2519 2520 1294 734
18 2 2519 2520 1313 741
19 2 2519 2520 1358 747
20 2 2519 2520 1455 778
21 2 2519 2520 1560 829
22 2 2519 2520 1676 875
23 2 2519 2520 1753 902
24 2 2519 2520 1834 940
25 2 2519 2520 1931 967
26 2 2519 2520 2020 989
27 2 2519 2520 2101 1001
28 2 2519 2520 2147 1011
29 2 2519 2520 2207 1021
30 2 2519 2520 2255 1033
31 2 2519 2520 2303 1035
32 2 2519 2520 2345 1046
33 2 2519 2520 2400 1062
34 2 2519 2520 2440 1078
35 2 2519 2520 2472 1085
36 2 2519 2520 2510 1096
37 3 2519 2520 2533 1093
38 3 2519 2520 2594 1117
39 3 2519 2520 2679 1152
40 3 2519 2520 2776 1178
41 3 2519 2520 2864 1213
42 3 2519 2520 2958 1248
43 3 2519 2520 3031 1274
44 4 2519 2520 3121 1303
45 4 2519 2520 3235 1332
46 4 2519 2520 3366 1374
47 4 2519 2520 3484 1386
48 4 2519 2520 3601 1442
49 4 2519 2520 3718 1466
50 4 2519 2520 3814 1487
51 4 2519 2520 3937 1514
52 4 2519 2520 4036 1528
53 4 2519 2520 4137 1559
54 4 2519 2520 4220 1578
55 4 2519 2520 4322 1598
56 4 2519 2520 4404 1618
57 5 2519 2520 4501 1627
58 5 2519 2520 4608 1652
59 5 2519 2520 4726 1696
60 5 2519 2520 4857 1738
61 5 2519 2520 4990 1778
62 5 2519 2520 5124 1823
63 5 2519 2520 5272 1872
64 7 2519 2520 5381 1906
65 7 2519 2520 5539 1933
66 7 2519 2520 5713 1974
67 7 2519 2520 5893 2019
68 7 2519 2520 6081 2077
69 7 2519 2520 6273 2124
70 7 2519 2520 6458 2160
71 7 2519 2520 6630 2183
72 7 2519 2520 6801 2228
73 7 2519 2520 6963 2255
74 7 2519 2520 7141 2291
75 8 2519 2520 7283 2323
76 8 2519 2520 7446 2370
77 8 2519 2520 7598 2403
78 8 2519 2520 7758 2432
79 8 2519 2520 7903 2435
80 8 2519 2520 8034 2476
81 8 2519 2520 8172 2501
82 8 2519 2520 8308 2512
83 8 2519 2520 8439 2558
84 9 2519 2520 8562 2577
85 9 2519 2520 8663 2606
86 9 2517 2520 8850 2641
87 9 2517 2520 9040 2669
88 9 2517 2520 9227 2690
89 9 2517 2520 9397 2705
90 12 2517 2520 9585 2735
91 12 2517 2520 9786 2767
92 12 2517 2520 10044 2814
93 12 2517 2520 10300 2855
94 12 2517 2520 10560 2902
95 12 2517 2520 10805 2952
96 12 2517 2520 11053 2989
97 12 2517 2520 11296 3048
98 12 2517 2520 11519 3103
99 12 2517 2520 11721 3148
100 12 2517 2520 11904 3156
101 12 2517 2520 12118 3192
102 12 2517 2520 12309 3211
103 12 2517 2520 12505 3227
104 12 2517 2520 12647 3252
105 14 2517 2520 12820 3282
106 15 2517 2520 12971 3314
107 16 2517 2520 13205 3356
108 16 2517 2520 13415 3414
109 16 2517 2520 13686 3474
110 16 2517 2520 13945 3535
111 16 2517 2520 14172 3576
112 16 2517 2520 14414 3628
113 16 2517 2520 14641 3670
114 16 2517 2520 14894 3720
115 17 2517 2520 15116 3763
116 17 2517 2520 15361 3812
117 17 2517 2520 15627 3851
118 17 2517 2520 15896 3916
119 17 2517 2520 16139 3953
120 17 2517 2520 16354 3983
121 17 2517 2520 16583 4026
122 17 2517 2520 16794 4049
123 18 2517 2520 17022 4083
124 18 2517 2520 17222 4110
125 19 2517 2520 17450 4163
126 20 2517 2520 17685 4201
127 20 2517 2520 17938 4247
128 20 2517 2520 18212 4290
129 20 2517 2520 18494 4355
130 20 2517 2520 18765 4422
131 20 2517 2520 18999 4483
132 20 2517 2520 19251 4525
133 20 2517 2520 19475 4568
134 20 2517 2520 19675 4602
135 20 2517 2520 19886 4652
136 20 2517 2520 20120 4710
137 20 2517 2520 20301 4721
138 20 2517 2520 20482 4754
139 20 2517 2520 20659 4766
140 20 2517 2520 20870 4792
141 21 2517 2520 21045 4810
142 21 2517 2520 21223 4842
143 21 2517 2520 21407 4886
144 23 2517 2520 21586 4925
145 23 2517 2520 21796 4967
146 23 2517 2520 22021 5017
147 23 2517 2520 22213 5044
148 25 2517 2520 22410 5089
149 25 2516 2520 22681 5136
150 25 2516 2520 22988 5175
151 25 2516 2520 23273 5208
152 25 2516 2520 23604 5258
153 25 2516 2520 23927 5303
154 25 2516 2520 24186 5326
155 25 2516 2520 24487 5375
156 25 2516 2520 24744 5417
157 25 2516 2520 25017 5454
158 25 2516 2520 25278 5476
159 25 2516 2520 25518 5534
160 25 2516 2520 25734 5554
161 25 2516 2520 25924 5596
162 25 2516 2520 26107 5621
163 25 2516 2520 26294 5645
164 25 2516 2520 26437 5674
165 26 2516 2520 26619 5710
166 26 2516 2520 26801 5745
167 26 2516 2520 27022 5800
168 26 2516 2520 27231 5852
169 28 2516 2520 27400 5876
170 28 2516 2520 27618 5930
171 28 2516 2520 27880 5975
172 28 2516 2520 28089 6033
173 28 2516 2520 28314 6092
174 29 2516 2520 28533 6125
175 29 2516 2520 28777 6161
176 29 2516 2520 29057 6205
177 29 2516 2520 29295 6233
178 29 2516 2520 29522 6286
179 29 2516 2520 29723 6317
180 30 2516 2520 29935 6362
181 30 2516 2520 30171 6369
182 30 2516 2520 30416 6415
183 30 2516 2520 30640 6486
184 30 2516 2520 30844 6524
185 32 2516 2520 31070 6564
186 32 2516 2520 31365 6614
187 32 2516 2520 31649 6662
188 32 2516 2520 31891 6696
189 32 2516 2520 32174 6762
190 32 2516 2520 32395 6814
191 32 2516 2520 32670 6865
192 32 2516 2520 32932 6918
193 32 2516 2520 33187 6993
194 32 2516 2520 33426 7049
195 32 2516 2520 33660 7102
196 32 2516 2520 33857 7141
197 32 2516 2520 34041 7162
198 32 2516 2520 34225 7184
199 32 2516 2520 34417 7220
200 33 2516 2520 34560 7241
201 33 2516 2520 34736 7266
202 33 2516 2520 34913 7288
203 33 2516 2520 35122 7330
204 33 2516 2520 35322 7387
205 34 2516 2520 35507 7427
206 34 2516 2520 35711 7461
207 35 2516 2520 35911 7507
208 35 2516 2520 36157 7551
209 36 2516 2520 36400 7617
210 36 2516 2520 36686 7676
211 36 2516 2520 36960 7742
212 37 2515 2520 37227 7764
213 37 2515 2520 37506 7798
214 37 2515 2520 37814 7842
215 37 2515 2520 38082 7914
216 38 2515 2520 38320 7948
217 38 2515 2520 38609 7977
218 38 2515 2520 38903 8020
219 38 2515 2520 39165 8055
220 38 2515 2520 39407 8074
221 38 2515 2520 39658 8113
222 38 2515 2520 39916 8126
223 38 2515 2520 40141 8138
224 38 2515 2520 40359 8178
225 38 2515 2520 40570 8222
226 38 2515 2520 40773 8222
227 38 2515 2520 40974 8222
228 38 2515 2520 41178 8268
229 38 2515 2520 41344 8286
230 39 2515 2520 41496 8325
231 40 2515 2520 41670 8349
232 41 2515 2520 41919 8401
233 41 2515 2520 42149 8450
234 41 2515 2520 42376 8492
235 41 2515 2520 42599 8548
236 42 2515 2520 42836 8576
237 42 2515 2520 43066 8629
238 42 2515 2520 43328 8668
239 42 2515 2520 43594 8732
240 42 2515 2520 43802 8767
241 42 2515 2520 44050 8812
242 42 2515 2520 44311 8861
243 42 2515 2520 44551 8904
244 43 2515 2520 44783 8953
245 43 2515 2520 45060 8990
246 43 2515 2520 45345 9023
247 45 2515 2520 45608 9086
248 45 2515 2520 45879 9120
249 45 2515 2520 46169 9216
250 45 2515 2520 46467 9262
251 45 2515 2520 46761 9297
252 45 2515 2520 47032 9368
253 45 2515 2520 47330 9412
254 46 2515 2520 47592 9454
255 46 2515 2520 47846 9490
256 48 2515 2520 48125 9491
257 48 2515 2520 48373 9534
258 48 2515 2520 48638 9586
259 48 2515 2520 48956 9635
260 48 2515 2520 49285 9699
261 48 2515 2520 49670 9767
262 48 2515 2520 49984 9818
263 48 2515 2520 50329 9867
264 48 2515 2520 50572 9901
265 48 2515 2520 50844 9942
266 48 2515 2520 51090 9993
267 48 2515 2520 51325 10013
268 50 2515 2520 51584 10046
269 51 2515 2520 51837 10105
270 51 2515 2520 52068 10154
271 51 2515 2520 52333 10187
272 52 2515 2520 52631 10242
273 52 2515 2520 52980 10284
274 53 2515 2520 53335 10336
275 53 2515 2520 53694 10410
276 53 2515 2520 54099 10474
277 53 2515 2520 54433 10528
278 56 2515 2520 54805 10596
279 56 2515 2520 55191 10666
280 57 2515 2520 55614 10722
281 57 2515 2520 56043 10797
282 57 2515 2520 56476 10886
283 57 2515 2520 56880 10970
284 57 2515 2520 57314 11070
285 57 2515 2520 57685 11148
286 57 2515 2520 58097 11211
287 57 2515 2520 58428 11260
288 57 2515 2520 58750 11329
289 57 2515 2520 59097 11379
290 57 2515 2520 59368 11462
291 57 2515 2520 59668 11548
292 57 2515 2520 59960 11593
293 57 2515 2520 60265 11663
294 57 2515 2520 60524 11708
295 57 2515 2520 60801 11746
296 57 2515 2520 61083 11809
297 57 2515 2520 61345 11871
298 57 2515 2520 61589 11945
299 57 2515 2520 61836 11986
300 59 2515 2520 62077 12015
301 60 2515 2520 62308 12031
302 60 2515 2520 62572 12094
303 60 2515 2520 62859 12130
304 61 2515 2520 63115 12173
305 62 2515 2520 63398 12214
306 63 2515 2520 63725 12283
307 64 2515 2520 64071 12375
308 65 2515 2520 64451 12430
309 65 2515 2520 64824 12511
310 65 2515 2520 65180 12606
311 65 2515 2520 65588 12640
312 65 2515 2520 66018 12734
313 65 2515 2520 66403 12779
314 65 2515 2520 66771 12813
315 65 2515 2520 67115 12871
316 65 2515 2520 67478 12920
317 65 2515 2520 67819 12967
318 65 2515 2520 68140 13018
319 66 2515 2520 68460 13082
320 66 2515 2520 68774 13122
321 66 2515 2520 69089 13139
322 66 2515 2520 69405 13170
323 66 2515 2520 69726 13212
324 66 2515 2520 70030 13290
325 66 2515 2520 70290 13342
326 66 2515 2520 70577 13375
327 67 2515 2520 70848 13437
328 68 2515 2520 71109 13481
329 68 2515 2520 71425 13554
330 68 2515 2520 71752 13639
331 70 2515 2520 72036 13706
332 70 2515 2520 72350 13736
333 70 2515 2520 72706 13817
334 71 2515 2520 73112 13901
335 72 2515 2520 73480 13995
336 72 2515 2520 73853 14013
337 72 2515 2520 74263 14084
338 72 2515 2520 74656 14167
339 72 2515 2520 75088 14214
340 72 2515 2520 75481 14288
341 74 2515 2520 75872 14306
342 74 2515 2520 76279 14368
343 74 2515 2520 76700 14447
344 74 2515 2520 77095 14482
345 75 2515 2520 77490 14517
346 75 2515 2520 77867 14594
347 75 2515 2520 78276 14660
348 75 2515 2520 78660 14748
349 75 2515 2520 79052 14791
350 75 2515 2520 79463 14861
351 75 2515 2520 79808 14920
352 76 2515 2520 80134 14982
353 77 2515 2520 80485 15049
354 77 2515 2520 80808 15064
355 79 2515 2520 81208 15129
356 79 2515 2520 81544 15172
357 79 2515 2520 81939 15247
358 79 2515 2520 82322 15277
359 79 2515 2520 82689 15349
360 79 2515 2520 83071 15386
361 79 2515 2520 83475 15424
362 79 2515 2520 83889 15490
363 79 2515 2520 84275 15560
364 79 2515 2520 84655 15603
365 79 2515 2520 85050 15654
366 79 2515 2520 85392 15717
367 79 2515 2520 85724 15783
368 80 2515 2520 85988 15827
369 80 2514 2520 86261 15880
370 82 2514 2520 86587 15921
371 82 2514 2520 86903 15984
372 82 2514 2520 87226 16026
373 82 2514 2520 87610 16105
374 83 2514 2520 87973 16154
375 83 2514 2520 88308 16197
376 85 2514 2520 88710 16273
377 87 2514 2520 89090 16349
378 87 2514 2520 89501 16420
379 88 2514 2520 89936 16495
380 88 2514 2520 90380 16558
381 89 2514 2520 90862 16614
382 91 2514 2520 91355 16707
383 91 2514 2520 91973 16798
384 91 2514 2520 92501 16886
385 91 2514 2520 93037 16960
386 91 2514 2520 93609 17046
387 91 2514 2520 94069 17121
388 91 2514 2520 94555 17190
389 91 2514 2520 95043 17265
390 91 2514 2520 95488 17293
391 91 2514 2520 95950 17344
392 92 2514 2520 96368 17389
393 93 2514 2520 96774 17440
394 93 2514 2520 97178 17496
395 93 2514 2520 97579 17526
396 94 2514 2520 97988 17584
397 94 2514 2520 98370 17621
398 95 2514 2520 98747 17710
399 95 2514 2520 99137 17742
400 95 2514 2520 99479 17787
401 95 2514 2520 99883 17824
402 96 2514 2520 100249 17867
403 96 2514 2520 100598 17929
404 96 2514 2520 101043 17978
405 97 2514 2520 101437 18014
406 97 2514 2520 101903 18093
407 97 2514 2520 102371 18172
408 98 2514 2520 102825 18229
409 98 2514 2520 103258 18328
410 100 2514 2520 103708 18397
411 100 2514 2520 104178 18472
412 100 2514 2520 104574 18562
413 100 2514 2520 104975 18655
414 100 2514 2520 105381 18744
415 101 2514 2520 105786 18841
416 101 2514 2520 106166 18898
417 101 2514 2520 106591 18917
418 101 2514 2520 106975 18976
419 102 2514 2520 107406 19028
420 103 2514 2520 107866 19102
421 103 2514 2520 108349 19164
422 103 2514 2520 108826 19236
423 103 2514 2520 109255 19295
424 103 2514 2520 109727 19368
425 105 2514 2520 110133 19424
426 105 2514 2520 110571 19480
427 105 2514 2520 111061 19540
428 105 2514 2520 111552 19603
429 105 2514 2520 112013 19708
430 105 2514 2520 112494 19769
431 106 2514 2520 112894 19828
432 108 2514 2520 113298 19881
433 110 2514 2520 113748 19927
434 110 2514 2520 114227 19983
435 110 2514 2520 114709 20073
436 112 2514 2520 115214 20133
437 112 2514 2520 115745 20214
438 112 2514 2520 116244 20309
439 114 2514 2520 116771 20377
440 114 2514 2520 117286 20439
441 114 2514 2520 117869 20505
442 114 2514 2520 118412 20608
443 115 2514 2520 119020 20693
444 116 2514 2520 119548 20787
445 118 2514 2520 120194 20892
446 118 2514 2520 120809 20963
447 118 2514 2520 121445 21045
448 119 2514 2520 122058 21122
449 119 2514 2520 122693 21234
450 120 2514 2520 123342 21327
451 120 2514 2520 124014 21440
452 120 2514 2520 124601 21520
453 122 2514 2520 125199 21630
454 122 2514 2520 125821 21693
455 122 2514 2520 126507 21772
456 122 2514 2520 127092 21841
457 122 2514 2520 127631 21911
458 122 2514 2520 128217 21994
459 123 2514 2520 128748 22018
460 124 2514 2520 129312 22123
461 125 2514 2520 129871 22230
462 125 2514 2520 130445 22294
463 125 2514 2520 130971 22362
464 125 2514 2520 131523 22434
465 125 2514 2520 132048 22492
466 125 2514 2520 132615 22566
467 125 2514 2520 133117 22616
468 126 2514 2520 133576 22694
469 126 2514 2520 134087 22755
470 127 2514 2520 134546 22843
471 128 2514 2520 135052 22908
472 129 2514 2520 135560 22996
473 129 2514 2520 136096 23090
474 129 2514 2520 136603 23158
475 131 2514 2520 137172 23222
476 133 2514 2520 137721 23296
477 133 2514 2520 138271 23366
478 133 2514 2520 138838 23446
479 134 2514 2520 139402 23534
480 134 2514 2520 139969 23609
481 134 2514 2520 140589 23753
482 134 2514 2520 141167 23845
483 135 2514 2520 141723 23953
484 136 2514 2520 142308 24066
485 136 2513 2520 142876 24147
486 137 2513 2520 143399 24182
487 137 2513 2520 143982 24262
488 137 2512 2520 144515 24318
489 138 2512 2520 145047 24424
490 138 2512 2520 145606 24466
491 138 2512 2520 146163 24557
492 140 2512 2520 146705 24616
493 141 2512 2520 147265 24693
494 141 2512 2520 147887 24759
495 141 2512 2520 148450 24830
496 141 2512 2520 149008 24945
497 141 2512 2520 149561 24981
498 142 2512 2520 150115 25060
499 143 2512 2520 150669 25111
500 145 2512 2520 151197 25166
501 146 2512 2520 151761 25240
502 146 2512 2520 152366 25313
503 147 2512 2520 152950 25390
504 149 2512 2520 153614 25457
505 149 2512 2520 154205 25507
506 152 2512 2520 154838 25595
507 152 2512 2520 155479 25711
508 152 2512 2520 156171 25790
509 152 2512 2520 156899 25862
510 154 2512 2520 157564 25939
511 154 2512 2520 158220 26011
512 154 2512 2520 158896 26108
513 155 2512 2520 159592 26213
514 155 2512 2520 160238 26316
515 155 2512 2520 160824 26381
516 155 2512 2520 161404 26476
517 155 2512 2520 161998 26563
518 155 2512 2520 162530 26653
519 155 2512 2520 163085 26717
520 156 2512 2520 163660 26816
521 157 2512 2520 164199 26859
522 158 2512 2520 164805 26953
523 159 2512 2520 165381 27060
524 159 2512 2520 165953 27116
525 159 2512 2520 166537 27223
526 159 2512 2520 167152 27326
527 159 2512 2520 167702 27401
528 159 2512 2520 168347 27482
529 160 2512 2520 168900 27554
530 160 2512 2520 169482 27629
531 161 2512 2520 170066 27727
532 161 2512 2520 170591 27796
533 161 2512 2520 171172 27838
534 162 2512 2520 171769 27918
535 163 2512 2520 172360 28032
536 163 2512 2520 172954 28086
537 163 2512 2520 173574 28190
538 165 2512 2520 174105 28270
539 165 2512 2520 174681 28322
540 165 2512 2520 175235 28418
541 165 2512 2520 175780 28503
542 165 2512 2520 176294 28592
543 166 2512 2520 176821 28625
544 166 2512 2520 177352 28712
545 168 2512 2520 177918 28795
546 169 2512 2520 178440 28842
547 170 2512 2520 178991 28915
548 171 2512 2520 179592 28992
549 172 2512 2520 180142 29050
550 172 2512 2520 180736 29151
551 173 2512 2520 181378 29208
552 173 2512 2520 182005 29270
553 175 2512 2520 182706 29373
554 175 2512 2520 183411 29467
555 175 2512 2520 184122 29599
556 175 2512 2520 184793 29678
557 177 2512 2520 185537 29819
558 178 2512 2520 186279 29880
559 178 2512 2520 186951 29984
560 178 2512 2520 187649 30060
561 178 2512 2520 188392 30140
562 178 2512 2520 189122 30201
563 178 2512 2520 189836 30279
564 178 2512 2520 190482 30371
565 179 2512 2520 191189 30450
566 180 2512 2520 191833 30541
567 181 2512 2520 192459 30638
568 181 2512 2520 193133 30706
569 182 2512 2520 193808 30801
570 182 2512 2520 194425 30905
571 183 2512 2520 195036 30980
572 184 2512 2520 195632 31075
573 184 2512 2520 196307 31162
574 185 2512 2520 196968 31214
575 187 2512 2520 197659 31346
576 187 2512 2520 198307 31424
577 188 2512 2520 199012 31531
578 188 2512 2520 199676 31595
579 188 2512 2520 200410 31728
580 188 2512 2520 201064 31833
581 189 2512 2520 201748 31922
582 189 2512 2520 202473 32022
583 190 2512 2520 203160 32103
584 190 2512 2520 203791 32190
585 191 2512 2520 204454 32300
586 191 2512 2520 205126 32376
587 191 2512 2520 205796 32475
588 194 2512 2520 206434 32544
589 195 2512 2520 207077 32668
590 195 2512 2520 207731 32768
591 195 2512 2520 208397 32827
592 196 2512 2520 209009 32882
593 198 2512 2520 209625 32973
594 199 2512 2520 210264 33024
595 199 2512 2520 210971 33122
596 200 2512 2520 211685 33193
597 200 2512 2520 212379 33276
598 202 2512 2520 213079 33330
599 202 2512 2520 213763 33449
600 202 2512 2520 214476 33519
601 203 2512 2520 215186 33634
602 203 2512 2520 215910 33715
603 204 2512 2520 216566 33798
604 204 2512 2520 217265 33851
605 204 2512 2520 217903 33876
606 204 2511 2520 218582 33961
607 204 2511 2520 219236 34024
608 205 2511 2520 219800 34110
609 207 2511 2520 220457 34180
610 208 2511 2520 221045 34251
611 208 2510 2520 221648 34370
612 209 2510 2520 222210 34422
613 209 2510 2520 222802 34467
614 210 2510 2520 223418 34526
615 210 2510 2520 224039 34606
616 210 2510 2520 224657 34704
617 212 2510 2520 225279 34785
618 212 2510 2520 225888 34878
619 213 2510 2520 226571 34941
620 216 2510 2520 227284 35035
621 217 2510 2520 228067 35174
622 218 2510 2520 228862 35277
623 219 2510 2520 229709 35390
624 220 2510 2520 230492 35462
625 220 2510 2520 231317 35582
626 220 2510 2520 232112 35657
627 220 2510 2520 232915 35806
628 220 2510 2520 233781 35907
629 221 2510 2520 234544 35981
630 222 2510 2520 235316 36089
631 222 2510 2520 236134 36226
632 222 2510 2520 236814 36334
633 222 2510 2520 237517 36473
634 222 2510 2520 238127 36554
635 223 2510 2520 238787 36614
636 223 2510 2520 239439 36658
637 223 2510 2520 240098 36714
638 223 2510 2520 240834 36740
639 225 2510 2520 241482 36844
640 227 2510 2520 242114 36929
641 227 2510 2520 242719 36991
642 230 2510 2520 243405 37074
643 231 2510 2520 244146 37174
644 233 2510 2520 244795 37256
645 235 2510 2520 245472 37328
646 237 2510 2520 246149 37422
647 237 2510 2520 246968 37553
648 241 2510 2520 247782 37689
649 242 2510 2520 248744 37854
650 242 2510 2520 249699 38049
651 242 2510 2520 250710 38192
652 242 2510 2520 251710 38318
653 242 2510 2520 252724 38475
654 243 2510 2520 253704 38614
655 246 2510 2520 254707 38756
656 248 2510 2520 255683 38890
657 249 2510 2520 256674 39025
658 249 2510 2520 257730 39142
659 250 2510 2520 258756 39251
660 250 2510 2520 259810 39383
661 250 2510 2520 260819 39547
662 250 2510 2520 261793 39652
663 251 2510 2520 262847 39794
664 251 2510 2520 263863 39906
665 251 2510 2520 264834 39978
666 251 2510 2520 265828 40111
667 251 2510 2520 266754 40215
668 251 2510 2520 267658 40292
669 252 2509 2520 268515 40417
670 252 2509 2520 269330 40503
671 254 2509 2520 270106 40547
672 254 2509 2520 270882 40648
673 254 2509 2520 271686 40705
674 256 2509 2520 272488 40823
675 257 2509 2520 273307 40924
676 259 2509 2520 274240 41061
677 261 2509 2520 275141 41184
678 262 2509 2520 276053 41250
679 263 2509 2520 276939 41336
680 263 2509 2520 277828 41449
681 264 2509 2520 278776 41563
682 265 2509 2520 279673 41654
683 267 2509 2520 280601 41788
684 269 2509 2520 281492 41869
685 272 2509 2520 282451 41988
686 272 2509 2520 283456 42106
687 273 2509 2520 284479 42264
688 274 2509 2520 285424 42404
689 274 2509 2520 286454 42562
690 276 2507 2520 287411 42663
691 277 2507 2520 288482 42733
692 278 2507 2520 289468 42848
693 278 2506 2520 290441 42938
694 278 2506 2520 291447 43037
695 278 2506 2520 292467 43143
696 278 2506 2520 293465 43272
697 278 2506 2520 294445 43336
698 279 2506 2520 295380 43469
699 279 2506 2520 296261 43612
700 279 2506 2520 297248 43717
701 282 2506 2520 298013 43851
702 283 2506 2520 298848 43965
703 283 2506 2520 299753 44087
704 284 2506 2520 300648 44210
705 285 2506 2520 301521 44288
706 285 2506 2520 302416 44390
707 285 2506 2520 303309 44459
708 286 2506 2520 304135 44582
709 287 2506 2520 304985 44694
710 287 2506 2520 305878 44800
711 287 2506 2520 306763 44870
712 288 2506 2520 307521 44967
713 288 2506 2520 308296 45041
714 289 2506 2520 309087 45120
715 290 2505 2520 309877 45214
716 291 2505 2520 310654 45293
717 292 2505 2520 311503 45366
718 293 2505 2520 312372 45502
719 293 2505 2520 313272 45655
720 294 2505 2520 314158 45808
721 297 2505 2520 314919 45890
722 299 2505 2520 315807 46047
723 300 2505 2520 316672 46113
724 301 2505 2520 317669 46255
725 303 2505 2520 318623 46419
726 303 2504 2520 319607 46563
727 303 2504 2520 320600 46647
728 303 2504 2520 321545 46801
729 307 2504 2520 322429 46900
730 307 2504 2520 323364 46988
731 307 2504 2520 324410 47117
732 309 2504 2520 325430 47246
733 309 2504 2520 326504 47351
734 311 2504 2520 327517 47477
735 311 2504 2520 328529 47528
736 311 2504 2520 329583 47632
737 312 2504 2520 330720 47707
738 312 2504 2520 331761 47841
739 313 2504 2520 332797 47968
740 314 2504 2520 333760 48065
741 316 2503 2520 334723 48151
742 317 2503 2520 335761 48272
743 318 2503 2520 336721 48421
744 319 2503 2520 337658 48541
745 319 2503 2520 338578 48647
746 320 2503 2520 339578 48770
747 321 2503 2520 340569 48869
748 322 2503 2520 341505 49005
749 323 2503 2520 342460 49187
750 323 2503 2520 343456 49335
751 325 2503 2520 344470 49451
752 325 2503 2520 345496 49522
753 326 2503 2520 346578 49640
754 326 2503 2520 347581 49721
755 327 2503 2520 348636 49813
756 329 2503 2520 349708 49915
757 329 2503 2520 350728 50065
758 330 2503 2520 351744 50195
759 331 2503 2520 352653 50315
760 331 2503 2520 353655 50391
761 332 2503 2520 354678 50526
762 333 2503 2520 355633 50628
763 333 2503 2520 356621 50779
764 334 2503 2520 357600 50903
765 335 2503 2520 358496 51044
766 335 2503 2520 359477 51145
767 337 2503 2520 360351 51228
768 337 2503 2520 361268 51305
769 338 2503 2520 362264 51413
770 339 2503 2520 363226 51586
771 341 2503 2520 364118 51729
772 343 2503 2520 365024 51773
773 343 2503 2520 365983 51903
774 343 2503 2520 366995 52014
775 345 2503 2520 367935 52161
776 345 2503 2520 368870 52207
777 347 2503 2520 369718 52306
778 348 2503 2520 370672 52383
779 351 2503 2520 371686 52501
780 352 2503 2520 372697 52634
781 353 2503 2520 373720 52737
782 354 2503 2520 374731 52898
783 354 2503 2520 375758 52938
784 354 2503 2520 376794 53095
785 354 2503 2520 377859 53183
786 354 2503 2520 378835 53285
787 355 2503 2520 379852 53412
788 355 2503 2520 380751 53523
789 356 2503 2520 381705 53655
790 357 2503 2520 382564 53793
791 357 2503 2520 383462 53899
792 358 2503 2520 384470 54022
793 359 2503 2520 385332 54145
794 361 2503 2520 386212 54183
795 362 2503 2520 387189 54286
796 364 2503 2520 388255 54395
797 365 2503 2520 389309 54527
798 368 2503 2520 390413 54681
799 370 2503 2520 391513 54884
800 371 2503 2520 392653 54965
801 371 2503 2520 393781 55102
802 371 2503 2520 394938 55231
803 371 2503 2520 396048 55379
804 373 2503 2520 397207 55501
805 374 2503 2520 398281 55656
806 375 2503 2520 399380 55792
807 377 2503 2520 400534 55919
808 377 2503 2520 401672 56055
809 378 2503 2520 402870 56209
810 378 2503 2520 403902 56316
811 379 2503 2520 404982 56481
812 379 2503 2520 406063 56571
813 380 2503 2520 407099 56667
814 381 2503 2520 408088 56753
815 385 2503 2520 409119 56900
816 387 2503 2520 410162 57033
817 387 2503 2520 411298 57177
818 388 2503 2520 412420 57248
819 388 2503 2520 413593 57352
820 389 2503 2520 414626 57460
821 391 2503 2520 415746 57527
822 393 2503 2520 416790 57629
823 393 2503 2520 417844 57815
824 393 2503 2520 418902 57940
825 396 2503 2520 419922 58038
826 398 2503 2520 420918 58161
827 400 2503 2520 421957 58302
828 400 2503 2520 423045 58445
829 401 2503 2520 424167 58590
830 404 2503 2520 425278 58714
831 405 2503 2520 426468 58907
832 405 2503 2520 427657 59020
833 406 2503 2520 428830 59120
834 406 2503 2520 430003 59229
835 408 2503 2520 431228 59399
836 409 2503 2520 432484 59485
837 409 2503 2520 433730 59617
838 409 2503 2520 434915 59730
839 410 2503 2520 436031 59845
840 411 2503 2520 437241 59996
841 411 2503 2520 438393 60118
842 412 2503 2520 439585 60233
843 413 2503 2520 440673 60351
844 413 2503 2520 441725 60447
845 415 2503 2520 442743 60565
846 415 2503 2520 443846 60682
847 417 2503 2520 444916 60816
848 419 2503 2520 445952 60937
849 419 2503 2520 447001 61059
850 419 2503 2520 448035 61198
851 420 2503 2520 449159 61353
852 423 2503 2520 450180 61500
853 424 2503 2520 451224 61647
854 424 2503 2520 452201 61803
855 425 2503 2520 453306 61942
856 425 2503 2520 454371 62068
857 426 2503 2520 455448 62243
858 427 2502 2520 456624 62366
859 429 2502 2520 457588 62540
860 429 2502 2520 458629 62704
861 429 2502 2520 459694 62811
862 431 2502 2520 460789 62922
863 432 2502 2520 461856 63003
864 432 2502 2520 462980 63128
865 432 2501 2520 464092 63224
866 433 2501 2520 465104 63323
867 435 2501 2520 466145 63482
868 436 2501 2520 467186 63619
869 438 2501 2520 468265 63751
870 438 2501 2520 469309 63860
871 440 2501 2520 470441 64025
872 442 2501 2520 471546 64154
873 442 2501 2520 472721 64289
874 442 2501 2520 473873 64432
875 444 2501 2520 475057 64601
876 446 2501 2520 476224 64740
877 446 2501 2520 477323 64809
878 446 2501 2520 478465 64984
879 447 2501 2520 479659 65119
880 448 2501 2520 480749 65186
881 450 2501 2520 481805 65329
882 451 2501 2520 482877 65447
883 451 2501 2520 483888 65531
884 452 2501 2520 484969 65697
885 453 2501 2520 486016 65855
886 454 2501 2520 487079 65971
887 454 2501 2520 488187 66087
888 455 2501 2520 489275 66175
889 456 2501 2520 490340 66300
890 458 2501 2520 491422 66428
891 461 2501 2520 492606 66553
892 463 2500 2520 493714 66686
893 465 2500 2520 494896 66754
894 467 2500 2520 496157 66959
895 469 2500 2520 497387 67098
896 470 2500 2520 498617 67250
897 470 2500 2520 499938 67348
898 471 2500 2520 501321 67476
899 472 2500 2520 502527 67644
900 472 2500 2520 503848 67806
901 474 2500 2520 505160 67939
902 476 2500 2520 506407 68052
903 476 2500 2520 507707 68179
904 477 2500 2520 509049 68356
905 478 2500 2520 510324 68473
906 479 2500 2520 511588 68625
907 480 2500 2520 512896 68764
908 482 2500 2520 514159 68942
909 482 2500 2520 515454 69145
910 484 2500 2520 516836 69326
911 484 2500 2520 518090 69439
912 486 2500 2520 519315 69545
913 487 2500 2520 520590 69751
914 487 2500 2520 521877 69922
915 489 2500 2520 523010 70006
916 490 2500 2520 524177 70122
917 491 2500 2520 525391 70279
918 492 2500 2520 526528 70356
919 493 2500 2520 527642 70470
920 494 2500 2520 528795 70587
921 496 2500 2520 529890 70679
922 497 2500 2520 531034 70799
923 499 2500 2520 532243 70929
924 500 2500 2520 533495 71075
925 501 2500 2520 534793 71169
926 502 2500 2520 535995 71297
927 505 2500 2520 537320 71458
928 506 2500 2520 538596 71613
929 509 2500 2520 539859 71809
930 512 2500 2520 541143 71960
931 513 2500 2520 542442 72153
932 515 2500 2520 543809 72319
933 516 2500 2520 545188 72490
934 516 2500 2520 546593 72627
935 516 2500 2520 547999 72789
936 516 2500 2520 549285 73006
937 518 2500 2520 550593 73145
938 519 2500 2520 551974 73306
939 519 2500 2520 553313 73440
940 521 2500 2520 554636 73594
941 522 2500 2520 556049 73709
942 522 2500 2520 557320 73852
943 523 2500 2520 558595 73939
944 525 2500 2520 559821 74130
945 525 2500 2520 560976 74250
946 526 2500 2520 562138 74389
947 527 2500 2520 563417 74536
948 527 2500 2520 564683 74714
949 530 2500 2520 565874 74840
950 530 2500 2520 567038 75001
951 532 2500 2520 568331 75150
952 533 2500 2520 569579 75269
953 533 2500 2520 570796 75388
954 533 2500 2520 571986 75489
955 535 2500 2520 573141 75636
956 535 2500 2520 574228 75702
957 541 2500 2520 575395 75870
958 542 2500 2520 576575 75978
959 542 2500 2520 577862 76133
960 543 2500 2520 579189 76329
961 544 2500 2520 580458 76509
962 546 2500 2520 581733 76702
963 547 2500 2520 582957 76825
964 547 2499 2520 584308 77025
965 548 2499 2520 585664 77230
966 548 2499 2520 587008 77376
967 550 2499 2520 588304 77556
968 550 2499 2520 589554 77721
969 553 2499 2520 590865 77818
970 553 2499 2520 592107 77942
971 555 2499 2520 593271 78074
972 558 2499 2520 594468 78169
973 559 2499 2520 595753 78279
974 559 2499 2520 597154 78396
975 563 2499 2520 598411 78518
976 565 2499 2520 599753 78632
977 568 2499 2520 601029 78734
978 569 2499 2520 602405 78872
979 573 2499 2520 603691 79058
980 575 2499 2520 605075 79236
981 576 2499 2520 606576 79355
982 579 2499 2520 608117 79584
983 581 2497 2520 609720 79853
984 581 2497 2520 611306 80002
985 583 2497 2520 612873 80118
986 585 2497 2520 614492 80291
987 586 2496 2520 616089 80422
988 586 2496 2520 617625 80551
989 587 2496 2520 619196 80765
990 589 2496 2520 620679 80884
991 589 2496 2520 622259 81100
992 590 2496 2520 623675 81215
993 592 2496 2520 625242 81404
994 593 2496 2520 626780 81511
995 594 2496 2520 628346 81659
996 594 2496 2520 629804 81831
997 597 2496 2520 631349 81941
998 598 2496 2520 632856 82063
999 600 2496 2520 634319 82215
1000 602 2496 2520 635843 82364
