0 1 2519 2520 795 499
1 1 2519 2520 811 509
2 1 2519 2520 842 532
3 1 2519 2520 868 550
4 1 2519 2520 895 562
5 1 2519 2520 939 584
6 1 2519 2520 977 602
7 1 2519 2520 1000 614
8 1 2519 2520 1041 634
9 1 2519 2520 1060 644
10 1 2519 2520 1095 653
11 1 2519 2520 1123 666
12 1 2519 2520 1157 682
13 1 2519 2520 1175 687
14 1 2519 2520 1194 693
15 1 2519 2520 1214 705
16 1 2519 2520 1239 712
17 1 2519 2520 1261 720
18 1 2519 2520 1286 721
19 1 2519 2520 1297 724
20 1 2519 2520 1318 728
21 2 2519 2520 1334 735
22 2 2519 2520 1366 747
23 2 2519 2520 1447 786
24 2 2519 2520 1530 814
25 2 2519 2520 1585 838
26 2 2519 2520 1683 861
27 2 2519 2520 1761 886
28 2 2519 2520 1845 911
29 2 2519 2520 1960 951
30 2 2519 2520 2027 970
31 2 2519 2520 2115 999
32 2 2519 2520 2161 1019
33 2 2519 2520 2204 1017
34 2 2519 2520 2267 1030
35 2 2519 2520 2340 1043
36 2 2519 2520 2370 1049
37 2 2519 2520 2414 1058
38 2 2519 2520 2442 1063
39 2 2519 2520 2471 1077
40 2 2519 2520 2509 1085
41 2 2519 2520 2537 1098
42 2 2519 2520 2569 1109
43 3 2519 2520 2598 1122
44 3 2519 2520 2631 1127
45 4 2519 2520 2708 1149
46 4 2519 2520 2819 1188
47 4 2519 2520 2968 1227
48 4 2519 2520 3141 1282
49 4 2519 2520 3270 1336
50 4 2519 2520 3398 1352
51 4 2519 2520 3536 1396
52 4 2519 2520 3657 1436
53 4 2519 2520 3789 1466
54 4 2519 2520 3925 1512
55 4 2519 2520 4025 1539
56 4 2519 2520 4115 1570
57 4 2519 2520 4208 1587
58 4 2519 2520 4321 1606
59 4 2519 2520 4407 1617
60 4 2519 2520 4525 1656
61 5 2519 2520 4588 1687
62 5 2519 2520 4664 1710
63 5 2519 2520 4781 1753
64 5 2519 2520 4897 1777
65 5 2519 2520 5024 1810
66 7 2519 2520 5132 1844
67 7 2519 2520 5274 1879
68 7 2519 2520 5470 1927
69 7 2519 2520 5635 1985
70 7 2519 2520 5872 2048
71 7 2519 2520 6081 2115
72 8 2519 2520 6287 2160
73 8 2519 2520 6476 2204
74 8 2519 2520 6682 2254
75 8 2519 2520 6937 2320
76 8 2519 2520 7137 2361
77 8 2519 2520 7334 2400
78 8 2519 2520 7522 2422
79 8 2519 2520 7712 2451
80 8 2519 2520 7910 2478
81 8 2519 2520 8082 2509
82 9 2519 2520 8227 2535
83 9 2519 2520 8393 2587
84 9 2518 2520 8582 2636
85 9 2518 2520 8784 2668
86 9 2518 2520 9003 2717
87 9 2518 2520 9176 2734
88 9 2518 2520 9326 2754
89 9 2518 2520 9516 2786
90 9 2518 2520 9669 2810
91 11 2518 2520 9799 2843
92 12 2518 2520 10024 2896
93 12 2518 2520 10245 2935
94 12 2518 2520 10509 3001
95 12 2518 2520 10790 3060
96 12 2518 2520 11045 3108
97 13 2518 2520 11318 3174
98 13 2518 2520 11566 3232
99 14 2517 2520 11774 3285
100 14 2517 2520 12053 3336
101 14 2517 2520 12311 3372
102 14 2517 2520 12577 3425
103 14 2517 2520 12833 3455
104 15 2517 2520 13063 3507
105 15 2517 2520 13308 3551
106 15 2517 2520 13545 3603
107 15 2517 2520 13792 3659
108 15 2517 2520 14017 3690
109 15 2517 2520 14238 3732
110 15 2517 2520 14441 3783
111 15 2517 2520 14675 3802
112 15 2517 2520 14879 3840
113 16 2517 2520 15093 3886
114 16 2517 2520 15289 3935
115 16 2517 2520 15494 3990
116 16 2517 2520 15748 4066
117 16 2517 2520 16004 4122
118 16 2517 2520 16272 4164
119 17 2517 2520 16488 4202
120 17 2517 2520 16693 4233
121 18 2517 2520 16924 4287
122 18 2517 2520 17150 4357
123 18 2517 2520 17388 4403
124 18 2517 2520 17612 4441
125 18 2517 2520 17821 4482
126 18 2517 2520 18034 4525
127 18 2517 2520 18299 4581
128 18 2517 2520 18496 4626
129 20 2517 2520 18713 4687
130 20 2517 2520 18939 4750
131 20 2517 2520 19178 4803
132 20 2517 2520 19396 4853
133 20 2517 2520 19630 4895
134 20 2517 2520 19882 4967
135 20 2517 2520 20118 5029
136 20 2517 2520 20298 5070
137 20 2517 2520 20516 5125
138 21 2517 2520 20721 5196
139 22 2517 2520 20927 5223
140 22 2517 2520 21140 5250
141 22 2517 2520 21395 5272
142 22 2517 2520 21618 5319
143 22 2517 2520 21820 5362
144 22 2517 2520 22060 5389
145 23 2517 2520 22257 5441
146 23 2517 2520 22457 5482
147 23 2517 2520 22668 5530
148 24 2517 2520 22869 5587
149 24 2517 2520 23135 5640
150 24 2517 2520 23386 5689
151 25 2517 2520 23626 5729
152 25 2517 2520 23896 5761
153 25 2517 2520 24161 5830
154 26 2517 2520 24388 5860
155 26 2517 2520 24684 5909
156 26 2517 2520 24977 5985
157 26 2517 2520 25287 6029
158 26 2517 2520 25602 6062
159 26 2517 2520 25857 6091
160 26 2517 2520 26156 6145
161 26 2517 2520 26404 6197
162 26 2516 2520 26657 6262
163 26 2516 2520 26900 6271
164 26 2516 2520 27082 6321
165 26 2516 2520 27287 6346
166 26 2516 2520 27528 6366
167 27 2516 2520 27739 6418
168 27 2516 2520 27969 6467
169 27 2516 2520 28138 6490
170 28 2516 2520 28325 6504
171 28 2516 2520 28539 6535
172 30 2516 2520 28784 6585
173 31 2516 2520 29060 6642
174 31 2516 2520 29337 6707
175 32 2516 2520 29634 6765
176 32 2516 2520 29934 6822
177 32 2516 2520 30278 6895
178 32 2516 2520 30653 6951
179 32 2516 2520 31043 7031
180 32 2516 2520 31409 7103
181 32 2516 2520 31768 7171
182 33 2516 2520 32107 7230
183 33 2515 2520 32455 7310
184 33 2515 2520 32724 7337
185 33 2515 2520 33054 7386
186 33 2515 2520 33324 7433
187 33 2515 2520 33586 7471
188 33 2515 2520 33819 7490
189 33 2515 2520 34111 7543
190 33 2515 2520 34418 7587
191 33 2515 2520 34690 7617
192 33 2515 2520 34958 7675
193 33 2515 2520 35213 7716
194 33 2515 2520 35450 7745
195 34 2515 2520 35656 7759
196 34 2515 2520 35906 7808
197 34 2515 2520 36122 7860
198 36 2515 2520 36359 7934
199 36 2515 2520 36633 7979
200 36 2515 2520 36940 8039
201 37 2515 2520 37222 8095
202 37 2515 2520 37522 8169
203 37 2515 2520 37865 8231
204 37 2515 2520 38160 8304
205 39 2515 2520 38485 8357
206 39 2515 2520 38840 8410
207 40 2515 2520 39186 8460
208 40 2515 2520 39569 8530
209 40 2515 2520 39938 8588
210 40 2515 2520 40283 8684
211 40 2515 2520 40632 8745
212 40 2515 2520 41018 8806
213 40 2515 2520 41340 8844
214 41 2515 2520 41658 8911
215 41 2515 2520 41982 8958
216 41 2515 2520 42321 9017
217 42 2515 2520 42632 9042
218 43 2515 2520 42968 9098
219 43 2515 2520 43291 9195
220 44 2515 2520 43650 9261
221 45 2515 2520 43987 9308
222 46 2515 2520 44358 9370
223 46 2515 2520 44729 9463
224 46 2515 2520 45108 9526
225 46 2515 2520 45515 9590
226 46 2515 2520 45923 9662
227 46 2515 2520 46215 9718
228 46 2515 2520 46566 9795
229 46 2515 2520 46918 9830
230 46 2515 2520 47241 9894
231 46 2515 2520 47550 9941
232 46 2515 2520 47859 10023
233 46 2515 2520 48152 10041
234 46 2515 2520 48494 10094
235 46 2515 2520 48770 10111
236 46 2515 2520 48993 10144
237 46 2515 2520 49237 10212
238 46 2515 2520 49463 10208
239 46 2515 2520 49684 10234
240 47 2515 2520 49890 10275
241 48 2515 2520 50120 10320
242 48 2515 2520 50364 10367
243 49 2515 2520 50610 10415
244 49 2515 2520 50869 10460
245 49 2515 2520 51224 10535
246 49 2515 2520 51529 10579
247 50 2515 2520 51806 10611
248 50 2515 2520 52096 10619
249 50 2515 2520 52415 10681
250 50 2515 2520 52693 10791
251 50 2515 2520 53018 10815
252 50 2515 2520 53334 10867
253 50 2515 2520 53622 10923
254 50 2515 2520 53888 10970
255 52 2515 2520 54162 10998
256 52 2515 2520 54422 11048
257 53 2515 2520 54683 11073
258 54 2515 2520 54974 11160
259 54 2515 2520 55324 11224
260 55 2515 2520 55650 11301
261 56 2515 2520 55961 11333
262 56 2515 2520 56337 11410
263 56 2515 2520 56681 11495
264 56 2515 2520 57046 11575
265 57 2515 2520 57414 11652
266 57 2515 2520 57769 11754
267 58 2515 2520 58112 11839
268 59 2515 2520 58483 11925
269 60 2515 2520 58819 11974
270 60 2515 2520 59230 12071
271 60 2515 2520 59633 12145
272 60 2515 2520 60064 12219
273 60 2515 2520 60474 12276
274 61 2515 2520 60908 12359
275 61 2515 2520 61274 12400
276 62 2515 2520 61658 12475
277 62 2515 2520 62069 12537
278 62 2515 2520 62429 12610
279 62 2515 2520 62773 12661
280 62 2515 2520 63190 12734
281 62 2515 2520 63570 12782
282 62 2515 2520 63905 12834
283 62 2515 2520 64221 12875
284 62 2515 2520 64584 12890
285 62 2515 2520 64869 12939
286 63 2515 2520 65147 12989
287 64 2515 2520 65454 13046
288 66 2515 2520 65747 13067
289 66 2515 2520 66118 13157
290 66 2515 2520 66485 13216
291 66 2515 2520 66834 13267
292 66 2515 2520 67214 13325
293 67 2515 2520 67585 13388
294 68 2515 2520 67915 13413
295 68 2515 2520 68310 13475
296 68 2515 2520 68715 13512
297 68 2515 2520 69141 13616
298 68 2515 2520 69585 13689
299 69 2515 2520 69958 13797
300 69 2515 2520 70351 13858
301 69 2515 2520 70743 13930
302 69 2515 2520 71128 14006
303 69 2515 2520 71469 14091
304 69 2515 2520 71824 14121
305 69 2515 2520 72155 14182
306 69 2515 2520 72465 14220
307 69 2515 2520 72771 14263
308 69 2515 2520 73088 14307
309 69 2515 2520 73480 14363
310 69 2515 2520 73786 14388
311 69 2515 2520 74128 14450
312 70 2515 2520 74469 14542
313 71 2515 2520 74763 14591
314 72 2515 2520 75056 14646
315 73 2515 2520 75313 14673
316 73 2515 2520 75679 14763
317 73 2515 2520 75931 14821
318 73 2515 2520 76180 14867
319 73 2515 2520 76480 14901
320 74 2515 2520 76832 14971
321 74 2515 2520 77189 15017
322 76 2515 2520 77566 15082
323 77 2515 2520 78017 15141
324 77 2515 2520 78469 15207
325 77 2515 2520 78908 15287
326 77 2515 2520 79351 15368
327 78 2515 2520 79850 15481
328 78 2515 2520 80316 15548
329 79 2515 2520 80814 15602
330 79 2515 2520 81252 15675
331 80 2514 2520 81705 15752
332 80 2514 2520 82139 15819
333 81 2514 2520 82598 15868
334 81 2514 2520 83042 15960
335 81 2514 2520 83459 16020
336 81 2514 2520 83922 16068
337 82 2514 2520 84372 16119
338 83 2514 2520 84803 16173
339 84 2514 2520 85275 16247
340 85 2514 2520 85775 16262
341 85 2514 2520 86280 16359
342 85 2514 2520 86756 16431
343 85 2514 2520 87283 16520
344 85 2513 2520 87752 16622
345 87 2513 2520 88246 16667
346 87 2513 2520 88792 16738
347 87 2513 2520 89298 16814
348 87 2513 2520 89874 16826
349 87 2513 2520 90425 16863
350 87 2513 2520 90882 16927
351 88 2513 2520 91359 17001
352 88 2513 2520 91825 17041
353 88 2513 2520 92294 17079
354 89 2513 2520 92683 17139
355 89 2513 2520 93145 17186
356 91 2513 2520 93613 17217
357 91 2513 2520 94056 17305
358 91 2513 2520 94585 17409
359 91 2513 2520 95040 17455
360 91 2513 2520 95518 17514
361 92 2513 2520 95965 17584
362 92 2513 2520 96361 17666
363 94 2513 2520 96855 17745
364 94 2513 2520 97307 17848
365 94 2513 2520 97801 17943
366 95 2513 2520 98314 17986
367 96 2513 2520 98715 18031
368 97 2513 2520 99207 18069
369 97 2513 2520 99726 18136
370 97 2513 2520 100215 18215
371 97 2513 2520 100753 18286
372 97 2513 2520 101288 18341
373 97 2513 2520 101747 18396
374 97 2513 2520 102269 18453
375 98 2513 2520 102687 18544
376 99 2513 2520 103097 18613
377 99 2513 2520 103594 18682
378 100 2513 2520 104047 18742
379 100 2513 2520 104488 18813
380 101 2513 2520 104976 18866
381 101 2513 2520 105434 18933
382 102 2513 2520 105936 19017
383 103 2513 2520 106433 19065
384 103 2513 2520 106933 19123
385 103 2513 2520 107377 19204
386 104 2513 2520 107866 19282
387 104 2513 2520 108293 19347
388 105 2513 2520 108776 19366
389 105 2513 2520 109252 19472
390 106 2513 2520 109773 19536
391 106 2513 2520 110246 19608
392 106 2512 2520 110740 19705
393 106 2512 2520 111190 19790
394 107 2512 2520 111660 19834
395 107 2512 2520 112159 19894
396 108 2512 2520 112637 19925
397 108 2512 2520 113101 20006
398 108 2512 2520 113537 20072
399 108 2512 2520 113988 20124
400 108 2512 2520 114405 20179
401 110 2512 2520 114904 20253
402 110 2512 2520 115417 20276
403 111 2512 2520 115858 20328
404 112 2512 2520 116359 20421
405 112 2512 2520 116868 20500
406 113 2512 2520 117388 20574
407 114 2512 2520 117936 20619
408 114 2512 2520 118369 20658
409 114 2512 2520 118866 20683
410 115 2512 2520 119339 20764
411 116 2512 2520 119858 20844
412 118 2512 2520 120389 20913
413 118 2512 2520 120917 20977
414 118 2512 2520 121497 21042
415 118 2512 2520 122025 21153
416 118 2512 2520 122599 21236
417 118 2512 2520 123144 21365
418 118 2512 2520 123681 21452
419 118 2512 2520 124164 21543
420 118 2512 2520 124642 21646
421 118 2512 2520 125117 21713
422 119 2512 2520 125549 21808
423 119 2512 2520 126002 21857
424 120 2512 2520 126393 21928
425 121 2512 2520 126791 21990
426 121 2512 2520 127239 22091
427 123 2512 2520 127703 22191
428 123 2512 2520 128134 22256
429 123 2512 2520 128634 22316
430 123 2512 2520 129163 22405
431 124 2512 2520 129696 22476
432 124 2512 2520 130182 22557
433 124 2512 2520 130702 22615
434 124 2512 2520 131160 22692
435 124 2512 2520 131664 22770
436 124 2512 2520 132169 22808
437 125 2512 2520 132664 22846
438 126 2512 2520 133194 22896
439 126 2512 2520 133673 22998
440 127 2512 2520 134118 23051
441 128 2512 2520 134609 23095
442 130 2512 2520 135085 23165
443 130 2512 2520 135636 23267
444 130 2512 2520 136254 23371
445 130 2512 2520 136803 23449
446 130 2512 2520 137411 23516
447 131 2512 2520 138022 23580
448 131 2512 2520 138500 23688
449 132 2512 2520 138987 23725
450 132 2512 2520 139463 23792
451 132 2512 2520 140017 23874
452 133 2512 2520 140484 23977
453 134 2512 2520 140964 24011
454 134 2512 2520 141512 24081
455 134 2512 2520 142008 24151
456 136 2512 2520 142503 24221
457 136 2512 2520 143000 24302
458 136 2512 2520 143544 24388
459 137 2512 2520 144101 24425
460 137 2512 2520 144664 24545
461 137 2512 2520 145192 24622
462 139 2512 2520 145716 24720
463 139 2512 2520 146246 24796
464 141 2512 2520 146867 24907
465 141 2512 2520 147373 24984
466 141 2512 2520 147948 25030
467 143 2512 2520 148490 25132
468 144 2512 2520 149051 25223
469 144 2512 2520 149703 25357
470 146 2512 2520 150248 25430
471 146 2512 2520 150863 25564
472 147 2512 2520 151506 25630
473 147 2512 2520 152141 25756
474 147 2512 2520 152787 25859
475 147 2512 2520 153363 25963
476 147 2512 2520 153907 26015
477 148 2512 2520 154540 26107
478 148 2512 2520 155163 26203
479 150 2512 2520 155688 26293
480 150 2512 2520 156193 26399
481 150 2512 2520 156788 26489
482 150 2512 2520 157356 26590
483 150 2512 2520 157993 26696
484 151 2512 2520 158661 26822
485 151 2512 2520 159170 26900
486 152 2512 2520 159739 26997
487 152 2512 2520 160332 27074
488 152 2512 2520 160866 27123
489 153 2512 2520 161462 27208
490 153 2512 2520 162023 27310
491 153 2512 2520 162659 27379
492 153 2512 2520 163157 27453
493 153 2512 2520 163660 27501
494 154 2512 2520 164195 27545
495 155 2512 2520 164772 27611
496 156 2512 2520 165368 27668
497 156 2512 2520 165904 27750
498 157 2512 2520 166521 27860
499 158 2512 2520 167124 27974
500 158 2512 2520 167708 28056
501 158 2512 2520 168283 28164
502 158 2512 2520 168845 28300
503 158 2512 2520 169345 28372
504 159 2512 2520 169915 28461
505 159 2512 2520 170516 28597
506 159 2512 2520 171003 28688
507 160 2512 2520 171537 28781
508 160 2512 2520 172107 28854
509 161 2512 2520 172700 28948
510 162 2512 2520 173249 29026
511 162 2512 2520 173789 29111
512 165 2512 2520 174368 29192
513 165 2512 2520 174933 29286
514 166 2512 2520 175652 29401
515 168 2512 2520 176351 29493
516 168 2512 2520 177022 29623
517 168 2512 2520 177692 29743
518 169 2512 2520 178376 29839
519 170 2512 2520 179024 29958
520 171 2512 2520 179709 30061
521 172 2512 2520 180364 30164
522 173 2512 2520 181037 30245
523 174 2512 2520 181721 30332
524 174 2512 2520 182401 30466
525 176 2512 2520 183134 30573
526 176 2512 2520 183890 30697
527 177 2512 2520 184653 30846
528 177 2512 2520 185387 30977
529 178 2512 2520 186235 31083
530 178 2512 2520 187073 31195
531 180 2512 2520 187807 31319
532 182 2512 2520 188508 31395
533 182 2512 2520 189266 31552
534 182 2512 2520 189992 31643
535 183 2512 2520 190731 31772
536 184 2512 2520 191468 31874
537 184 2512 2520 192215 31989
538 184 2512 2520 192948 32100
539 184 2512 2520 193723 32215
540 185 2512 2520 194467 32311
541 185 2512 2520 195227 32430
542 185 2512 2520 195954 32581
543 186 2512 2520 196688 32672
544 187 2512 2520 197492 32795
545 187 2512 2520 198299 32960
546 187 2512 2520 199060 33054
547 187 2512 2520 199748 33150
548 187 2512 2520 200393 33219
549 188 2512 2520 201020 33303
550 189 2512 2520 201648 33391
551 189 2512 2520 202276 33487
552 190 2512 2520 202903 33600
553 190 2512 2520 203569 33683
554 190 2512 2520 204173 33753
555 190 2512 2520 204774 33829
556 192 2512 2520 205490 33969
557 192 2512 2520 206103 34021
558 192 2512 2520 206756 34141
559 195 2512 2520 207392 34222
560 196 2512 2520 208067 34303
561 196 2512 2520 208806 34400
562 196 2512 2520 209493 34513
563 196 2512 2520 210149 34638
564 199 2512 2520 210851 34771
565 200 2512 2520 211469 34866
566 202 2512 2520 212206 34997
567 204 2512 2520 212920 35106
568 205 2512 2520 213630 35172
569 206 2512 2520 214443 35261
570 206 2512 2520 215279 35393
571 206 2512 2520 216088 35500
572 206 2512 2520 216917 35636
573 209 2512 2520 217694 35733
574 209 2512 2520 218485 35854
575 210 2512 2520 219284 35966
576 210 2512 2520 220189 36100
577 210 2512 2520 221081 36198
578 210 2512 2520 221930 36309
579 210 2512 2520 222681 36404
580 210 2512 2520 223409 36505
581 211 2512 2520 224176 36610
582 211 2512 2520 224971 36733
583 212 2512 2520 225685 36826
584 212 2512 2520 226376 36917
585 214 2512 2520 227091 36985
586 216 2511 2520 227809 37060
587 216 2511 2520 228536 37165
588 216 2511 2520 229260 37225
589 216 2511 2520 229977 37353
590 217 2511 2520 230811 37483
591 217 2511 2520 231503 37612
592 217 2511 2520 232260 37708
593 217 2511 2520 232979 37805
594 218 2511 2520 233720 37889
595 218 2511 2520 234410 37951
596 219 2511 2520 235112 38053
597 219 2511 2520 235790 38122
598 219 2511 2520 236538 38180
599 219 2511 2520 237222 38237
600 219 2511 2520 237935 38383
601 220 2511 2520 238598 38532
602 221 2511 2520 239292 38611
603 221 2511 2520 239982 38673
604 222 2511 2520 240621 38736
605 223 2511 2520 241318 38789
606 225 2511 2520 241992 38875
607 225 2511 2520 242632 38949
608 229 2511 2520 243331 39044
609 229 2511 2520 244087 39113
610 229 2511 2520 244857 39274
611 230 2511 2520 245577 39360
612 232 2511 2520 246390 39486
613 234 2511 2520 247208 39575
614 235 2511 2520 248043 39668
615 235 2511 2520 248929 39822
616 235 2511 2520 249787 39882
617 235 2511 2520 250726 40042
618 235 2511 2520 251582 40173
619 236 2511 2520 252385 40248
620 236 2511 2520 253246 40355
621 237 2511 2520 254106 40444
622 239 2511 2520 254932 40543
623 244 2511 2520 255759 40668
624 244 2511 2520 256696 40761
625 244 2511 2520 257566 40908
626 245 2511 2520 258472 41004
627 246 2511 2520 259463 41142
628 247 2511 2520 260383 41296
629 248 2511 2520 261327 41382
630 248 2511 2520 262280 41514
631 250 2511 2520 263227 41630
632 250 2511 2520 264127 41732
633 251 2511 2520 265119 41847
634 251 2511 2520 266025 41948
635 254 2511 2520 266907 42037
636 254 2511 2520 267790 42144
637 254 2511 2520 268671 42235
638 255 2511 2520 269550 42379
639 256 2511 2520 270434 42511
640 258 2511 2520 271248 42609
641 259 2511 2520 272164 42680
642 260 2511 2520 273053 42853
643 261 2511 2520 273929 42914
644 261 2511 2520 274850 43048
645 262 2511 2520 275797 43163
646 263 2511 2520 276724 43297
647 264 2511 2520 277699 43418
648 264 2511 2520 278671 43559
649 265 2511 2520 279556 43665
650 265 2511 2520 280568 43759
651 265 2511 2520 281488 43850
652 266 2511 2520 282289 43921
653 266 2511 2520 283239 44041
654 266 2511 2520 284055 44082
655 269 2511 2520 284991 44197
656 269 2511 2520 285897 44280
657 270 2511 2520 286777 44372
658 271 2511 2520 287621 44504
659 272 2511 2520 288441 44568
660 275 2511 2520 289290 44630
661 275 2511 2520 290173 44678
662 276 2511 2520 291116 44753
663 278 2511 2520 291992 44886
664 279 2511 2520 292934 44992
665 280 2511 2520 293935 45091
666 281 2511 2520 294915 45163
667 283 2511 2520 295923 45351
668 283 2511 2520 296882 45473
669 284 2511 2520 297825 45561
670 285 2511 2520 298812 45641
671 285 2511 2520 299839 45788
672 285 2511 2520 300844 45882
673 286 2511 2520 301853 46031
674 286 2511 2520 302843 46106
675 287 2511 2520 303928 46213
676 287 2511 2520 304881 46302
677 288 2511 2520 305809 46426
678 289 2511 2520 306641 46559
679 289 2511 2520 307625 46679
680 289 2511 2520 308516 46752
681 289 2511 2520 309270 46879
682 289 2511 2520 310152 46979
683 291 2511 2520 310994 47085
684 293 2511 2520 311822 47169
685 293 2511 2520 312676 47185
686 293 2511 2520 313600 47275
687 294 2511 2520 314534 47388
688 295 2511 2520 315455 47480
689 295 2511 2520 316306 47568
690 295 2511 2520 317188 47651
691 298 2511 2520 317956 47725
692 300 2511 2520 318882 47820
693 301 2511 2520 319723 47926
694 303 2511 2520 320576 48028
695 303 2511 2520 321485 48072
696 304 2511 2520 322372 48183
697 308 2511 2520 323313 48274
698 309 2511 2520 324300 48378
699 309 2511 2520 325292 48450
700 312 2511 2520 326279 48577
701 312 2511 2520 327246 48657
702 313 2511 2520 328287 48803
703 314 2511 2520 329368 48907
704 315 2511 2520 330429 49080
705 316 2511 2520 331437 49220
706 316 2511 2520 332496 49379
707 317 2511 2520 333517 49530
708 318 2511 2520 334509 49642
709 318 2511 2520 335581 49744
710 319 2511 2520 336581 49884
711 319 2511 2520 337499 50031
712 319 2511 2520 338443 50168
713 319 2511 2520 339454 50275
714 320 2511 2520 340461 50418
715 321 2511 2520 341375 50559
716 322 2511 2520 342301 50688
717 323 2511 2520 343157 50774
718 324 2511 2520 344042 50912
719 325 2511 2520 344975 51000
720 325 2511 2520 345848 51149
721 325 2511 2520 346762 51253
722 326 2511 2520 347615 51347
723 327 2511 2520 348471 51418
724 327 2511 2520 349380 51520
725 330 2511 2520 350319 51660
726 334 2511 2520 351300 51741
727 335 2511 2520 352314 51893
728 335 2511 2520 353348 51987
729 337 2511 2520 354268 52120
730 337 2511 2520 355287 52255
731 339 2511 2520 356335 52371
732 342 2511 2520 357420 52518
733 343 2511 2520 358561 52716
734 344 2511 2520 359647 52845
735 345 2511 2520 360713 52975
736 345 2511 2520 361886 53095
737 345 2511 2520 363026 53245
738 346 2511 2520 364158 53387
739 347 2511 2520 365258 53553
740 348 2511 2520 366378 53679
741 348 2511 2520 367518 53793
742 348 2511 2520 368569 53904
743 348 2511 2520 369596 54015
744 348 2511 2520 370595 54121
745 348 2511 2520 371635 54220
746 348 2511 2520 372642 54354
747 348 2511 2520 373570 54436
748 351 2511 2520 374489 54529
749 352 2511 2520 375344 54632
750 353 2511 2520 376294 54748
751 353 2511 2520 377225 54847
752 354 2511 2520 378179 54910
753 356 2511 2520 379042 54988
754 356 2511 2520 379959 55144
755 356 2511 2520 380934 55231
756 356 2511 2520 381861 55299
757 356 2511 2520 382701 55400
758 357 2511 2520 383580 55543
759 357 2511 2520 384490 55633
760 358 2511 2520 385371 55736
761 358 2511 2520 386286 55884
762 360 2511 2520 387192 55989
763 361 2511 2520 388050 56089
764 362 2511 2520 388964 56192
765 362 2511 2520 389833 56335
766 364 2511 2520 390764 56460
767 364 2511 2520 391604 56505
768 365 2511 2520 392592 56612
769 365 2511 2520 393534 56705
770 366 2511 2520 394445 56821
771 366 2511 2520 395375 56940
772 367 2511 2520 396356 56994
773 369 2511 2520 397201 57046
774 370 2511 2520 398059 57095
775 371 2511 2520 398939 57205
776 372 2511 2520 399855 57324
777 375 2511 2520 400786 57427
778 376 2511 2520 401780 57555
779 377 2511 2520 402711 57676
780 377 2511 2520 403668 57810
781 379 2511 2520 404631 57920
782 380 2511 2520 405572 58060
783 381 2511 2520 406508 58192
784 383 2511 2520 407571 58386
785 385 2511 2520 408563 58475
786 385 2510 2520 409543 58592
787 385 2510 2520 410657 58749
788 386 2510 2520 411802 58879
789 387 2510 2520 412838 59007
790 388 2510 2520 413947 59143
791 389 2510 2520 415086 59249
792 389 2510 2520 416090 59335
793 391 2510 2520 417116 59413
794 392 2510 2520 418185 59535
795 392 2510 2520 419288 59641
796 395 2510 2520 420388 59828
797 396 2510 2520 421404 59918
798 397 2510 2520 422483 60035
799 397 2510 2520 423578 60157
800 399 2510 2520 424696 60261
801 400 2510 2520 425780 60408
802 401 2510 2520 426893 60543
803 403 2510 2520 427974 60702
804 404 2510 2520 429044 60806
805 405 2510 2520 430057 60927
806 405 2510 2520 431222 61015
807 406 2510 2520 432342 61072
808 408 2510 2520 433507 61175
809 409 2510 2520 434656 61298
810 409 2510 2520 435836 61427
811 409 2510 2520 436982 61522
812 411 2510 2520 438156 61645
813 411 2510 2520 439224 61786
814 412 2510 2520 440395 61892
815 414 2510 2520 441492 62047
816 415 2510 2520 442618 62182
817 417 2510 2520 443717 62282
818 417 2510 2520 444892 62415
819 417 2510 2520 446085 62520
820 418 2510 2520 447244 62696
821 418 2510 2520 448500 62831
822 419 2510 2520 449601 62945
823 419 2510 2520 450686 63032
824 420 2510 2520 451775 63131
825 420 2510 2520 452816 63254
826 421 2510 2520 453883 63307
827 422 2510 2520 454963 63395
828 424 2510 2520 455995 63476
829 425 2510 2520 457082 63614
830 427 2510 2520 458108 63733
831 430 2510 2520 459171 63893
832 430 2510 2520 460223 64039
833 430 2510 2520 461281 64136
834 430 2510 2520 462347 64286
835 432 2510 2520 463392 64403
836 432 2510 2520 464397 64505
837 432 2510 2520 465480 64580
838 434 2510 2520 466599 64706
839 434 2510 2520 467667 64814
840 435 2510 2520 468732 64883
841 436 2510 2520 469850 65051
842 438 2510 2520 470922 65166
843 438 2510 2520 472013 65313
844 440 2510 2520 473119 65412
845 442 2510 2520 474189 65548
846 442 2510 2520 475283 65635
847 443 2510 2520 476414 65723
848 445 2510 2520 477468 65815
849 446 2510 2520 478535 65906
850 447 2510 2520 479541 66039
851 448 2510 2520 480671 66103
852 451 2510 2520 481663 66177
853 454 2510 2520 482738 66273
854 454 2510 2520 483812 66341
855 455 2510 2520 484960 66456
856 455 2510 2520 485978 66512
857 457 2510 2520 487068 66565
858 457 2510 2520 488150 66634
859 459 2510 2520 489241 66713
860 460 2510 2520 490344 66799
861 461 2510 2520 491404 66896
862 463 2510 2520 492495 67031
863 464 2510 2520 493755 67198
864 464 2510 2520 494933 67322
865 464 2510 2520 496049 67483
866 465 2510 2520 497325 67615
867 466 2510 2520 498388 67707
868 468 2510 2520 499516 67815
869 468 2510 2520 500675 67944
870 470 2510 2520 501876 68033
871 470 2510 2520 503074 68103
872 473 2510 2520 504240 68252
873 473 2510 2520 505395 68327
874 475 2510 2520 506532 68443
875 475 2510 2520 507674 68588
876 478 2510 2520 508863 68737
877 478 2510 2520 510080 68856
878 482 2510 2520 511220 68992
879 483 2510 2520 512356 69102
880 484 2510 2520 513632 69318
881 484 2510 2520 514776 69422
882 486 2510 2520 515977 69614
883 486 2510 2520 517144 69700
884 486 2510 2520 518329 69793
885 487 2510 2520 519565 69923
886 490 2510 2520 520693 70069
887 490 2510 2520 521899 70182
888 491 2510 2520 522988 70277
889 491 2510 2520 524161 70415
890 491 2510 2520 525382 70532
891 491 2510 2520 526548 70590
892 493 2510 2520 527648 70710
893 497 2510 2520 528855 70845
894 498 2510 2520 529939 70991
895 498 2510 2520 531102 71078
896 500 2510 2520 532217 71205
897 501 2510 2520 533414 71324
898 502 2510 2520 534546 71450
899 502 2510 2520 535660 71530
900 503 2510 2520 536847 71611
901 504 2510 2520 538095 71725
902 504 2510 2520 539286 71848
903 504 2510 2520 540426 71993
904 506 2510 2520 541647 72094
905 506 2510 2520 542936 72277
906 509 2510 2520 544128 72418
907 510 2510 2520 545360 72519
908 510 2510 2520 546512 72609
909 512 2510 2520 547686 72756
910 513 2510 2520 548857 72857
911 513 2510 2520 550052 73024
912 514 2510 2520 551283 73100
913 516 2510 2520 552552 73194
914 518 2510 2520 553883 73240
915 520 2510 2520 555110 73345
916 521 2510 2520 556471 73482
917 522 2510 2520 557764 73599
918 522 2510 2520 559087 73728
919 524 2510 2520 560268 73902
920 524 2510 2520 561617 73996
921 526 2510 2520 562884 74060
922 526 2510 2520 564153 74145
923 526 2510 2520 565437 74260
924 526 2510 2520 566766 74442
925 526 2510 2520 567980 74507
926 528 2510 2520 569169 74646
927 529 2510 2520 570408 74743
928 529 2510 2520 571597 74833
929 530 2510 2520 572787 74924
930 531 2510 2520 573975 75073
931 533 2510 2520 575064 75167
932 533 2510 2520 576263 75256
933 536 2510 2520 577463 75331
934 536 2510 2520 578596 75416
935 537 2510 2520 579778 75512
936 537 2510 2520 580923 75558
937 541 2510 2520 582113 75673
938 543 2510 2520 583293 75732
939 544 2510 2520 584494 75815
940 545 2510 2520 585741 75921
941 546 2510 2520 586949 76062
942 547 2510 2520 588150 76131
943 551 2510 2520 589367 76234
944 552 2510 2520 590554 76363
945 554 2510 2520 591813 76459
946 555 2510 2520 593054 76588
947 558 2510 2520 594249 76663
948 558 2510 2520 595549 76797
949 559 2510 2520 596793 76940
950 560 2510 2520 598079 77070
951 560 2510 2520 599414 77228
952 562 2510 2520 600702 77296
953 562 2510 2520 601944 77394
954 565 2510 2520 603222 77500
955 566 2510 2520 604390 77610
956 566 2510 2520 605617 77685
957 568 2510 2520 606825 77808
958 569 2510 2520 608069 77914
959 569 2510 2520 609297 78021
960 573 2510 2520 610576 78162
961 574 2510 2520 611885 78279
962 575 2510 2520 613187 78387
963 576 2510 2520 614432 78577
964 577 2510 2520 615744 78653
965 578 2510 2520 617030 78804
966 579 2510 2520 618379 78982
967 580 2510 2520 619648 79042
968 581 2510 2520 621005 79132
969 583 2510 2520 622330 79267
970 584 2510 2520 623571 79422
971 585 2510 2520 624918 79516
972 589 2510 2520 626233 79573
973 590 2510 2520 627642 79703
974 591 2510 2520 628981 79836
975 591 2510 2520 630347 79981
976 592 2510 2520 631768 80086
977 593 2510 2520 633088 80251
978 595 2510 2520 634385 80374
979 597 2510 2520 635708 80543
980 600 2510 2520 636946 80652
981 600 2510 2520 638304 80797
982 602 2510 2520 639704 81021
983 604 2510 2520 640973 81122
984 605 2510 2520 642314 81228
985 605 2510 2520 643631 81320
986 605 2510 2520 645071 81415
987 607 2510 2520 646390 81548
988 607 2510 2520 647797 81609
989 609 2510 2520 649184 81708
990 609 2510 2520 650416 81846
991 610 2510 2520 651699 81923
992 611 2510 2520 653070 82050
993 613 2510 2520 654352 82197
994 614 2510 2520 655691 82324
995 617 2510 2520 656950 82370
996 617 2510 2520 658254 82524
997 619 2510 2520 659610 82629
998 622 2510 2520 660987 82770
999 623 2510 2520 662443 82975
1000 625 2510 2520 663893 83116
