0 1 2519 2520 795 499
1 1 2519 2520 831 521
2 1 2519 2520 886 548
3 1 2519 2520 929 570
4 1 2519 2520 972 594
5 1 2519 2520 1013 615
6 1 2519 2520 1059 640
7 1 2519 2520 1098 657
8 1 2519 2520 1150 676
9 1 2519 2520 1185 686
10 1 2519 2520 1204 698
11 1 2519 2520 1227 700
12 1 2519 2520 1252 707
13 1 2519 2520 1270 712
14 1 2519 2520 1299 723
15 1 2519 2520 1311 723
16 1 2519 2520 1320 730
17 1 2519 2520 1337 728
18 1 2519 2520 1352 727
19 1 2519 2520 1360 727
20 1 2519 2520 1365 728
21 2 2519 2520 1376 725
22 2 2519 2520 1403 735
23 2 2519 2520 1482 772
24 2 2519 2520 1562 797
25 2 2519 2520 1665 829
26 2 2519 2520 1751 867
27 2 2519 2520 1858 902
28 2 2519 2520 1944 926
29 2 2519 2520 2021 952
30 2 2519 2520 2091 982
31 2 2519 2520 2153 1006
32 2 2519 2520 2232 1015
33 2 2519 2520 2298 1044
34 2 2519 2520 2347 1056
35 2 2519 2520 2386 1067
36 2 2519 2520 2430 1072
37 2 2519 2520 2472 1093
38 2 2519 2520 2500 1107
39 2 2519 2520 2530 1103
40 2 2519 2520 2562 1113
41 3 2519 2520 2585 1118
42 3 2519 2520 2650 1148
43 3 2519 2520 2752 1184
44 3 2519 2520 2835 1219
45 4 2519 2520 2936 1261
46 4 2519 2520 3046 1307
47 4 2519 2520 3195 1350
48 4 2519 2520 3341 1400
49 4 2519 2520 3530 1464
50 4 2519 2520 3686 1503
51 4 2519 2520 3861 1543
52 4 2519 2520 4013 1585
53 4 2519 2520 4133 1620
54 4 2519 2520 4249 1654
55 4 2519 2520 4366 1682
56 4 2519 2520 4491 1715
57 4 2519 2520 4550 1712
58 4 2519 2520 4620 1734
59 4 2519 2520 4700 1754
60 4 2519 2520 4780 1752
61 4 2519 2520 4847 1776
62 5 2519 2520 4916 1799
63 5 2519 2520 4996 1826
64 5 2519 2520 5127 1859
65 7 2519 2520 5267 1893
66 7 2519 2520 5450 1937
67 7 2519 2520 5706 1996
68 8 2519 2520 5949 2062
69 8 2519 2520 6199 2120
70 8 2519 2520 6473 2188
71 8 2519 2520 6783 2269
72 8 2519 2520 7059 2354
73 8 2519 2520 7366 2422
74 8 2519 2520 7624 2476
75 8 2518 2520 7920 2541
76 8 2518 2520 8176 2574
77 8 2518 2520 8437 2625
78 8 2518 2520 8675 2644
79 8 2518 2520 8854 2672
80 9 2517 2520 9040 2687
81 9 2517 2520 9261 2738
82 10 2517 2520 9471 2762
83 10 2517 2520 9685 2803
84 10 2517 2520 9950 2849
85 11 2517 2520 10210 2877
86 12 2517 2520 10449 2915
87 13 2517 2520 10722 2986
88 15 2517 2520 11058 3066
89 15 2517 2520 11424 3156
90 15 2517 2520 11851 3227
91 15 2517 2520 12232 3313
92 15 2517 2520 12608 3413
93 15 2517 2520 12948 3481
94 15 2517 2520 13320 3553
95 15 2517 2520 13692 3610
96 16 2517 2520 14035 3656
97 16 2517 2520 14362 3717
98 16 2517 2520 14695 3774
99 16 2517 2520 15035 3862
100 16 2517 2520 15360 3915
101 16 2517 2520 15671 3970
102 16 2516 2520 15980 4006
103 16 2516 2520 16263 4063
104 16 2516 2520 16537 4086
105 16 2516 2520 16780 4099
106 16 2516 2520 17003 4149
107 16 2516 2520 17215 4207
108 16 2516 2520 17376 4246
109 18 2516 2520 17555 4269
110 18 2516 2520 17779 4286
111 18 2516 2520 18047 4333
112 18 2516 2520 18282 4405
113 20 2516 2520 18524 4475
114 20 2516 2520 18817 4534
115 20 2516 2520 19126 4611
116 20 2515 2520 19466 4669
117 20 2515 2520 19794 4741
118 20 2515 2520 20083 4801
119 21 2515 2520 20373 4833
120 22 2515 2520 20672 4889
121 22 2515 2520 20993 4926
122 22 2515 2520 21364 4990
123 22 2515 2520 21684 5059
124 22 2515 2520 22034 5131
125 22 2515 2520 22336 5189
126 22 2515 2520 22588 5237
127 22 2515 2520 22856 5312
128 22 2515 2520 23112 5348
129 22 2515 2520 23355 5400
130 22 2515 2520 23557 5445
131 23 2515 2520 23781 5495
132 24 2515 2520 24025 5534
133 25 2515 2520 24326 5612
134 25 2514 2520 24628 5686
135 25 2514 2520 24964 5742
136 26 2514 2520 25310 5777
137 26 2514 2520 25637 5835
138 26 2514 2520 25989 5927
139 27 2514 2520 26296 5973
140 27 2514 2520 26650 6031
141 28 2514 2520 27003 6079
142 28 2514 2520 27333 6138
143 28 2514 2520 27686 6210
144 28 2514 2520 28040 6271
145 30 2514 2520 28392 6279
146 31 2514 2520 28739 6343
147 31 2514 2520 29154 6418
148 32 2514 2520 29525 6494
149 32 2514 2520 29949 6541
150 32 2514 2520 30416 6644
151 32 2514 2520 30851 6737
152 32 2514 2520 31317 6822
153 32 2514 2520 31732 6872
154 32 2514 2520 32138 6969
155 32 2514 2520 32510 7042
156 32 2514 2520 32867 7070
157 32 2514 2520 33200 7131
158 34 2513 2520 33553 7179
159 34 2513 2520 33982 7240
160 34 2513 2520 34408 7309
161 36 2513 2520 34798 7363
162 36 2513 2520 35208 7436
163 36 2513 2520 35640 7506
164 36 2513 2520 36037 7563
165 36 2513 2520 36398 7574
166 36 2513 2520 36757 7669
167 37 2513 2520 37176 7761
168 37 2512 2520 37556 7843
169 37 2512 2520 37922 7857
170 37 2512 2520 38287 7888
171 38 2512 2520 38625 7965
172 38 2512 2520 39010 8047
173 38 2512 2520 39418 8122
174 39 2512 2520 39821 8170
175 40 2512 2520 40223 8253
176 40 2512 2520 40632 8331
177 40 2512 2520 41021 8381
178 40 2512 2520 41447 8473
179 41 2512 2520 41833 8520
180 41 2512 2520 42248 8581
181 41 2512 2520 42635 8665
182 41 2512 2520 42971 8691
183 43 2512 2520 43318 8741
184 43 2512 2520 43716 8780
185 43 2512 2520 44100 8859
186 43 2512 2520 44516 8944
187 44 2512 2520 44909 9017
188 44 2512 2520 45278 9051
189 44 2512 2520 45645 9139
190 44 2512 2520 46050 9207
191 44 2512 2520 46402 9206
192 45 2512 2520 46755 9269
193 46 2512 2520 47106 9310
194 46 2512 2520 47552 9374
195 46 2512 2520 47945 9455
196 47 2512 2520 48371 9499
197 47 2512 2520 48735 9587
198 50 2512 2520 49138 9663
199 50 2512 2520 49535 9723
200 50 2512 2520 50036 9828
201 51 2512 2520 50519 9919
202 52 2511 2520 51044 10004
203 52 2511 2520 51553 10093
204 52 2511 2520 52113 10180
205 52 2511 2520 52606 10252
206 52 2511 2520 53147 10341
207 52 2511 2520 53679 10437
208 55 2511 2520 54192 10515
209 55 2511 2520 54702 10585
210 56 2511 2520 55267 10688
211 56 2511 2520 55841 10807
212 56 2511 2520 56392 10894
213 56 2511 2520 56919 10949
214 56 2511 2520 57413 11032
215 57 2511 2520 57887 11142
216 57 2511 2520 58365 11218
217 57 2511 2520 58812 11255
218 57 2511 2520 59312 11351
219 57 2511 2520 59774 11435
220 57 2511 2520 60204 11520
221 59 2511 2520 60608 11554
222 59 2511 2520 61067 11633
223 60 2511 2520 61539 11741
224 60 2511 2520 61984 11820
225 61 2511 2520 62447 11897
226 61 2511 2520 62866 11956
227 61 2511 2520 63384 12055
228 61 2511 2520 63840 12145
229 62 2511 2520 64304 12203
230 63 2511 2520 64763 12286
231 63 2511 2520 65185 12352
232 63 2511 2520 65662 12437
233 63 2511 2520 66097 12504
234 63 2511 2520 66513 12521
235 63 2511 2520 66934 12601
236 64 2511 2520 67314 12645
237 64 2511 2520 67740 12723
238 66 2511 2520 68107 12803
239 67 2511 2520 68580 12844
240 67 2511 2520 69086 12916
241 67 2511 2520 69598 13031
242 68 2511 2520 70091 13093
243 68 2511 2520 70630 13163
244 69 2511 2520 71191 13253
245 70 2511 2520 71729 13335
246 71 2511 2520 72250 13406
247 71 2511 2520 72779 13512
248 72 2511 2520 73346 13585
249 72 2511 2520 73883 13671
250 73 2511 2520 74520 13780
251 73 2511 2520 75073 13864
252 73 2511 2520 75609 13974
253 73 2511 2520 76176 14015
254 73 2511 2520 76750 14100
255 73 2511 2520 77315 14159
256 73 2511 2520 77800 14230
257 74 2511 2520 78275 14307
258 74 2511 2520 78752 14381
259 74 2511 2520 79209 14494
260 75 2511 2520 79626 14562
261 76 2511 2520 80044 14613
262 78 2511 2520 80508 14694
263 78 2511 2520 80978 14804
264 79 2511 2520 81453 14914
265 81 2511 2520 81947 15023
266 81 2511 2520 82573 15123
267 81 2511 2520 83121 15204
268 81 2511 2520 83735 15332
269 81 2511 2520 84241 15398
270 81 2511 2520 84794 15491
271 82 2511 2520 85380 15565
272 83 2511 2520 85965 15647
273 83 2511 2520 86526 15767
274 83 2511 2520 87129 15879
275 83 2511 2520 87667 15963
276 83 2511 2520 88227 16080
277 83 2511 2520 88716 16103
278 83 2511 2520 89197 16159
279 85 2511 2520 89704 16193
280 85 2511 2520 90161 16277
281 87 2511 2520 90634 16334
282 87 2511 2520 91154 16410
283 87 2511 2520 91695 16491
284 87 2511 2520 92249 16560
285 88 2511 2520 92711 16632
286 88 2511 2520 93250 16711
287 88 2511 2520 93717 16755
288 90 2511 2520 94215 16813
289 91 2511 2520 94694 16905
290 92 2511 2520 95269 16984
291 92 2511 2520 95867 17084
292 93 2511 2520 96464 17150
293 94 2511 2520 97114 17254
294 95 2511 2520 97748 17326
295 96 2511 2520 98351 17421
296 96 2511 2520 98957 17497
297 97 2510 2520 99622 17606
298 97 2510 2520 100296 17742
299 97 2510 2520 100908 17840
300 98 2510 2520 101535 17919
301 98 2510 2520 102209 18019
302 98 2510 2520 102843 18100
303 99 2510 2520 103401 18189
304 100 2510 2520 103937 18275
305 101 2510 2520 104498 18336
306 101 2510 2520 105067 18427
307 102 2510 2520 105656 18499
308 102 2510 2520 106241 18567
309 103 2510 2520 106835 18660
310 104 2510 2520 107456 18755
311 104 2510 2520 108118 18875
312 104 2510 2520 108820 19001
313 104 2510 2520 109418 19071
314 104 2510 2520 110045 19126
315 105 2510 2520 110677 19222
316 105 2510 2520 111217 19325
317 107 2510 2520 111887 19430
318 107 2510 2520 112513 19523
319 107 2510 2520 113136 19634
320 108 2510 2520 113816 19736
321 109 2510 2520 114390 19850
322 109 2510 2520 115026 19928
323 111 2510 2520 115669 20041
324 112 2510 2520 116361 20148
325 112 2510 2520 117039 20261
326 114 2510 2520 117727 20335
327 114 2510 2520 118443 20433
328 114 2510 2520 119243 20514
329 115 2510 2520 120013 20608
330 116 2510 2520 120718 20684
331 116 2510 2520 121464 20793
332 117 2510 2520 122218 20911
333 118 2510 2520 123014 20976
334 118 2510 2520 123783 21029
335 118 2510 2520 124556 21096
336 119 2510 2520 125313 21214
337 119 2510 2520 126039 21302
338 120 2510 2520 126815 21375
339 120 2510 2520 127486 21481
340 120 2510 2520 128212 21558
341 122 2510 2520 128928 21609
342 123 2510 2520 129630 21704
343 123 2510 2520 130319 21759
344 125 2510 2520 131020 21864
345 127 2509 2520 131745 21965
346 127 2509 2520 132496 22065
347 127 2509 2520 133229 22170
348 127 2509 2520 133920 22228
349 127 2509 2520 134639 22318
350 127 2509 2520 135349 22387
351 128 2509 2520 135974 22479
352 128 2509 2520 136630 22544
353 129 2509 2520 137284 22627
354 130 2509 2520 137990 22730
355 131 2509 2520 138739 22838
356 132 2509 2520 139381 22966
357 134 2509 2520 140041 23045
358 134 2509 2520 140809 23177
359 136 2509 2520 141548 23263
360 137 2509 2520 142312 23349
361 137 2509 2520 143086 23450
362 138 2508 2520 143878 23555
363 139 2508 2520 144634 23684
364 140 2508 2520 145366 23770
365 140 2508 2520 146136 23887
366 141 2508 2520 147004 24004
367 141 2507 2520 147869 24098
368 143 2507 2520 148652 24162
369 144 2507 2520 149396 24223
370 145 2507 2520 150183 24312
371 146 2507 2520 150906 24444
372 146 2506 2520 151733 24540
373 146 2505 2520 152508 24611
374 146 2505 2520 153314 24671
375 146 2505 2520 154027 24742
376 146 2505 2520 154746 24808
377 147 2505 2520 155409 24903
378 148 2505 2520 156187 25024
379 151 2505 2520 156935 25108
380 153 2505 2520 157739 25199
381 154 2505 2520 158457 25296
382 155 2505 2520 159297 25388
383 156 2505 2520 160137 25506
384 156 2505 2520 161058 25620
385 156 2505 2520 161911 25726
386 156 2504 2520 162733 25829
387 156 2504 2520 163601 25946
388 158 2504 2520 164460 26093
389 159 2503 2520 165304 26233
390 159 2503 2520 166240 26317
391 160 2503 2520 167075 26430
392 161 2503 2520 167868 26528
393 161 2502 2520 168705 26673
394 161 2502 2520 169502 26770
395 162 2502 2520 170320 26908
396 162 2501 2520 171202 27014
397 163 2501 2520 172091 27045
398 164 2501 2520 172872 27159
399 165 2501 2520 173708 27258
400 165 2501 2520 174524 27339
401 165 2501 2520 175343 27442
402 166 2501 2520 176142 27548
403 166 2501 2520 176853 27644
404 167 2501 2520 177651 27741
405 168 2501 2520 178500 27878
406 168 2501 2520 179333 27974
407 169 2500 2520 180169 28114
408 170 2499 2520 181018 28217
409 171 2499 2520 181855 28292
410 171 2499 2520 182723 28415
411 172 2499 2520 183531 28505
412 173 2498 2520 184373 28631
413 174 2497 2520 185236 28740
414 175 2497 2520 186119 28812
415 176 2497 2520 186963 28924
416 177 2497 2520 187803 29036
417 178 2497 2520 188685 29142
418 178 2497 2520 189526 29221
419 178 2497 2520 190396 29318
420 178 2495 2520 191269 29441
421 178 2495 2520 192092 29527
422 179 2495 2520 192956 29663
423 179 2495 2520 193767 29703
424 179 2495 2520 194588 29828
425 182 2495 2520 195310 29858
426 184 2494 2520 196025 29905
427 186 2494 2520 196835 30001
428 187 2494 2520 197698 30055
429 188 2494 2520 198604 30175
430 189 2494 2520 199491 30271
431 189 2494 2520 200402 30404
432 192 2493 2520 201416 30510
433 193 2493 2520 202377 30660
434 196 2493 2520 203365 30777
435 196 2492 2520 204399 30903
436 196 2491 2520 205471 31042
437 196 2491 2520 206521 31173
438 197 2491 2520 207518 31301
439 198 2490 2520 208424 31381
440 198 2490 2520 209452 31509
441 198 2490 2520 210384 31622
442 198 2490 2520 211423 31744
443 199 2490 2520 212360 31829
444 199 2490 2520 213355 31916
445 201 2490 2520 214270 32008
446 201 2489 2520 215216 32068
447 201 2489 2520 216108 32170
448 201 2489 2520 216981 32243
449 201 2488 2520 217932 32379
450 202 2488 2520 218740 32512
451 205 2488 2520 219478 32569
452 205 2488 2520 220293 32646
453 206 2487 2520 221098 32730
454 208 2487 2520 221959 32871
455 209 2486 2520 222959 32986
456 209 2486 2520 223892 33088
457 210 2486 2520 224854 33248
458 212 2486 2520 225792 33350
459 214 2486 2520 226756 33469
460 215 2486 2520 227816 33610
461 216 2486 2520 228866 33769
462 217 2486 2520 229845 33886
463 217 2486 2520 230939 34031
464 217 2486 2520 231994 34168
465 217 2485 2520 232963 34201
466 218 2485 2520 233904 34330
467 218 2484 2520 234806 34491
468 218 2484 2520 235728 34624
469 221 2484 2520 236688 34708
470 224 2484 2520 237583 34833
471 226 2484 2520 238572 34956
472 227 2484 2520 239676 35113
473 228 2484 2520 240642 35167
474 229 2484 2520 241678 35302
475 230 2484 2520 242688 35436
476 232 2484 2520 243800 35580
477 235 2484 2520 244892 35741
478 235 2484 2520 245967 35892
479 236 2484 2520 247155 36061
480 237 2484 2520 248235 36169
481 237 2484 2520 249401 36262
482 237 2483 2520 250509 36414
483 239 2483 2520 251634 36558
484 239 2483 2520 252680 36707
485 241 2483 2520 253775 36841
486 242 2483 2520 254866 36972
487 243 2483 2520 255896 37079
488 245 2483 2520 256968 37150
489 245 2483 2520 258014 37289
490 247 2483 2520 259048 37360
491 249 2483 2520 260133 37489
492 249 2481 2520 261310 37647
493 249 2481 2520 262600 37850
494 249 2481 2520 263751 37982
495 250 2481 2520 264893 38136
496 250 2481 2520 265987 38322
497 251 2481 2520 267033 38448
498 251 2481 2520 268081 38558
499 252 2481 2520 269214 38676
500 254 2481 2520 270295 38812
501 255 2481 2520 271279 38950
502 257 2481 2520 272368 39113
503 258 2480 2520 273449 39231
504 258 2480 2520 274579 39346
505 260 2480 2520 275694 39546
506 260 2480 2520 276850 39653
507 260 2480 2520 277941 39711
508 262 2480 2520 278948 39808
509 262 2479 2520 280049 39904
510 262 2479 2520 281107 40043
511 264 2479 2520 282157 40128
512 266 2479 2520 283192 40217
513 266 2479 2520 284240 40376
514 267 2479 2520 285223 40501
515 270 2479 2520 286163 40578
516 273 2479 2520 287319 40742
517 274 2478 2520 288495 40880
518 275 2478 2520 289700 41072
519 275 2478 2520 290944 41223
520 275 2478 2520 292078 41310
521 276 2477 2520 293386 41440
522 276 2477 2520 294578 41504
523 277 2476 2520 295679 41649
524 278 2475 2520 296882 41767
525 279 2475 2520 298096 41873
526 283 2475 2520 299335 42087
527 283 2475 2520 300517 42205
528 285 2475 2520 301708 42279
529 285 2475 2520 302945 42377
530 287 2474 2520 304224 42496
531 287 2474 2520 305479 42640
532 289 2474 2520 306723 42777
533 289 2474 2520 307948 42925
534 291 2474 2520 309110 43023
535 293 2474 2520 310300 43169
536 294 2473 2520 311579 43311
537 294 2473 2520 312805 43434
538 295 2473 2520 314082 43521
539 297 2472 2520 315303 43708
540 298 2472 2520 316533 43850
541 298 2472 2520 317875 44023
542 299 2472 2520 319051 44094
543 300 2472 2520 320211 44235
544 304 2472 2520 321506 44366
545 305 2472 2520 322811 44509
546 306 2472 2520 324118 44638
547 306 2472 2520 325366 44727
548 307 2472 2520 326723 44886
549 309 2471 2520 328013 44983
550 309 2471 2520 329244 45106
551 309 2471 2520 330587 45302
552 310 2470 2520 331910 45432
553 310 2470 2520 333258 45618
554 313 2469 2520 334542 45766
555 314 2467 2520 335821 45873
556 317 2467 2520 337189 46025
557 318 2467 2520 338526 46106
558 319 2467 2520 339785 46225
559 322 2467 2520 341086 46382
560 323 2467 2520 342424 46535
561 325 2467 2520 343685 46660
562 326 2467 2520 345048 46817
563 326 2467 2520 346336 46986
564 326 2467 2520 347601 47081
565 326 2467 2520 348919 47141
566 327 2466 2520 350123 47248
567 329 2466 2520 351404 47329
568 331 2466 2520 352609 47465
569 332 2465 2520 353789 47603
570 332 2465 2520 355064 47770
571 332 2465 2520 356362 47868
572 333 2464 2520 357596 47972
573 335 2463 2520 358751 48066
574 337 2463 2520 359959 48205
575 337 2463 2520 361234 48408
576 337 2463 2520 362368 48553
577 339 2463 2520 363567 48656
578 340 2463 2520 364871 48843
579 342 2463 2520 366131 48993
580 342 2463 2520 367301 49097
581 344 2463 2520 368578 49235
582 345 2463 2520 369802 49428
583 346 2463 2520 371064 49561
584 347 2462 2520 372338 49689
585 347 2462 2520 373595 49775
586 348 2462 2520 374708 49860
587 348 2462 2520 375942 49984
588 349 2462 2520 377127 50137
589 350 2461 2520 378264 50250
590 351 2461 2520 379470 50306
591 353 2461 2520 380652 50492
592 354 2461 2520 381853 50582
593 357 2461 2520 382984 50716
594 358 2461 2520 384174 50825
595 358 2461 2520 385392 50951
596 358 2461 2520 386592 51045
597 360 2461 2520 387851 51142
598 360 2461 2520 389089 51209
599 363 2461 2520 390350 51395
600 366 2461 2520 391634 51528
601 366 2461 2520 392870 51682
602 366 2461 2520 394124 51798
603 367 2461 2520 395359 51921
604 368 2461 2520 396564 52039
605 369 2461 2520 397834 52161
606 372 2459 2520 399103 52309
607 376 2459 2520 400403 52379
608 377 2459 2520 401809 52546
609 378 2459 2520 403187 52621
610 380 2459 2520 404572 52774
611 384 2458 2520 406002 52849
612 386 2458 2520 407441 53015
613 388 2458 2520 408909 53126
614 388 2458 2520 410315 53287
615 388 2458 2520 411717 53442
616 388 2458 2520 413240 53596
617 388 2458 2520 414657 53712
618 388 2458 2520 415997 53802
619 388 2458 2520 417290 53928
620 390 2458 2520 418649 54062
621 393 2458 2520 419921 54223
622 394 2458 2520 421261 54384
623 394 2458 2520 422612 54541
624 395 2458 2520 423900 54656
625 399 2458 2520 425179 54794
626 402 2458 2520 426418 54893
627 403 2457 2520 427768 55016
628 404 2457 2520 429117 55187
629 405 2457 2520 430543 55300
630 405 2457 2520 431925 55436
631 405 2457 2520 433421 55562
632 405 2456 2520 434852 55767
633 406 2456 2520 436241 55918
634 407 2456 2520 437625 56044
635 408 2456 2520 438916 56127
636 410 2456 2520 440255 56224
637 410 2456 2520 441478 56350
638 411 2456 2520 442770 56451
639 413 2456 2520 444021 56522
640 416 2456 2520 445332 56603
641 416 2454 2520 446653 56701
642 417 2454 2520 448069 56839
643 418 2454 2520 449375 56966
644 419 2454 2520 450655 57080
645 423 2454 2520 452034 57212
646 425 2454 2520 453405 57350
647 425 2453 2520 454779 57476
648 426 2453 2520 456223 57633
649 428 2453 2520 457689 57808
650 432 2453 2520 459149 57971
651 433 2453 2520 460616 58127
652 435 2452 2520 462060 58293
653 436 2452 2520 463634 58481
654 438 2452 2520 465237 58642
655 438 2452 2520 466887 58830
656 438 2452 2520 468509 59017
657 440 2452 2520 470100 59180
658 442 2452 2520 471684 59326
659 444 2452 2520 473238 59463
660 446 2452 2520 474733 59646
661 447 2452 2520 476299 59845
662 447 2452 2520 477814 59969
663 448 2452 2520 479384 60101
664 450 2452 2520 480905 60205
665 453 2452 2520 482501 60370
666 455 2451 2520 484069 60542
667 455 2451 2520 485595 60727
668 456 2450 2520 487207 60907
669 456 2450 2520 488748 61058
670 459 2450 2520 490245 61225
671 460 2450 2520 491760 61365
672 461 2450 2520 493348 61534
673 461 2449 2520 494866 61707
674 464 2449 2520 496300 61904
675 465 2449 2520 497714 62023
676 469 2448 2520 499260 62157
677 470 2448 2520 500868 62279
678 470 2448 2520 502646 62478
679 470 2448 2520 504320 62719
680 471 2448 2520 506060 62915
681 472 2447 2520 507748 63027
682 472 2447 2520 509348 63242
683 476 2447 2520 510929 63360
684 476 2447 2520 512501 63570
685 478 2446 2520 514069 63749
686 481 2446 2520 515626 63851
687 483 2446 2520 517240 64041
688 485 2445 2520 518980 64231
689 487 2444 2520 520551 64375
690 489 2444 2520 522188 64554
691 492 2444 2520 523833 64685
692 492 2444 2520 525627 64867
693 493 2444 2520 527443 65129
694 494 2444 2520 529168 65361
695 495 2443 2520 530896 65528
696 496 2442 2520 532722 65670
697 497 2442 2520 534339 65779
698 499 2442 2520 536037 65923
699 499 2440 2520 537691 66024
700 502 2440 2520 539436 66253
701 502 2440 2520 541085 66326
702 506 2440 2520 542781 66470
703 506 2440 2520 544462 66621
704 507 2440 2520 546189 66794
705 508 2439 2520 547906 67025
706 510 2439 2520 549469 67161
707 511 2439 2520 551095 67288
708 514 2439 2520 552732 67565
709 517 2439 2520 554402 67721
710 520 2439 2520 556040 67868
711 521 2439 2520 557719 68058
712 523 2439 2520 559480 68210
713 525 2439 2520 561109 68344
714 527 2439 2520 562861 68507
715 527 2439 2520 564678 68693
716 531 2439 2520 566565 68866
717 535 2439 2520 568279 69035
718 539 2439 2520 570107 69222
719 540 2437 2520 572045 69394
720 542 2437 2520 574000 69640
721 546 2437 2520 575943 69779
722 549 2436 2520 577968 70047
723 550 2436 2520 579904 70253
724 551 2436 2520 581925 70444
725 552 2436 2520 583906 70685
726 553 2436 2520 585874 70843
727 556 2436 2520 587842 71021
728 557 2436 2520 589845 71264
729 558 2436 2520 591785 71497
730 559 2436 2520 593724 71635
731 559 2435 2520 595647 71790
732 562 2435 2520 597483 71958
733 565 2435 2520 599317 72091
734 565 2435 2520 601179 72313
735 568 2433 2520 603132 72580
736 570 2432 2520 605033 72742
737 571 2432 2520 606963 72834
738 571 2431 2520 609025 73026
739 572 2431 2520 610893 73253
740 575 2431 2520 612702 73410
741 578 2431 2520 614550 73624
742 583 2430 2520 616544 73821
743 584 2430 2520 618563 73973
744 585 2429 2520 620676 74246
745 585 2429 2520 622806 74388
746 585 2429 2520 624832 74592
747 585 2429 2520 626750 74752
748 589 2429 2520 628672 74911
749 590 2429 2520 630544 75065
750 590 2429 2520 632374 75227
751 591 2429 2520 634340 75353
752 593 2429 2520 636300 75527
753 595 2428 2520 638064 75744
754 598 2428 2520 639887 75894
755 598 2428 2520 641740 76059
756 598 2428 2520 643543 76237
757 601 2428 2520 645318 76413
758 601 2427 2520 647215 76554
759 601 2426 2520 649005 76698
760 601 2426 2520 650727 76788
761 603 2426 2520 652386 76846
762 605 2426 2520 654033 76969
763 607 2426 2520 655687 77081
764 610 2426 2520 657370 77208
765 613 2426 2520 659135 77361
766 618 2425 2520 660969 77602
767 619 2425 2520 662859 77808
768 620 2425 2520 664792 77955
769 622 2425 2520 666712 78131
770 624 2425 2520 668642 78289
771 627 2425 2520 670513 78544
772 632 2425 2520 672390 78714
773 634 2424 2520 674450 78920
774 636 2424 2520 676619 79156
775 637 2424 2520 678672 79321
776 640 2424 2520 680762 79511
777 642 2423 2520 682912 79700
778 643 2423 2520 684977 79949
779 644 2421 2520 687073 80092
780 645 2421 2520 689169 80331
781 646 2421 2520 691318 80455
782 646 2421 2520 693419 80623
783 647 2421 2520 695480 80758
784 647 2420 2520 697371 80935
785 649 2420 2520 699307 81093
786 651 2418 2520 701123 81173
787 654 2417 2520 702936 81367
788 654 2417 2520 704837 81537
789 657 2417 2520 706549 81703
790 659 2417 2520 708482 81839
791 660 2417 2520 710296 82040
792 661 2417 2520 712193 82212
793 663 2416 2520 713985 82368
794 666 2416 2520 715739 82565
795 667 2415 2520 717626 82727
796 667 2415 2520 719573 82915
797 669 2415 2520 721325 83050
798 670 2415 2520 722986 83206
799 674 2415 2520 724660 83314
800 674 2415 2520 726433 83496
801 676 2415 2520 728267 83736
802 678 2415 2520 730075 83826
803 680 2415 2520 731961 83966
804 682 2414 2520 733833 84190
805 683 2414 2520 735678 84335
806 685 2414 2520 737568 84598
807 688 2414 2520 739505 84711
808 691 2414 2520 741359 84875
809 693 2414 2520 743229 85057
810 694 2414 2520 745234 85318
811 695 2413 2520 747239 85496
812 695 2412 2520 749130 85731
813 696 2412 2520 751055 85864
814 698 2411 2520 752885 86000
815 701 2410 2520 754799 86201
816 703 2410 2520 756767 86374
817 705 2410 2520 758749 86518
818 706 2410 2520 760603 86693
819 707 2410 2520 762445 86855
820 708 2410 2520 764323 86955
821 709 2410 2520 766226 87185
822 711 2410 2520 767969 87336
823 713 2410 2520 769747 87466
824 713 2409 2520 771514 87612
825 716 2409 2520 773306 87802
826 720 2409 2520 775049 87947
827 726 2409 2520 776705 88112
828 728 2409 2520 778428 88298
829 729 2409 2520 780197 88448
830 730 2409 2520 782092 88589
831 738 2409 2520 783953 88748
832 739 2409 2520 785860 88935
833 741 2409 2520 787934 89073
834 742 2409 2520 790060 89373
835 743 2408 2520 792132 89622
836 744 2408 2520 794260 89811
837 745 2408 2520 796249 89959
838 746 2408 2520 798203 90102
839 746 2407 2520 800269 90327
840 747 2407 2520 802213 90530
841 748 2407 2520 804139 90659
842 751 2407 2520 805998 90855
843 753 2407 2520 807962 91047
844 755 2407 2520 809831 91172
845 759 2407 2520 811799 91381
846 760 2407 2520 813804 91576
847 762 2406 2520 815791 91798
848 764 2406 2520 817942 91955
849 767 2406 2520 819932 92133
850 767 2406 2520 821962 92301
851 768 2404 2520 824032 92590
852 769 2404 2520 826150 92836
853 769 2404 2520 828274 92968
854 771 2404 2520 830370 93167
855 773 2404 2520 832316 93346
856 775 2403 2520 834430 93575
857 779 2403 2520 836391 93733
858 780 2403 2520 838348 93919
859 782 2403 2520 840294 94108
860 782 2403 2520 842166 94255
861 785 2402 2520 844108 94400
862 786 2402 2520 845964 94640
863 788 2402 2520 847948 94762
864 789 2402 2520 849951 94930
865 792 2402 2520 851871 95108
866 796 2402 2520 853940 95279
867 796 2402 2520 855978 95479
868 800 2402 2520 858002 95690
869 802 2402 2520 860077 95839
870 805 2402 2520 862177 95998
871 810 2401 2520 864292 96119
872 810 2401 2520 866504 96364
873 811 2401 2520 868779 96592
874 813 2400 2520 870959 96751
875 817 2400 2520 873207 96903
876 818 2400 2520 875348 97079
877 818 2398 2520 877558 97228
878 821 2398 2520 879651 97379
879 823 2398 2520 881847 97615
880 825 2398 2520 883993 97740
881 825 2397 2520 886115 97918
882 826 2397 2520 888081 98097
883 827 2396 2520 890095 98310
884 827 2395 2520 892170 98483
885 834 2395 2520 894173 98672
886 834 2395 2520 896266 98867
887 834 2395 2520 898532 99018
888 837 2395 2520 900689 99209
889 842 2395 2520 902811 99435
890 842 2392 2520 904977 99695
891 845 2392 2520 907121 99921
892 848 2392 2520 909354 100123
893 848 2392 2520 911673 100309
894 852 2392 2520 913994 100541
895 853 2391 2520 916148 100736
896 854 2390 2520 918390 100869
897 854 2390 2520 920487 101092
898 857 2390 2520 922654 101183
899 857 2390 2520 924825 101357
900 861 2390 2520 926982 101574
901 862 2390 2520 929117 101745
902 865 2389 2520 931182 101893
903 867 2388 2520 933301 102078
904 869 2388 2520 935282 102254
905 874 2388 2520 937228 102378
906 876 2388 2520 939220 102599
907 878 2388 2520 941326 102843
908 879 2388 2520 943382 103015
909 882 2388 2520 945488 103244
910 884 2387 2520 947635 103502
911 885 2387 2520 949803 103750
912 888 2387 2520 951941 103863
913 891 2387 2520 954081 104014
914 894 2387 2520 956205 104260
915 897 2386 2520 958373 104412
916 900 2386 2520 960622 104644
917 901 2386 2520 962839 104813
918 906 2385 2520 965202 105111
919 907 2385 2520 967484 105321
920 908 2385 2520 969913 105509
921 909 2385 2520 972283 105735
922 912 2385 2520 974694 105924
923 912 2384 2520 977028 106137
924 912 2384 2520 979385 106297
925 916 2384 2520 981606 106573
926 917 2384 2520 983784 106687
927 920 2384 2520 986024 106930
928 924 2384 2520 988220 107087
929 926 2384 2520 990344 107290
930 927 2384 2520 992600 107459
931 928 2384 2520 994839 107622
932 932 2384 2520 997096 107762
933 933 2384 2520 999287 107988
934 933 2384 2520 1001511 108135
935 936 2383 2520 1003739 108286
936 936 2382 2520 1005900 108507
937 937 2381 2520 1008033 108645
938 938 2381 2520 1010116 108751
939 939 2380 2520 1012185 108913
940 940 2380 2520 1014194 109135
941 941 2379 2520 1016355 109281
942 944 2379 2520 1018418 109446
943 945 2379 2520 1020525 109595
944 948 2379 2520 1022555 109718
945 951 2379 2520 1024477 109924
946 953 2379 2520 1026576 110139
947 955 2379 2520 1028594 110270
948 957 2379 2520 1030646 110482
949 958 2379 2520 1032699 110665
950 960 2379 2520 1034756 110902
951 961 2379 2520 1036928 111083
952 963 2378 2520 1039007 111230
953 968 2378 2520 1041060 111393
954 969 2378 2520 1043062 111509
955 970 2378 2520 1045138 111688
956 970 2377 2520 1047172 111838
957 973 2377 2520 1049327 112009
958 975 2377 2520 1051426 112164
959 976 2376 2520 1053559 112396
960 979 2375 2520 1055664 112483
961 981 2375 2520 1057671 112599
962 982 2374 2520 1059842 112727
963 984 2373 2520 1062015 112916
964 986 2373 2520 1064159 113150
965 989 2373 2520 1066287 113315
966 993 2373 2520 1068335 113418
967 998 2373 2520 1070552 113624
968 999 2373 2520 1072779 113860
969 1001 2372 2520 1074943 114004
970 1002 2371 2520 1077236 114153
971 1004 2371 2520 1079498 114281
972 1007 2370 2520 1081862 114400
973 1009 2370 2520 1084100 114568
974 1011 2370 2520 1086456 114761
975 1014 2370 2520 1088637 114954
976 1015 2369 2520 1090829 115132
977 1015 2368 2520 1093126 115304
978 1019 2368 2520 1095430 115483
979 1022 2368 2520 1097644 115537
980 1027 2368 2520 1099913 115728
981 1028 2367 2520 1102141 115862
982 1030 2367 2520 1104327 116035
983 1034 2367 2520 1106729 116155
984 1036 2366 2520 1108929 116314
985 1041 2366 2520 1111214 116521
986 1045 2366 2520 1113462 116662
987 1047 2364 2520 1115974 116819
988 1047 2364 2520 1118371 116981
989 1047 2363 2520 1120888 117168
990 1052 2363 2520 1123290 117399
991 1052 2361 2520 1125930 117582
992 1055 2361 2520 1128400 117800
993 1056 2361 2520 1130855 118067
994 1056 2361 2520 1133391 118257
995 1058 2360 2520 1135743 118388
996 1059 2360 2520 1138192 118510
997 1060 2359 2520 1140614 118681
998 1060 2359 2520 1142867 118864
999 1061 2359 2520 1145222 118971
1000 1064 2359 2520 1147568 119084
