0 1 2519 2520 796 499
1 1 2519 2520 826 521
2 1 2519 2520 852 537
3 1 2519 2520 884 552
4 1 2519 2520 938 578
5 1 2519 2520 985 604
6 1 2519 2520 1022 625
7 1 2519 2520 1062 637
8 1 2519 2520 1086 651
9 1 2519 2520 1124 666
10 1 2519 2520 1171 683
11 1 2519 2520 1192 690
12 1 2519 2520 1217 696
13 1 2519 2520 1246 708
14 1 2519 2520 1273 718
15 1 2519 2520 1295 719
16 1 2519 2520 1314 726
17 1 2519 2520 1337 735
18 1 2519 2520 1354 740
19 1 2519 2520 1358 741
20 1 2519 2520 1381 749
21 1 2519 2520 1389 756
22 1 2519 2520 1398 760
23 2 2519 2520 1406 762
24 2 2519 2520 1430 776
25 2 2519 2520 1505 808
26 2 2519 2520 1600 854
27 2 2519 2520 1702 889
28 2 2519 2520 1815 932
29 2 2519 2520 1922 969
30 2 2519 2520 2028 1010
31 2 2519 2520 2103 1037
32 2 2519 2520 2182 1047
33 2 2519 2520 2269 1072
34 2 2519 2520 2342 1087
35 2 2519 2520 2401 1104
36 2 2519 2520 2456 1112
37 2 2519 2520 2507 1128
38 2 2519 2520 2546 1142
39 2 2519 2520 2581 1154
40 2 2519 2520 2617 1158
41 3 2519 2520 2650 1167
42 4 2519 2520 2680 1188
43 4 2519 2520 2778 1218
44 4 2519 2520 2949 1284
45 4 2519 2520 3135 1339
46 4 2519 2520 3303 1399
47 4 2519 2520 3482 1473
48 4 2519 2520 3669 1519
49 4 2519 2520 3845 1539
50 4 2519 2520 3988 1576
51 4 2519 2520 4145 1619
52 4 2519 2520 4289 1642
53 4 2519 2520 4415 1680
54 4 2519 2520 4538 1716
55 4 2519 2520 4629 1717
56 4 2519 2520 4734 1741
57 5 2519 2520 4812 1766
58 5 2519 2520 4930 1794
59 5 2519 2520 5054 1826
60 6 2519 2520 5176 1849
61 6 2519 2520 5327 1903
62 6 2519 2520 5473 1958
63 6 2519 2520 5659 2000
64 6 2519 2520 5810 2042
65 7 2519 2520 5980 2099
66 8 2519 2520 6167 2129
67 8 2519 2520 6392 2180
68 8 2519 2520 6667 2258
69 8 2519 2520 6916 2352
70 8 2519 2520 7170 2416
71 8 2518 2520 7431 2450
72 8 2518 2520 7704 2496
73 8 2518 2520 7942 2535
74 8 2517 2520 8206 2590
75 8 2517 2520 8404 2612
76 8 2517 2520 8638 2640
77 8 2517 2520 8861 2656
78 8 2517 2520 9052 2682
79 8 2517 2520 9199 2697
80 10 2517 2520 9341 2732
81 10 2517 2520 9547 2754
82 11 2517 2520 9771 2786
83 12 2517 2520 9993 2835
84 13 2517 2520 10274 2908
85 13 2517 2520 10563 2964
86 13 2517 2520 10912 3050
87 14 2517 2520 11287 3112
88 14 2517 2520 11614 3186
89 14 2517 2520 11980 3257
90 15 2517 2520 12311 3286
91 15 2517 2520 12684 3378
92 15 2517 2520 13047 3456
93 15 2517 2520 13417 3501
94 15 2517 2520 13774 3549
95 15 2517 2520 14098 3609
96 15 2516 2520 14447 3670
97 15 2516 2520 14752 3699
98 15 2516 2520 15051 3769
99 15 2516 2520 15351 3816
100 15 2516 2520 15596 3852
101 16 2516 2520 15810 3896
102 16 2516 2520 16020 3941
103 16 2515 2520 16269 3945
104 16 2515 2520 16504 3971
105 16 2515 2520 16736 4006
106 16 2515 2520 16937 4037
107 17 2515 2520 17154 4072
108 18 2515 2520 17420 4111
109 18 2515 2520 17650 4145
110 19 2515 2520 17906 4169
111 19 2515 2520 18219 4199
112 20 2515 2520 18545 4278
113 20 2515 2520 18905 4354
114 21 2515 2520 19289 4476
115 21 2515 2520 19648 4532
116 21 2515 2520 20018 4632
117 21 2515 2520 20388 4703
118 21 2515 2520 20717 4765
119 21 2515 2520 21042 4849
120 22 2515 2520 21363 4901
121 22 2515 2520 21681 4986
122 22 2515 2520 21978 5053
123 22 2515 2520 22216 5073
124 22 2515 2520 22517 5103
125 22 2515 2520 22797 5172
126 22 2515 2520 23065 5219
127 22 2515 2520 23322 5268
128 22 2515 2520 23558 5332
129 22 2515 2520 23774 5387
130 22 2515 2520 23974 5422
131 22 2515 2520 24196 5450
132 23 2515 2520 24391 5491
133 25 2515 2520 24582 5533
134 26 2515 2520 24830 5587
135 26 2515 2520 25152 5649
136 26 2515 2520 25526 5722
137 26 2514 2520 25860 5823
138 26 2514 2520 26214 5911
139 26 2514 2520 26573 5985
140 26 2514 2520 26941 6051
141 26 2514 2520 27258 6075
142 26 2514 2520 27618 6119
143 26 2514 2520 27937 6160
144 26 2514 2520 28250 6212
145 28 2514 2520 28528 6277
146 28 2514 2520 28853 6318
147 28 2514 2520 29153 6361
148 28 2514 2520 29470 6427
149 29 2514 2520 29771 6502
150 30 2514 2520 30065 6547
151 30 2514 2520 30356 6574
152 30 2514 2520 30687 6598
153 30 2514 2520 30996 6656
154 30 2514 2520 31341 6725
155 32 2514 2520 31621 6772
156 34 2514 2520 31956 6822
157 34 2514 2520 32409 6921
158 34 2514 2520 32853 7021
159 35 2514 2520 33314 7100
160 35 2514 2520 33824 7168
161 35 2514 2520 34319 7291
162 35 2514 2520 34754 7361
163 35 2514 2520 35217 7453
164 35 2514 2520 35624 7539
165 35 2514 2520 36005 7557
166 35 2514 2520 36403 7645
167 35 2514 2520 36762 7706
168 35 2513 2520 37142 7752
169 35 2513 2520 37462 7802
170 35 2513 2520 37770 7846
171 35 2513 2520 38070 7895
172 35 2513 2520 38348 7943
173 35 2513 2520 38623 8005
174 35 2513 2520 38901 8056
175 36 2513 2520 39149 8079
176 37 2513 2520 39418 8115
177 40 2513 2520 39673 8148
178 40 2513 2520 40018 8253
179 41 2513 2520 40414 8347
180 42 2513 2520 40812 8416
181 42 2513 2520 41278 8513
182 43 2513 2520 41729 8585
183 43 2513 2520 42206 8689
184 43 2513 2520 42694 8782
185 44 2513 2520 43166 8848
186 44 2513 2520 43629 8953
187 44 2513 2520 44135 9049
188 44 2513 2520 44586 9123
189 44 2513 2520 45035 9210
190 44 2513 2520 45495 9304
191 44 2513 2520 45908 9418
192 44 2512 2520 46331 9457
193 44 2512 2520 46716 9500
194 44 2512 2520 47068 9530
195 44 2512 2520 47400 9586
196 44 2512 2520 47771 9649
197 44 2512 2520 48080 9700
198 44 2512 2520 48451 9774
199 44 2512 2520 48727 9789
200 44 2512 2520 49019 9852
201 45 2512 2520 49235 9899
202 47 2512 2520 49461 9935
203 49 2512 2520 49768 9984
204 50 2512 2520 50151 10060
205 50 2512 2520 50589 10147
206 50 2512 2520 51007 10241
207 51 2512 2520 51460 10309
208 51 2512 2520 51956 10415
209 51 2512 2520 52441 10517
210 51 2512 2520 52912 10593
211 51 2512 2520 53356 10660
212 52 2512 2520 53795 10734
213 52 2512 2520 54256 10809
214 53 2512 2520 54670 10891
215 54 2512 2520 55049 10936
216 54 2512 2520 55451 11001
217 55 2512 2520 55838 11086
218 56 2512 2520 56298 11174
219 56 2512 2520 56724 11231
220 56 2512 2520 57153 11296
221 56 2511 2520 57574 11368
222 56 2511 2520 57987 11432
223 57 2511 2520 58426 11502
224 58 2511 2520 58835 11565
225 58 2511 2520 59324 11598
226 60 2511 2520 59830 11699
227 62 2511 2520 60324 11756
228 62 2511 2520 60910 11873
229 62 2511 2520 61504 11966
230 62 2511 2520 62085 12083
231 62 2511 2520 62633 12193
232 62 2511 2520 63156 12264
233 62 2511 2520 63705 12402
234 62 2510 2520 64167 12501
235 62 2510 2520 64685 12558
236 62 2510 2520 65120 12614
237 62 2510 2520 65562 12675
238 62 2510 2520 65994 12766
239 63 2510 2520 66430 12841
240 63 2510 2520 66833 12910
241 63 2510 2520 67257 12970
242 64 2510 2520 67665 13041
243 64 2510 2520 68044 13117
244 64 2510 2520 68481 13191
245 64 2510 2520 68830 13230
246 65 2510 2520 69165 13276
247 66 2510 2520 69547 13344
248 66 2510 2520 69958 13428
249 67 2510 2520 70458 13519
250 67 2510 2520 70887 13595
251 67 2510 2520 71334 13674
252 68 2510 2520 71758 13788
253 68 2510 2520 72147 13846
254 68 2510 2520 72623 13935
255 68 2510 2520 73100 14027
256 69 2510 2520 73515 14095
257 71 2510 2520 73956 14187
258 71 2510 2520 74412 14247
259 71 2510 2520 74867 14335
260 73 2510 2520 75258 14406
261 73 2510 2520 75739 14469
262 74 2510 2520 76189 14523
263 74 2510 2520 76631 14551
264 74 2510 2520 77097 14632
265 74 2510 2520 77577 14700
266 74 2510 2520 78039 14789
267 76 2510 2520 78468 14858
268 76 2510 2520 78945 14942
269 77 2510 2520 79459 15019
270 77 2510 2520 79980 15106
271 77 2510 2520 80460 15204
272 78 2510 2520 80911 15298
273 79 2510 2520 81361 15375
274 79 2510 2520 81848 15465
275 79 2510 2520 82363 15561
276 79 2510 2520 82852 15656
277 79 2510 2520 83370 15726
278 80 2510 2520 83905 15835
279 81 2510 2520 84369 15921
280 81 2510 2520 84842 16034
281 81 2510 2520 85284 16112
282 81 2510 2520 85754 16208
283 81 2510 2520 86179 16274
284 81 2510 2520 86637 16349
285 83 2509 2520 87018 16378
286 84 2509 2520 87479 16444
287 84 2509 2520 87877 16494
288 86 2509 2520 88342 16575
289 87 2509 2520 88785 16610
290 88 2509 2520 89239 16657
291 89 2509 2520 89777 16667
292 89 2509 2520 90247 16790
293 90 2508 2520 90744 16822
294 90 2508 2520 91287 16938
295 91 2508 2520 91851 17025
296 91 2508 2520 92457 17102
297 92 2508 2520 93053 17204
298 93 2508 2520 93657 17275
299 93 2508 2520 94344 17433
300 93 2508 2520 94984 17497
301 93 2508 2520 95621 17566
302 93 2508 2520 96260 17622
303 93 2508 2520 96859 17719
304 93 2508 2520 97440 17781
305 93 2508 2520 97963 17868
306 93 2508 2520 98449 17963
307 94 2508 2520 98935 18002
308 94 2508 2520 99413 18093
309 94 2508 2520 99906 18172
310 94 2508 2520 100415 18233
311 94 2508 2520 100885 18306
312 95 2508 2520 101354 18374
313 95 2508 2520 101768 18459
314 96 2508 2520 102217 18519
315 97 2508 2520 102659 18551
316 97 2508 2520 103135 18615
317 100 2508 2520 103631 18690
318 100 2508 2520 104101 18800
319 100 2508 2520 104689 18882
320 101 2508 2520 105200 18993
321 101 2508 2520 105781 19062
322 102 2508 2520 106329 19108
323 103 2507 2520 106889 19197
324 104 2507 2520 107501 19279
325 104 2507 2520 108103 19400
326 105 2507 2520 108694 19462
327 105 2507 2520 109307 19511
328 106 2507 2520 109873 19587
329 106 2507 2520 110439 19695
330 106 2507 2520 111037 19783
331 107 2507 2520 111674 19856
332 108 2507 2520 112265 19945
333 108 2507 2520 112911 20072
334 108 2507 2520 113560 20214
335 108 2507 2520 114140 20338
336 109 2507 2520 114717 20383
337 109 2507 2520 115310 20466
338 109 2507 2520 115907 20539
339 109 2507 2520 116521 20679
340 109 2507 2520 117090 20731
341 109 2507 2520 117624 20805
342 110 2507 2520 118074 20885
343 111 2507 2520 118597 20945
344 112 2507 2520 119125 20985
345 113 2507 2520 119635 21112
346 115 2507 2520 120168 21228
347 115 2507 2520 120647 21344
348 116 2507 2520 121207 21426
349 118 2507 2520 121722 21527
350 118 2507 2520 122327 21575
351 119 2507 2520 122955 21686
352 119 2507 2520 123635 21798
353 119 2506 2520 124244 21846
354 119 2506 2520 124891 21914
355 119 2506 2520 125596 22046
356 119 2506 2520 126243 22143
357 120 2506 2520 126872 22233
358 120 2505 2520 127547 22314
359 120 2505 2520 128163 22401
360 122 2505 2520 128733 22461
361 122 2505 2520 129347 22580
362 122 2505 2520 130042 22659
363 124 2505 2520 130648 22717
364 124 2505 2520 131186 22804
365 125 2505 2520 131806 22874
366 126 2505 2520 132452 22968
367 127 2505 2520 133067 23034
368 127 2505 2520 133721 23131
369 127 2505 2520 134379 23209
370 128 2505 2520 134961 23262
371 128 2504 2520 135603 23320
372 128 2504 2520 136223 23351
373 128 2504 2520 136793 23443
374 128 2504 2520 137316 23507
375 130 2504 2520 137893 23554
376 130 2503 2520 138414 23615
377 131 2503 2520 139019 23687
378 131 2503 2520 139565 23775
379 132 2503 2520 140109 23809
380 132 2503 2520 140684 23852
381 132 2503 2520 141283 23968
382 132 2502 2520 141810 24004
383 133 2501 2520 142442 24103
384 134 2500 2520 143092 24137
385 134 2500 2520 143714 24205
386 136 2500 2520 144380 24325
387 138 2500 2520 144982 24427
388 140 2500 2520 145708 24509
389 140 2500 2520 146426 24566
390 140 2500 2520 147132 24662
391 140 2500 2520 147872 24730
392 140 2500 2520 148609 24848
393 140 2500 2520 149265 24920
394 141 2500 2520 149964 24961
395 141 2500 2520 150622 25056
396 141 2500 2520 151271 25136
397 141 2500 2520 151888 25217
398 141 2500 2520 152539 25268
399 141 2499 2520 153102 25310
400 141 2499 2520 153724 25362
401 143 2499 2520 154286 25402
402 144 2498 2520 154779 25498
403 146 2497 2520 155395 25549
404 147 2497 2520 156034 25626
405 147 2497 2520 156628 25679
406 147 2497 2520 157238 25724
407 148 2497 2520 157863 25764
408 150 2497 2520 158458 25765
409 151 2497 2520 159184 25802
410 152 2496 2520 159904 25829
411 154 2496 2520 160643 25916
412 155 2495 2520 161505 26017
413 155 2495 2520 162321 26041
414 155 2495 2520 163234 26070
415 157 2495 2520 164136 26103
416 158 2494 2520 164979 26206
417 159 2494 2520 165835 26268
418 159 2494 2520 166708 26311
419 159 2494 2520 167515 26381
420 159 2494 2520 168322 26420
421 159 2494 2520 169097 26475
422 160 2494 2520 169872 26516
423 162 2494 2520 170591 26572
424 163 2494 2520 171339 26636
425 163 2494 2520 172115 26699
426 163 2493 2520 172871 26837
427 163 2493 2520 173599 26906
428 163 2493 2520 174264 26973
429 166 2493 2520 174950 27073
430 166 2493 2520 175617 27123
431 168 2493 2520 176329 27234
432 168 2492 2520 176933 27349
433 168 2492 2520 177712 27436
434 168 2492 2520 178438 27551
435 168 2492 2520 179215 27617
436 168 2492 2520 179920 27707
437 168 2492 2520 180618 27791
438 169 2492 2520 181280 27888
439 169 2492 2520 181938 27951
440 170 2492 2520 182568 27998
441 171 2492 2520 183282 28120
442 172 2492 2520 183921 28226
443 174 2492 2520 184559 28315
444 174 2492 2520 185223 28369
445 175 2492 2520 185983 28487
446 175 2492 2520 186684 28577
447 176 2492 2520 187349 28687
448 176 2492 2520 188029 28784
449 178 2492 2520 188752 28843
450 179 2491 2520 189450 28907
451 181 2490 2520 190116 28994
452 182 2490 2520 190918 29063
453 183 2490 2520 191793 29193
454 183 2490 2520 192615 29281
455 184 2490 2520 193431 29423
456 185 2490 2520 194271 29497
457 188 2489 2520 195100 29595
458 189 2489 2520 196040 29727
459 189 2488 2520 196981 29848
460 189 2488 2520 197943 29926
461 191 2488 2520 198883 29980
462 193 2488 2520 199809 30079
463 193 2488 2520 200836 30232
464 193 2488 2520 201701 30326
465 193 2488 2520 202555 30424
466 194 2488 2520 203529 30519
467 196 2488 2520 204445 30579
468 197 2488 2520 205309 30688
469 198 2488 2520 206246 30868
470 198 2487 2520 207160 30974
471 199 2487 2520 208100 31084
472 199 2487 2520 209082 31250
473 199 2487 2520 209987 31356
474 199 2487 2520 210900 31453
475 201 2486 2520 211801 31576
476 201 2485 2520 212688 31656
477 201 2485 2520 213571 31722
478 201 2484 2520 214445 31805
479 201 2482 2520 215291 31846
480 202 2482 2520 216156 31935
481 204 2482 2520 216996 32047
482 206 2482 2520 217853 32148
483 206 2482 2520 218775 32241
484 206 2482 2520 219693 32359
485 207 2482 2520 220538 32483
486 208 2482 2520 221361 32588
487 209 2482 2520 222267 32766
488 209 2482 2520 223051 32856
489 210 2482 2520 223868 32925
490 210 2482 2520 224716 33048
491 210 2482 2520 225562 33142
492 213 2482 2520 226405 33226
493 214 2482 2520 227155 33297
494 217 2482 2520 228042 33429
495 218 2481 2520 228929 33562
496 218 2481 2520 229936 33680
497 218 2481 2520 230931 33755
498 218 2481 2520 231902 33898
499 219 2481 2520 232798 33986
500 220 2480 2520 233695 34088
501 220 2480 2520 234628 34225
502 220 2480 2520 235510 34327
503 220 2480 2520 236423 34461
504 220 2480 2520 237286 34568
505 221 2480 2520 238082 34653
506 222 2480 2520 238888 34782
507 222 2479 2520 239702 34918
508 222 2479 2520 240495 35027
509 224 2479 2520 241272 35126
510 226 2479 2520 241954 35226
511 229 2479 2520 242731 35334
512 229 2479 2520 243497 35451
513 231 2479 2520 244369 35599
514 233 2479 2520 245329 35713
515 233 2479 2520 246261 35802
516 235 2479 2520 247203 35898
517 235 2479 2520 248151 36005
518 239 2479 2520 249105 36127
519 241 2479 2520 250079 36246
520 243 2479 2520 251221 36381
521 244 2478 2520 252312 36499
522 245 2478 2520 253505 36725
523 247 2478 2520 254768 36902
524 247 2477 2520 256042 37042
525 248 2477 2520 257234 37183
526 248 2476 2520 258441 37319
527 248 2476 2520 259630 37480
528 248 2476 2520 260729 37595
529 248 2476 2520 261826 37683
530 248 2476 2520 262866 37801
531 251 2476 2520 263891 37896
532 251 2476 2520 264863 37968
533 251 2476 2520 265773 38105
534 253 2476 2520 266743 38185
535 254 2475 2520 267658 38318
536 254 2474 2520 268681 38452
537 255 2474 2520 269651 38547
538 255 2474 2520 270661 38597
539 256 2474 2520 271627 38656
540 257 2474 2520 272587 38761
541 259 2474 2520 273500 38865
542 260 2474 2520 274503 38944
543 263 2473 2520 275572 39047
544 264 2473 2520 276677 39184
545 265 2472 2520 277861 39339
546 266 2472 2520 278958 39417
547 267 2472 2520 280125 39583
548 268 2471 2520 281398 39740
549 270 2471 2520 282592 39929
550 270 2470 2520 283774 40046
551 270 2470 2520 285010 40205
552 270 2470 2520 286190 40319
553 270 2470 2520 287399 40474
554 270 2470 2520 288526 40571
555 272 2470 2520 289557 40696
556 273 2469 2520 290646 40786
557 275 2469 2520 291658 40940
558 276 2468 2520 292793 41109
559 277 2468 2520 293893 41238
560 277 2468 2520 294951 41381
561 279 2467 2520 296022 41495
562 281 2467 2520 297147 41637
563 282 2467 2520 298220 41770
564 282 2466 2520 299297 41933
565 282 2466 2520 300497 42107
566 283 2466 2520 301568 42229
567 285 2466 2520 302759 42424
568 285 2466 2520 303845 42482
569 286 2465 2520 304931 42621
570 286 2465 2520 305975 42735
571 286 2465 2520 307031 42857
572 286 2465 2520 307982 42957
573 287 2465 2520 308998 43059
574 287 2465 2520 310066 43224
575 287 2465 2520 311148 43276
576 288 2465 2520 312007 43394
577 290 2465 2520 312896 43494
578 294 2465 2520 313783 43598
579 294 2465 2520 314814 43774
580 295 2465 2520 315830 43915
581 296 2464 2520 316849 44036
582 298 2464 2520 317950 44238
583 300 2464 2520 319024 44417
584 300 2464 2520 320091 44531
585 300 2464 2520 321188 44660
586 301 2464 2520 322383 44772
587 303 2464 2520 323499 44870
588 303 2464 2520 324669 45000
589 309 2464 2520 325835 45208
590 312 2464 2520 327085 45347
591 315 2463 2520 328419 45503
592 316 2463 2520 329762 45676
593 316 2463 2520 331162 45811
594 316 2463 2520 332518 45974
595 317 2462 2520 333896 46131
596 317 2462 2520 335249 46260
597 317 2462 2520 336582 46387
598 318 2462 2520 337895 46541
599 318 2462 2520 339205 46695
600 318 2462 2520 340460 46797
601 320 2462 2520 341636 46936
602 320 2461 2520 342860 47096
603 322 2460 2520 343969 47248
604 322 2460 2520 345099 47382
605 323 2460 2520 346301 47524
606 325 2460 2520 347397 47667
607 326 2460 2520 348519 47863
608 328 2459 2520 349730 48052
609 330 2459 2520 350840 48183
610 331 2459 2520 352092 48349
611 336 2459 2520 353346 48540
612 336 2459 2520 354626 48683
613 342 2458 2520 356007 48902
614 342 2458 2520 357471 49149
615 343 2458 2520 358928 49378
616 343 2458 2520 360510 49500
617 344 2457 2520 361973 49675
618 344 2457 2520 363515 49790
619 345 2456 2520 364952 49944
620 345 2455 2520 366352 50123
621 345 2455 2520 367730 50305
622 345 2455 2520 369103 50470
623 345 2455 2520 370433 50577
624 345 2455 2520 371701 50733
625 346 2455 2520 372998 50935
626 347 2455 2520 374130 51040
627 349 2455 2520 375204 51193
628 350 2455 2520 376359 51337
629 351 2455 2520 377373 51454
630 355 2455 2520 378466 51583
631 356 2455 2520 379572 51657
632 357 2455 2520 380735 51763
633 359 2454 2520 381935 51914
634 359 2454 2520 383180 52113
635 362 2454 2520 384362 52254
636 364 2454 2520 385547 52386
637 365 2454 2520 386846 52506
638 366 2453 2520 388146 52660
639 366 2453 2520 389491 52817
640 369 2453 2520 390758 52929
641 371 2453 2520 392221 53108
642 371 2453 2520 393612 53235
643 372 2453 2520 395043 53464
644 372 2452 2520 396532 53685
645 374 2451 2520 397983 53811
646 374 2450 2520 399464 53981
647 376 2450 2520 400902 54110
648 376 2450 2520 402306 54249
649 377 2450 2520 403704 54412
650 377 2449 2520 405081 54547
651 378 2449 2520 406454 54720
652 380 2449 2520 407728 54866
653 381 2449 2520 409089 55002
654 385 2448 2520 410351 55119
655 386 2448 2520 411601 55297
656 388 2446 2520 412937 55452
657 392 2446 2520 414341 55596
658 393 2445 2520 415829 55692
659 394 2444 2520 417381 55852
660 396 2444 2520 418970 56068
661 397 2444 2520 420585 56222
662 398 2444 2520 422182 56421
663 401 2444 2520 423811 56527
664 403 2444 2520 425513 56724
665 403 2444 2520 427187 56916
666 404 2444 2520 428898 57105
667 406 2444 2520 430573 57359
668 408 2444 2520 432235 57532
669 410 2444 2520 433891 57734
670 410 2444 2520 435536 57901
671 412 2443 2520 437101 58096
672 412 2442 2520 438665 58260
673 414 2442 2520 440334 58392
674 414 2442 2520 441976 58595
675 414 2442 2520 443551 58775
676 415 2442 2520 445105 58958
677 415 2441 2520 446580 59137
678 416 2441 2520 448046 59299
679 419 2440 2520 449548 59503
680 419 2438 2520 450961 59634
681 421 2438 2520 452390 59788
682 423 2438 2520 453845 59951
683 423 2438 2520 455350 60127
684 424 2437 2520 456743 60259
685 424 2437 2520 458215 60441
686 428 2436 2520 459722 60612
687 430 2435 2520 461242 60833
688 432 2435 2520 462762 60911
689 434 2433 2520 464199 60984
690 436 2433 2520 465776 61127
691 436 2433 2520 467298 61349
692 437 2433 2520 468841 61451
693 439 2433 2520 470374 61631
694 440 2432 2520 471917 61731
695 440 2432 2520 473481 61866
696 442 2432 2520 474892 61959
697 444 2432 2520 476394 62125
698 445 2431 2520 477821 62261
699 447 2431 2520 479310 62455
700 448 2431 2520 480726 62573
701 450 2431 2520 482204 62730
702 450 2431 2520 483646 62828
703 451 2431 2520 485154 62940
704 452 2430 2520 486581 63018
705 454 2430 2520 487979 63178
706 455 2430 2520 489468 63299
707 455 2430 2520 490878 63443
708 455 2430 2520 492266 63581
709 457 2429 2520 493703 63719
710 458 2429 2520 495106 63835
711 459 2429 2520 496536 63995
712 462 2429 2520 497954 64148
713 463 2428 2520 499309 64304
714 465 2427 2520 500759 64413
715 466 2427 2520 502176 64612
716 469 2426 2520 503672 64768
717 473 2426 2520 505047 64900
718 474 2426 2520 506522 65025
719 475 2426 2520 508148 65173
720 475 2425 2520 509697 65350
721 475 2425 2520 511148 65493
722 475 2425 2520 512599 65664
723 478 2425 2520 514155 65825
724 481 2424 2520 515580 65978
725 482 2424 2520 517026 66136
726 484 2424 2520 518479 66290
727 484 2423 2520 519876 66415
728 488 2423 2520 521348 66531
729 489 2421 2520 522877 66647
730 490 2421 2520 524412 66828
731 491 2421 2520 525892 66976
732 496 2419 2520 527512 67081
733 496 2419 2520 529101 67242
734 496 2419 2520 530721 67432
735 499 2419 2520 532232 67579
736 502 2418 2520 533842 67674
737 504 2418 2520 535582 67899
738 505 2417 2520 537271 68040
739 506 2417 2520 538932 68202
740 507 2417 2520 540577 68426
741 509 2417 2520 542283 68624
742 510 2417 2520 544077 68759
743 511 2417 2520 545793 68951
744 511 2417 2520 547541 69067
745 513 2417 2520 549148 69178
746 515 2417 2520 550815 69396
747 516 2417 2520 552500 69552
748 518 2417 2520 554191 69695
749 518 2416 2520 555755 69824
750 518 2415 2520 557386 70003
751 518 2415 2520 558921 70139
752 518 2415 2520 560456 70235
753 518 2415 2520 561869 70381
754 519 2415 2520 563258 70506
755 523 2414 2520 564669 70601
756 523 2414 2520 566116 70756
757 524 2412 2520 567548 70913
758 527 2412 2520 569005 71129
759 533 2412 2520 570453 71274
760 533 2412 2520 571850 71433
761 537 2409 2520 573455 71576
762 540 2409 2520 575104 71727
763 542 2409 2520 576766 71881
764 543 2408 2520 578440 72090
765 543 2408 2520 580213 72275
766 546 2408 2520 581967 72391
767 548 2408 2520 583688 72583
768 548 2407 2520 585260 72716
769 549 2407 2520 586918 72843
770 550 2407 2520 588682 73003
771 550 2407 2520 590349 73162
772 553 2407 2520 591971 73234
773 555 2407 2520 593560 73397
774 556 2407 2520 595105 73535
775 556 2407 2520 596571 73692
776 557 2406 2520 598275 73846
777 558 2405 2520 600067 74035
778 559 2405 2520 601686 74077
779 559 2405 2520 603160 74211
780 560 2405 2520 604680 74282
781 560 2405 2520 606190 74432
782 561 2405 2520 607617 74552
783 563 2404 2520 608983 74656
784 565 2404 2520 610325 74803
785 567 2404 2520 611766 74917
786 569 2404 2520 613159 75102
787 570 2404 2520 614680 75306
788 570 2404 2520 616111 75429
789 571 2404 2520 617571 75513
790 571 2404 2520 618966 75667
791 572 2404 2520 620304 75765
792 573 2404 2520 621697 75919
793 576 2404 2520 623077 76024
794 577 2404 2520 624549 76215
795 579 2404 2520 625930 76291
796 581 2404 2520 627401 76404
797 583 2403 2520 628848 76569
798 585 2403 2520 630353 76730
799 587 2403 2520 631964 76830
800 589 2403 2520 633618 77038
801 591 2403 2520 635309 77223
802 591 2403 2520 637121 77411
803 591 2403 2520 638768 77603
804 592 2402 2520 640510 77740
805 592 2402 2520 642069 77866
806 593 2402 2520 643681 77948
807 595 2401 2520 645291 78032
808 598 2401 2520 646818 78156
809 598 2401 2520 648289 78307
810 601 2400 2520 649836 78380
811 602 2400 2520 651335 78503
812 605 2400 2520 652857 78527
813 608 2400 2520 654401 78702
814 611 2399 2520 656012 78874
815 612 2399 2520 657621 79025
816 613 2399 2520 659332 79168
817 614 2399 2520 661078 79364
818 617 2399 2520 662791 79521
819 619 2398 2520 664455 79659
820 621 2398 2520 666140 79858
821 623 2398 2520 667894 79991
822 623 2398 2520 669726 80257
823 623 2398 2520 671531 80433
824 624 2398 2520 673357 80584
825 625 2398 2520 675074 80721
826 626 2398 2520 676772 80882
827 628 2396 2520 678535 81093
828 630 2396 2520 680241 81200
829 631 2396 2520 681973 81399
830 632 2396 2520 683614 81520
831 634 2396 2520 685249 81717
832 634 2396 2520 686836 81858
833 635 2396 2520 688434 82027
834 641 2394 2520 689988 82154
835 641 2394 2520 691671 82357
836 641 2394 2520 693254 82504
837 642 2394 2520 694838 82705
838 643 2394 2520 696359 82792
839 645 2394 2520 697945 82962
840 648 2393 2520 699572 83154
841 649 2393 2520 701220 83256
842 651 2393 2520 702816 83421
843 656 2392 2520 704532 83594
844 656 2392 2520 706220 83812
845 660 2391 2520 707993 84004
846 662 2391 2520 709763 84118
847 663 2391 2520 711567 84328
848 663 2389 2520 713331 84534
849 663 2389 2520 715201 84725
850 665 2389 2520 716990 84912
851 665 2389 2520 718772 85071
852 669 2389 2520 720578 85273
853 672 2389 2520 722349 85502
854 674 2389 2520 724159 85723
855 675 2388 2520 725924 85930
856 675 2388 2520 727843 86115
857 676 2388 2520 729739 86245
858 678 2387 2520 731620 86353
859 680 2387 2520 733518 86533
860 680 2387 2520 735343 86665
861 681 2387 2520 737053 86807
862 683 2387 2520 738803 86959
863 685 2387 2520 740457 87156
864 688 2386 2520 742156 87263
865 688 2386 2520 743871 87462
866 690 2385 2520 745633 87663
867 693 2385 2520 747345 87839
868 694 2385 2520 749185 87977
869 697 2384 2520 750924 88171
870 698 2383 2520 752625 88373
871 700 2382 2520 754325 88530
872 700 2382 2520 756203 88757
873 708 2382 2520 758076 88898
874 709 2382 2520 759865 89111
875 710 2382 2520 761715 89353
876 711 2382 2520 763557 89475
877 712 2381 2520 765388 89705
878 713 2381 2520 767254 89896
879 714 2380 2520 769131 90088
880 715 2380 2520 771048 90345
881 716 2380 2520 772962 90475
882 716 2380 2520 774777 90647
883 717 2378 2520 776483 90798
884 719 2377 2520 778209 90958
885 720 2377 2520 780012 91145
886 721 2377 2520 781694 91348
887 724 2377 2520 783460 91484
888 727 2377 2520 785232 91609
889 730 2377 2520 786993 91836
890 731 2377 2520 788789 91936
891 734 2376 2520 790621 92091
892 735 2373 2520 792418 92218
893 738 2372 2520 794356 92420
894 738 2372 2520 796175 92550
895 740 2371 2520 798040 92671
896 741 2370 2520 799946 92913
897 744 2370 2520 801891 93159
898 744 2370 2520 803845 93384
899 749 2368 2520 805770 93552
900 751 2366 2520 807675 93689
901 752 2366 2520 809530 93858
902 756 2366 2520 811450 94073
903 756 2365 2520 813386 94207
904 757 2365 2520 815355 94369
905 759 2365 2520 817191 94493
906 759 2364 2520 819064 94639
907 762 2364 2520 821069 94774
908 766 2363 2520 822889 94971
909 766 2363 2520 824830 95241
910 767 2361 2520 826849 95463
911 769 2361 2520 828724 95622
912 770 2361 2520 830493 95769
913 772 2361 2520 832263 95870
914 773 2361 2520 834072 96054
915 775 2361 2520 835959 96286
916 777 2361 2520 837609 96419
917 777 2361 2520 839461 96618
918 778 2361 2520 841230 96775
919 779 2361 2520 842879 96921
920 780 2361 2520 844634 97081
921 783 2361 2520 846306 97195
922 786 2361 2520 848103 97347
923 788 2360 2520 849883 97588
924 789 2360 2520 851648 97773
925 792 2359 2520 853486 97954
926 792 2359 2520 855234 98160
927 795 2359 2520 856985 98338
928 797 2359 2520 858833 98480
929 798 2359 2520 860712 98692
930 798 2359 2520 862497 98886
931 802 2359 2520 864281 99014
932 803 2359 2520 866105 99160
933 804 2359 2520 867913 99355
934 805 2359 2520 869666 99535
935 810 2359 2520 871430 99652
936 811 2359 2520 873122 99746
937 811 2359 2520 874957 99845
938 813 2359 2520 876771 100047
939 817 2359 2520 878715 100212
940 820 2359 2520 880635 100438
941 822 2359 2520 882512 100574
942 824 2359 2520 884375 100780
943 825 2358 2520 886342 100932
944 827 2358 2520 888270 101103
945 828 2357 2520 890226 101259
946 828 2357 2520 892169 101420
947 828 2357 2520 894078 101630
948 831 2357 2520 895923 101800
949 832 2357 2520 897791 101930
950 833 2357 2520 899765 102097
951 834 2356 2520 901640 102227
952 836 2356 2520 903502 102327
953 840 2354 2520 905376 102581
954 840 2354 2520 907199 102739
955 841 2354 2520 909082 102857
956 842 2354 2520 910983 103056
957 843 2353 2520 912999 103190
958 846 2352 2520 914764 103341
959 851 2352 2520 916604 103479
960 851 2352 2520 918456 103610
961 852 2350 2520 920377 103819
962 855 2349 2520 922268 103981
963 859 2347 2520 924177 104223
964 860 2347 2520 926250 104413
965 860 2347 2520 928178 104686
966 863 2346 2520 930263 104936
967 864 2346 2520 932385 105095
968 864 2345 2520 934433 105276
969 865 2345 2520 936471 105506
970 868 2345 2520 938456 105630
971 869 2345 2520 940497 105891
972 870 2345 2520 942466 106029
973 872 2345 2520 944383 106161
974 875 2344 2520 946229 106316
975 880 2342 2520 948136 106496
976 881 2341 2520 949991 106590
977 883 2341 2520 951970 106777
978 884 2341 2520 953993 106983
979 887 2341 2520 955897 107099
980 889 2341 2520 957826 107283
981 892 2340 2520 959858 107447
982 894 2340 2520 961872 107582
983 896 2340 2520 963750 107801
984 899 2340 2520 965758 107932
985 900 2339 2520 967813 108086
986 902 2339 2520 969947 108256
987 906 2339 2520 971935 108437
988 908 2338 2520 973960 108690
989 909 2337 2520 976183 108847
990 910 2337 2520 978307 109127
991 911 2337 2520 980535 109232
992 913 2337 2520 982696 109354
993 913 2337 2520 984748 109572
994 913 2337 2520 986771 109746
995 914 2337 2520 988846 109901
996 915 2336 2520 990724 110031
997 916 2336 2520 992658 110210
998 919 2335 2520 994485 110286
999 919 2335 2520 996338 110339
1000 919 2335 2520 998063 110395
