0 1 2519 2520 797 501
1 1 2519 2520 815 511
2 1 2519 2520 843 533
3 1 2519 2520 869 547
4 1 2519 2520 904 565
5 1 2519 2520 937 587
6 1 2519 2520 985 608
7 1 2519 2520 1016 621
8 1 2519 2520 1056 643
9 1 2519 2520 1094 655
10 1 2519 2520 1136 667
11 1 2519 2520 1159 669
12 1 2519 2520 1190 678
13 1 2519 2520 1220 688
14 1 2519 2520 1244 693
15 1 2519 2520 1272 698
16 1 2519 2520 1304 705
17 1 2519 2520 1335 714
18 1 2519 2520 1350 722
19 1 2519 2520 1360 723
20 1 2519 2520 1365 724
21 1 2519 2520 1373 727
22 1 2519 2520 1394 730
23 1 2519 2520 1398 732
24 1 2519 2520 1394 730
25 2 2519 2520 1408 730
26 2 2519 2520 1430 738
27 2 2519 2520 1496 757
28 2 2519 2520 1588 794
29 2 2519 2520 1668 813
30 2 2519 2520 1745 834
31 2 2519 2520 1839 867
32 2 2519 2520 1920 889
33 2 2519 2520 1993 906
34 2 2519 2520 2056 928
35 2 2519 2520 2123 954
36 2 2519 2520 2166 969
37 2 2519 2520 2224 989
38 2 2519 2520 2277 1009
39 2 2519 2520 2329 1021
40 2 2519 2520 2375 1033
41 2 2519 2520 2438 1045
42 2 2519 2520 2488 1061
43 2 2519 2520 2522 1073
44 2 2519 2520 2536 1082
45 2 2519 2520 2561 1095
46 2 2519 2520 2586 1105
47 3 2519 2520 2608 1107
48 3 2519 2520 2661 1128
49 3 2519 2520 2759 1163
50 3 2519 2520 2862 1192
51 4 2519 2520 2949 1228
52 4 2519 2520 3063 1266
53 4 2519 2520 3219 1315
54 4 2519 2520 3383 1358
55 4 2519 2520 3543 1418
56 4 2519 2520 3698 1463
57 4 2519 2520 3819 1479
58 4 2519 2520 3954 1514
59 4 2519 2520 4061 1531
60 4 2519 2520 4175 1559
61 4 2519 2520 4276 1584
62 4 2519 2520 4380 1612
63 4 2519 2520 4477 1652
64 4 2519 2520 4582 1682
65 4 2519 2520 4677 1708
66 5 2519 2520 4752 1720
67 6 2519 2520 4846 1747
68 6 2519 2520 4993 1813
69 6 2519 2520 5146 1854
70 7 2519 2520 5335 1900
71 7 2519 2520 5551 1948
72 7 2519 2520 5798 2024
73 8 2519 2520 6041 2070
74 8 2519 2520 6291 2130
75 8 2518 2520 6568 2204
76 8 2518 2520 6879 2257
77 8 2518 2520 7105 2279
78 8 2518 2520 7397 2329
79 8 2518 2520 7620 2389
80 8 2518 2520 7842 2414
81 8 2518 2520 8056 2434
82 8 2518 2520 8271 2479
83 8 2518 2520 8464 2528
84 8 2517 2520 8673 2565
85 8 2517 2520 8837 2576
86 8 2517 2520 9013 2618
87 8 2517 2520 9175 2637
88 8 2517 2520 9334 2660
89 8 2517 2520 9474 2690
90 12 2517 2520 9601 2730
91 13 2517 2520 9800 2764
92 13 2517 2520 10086 2828
93 13 2517 2520 10448 2929
94 13 2517 2520 10817 3016
95 14 2517 2520 11174 3101
96 14 2517 2520 11512 3165
97 14 2517 2520 11867 3208
98 14 2517 2520 12252 3303
99 14 2517 2520 12561 3356
100 14 2516 2520 12913 3424
101 14 2516 2520 13250 3461
102 14 2516 2520 13547 3503
103 15 2516 2520 13837 3539
104 15 2516 2520 14120 3582
105 15 2516 2520 14394 3608
106 15 2516 2520 14665 3636
107 15 2516 2520 14959 3683
108 15 2516 2520 15210 3698
109 15 2516 2520 15429 3756
110 15 2516 2520 15646 3766
111 16 2516 2520 15850 3789
112 16 2516 2520 16067 3837
113 16 2516 2520 16329 3884
114 17 2516 2520 16578 3925
115 19 2516 2520 16856 3978
116 20 2516 2520 17155 4045
117 20 2516 2520 17549 4117
118 20 2516 2520 17923 4187
119 20 2516 2520 18316 4272
120 21 2516 2520 18736 4357
121 21 2516 2520 19122 4424
122 21 2516 2520 19498 4502
123 21 2516 2520 19871 4602
124 21 2516 2520 20205 4692
125 21 2515 2520 20538 4748
126 21 2515 2520 20929 4818
127 21 2515 2520 21280 4854
128 22 2515 2520 21668 4877
129 22 2515 2520 21993 4920
130 22 2515 2520 22295 4960
131 22 2515 2520 22630 5040
132 22 2515 2520 22928 5068
133 22 2515 2520 23191 5125
134 22 2515 2520 23484 5173
135 24 2515 2520 23728 5214
136 24 2515 2520 24023 5288
137 24 2514 2520 24335 5365
138 24 2514 2520 24626 5397
139 24 2514 2520 24952 5442
140 25 2514 2520 25260 5505
141 26 2514 2520 25542 5596
142 27 2514 2520 25971 5685
143 27 2514 2520 26348 5771
144 27 2514 2520 26766 5851
145 27 2514 2520 27194 5896
146 27 2514 2520 27567 5991
147 27 2514 2520 27939 6056
148 27 2514 2520 28300 6160
149 27 2514 2520 28619 6205
150 27 2514 2520 28942 6268
151 29 2514 2520 29274 6330
152 29 2514 2520 29550 6401
153 29 2514 2520 29888 6486
154 30 2514 2520 30200 6517
155 30 2514 2520 30538 6577
156 30 2514 2520 30862 6601
157 30 2514 2520 31181 6654
158 31 2514 2520 31482 6703
159 32 2513 2520 31798 6781
160 32 2513 2520 32148 6836
161 32 2513 2520 32531 6932
162 32 2513 2520 32893 6982
163 33 2513 2520 33238 7038
164 33 2513 2520 33590 7099
165 34 2513 2520 33968 7144
166 34 2513 2520 34340 7187
167 35 2513 2520 34720 7241
168 35 2513 2520 35091 7300
169 35 2513 2520 35491 7378
170 35 2513 2520 35917 7461
171 36 2513 2520 36289 7539
172 36 2513 2520 36693 7615
173 37 2513 2520 37141 7686
174 37 2513 2520 37571 7757
175 37 2513 2520 37962 7861
176 37 2513 2520 38349 7899
177 38 2513 2520 38765 7939
178 38 2513 2520 39183 8008
179 38 2513 2520 39585 8094
180 38 2513 2520 39984 8128
181 39 2513 2520 40353 8221
182 40 2513 2520 40704 8259
183 40 2513 2520 41117 8340
184 40 2513 2520 41546 8395
185 41 2513 2520 41920 8498
186 41 2513 2520 42305 8586
187 41 2513 2520 42718 8655
188 41 2513 2520 43121 8737
189 41 2513 2520 43542 8781
190 42 2513 2520 43906 8815
191 43 2513 2520 44314 8875
192 45 2513 2520 44683 8939
193 46 2513 2520 45119 9010
194 46 2513 2520 45577 9107
195 46 2513 2520 46063 9199
196 46 2513 2520 46610 9290
197 46 2513 2520 47126 9357
198 46 2513 2520 47613 9446
199 47 2513 2520 48029 9496
200 47 2513 2520 48481 9574
201 47 2513 2520 48909 9619
202 49 2513 2520 49346 9699
203 49 2513 2520 49795 9765
204 49 2513 2520 50239 9864
205 51 2512 2520 50716 9895
206 52 2512 2520 51202 10001
207 52 2512 2520 51711 10090
208 52 2512 2520 52254 10142
209 52 2512 2520 52745 10217
210 52 2512 2520 53273 10271
211 52 2512 2520 53791 10363
212 52 2512 2520 54259 10433
213 52 2512 2520 54753 10465
214 54 2512 2520 55168 10534
215 54 2512 2520 55607 10625
216 57 2512 2520 56025 10657
217 57 2512 2520 56519 10729
218 57 2512 2520 57019 10786
219 57 2512 2520 57504 10860
220 57 2512 2520 57975 10953
221 57 2512 2520 58445 11028
222 58 2512 2520 58965 11102
223 58 2512 2520 59441 11196
224 58 2512 2520 59972 11284
225 59 2512 2520 60445 11387
226 59 2512 2520 60908 11475
227 60 2512 2520 61395 11569
228 60 2512 2520 61901 11646
229 61 2512 2520 62394 11723
230 62 2511 2520 62878 11803
231 62 2511 2520 63472 11887
232 63 2511 2520 64031 11957
233 63 2511 2520 64583 12036
234 64 2511 2520 65107 12098
235 64 2511 2520 65635 12205
236 64 2511 2520 66215 12295
237 64 2511 2520 66714 12395
238 64 2511 2520 67274 12480
239 64 2511 2520 67750 12579
240 64 2511 2520 68256 12669
241 66 2511 2520 68735 12722
242 66 2511 2520 69182 12792
243 66 2511 2520 69680 12886
244 70 2511 2520 70190 12984
245 72 2511 2520 70688 13065
246 72 2511 2520 71294 13138
247 72 2511 2520 71890 13278
248 72 2511 2520 72571 13397
249 72 2511 2520 73192 13498
250 72 2510 2520 73781 13584
251 73 2510 2520 74422 13667
252 74 2510 2520 75001 13736
253 74 2510 2520 75622 13827
254 74 2510 2520 76225 13917
255 76 2510 2520 76818 13997
256 76 2510 2520 77442 14048
257 76 2510 2520 78020 14136
258 77 2510 2520 78654 14243
259 77 2509 2520 79283 14335
260 77 2509 2520 79849 14443
261 78 2509 2520 80409 14519
262 79 2509 2520 80960 14572
263 79 2509 2520 81590 14637
264 79 2509 2520 82155 14728
265 79 2509 2520 82764 14792
266 81 2509 2520 83352 14864
267 81 2509 2520 83924 14956
268 82 2509 2520 84458 15050
269 85 2509 2520 84992 15141
270 86 2509 2520 85671 15234
271 86 2509 2520 86358 15329
272 86 2509 2520 87110 15470
273 86 2509 2520 87756 15554
274 86 2509 2520 88466 15682
275 86 2509 2520 89122 15790
276 86 2509 2520 89811 15888
277 87 2509 2520 90381 15959
278 87 2509 2520 90978 16031
279 87 2509 2520 91566 16094
280 89 2509 2520 92237 16168
281 90 2509 2520 92848 16243
282 91 2509 2520 93514 16363
283 91 2509 2520 94178 16507
284 91 2508 2520 94788 16624
285 91 2507 2520 95390 16706
286 91 2507 2520 96015 16822
287 91 2507 2520 96582 16873
288 92 2507 2520 97159 16931
289 92 2507 2520 97667 17032
290 92 2507 2520 98230 17103
291 92 2507 2520 98743 17195
292 94 2507 2520 99265 17239
293 95 2506 2520 99790 17281
294 97 2506 2520 100423 17333
295 97 2506 2520 101061 17430
296 98 2506 2520 101711 17514
297 98 2506 2520 102277 17596
298 98 2505 2520 102910 17672
299 99 2505 2520 103469 17751
300 99 2505 2520 104033 17845
301 100 2504 2520 104737 17925
302 101 2504 2520 105371 17986
303 102 2503 2520 105948 18070
304 102 2503 2520 106591 18186
305 103 2503 2520 107256 18244
306 105 2503 2520 107906 18304
307 107 2503 2520 108521 18419
308 107 2503 2520 109196 18538
309 107 2503 2520 109887 18632
310 108 2503 2520 110552 18697
311 108 2503 2520 111236 18744
312 110 2503 2520 111924 18821
313 111 2503 2520 112552 18892
314 111 2503 2520 113249 18961
315 111 2503 2520 113886 19037
316 111 2503 2520 114529 19151
317 111 2503 2520 115173 19217
318 111 2503 2520 115736 19281
319 111 2503 2520 116344 19357
320 111 2503 2520 116904 19445
321 112 2503 2520 117500 19554
322 112 2503 2520 118045 19640
323 112 2503 2520 118604 19702
324 113 2503 2520 119123 19730
325 115 2503 2520 119628 19816
326 115 2503 2520 120158 19909
327 115 2503 2520 120676 19958
328 116 2503 2520 121217 20033
329 116 2502 2520 121755 20100
330 118 2502 2520 122328 20201
331 118 2502 2520 122883 20276
332 118 2502 2520 123531 20388
333 118 2502 2520 124164 20484
334 118 2502 2520 124773 20563
335 119 2502 2520 125462 20643
336 119 2502 2520 126039 20746
337 119 2502 2520 126601 20816
338 119 2502 2520 127215 20885
339 119 2502 2520 127711 20986
340 120 2502 2520 128287 21042
341 120 2502 2520 128841 21079
342 121 2502 2520 129342 21164
343 121 2502 2520 129817 21230
344 121 2502 2520 130359 21280
345 123 2502 2520 130814 21327
346 124 2502 2520 131354 21403
347 124 2502 2520 131893 21490
348 124 2502 2520 132456 21569
349 127 2502 2520 133003 21647
350 128 2502 2520 133591 21706
351 129 2501 2520 134225 21773
352 134 2501 2520 134958 21876
353 134 2501 2520 135856 22025
354 134 2501 2520 136753 22196
355 134 2501 2520 137611 22329
356 135 2501 2520 138486 22472
357 136 2501 2520 139294 22573
358 137 2501 2520 140051 22675
359 138 2501 2520 140884 22775
360 139 2501 2520 141696 22871
361 139 2501 2520 142542 22981
362 139 2501 2520 143377 23113
363 139 2501 2520 144182 23195
364 139 2500 2520 144949 23302
365 139 2500 2520 145631 23415
366 139 2500 2520 146334 23498
367 139 2500 2520 147061 23585
368 139 2500 2520 147708 23670
369 139 2500 2520 148357 23758
370 139 2500 2520 149060 23830
371 139 2500 2520 149718 23888
372 140 2500 2520 150363 23975
373 141 2500 2520 150903 24076
374 142 2500 2520 151526 24161
375 143 2499 2520 152127 24228
376 143 2499 2520 152793 24349
377 144 2499 2520 153445 24456
378 145 2499 2520 154088 24589
379 147 2499 2520 154703 24691
380 148 2499 2520 155391 24826
381 150 2499 2520 156095 24885
382 151 2499 2520 156897 25037
383 151 2498 2520 157775 25165
384 151 2498 2520 158639 25319
385 151 2497 2520 159391 25432
386 151 2497 2520 160258 25556
387 151 2497 2520 161094 25633
388 152 2497 2520 161838 25700
389 152 2497 2520 162559 25788
390 153 2497 2520 163315 25872
391 154 2497 2520 164012 25888
392 154 2496 2520 164740 25950
393 155 2496 2520 165412 26072
394 156 2496 2520 166062 26130
395 156 2496 2520 166687 26222
396 157 2496 2520 167306 26289
397 157 2494 2520 167972 26390
398 158 2494 2520 168635 26489
399 159 2494 2520 169234 26596
400 159 2493 2520 169924 26682
401 161 2493 2520 170580 26773
402 165 2493 2520 171264 26875
403 165 2492 2520 172025 26988
404 165 2492 2520 172952 27091
405 165 2492 2520 173841 27244
406 166 2492 2520 174698 27360
407 166 2492 2520 175610 27500
408 166 2492 2520 176435 27591
409 167 2492 2520 177308 27708
410 167 2492 2520 178069 27796
411 169 2492 2520 178891 27905
412 172 2491 2520 179778 28012
413 172 2491 2520 180637 28127
414 173 2491 2520 181488 28221
415 174 2491 2520 182321 28326
416 174 2491 2520 183095 28427
417 177 2490 2520 183922 28538
418 177 2490 2520 184788 28654
419 178 2490 2520 185659 28764
420 180 2490 2520 186539 28887
421 180 2490 2520 187417 29007
422 180 2490 2520 188438 29199
423 180 2490 2520 189383 29294
424 181 2490 2520 190371 29393
425 182 2490 2520 191291 29553
426 184 2490 2520 192168 29651
427 184 2490 2520 193178 29815
428 186 2490 2520 194225 29980
429 186 2489 2520 195219 30075
430 187 2489 2520 196237 30252
431 187 2489 2520 197255 30402
432 187 2489 2520 198292 30540
433 188 2489 2520 199309 30643
434 190 2489 2520 200232 30728
435 190 2489 2520 201153 30839
436 192 2489 2520 202062 30991
437 192 2489 2520 202996 31051
438 192 2489 2520 203913 31154
439 194 2489 2520 204835 31275
440 194 2489 2520 205711 31373
441 196 2488 2520 206678 31523
442 196 2488 2520 207643 31608
443 197 2488 2520 208646 31714
444 198 2488 2520 209541 31854
445 198 2488 2520 210495 31960
446 198 2487 2520 211406 32060
447 200 2487 2520 212343 32106
448 201 2487 2520 213314 32280
449 202 2487 2520 214261 32354
450 202 2487 2520 215187 32467
451 203 2487 2520 216075 32570
452 204 2487 2520 217045 32745
453 206 2487 2520 217950 32862
454 208 2487 2520 218889 32908
455 209 2487 2520 219864 33048
456 209 2487 2520 220863 33150
457 210 2487 2520 221871 33287
458 210 2487 2520 222874 33463
459 211 2487 2520 223811 33568
460 211 2486 2520 224736 33672
461 211 2486 2520 225665 33813
462 211 2486 2520 226649 33919
463 212 2486 2520 227541 34047
464 212 2486 2520 228437 34160
465 213 2486 2520 229383 34271
466 215 2486 2520 230201 34388
467 217 2486 2520 230950 34499
468 219 2485 2520 231854 34602
469 221 2485 2520 232757 34682
470 222 2485 2520 233726 34787
471 223 2485 2520 234699 34905
472 223 2485 2520 235719 35047
473 225 2485 2520 236813 35205
474 226 2485 2520 237909 35357
475 228 2485 2520 238996 35465
476 229 2485 2520 240248 35659
477 230 2484 2520 241367 35876
478 230 2482 2520 242496 36031
479 231 2482 2520 243716 36178
480 231 2481 2520 244880 36282
481 231 2481 2520 246076 36410
482 234 2481 2520 247152 36547
483 234 2481 2520 248249 36679
484 234 2481 2520 249350 36843
485 234 2481 2520 250370 36937
486 235 2478 2520 251439 37037
487 235 2478 2520 252523 37205
488 236 2478 2520 253536 37297
489 236 2478 2520 254581 37364
490 239 2478 2520 255571 37447
491 239 2478 2520 256617 37555
492 240 2478 2520 257602 37665
493 241 2477 2520 258583 37778
494 241 2477 2520 259632 37908
495 242 2477 2520 260615 38049
496 245 2477 2520 261613 38188
497 247 2477 2520 262517 38286
498 248 2477 2520 263536 38396
499 249 2477 2520 264566 38481
500 250 2476 2520 265662 38635
501 251 2476 2520 266779 38826
502 252 2475 2520 267865 38943
503 253 2475 2520 269027 39084
504 256 2475 2520 270206 39231
505 257 2473 2520 271398 39367
506 261 2473 2520 272614 39590
507 261 2473 2520 273889 39759
508 261 2473 2520 275230 39926
509 262 2472 2520 276536 40114
510 262 2470 2520 277857 40220
511 262 2470 2520 279077 40403
512 262 2469 2520 280318 40536
513 263 2468 2520 281522 40611
514 266 2467 2520 282693 40705
515 267 2467 2520 283884 40796
516 269 2467 2520 285017 40891
517 270 2467 2520 286246 40985
518 270 2467 2520 287438 41128
519 273 2467 2520 288667 41169
520 274 2467 2520 289783 41283
521 276 2467 2520 291015 41438
522 278 2467 2520 292233 41548
523 279 2467 2520 293478 41705
524 279 2467 2520 294726 41805
525 280 2467 2520 296002 41932
526 281 2467 2520 297279 42072
527 281 2466 2520 298570 42228
528 281 2466 2520 299861 42377
529 282 2466 2520 300972 42480
530 282 2466 2520 302289 42598
531 282 2466 2520 303505 42734
532 283 2466 2520 304669 42844
533 284 2466 2520 305790 42972
534 286 2466 2520 306939 43096
535 287 2466 2520 308035 43197
536 290 2466 2520 309144 43344
537 290 2466 2520 310265 43492
538 293 2465 2520 311553 43675
539 293 2465 2520 312721 43823
540 293 2465 2520 313934 43918
541 296 2465 2520 315219 44151
542 298 2465 2520 316482 44323
543 299 2465 2520 317702 44466
544 301 2465 2520 318976 44632
545 301 2465 2520 320195 44810
546 301 2465 2520 321456 45021
547 304 2465 2520 322639 45138
548 305 2464 2520 323939 45297
549 306 2464 2520 325217 45426
550 306 2464 2520 326464 45579
551 306 2464 2520 327651 45720
552 307 2464 2520 328891 45844
553 309 2464 2520 330199 45952
554 310 2464 2520 331344 46034
555 310 2463 2520 332528 46173
556 310 2463 2520 333665 46266
557 310 2463 2520 334753 46404
558 312 2463 2520 335857 46488
559 313 2463 2520 336938 46624
560 314 2463 2520 338040 46775
561 316 2463 2520 339177 46878
562 316 2462 2520 340283 47012
563 319 2462 2520 341335 47119
564 322 2462 2520 342551 47229
565 324 2461 2520 343828 47357
566 326 2461 2520 345082 47517
567 326 2460 2520 346375 47682
568 332 2460 2520 347701 47824
569 334 2460 2520 349169 47990
570 335 2460 2520 350721 48151
571 336 2459 2520 352267 48344
572 336 2459 2520 353860 48460
573 337 2459 2520 355383 48572
574 337 2459 2520 356909 48718
575 339 2459 2520 358303 48789
576 339 2459 2520 359708 48881
577 339 2459 2520 361112 48979
578 339 2459 2520 362367 49129
579 340 2458 2520 363691 49226
580 340 2458 2520 364967 49338
581 342 2458 2520 366200 49492
582 342 2458 2520 367463 49604
583 342 2458 2520 368678 49715
584 343 2458 2520 369830 49890
585 344 2458 2520 370981 50049
586 345 2458 2520 372122 50182
587 345 2457 2520 373234 50330
588 345 2457 2520 374360 50479
589 347 2457 2520 375537 50598
590 349 2457 2520 376678 50694
591 349 2456 2520 377791 50886
592 349 2456 2520 378895 50942
593 353 2456 2520 379983 51042
594 354 2456 2520 381135 51169
595 356 2456 2520 382266 51277
596 357 2456 2520 383292 51391
597 360 2456 2520 384433 51486
598 360 2456 2520 385625 51652
599 362 2456 2520 386807 51786
600 363 2456 2520 388104 51939
601 367 2456 2520 389306 52018
602 368 2456 2520 390557 52148
603 368 2455 2520 391833 52254
604 370 2453 2520 393103 52345
605 370 2453 2520 394461 52494
606 372 2452 2520 395771 52654
607 373 2451 2520 397135 52764
608 374 2451 2520 398510 52955
609 375 2451 2520 399844 53134
610 375 2451 2520 401127 53288
611 376 2451 2520 402429 53345
612 377 2451 2520 403795 53499
613 379 2451 2520 405236 53697
614 379 2451 2520 406597 53829
615 379 2451 2520 407998 53961
616 380 2451 2520 409331 54122
617 383 2451 2520 410658 54234
618 384 2450 2520 411941 54419
619 385 2450 2520 413309 54544
620 388 2450 2520 414599 54697
621 390 2450 2520 415996 54878
622 391 2450 2520 417376 55086
623 391 2450 2520 418735 55261
624 391 2450 2520 420038 55404
625 394 2450 2520 421416 55555
626 396 2450 2520 422748 55685
627 398 2450 2520 424244 55873
628 399 2450 2520 425652 56034
629 400 2450 2520 427176 56230
630 400 2450 2520 428632 56415
631 403 2450 2520 430100 56571
632 407 2448 2520 431570 56738
633 409 2448 2520 433053 56841
634 409 2448 2520 434640 56992
635 410 2448 2520 436157 57107
636 411 2448 2520 437626 57288
637 411 2447 2520 439183 57458
638 412 2447 2520 440705 57599
639 413 2447 2520 442201 57784
640 414 2447 2520 443544 57955
641 418 2447 2520 445073 58099
642 420 2447 2520 446522 58252
643 422 2447 2520 448079 58429
644 424 2447 2520 449557 58587
645 424 2446 2520 451175 58754
646 424 2446 2520 452746 58924
647 426 2446 2520 454269 59113
648 427 2446 2520 455757 59279
649 427 2446 2520 457232 59418
650 429 2446 2520 458674 59584
651 430 2446 2520 460138 59728
652 431 2446 2520 461589 59897
653 432 2446 2520 462973 60032
654 433 2446 2520 464399 60160
655 436 2445 2520 465792 60319
656 437 2445 2520 467207 60466
657 437 2445 2520 468590 60606
658 439 2445 2520 470086 60765
659 441 2445 2520 471503 60900
660 443 2445 2520 472963 61032
661 443 2445 2520 474415 61236
662 444 2445 2520 475798 61368
663 445 2445 2520 477220 61518
664 445 2445 2520 478647 61639
665 446 2445 2520 480033 61737
666 448 2445 2520 481311 61852
667 449 2444 2520 482763 61976
668 450 2444 2520 484002 62114
669 451 2444 2520 485352 62234
670 454 2444 2520 486691 62355
671 456 2444 2520 488019 62510
672 457 2444 2520 489446 62648
673 458 2443 2520 490856 62782
674 459 2443 2520 492273 62985
675 463 2442 2520 493792 63121
676 463 2442 2520 495377 63320
677 466 2442 2520 497008 63505
678 466 2442 2520 498613 63666
679 466 2442 2520 500169 63859
680 467 2442 2520 501776 63977
681 469 2441 2520 503337 64158
682 472 2441 2520 504987 64346
683 474 2441 2520 506588 64585
684 478 2441 2520 508127 64772
685 478 2441 2520 509827 65010
686 481 2441 2520 511424 65181
687 482 2440 2520 513054 65374
688 482 2440 2520 514649 65528
689 483 2439 2520 516406 65730
690 485 2439 2520 518039 65913
691 486 2439 2520 519621 66123
692 486 2438 2520 521182 66364
693 488 2438 2520 522713 66566
694 488 2438 2520 524308 66706
695 490 2438 2520 525844 66822
696 492 2438 2520 527430 66960
697 495 2437 2520 528972 67157
698 496 2435 2520 530610 67304
699 496 2434 2520 532278 67469
700 498 2434 2520 533967 67755
701 499 2432 2520 535596 67959
702 499 2432 2520 537277 68114
703 500 2432 2520 538858 68255
704 500 2432 2520 540485 68450
705 503 2432 2520 542021 68645
706 503 2432 2520 543581 68730
707 504 2432 2520 545155 68895
708 508 2432 2520 546655 69014
709 510 2432 2520 548261 69189
710 510 2432 2520 549886 69403
711 511 2432 2520 551543 69586
712 517 2431 2520 553172 69841
713 519 2431 2520 554887 70023
714 521 2431 2520 556546 70145
715 522 2431 2520 558391 70296
716 523 2431 2520 560131 70469
717 527 2431 2520 561858 70683
718 531 2431 2520 563638 70941
719 532 2431 2520 565425 71101
720 534 2431 2520 567224 71365
721 534 2430 2520 569073 71579
722 534 2429 2520 570990 71768
723 534 2429 2520 572729 71967
724 538 2429 2520 574410 72152
725 540 2429 2520 576200 72289
726 541 2428 2520 577964 72450
727 541 2427 2520 579696 72667
728 543 2426 2520 581530 72718
729 545 2426 2520 583287 72832
730 546 2426 2520 585037 72973
731 548 2426 2520 586689 73141
732 549 2425 2520 588407 73241
733 551 2424 2520 590016 73345
734 553 2423 2520 591735 73503
735 555 2423 2520 593376 73655
736 556 2423 2520 595131 73812
737 558 2423 2520 596901 73986
738 558 2423 2520 598691 74218
739 559 2422 2520 600422 74355
740 560 2422 2520 602079 74449
741 564 2421 2520 603800 74589
742 565 2420 2520 605506 74789
743 571 2419 2520 607268 74992
744 571 2419 2520 609003 75163
745 574 2419 2520 610856 75344
746 574 2419 2520 612726 75531
747 575 2419 2520 614618 75705
748 575 2419 2520 616466 75895
749 577 2419 2520 618327 76048
750 581 2419 2520 620184 76212
751 582 2418 2520 622020 76343
752 586 2417 2520 623971 76523
753 586 2417 2520 625872 76711
754 590 2416 2520 627809 76841
755 590 2416 2520 629515 77031
756 592 2415 2520 631504 77172
757 594 2415 2520 633472 77359
758 596 2415 2520 635496 77467
759 596 2415 2520 637521 77712
760 599 2415 2520 639423 77906
761 599 2415 2520 641435 78117
762 600 2415 2520 643308 78260
763 602 2415 2520 645086 78413
764 604 2415 2520 647005 78588
765 606 2415 2520 648844 78683
766 606 2415 2520 650573 78851
767 606 2415 2520 652263 79003
768 609 2415 2520 654058 79162
769 612 2414 2520 655801 79365
770 613 2414 2520 657518 79511
771 613 2414 2520 659187 79658
772 613 2414 2520 661189 79877
773 615 2414 2520 662898 80091
774 615 2414 2520 664671 80270
775 615 2414 2520 666440 80445
776 616 2413 2520 668058 80599
777 622 2412 2520 669701 80723
778 626 2412 2520 671374 80927
779 628 2412 2520 673179 81076
780 630 2411 2520 675019 81279
781 633 2411 2520 676881 81426
782 636 2411 2520 678840 81553
783 636 2411 2520 680717 81801
784 637 2411 2520 682570 81950
785 640 2411 2520 684475 82146
786 641 2411 2520 686295 82243
787 642 2410 2520 688112 82435
788 644 2408 2520 689962 82537
789 646 2407 2520 691804 82684
790 648 2407 2520 693614 82829
791 650 2406 2520 695569 83016
792 653 2406 2520 697473 83202
793 654 2405 2520 699330 83346
794 655 2405 2520 701206 83487
795 656 2405 2520 703188 83637
796 659 2405 2520 705208 83851
797 661 2404 2520 707170 84052
798 661 2404 2520 709052 84178
799 663 2404 2520 710966 84346
800 665 2404 2520 712900 84487
801 666 2404 2520 714805 84583
802 669 2404 2520 716661 84789
803 669 2403 2520 718528 84922
804 670 2403 2520 720339 85136
805 672 2402 2520 722301 85316
806 673 2401 2520 724210 85436
807 674 2400 2520 726004 85568
808 675 2400 2520 727865 85804
809 677 2399 2520 729665 85973
810 678 2399 2520 731458 86132
811 682 2399 2520 733348 86313
812 683 2398 2520 735141 86436
813 686 2398 2520 737060 86632
814 687 2397 2520 738984 86734
815 689 2397 2520 740953 86925
816 693 2397 2520 742934 87071
817 699 2397 2520 744859 87241
818 701 2396 2520 746939 87374
819 701 2396 2520 749061 87487
820 702 2395 2520 751185 87751
821 702 2394 2520 753155 87907
822 703 2394 2520 755196 88116
823 705 2392 2520 757221 88253
824 705 2392 2520 759271 88349
825 707 2391 2520 761338 88538
826 709 2391 2520 763253 88693
827 710 2391 2520 765098 88877
828 710 2391 2520 767071 89051
829 713 2389 2520 769006 89178
830 718 2389 2520 770920 89315
831 718 2389 2520 772862 89494
832 718 2389 2520 774864 89607
833 718 2389 2520 776812 89715
834 721 2388 2520 778807 89931
835 721 2388 2520 780662 90205
836 722 2388 2520 782493 90260
837 724 2388 2520 784296 90315
838 728 2387 2520 786135 90478
839 733 2387 2520 787853 90626
840 734 2386 2520 789783 90770
841 736 2386 2520 791690 90990
842 737 2385 2520 793637 91185
843 737 2385 2520 795707 91301
844 738 2385 2520 797603 91490
845 739 2385 2520 799568 91661
846 744 2385 2520 801407 91793
847 746 2385 2520 803213 91930
848 750 2385 2520 805035 92108
849 750 2385 2520 806996 92297
850 753 2385 2520 808863 92441
851 754 2385 2520 810697 92609
852 755 2385 2520 812670 92780
853 756 2385 2520 814542 93022
854 759 2385 2520 816438 93105
855 762 2385 2520 818429 93322
856 762 2385 2520 820299 93429
857 765 2385 2520 822268 93630
858 767 2384 2520 824155 93760
859 771 2383 2520 826175 93903
860 772 2382 2520 828266 94038
861 774 2381 2520 830281 94146
862 774 2380 2520 832354 94363
863 777 2380 2520 834255 94520
864 781 2380 2520 836313 94770
865 783 2380 2520 838409 94952
866 784 2380 2520 840557 95164
867 786 2380 2520 842707 95320
868 786 2380 2520 844892 95533
869 786 2380 2520 846978 95687
870 788 2380 2520 849204 95968
871 792 2380 2520 851216 96174
872 792 2379 2520 853321 96344
873 793 2379 2520 855433 96514
874 796 2379 2520 857512 96694
875 802 2379 2520 859496 96890
876 805 2379 2520 861606 97127
877 808 2379 2520 863749 97306
878 810 2378 2520 865975 97540
879 812 2375 2520 868185 97734
880 812 2373 2520 870515 97921
881 813 2371 2520 872703 98059
882 814 2371 2520 874972 98374
883 815 2370 2520 877235 98556
884 818 2369 2520 879499 98752
885 819 2369 2520 881816 98903
886 823 2368 2520 884050 99097
887 825 2368 2520 886197 99276
888 826 2368 2520 888528 99476
889 826 2368 2520 890830 99657
890 827 2367 2520 893055 99908
891 830 2367 2520 895315 100063
892 831 2365 2520 897536 100258
893 831 2365 2520 899706 100425
894 833 2365 2520 901856 100672
895 834 2365 2520 903981 100789
896 836 2365 2520 905965 101026
897 842 2365 2520 908086 101211
898 844 2365 2520 910262 101457
899 847 2364 2520 912329 101713
900 848 2364 2520 914622 101861
901 850 2364 2520 916817 102007
902 853 2364 2520 919017 102309
903 856 2364 2520 921287 102523
904 860 2364 2520 923469 102661
905 862 2364 2520 925619 102881
906 863 2364 2520 927892 103097
907 863 2364 2520 930198 103294
908 863 2364 2520 932520 103506
909 866 2364 2520 934654 103697
910 867 2364 2520 936887 103903
911 869 2364 2520 939007 104065
912 871 2364 2520 941235 104297
913 873 2364 2520 943414 104457
914 878 2364 2520 945557 104616
915 878 2364 2520 947636 104825
916 880 2364 2520 949980 104984
917 883 2363 2520 952170 105099
918 886 2361 2520 954465 105279
919 888 2360 2520 956673 105488
920 891 2359 2520 958924 105700
921 893 2359 2520 961352 105913
922 895 2359 2520 963731 106040
923 898 2358 2520 966149 106196
924 899 2357 2520 968505 106395
925 899 2356 2520 970876 106561
926 902 2356 2520 973317 106820
927 903 2356 2520 975666 106969
928 905 2356 2520 977988 107237
929 910 2356 2520 980205 107383
930 911 2356 2520 982590 107607
931 911 2356 2520 984844 107704
932 912 2356 2520 987104 107991
933 915 2356 2520 989273 108245
934 915 2356 2520 991503 108358
935 916 2356 2520 993712 108488
936 918 2356 2520 995749 108706
937 920 2356 2520 997852 108869
938 924 2353 2520 999959 109086
939 927 2353 2520 1002082 109282
940 931 2352 2520 1004234 109461
941 933 2351 2520 1006450 109706
942 937 2351 2520 1008697 109825
943 938 2350 2520 1010989 110000
944 939 2350 2520 1013417 110246
945 941 2350 2520 1015752 110383
946 943 2350 2520 1018102 110541
947 945 2349 2520 1020477 110753
948 950 2349 2520 1022660 110933
949 953 2349 2520 1024979 111161
950 954 2348 2520 1027281 111440
951 955 2347 2520 1029601 111600
952 957 2347 2520 1031956 111875
953 958 2347 2520 1034349 112025
954 962 2347 2520 1036665 112228
955 963 2347 2520 1038904 112380
956 964 2347 2520 1041149 112566
957 967 2347 2520 1043472 112850
958 967 2347 2520 1045642 113043
959 968 2346 2520 1047919 113204
960 968 2346 2520 1050014 113448
961 970 2346 2520 1052122 113580
962 970 2346 2520 1054302 113692
963 973 2344 2520 1056398 113865
964 975 2343 2520 1058340 114030
965 978 2343 2520 1060238 114200
966 982 2342 2520 1062366 114393
967 984 2341 2520 1064430 114546
968 984 2341 2520 1066447 114694
969 985 2341 2520 1068532 114888
970 992 2339 2520 1070794 115064
971 996 2339 2520 1073023 115208
972 1000 2338 2520 1075279 115441
973 1001 2338 2520 1077621 115602
974 1003 2338 2520 1080039 115863
975 1005 2337 2520 1082304 116062
976 1006 2336 2520 1084583 116250
977 1009 2334 2520 1086844 116387
978 1010 2332 2520 1089070 116621
979 1010 2331 2520 1091504 116814
980 1011 2330 2520 1093866 117005
981 1014 2330 2520 1096195 117178
982 1017 2330 2520 1098438 117355
983 1017 2329 2520 1100702 117506
984 1020 2329 2520 1103088 117634
985 1022 2327 2520 1105221 117817
986 1022 2327 2520 1107372 117968
987 1025 2327 2520 1109478 118116
988 1028 2325 2520 1111648 118311
989 1032 2323 2520 1113766 118481
990 1036 2322 2520 1116067 118631
991 1039 2322 2520 1118424 118781
992 1041 2322 2520 1120829 119010
993 1043 2321 2520 1123247 119180
994 1046 2321 2520 1125647 119394
995 1051 2321 2520 1128168 119565
996 1051 2321 2520 1130721 119777
997 1053 2321 2520 1133242 120002
998 1057 2320 2520 1135670 120192
999 1060 2319 2520 1138194 120421
1000 1062 2319 2520 1140762 120619
