0 1 2519 2520 794 499
1 1 2519 2520 827 524
2 1 2519 2520 866 552
3 1 2519 2520 908 571
4 1 2519 2520 952 589
5 1 2519 2520 1019 612
6 1 2519 2520 1068 636
7 1 2519 2520 1104 655
8 1 2519 2520 1158 676
9 1 2519 2520 1202 691
10 1 2519 2520 1244 701
11 1 2519 2520 1278 708
12 1 2519 2520 1306 718
13 1 2519 2520 1327 727
14 1 2519 2520 1334 725
15 2 2519 2520 1332 725
16 2 2519 2520 1368 738
17 2 2519 2520 1483 778
18 2 2519 2520 1582 827
19 2 2519 2520 1709 879
20 2 2519 2520 1805 920
21 2 2519 2520 1900 962
22 2 2519 2520 2005 1006
23 2 2519 2520 2096 1032
24 2 2519 2520 2178 1059
25 2 2519 2520 2267 1068
26 2 2519 2520 2347 1092
27 2 2519 2520 2404 1106
28 2 2519 2520 2441 1107
29 2 2519 2520 2489 1120
30 2 2519 2520 2529 1128
31 2 2519 2520 2572 1138
32 2 2519 2520 2604 1147
33 2 2519 2520 2619 1151
34 3 2519 2520 2643 1159
35 3 2519 2520 2682 1170
36 4 2519 2520 2776 1214
37 4 2519 2520 2902 1249
38 4 2519 2520 3103 1326
39 4 2519 2520 3282 1379
40 4 2519 2520 3505 1440
41 4 2519 2520 3697 1504
42 4 2519 2520 3844 1540
43 4 2519 2520 4024 1586
44 4 2519 2520 4162 1617
45 4 2519 2520 4341 1645
46 4 2519 2520 4460 1679
47 4 2519 2520 4584 1704
48 4 2519 2520 4708 1742
49 4 2519 2520 4816 1775
50 4 2519 2520 4898 1793
51 4 2519 2520 4958 1820
52 4 2519 2520 5047 1849
53 4 2519 2520 5115 1872
54 5 2519 2520 5147 1884
55 5 2519 2520 5230 1894
56 6 2519 2520 5350 1933
57 6 2519 2520 5457 1958
58 6 2519 2520 5634 2015
59 6 2519 2520 5840 2063
60 7 2519 2520 6021 2140
61 8 2519 2520 6221 2194
62 8 2519 2520 6473 2240
63 8 2519 2520 6816 2320
64 8 2519 2520 7129 2405
65 8 2518 2520 7426 2464
66 8 2518 2520 7695 2523
67 8 2518 2520 7948 2555
68 8 2518 2520 8197 2587
69 8 2518 2520 8397 2588
70 8 2518 2520 8649 2633
71 8 2518 2520 8861 2661
72 8 2517 2520 9004 2665
73 9 2517 2520 9170 2678
74 9 2517 2520 9331 2708
75 9 2517 2520 9542 2752
76 11 2517 2520 9727 2770
77 11 2517 2520 9932 2813
78 12 2517 2520 10227 2882
79 12 2517 2520 10515 2942
80 13 2517 2520 10852 3042
81 13 2517 2520 11197 3092
82 13 2517 2520 11502 3153
83 13 2517 2520 11785 3199
84 14 2517 2520 12106 3264
85 14 2517 2520 12422 3306
86 15 2517 2520 12773 3372
87 15 2517 2520 13089 3430
88 16 2517 2520 13410 3488
89 16 2517 2520 13723 3537
90 16 2517 2520 14077 3600
91 16 2517 2520 14463 3657
92 16 2517 2520 14810 3689
93 16 2517 2520 15141 3770
94 16 2516 2520 15474 3813
95 17 2515 2520 15845 3880
96 17 2515 2520 16207 3904
97 17 2515 2520 16593 3972
98 17 2515 2520 16954 4013
99 17 2515 2520 17295 4063
100 17 2515 2520 17616 4114
101 17 2515 2520 17858 4159
102 17 2515 2520 18132 4201
103 17 2515 2520 18378 4209
104 18 2515 2520 18648 4265
105 18 2515 2520 18846 4313
106 18 2515 2520 19101 4355
107 18 2515 2520 19334 4403
108 19 2515 2520 19532 4460
109 20 2515 2520 19773 4521
110 20 2515 2520 20038 4562
111 21 2515 2520 20277 4635
112 22 2515 2520 20527 4687
113 22 2515 2520 20852 4727
114 24 2515 2520 21190 4789
115 25 2515 2520 21511 4855
116 26 2515 2520 21928 4937
117 26 2515 2520 22340 5025
118 26 2515 2520 22764 5110
119 26 2515 2520 23203 5208
120 27 2515 2520 23590 5314
121 27 2515 2520 24036 5406
122 27 2515 2520 24421 5458
123 27 2515 2520 24871 5548
124 27 2515 2520 25284 5603
125 27 2515 2520 25687 5711
126 27 2515 2520 26050 5761
127 28 2515 2520 26429 5812
128 28 2515 2520 26734 5833
129 28 2515 2520 27063 5878
130 28 2514 2520 27429 5915
131 28 2514 2520 27754 5950
132 28 2514 2520 28132 5988
133 28 2514 2520 28451 6035
134 28 2514 2520 28714 6052
135 28 2514 2520 29017 6109
136 28 2514 2520 29273 6112
137 28 2514 2520 29513 6146
138 29 2514 2520 29752 6194
139 29 2514 2520 30000 6229
140 29 2514 2520 30309 6264
141 31 2513 2520 30583 6321
142 31 2513 2520 30871 6373
143 31 2513 2520 31178 6440
144 32 2513 2520 31506 6505
145 32 2513 2520 31840 6583
146 33 2513 2520 32168 6611
147 34 2513 2520 32524 6684
148 34 2513 2520 32909 6766
149 34 2513 2520 33270 6847
150 34 2513 2520 33636 6907
151 34 2513 2520 34002 6959
152 34 2513 2520 34372 7022
153 34 2513 2520 34718 7058
154 34 2513 2520 35081 7138
155 35 2513 2520 35400 7157
156 35 2513 2520 35718 7220
157 35 2513 2520 36059 7260
158 35 2513 2520 36377 7290
159 35 2513 2520 36653 7351
160 35 2513 2520 36933 7395
161 35 2513 2520 37164 7430
162 36 2513 2520 37428 7480
163 36 2513 2520 37721 7537
164 37 2513 2520 37975 7592
165 37 2513 2520 38263 7646
166 37 2513 2520 38561 7694
167 38 2513 2520 38868 7741
168 38 2513 2520 39185 7812
169 39 2513 2520 39522 7875
170 40 2513 2520 39875 7939
171 40 2513 2520 40229 8008
172 41 2513 2520 40602 8086
173 41 2513 2520 40975 8132
174 41 2513 2520 41301 8188
175 42 2513 2520 41658 8251
176 42 2513 2520 42020 8320
177 42 2513 2520 42431 8401
178 42 2513 2520 42796 8504
179 42 2513 2520 43127 8567
180 42 2513 2520 43507 8623
181 42 2512 2520 43885 8672
182 42 2512 2520 44197 8721
183 42 2512 2520 44519 8761
184 44 2512 2520 44798 8814
185 44 2512 2520 45113 8884
186 44 2512 2520 45484 8954
187 44 2512 2520 45825 8986
188 44 2512 2520 46159 9026
189 45 2512 2520 46476 9080
190 46 2512 2520 46790 9128
191 46 2512 2520 47146 9201
192 46 2512 2520 47497 9240
193 46 2512 2520 47834 9308
194 47 2512 2520 48194 9376
195 47 2512 2520 48556 9437
196 48 2512 2520 48923 9480
197 48 2512 2520 49299 9560
198 49 2512 2520 49672 9626
199 49 2512 2520 50021 9664
200 49 2512 2520 50395 9752
201 49 2512 2520 50840 9826
202 50 2512 2520 51181 9862
203 50 2512 2520 51551 9924
204 50 2512 2520 51941 10006
205 52 2512 2520 52298 10059
206 52 2512 2520 52671 10129
207 52 2512 2520 53073 10228
208 52 2512 2520 53467 10312
209 52 2512 2520 53854 10396
210 52 2512 2520 54256 10456
211 53 2512 2520 54622 10497
212 54 2512 2520 55007 10561
213 54 2512 2520 55394 10618
214 54 2512 2520 55796 10666
215 54 2512 2520 56236 10735
216 55 2512 2520 56603 10823
217 55 2512 2520 57035 10920
218 56 2512 2520 57456 10988
219 57 2512 2520 57856 11072
220 57 2512 2520 58297 11158
221 57 2512 2520 58700 11237
222 58 2512 2520 59122 11307
223 58 2512 2520 59585 11403
224 58 2512 2520 60059 11473
225 59 2512 2520 60461 11538
226 59 2512 2520 60902 11646
227 60 2512 2520 61351 11721
228 60 2512 2520 61810 11799
229 61 2512 2520 62259 11867
230 61 2512 2520 62700 11918
231 62 2511 2520 63090 11996
232 62 2511 2520 63586 12074
233 62 2511 2520 64039 12159
234 62 2511 2520 64516 12223
235 62 2511 2520 65025 12272
236 62 2511 2520 65468 12327
237 62 2511 2520 65924 12377
238 63 2511 2520 66326 12414
239 63 2511 2520 66730 12476
240 63 2511 2520 67194 12541
241 63 2511 2520 67613 12558
242 64 2511 2520 68041 12625
243 65 2511 2520 68408 12656
244 65 2511 2520 68832 12731
245 67 2511 2520 69233 12791
246 67 2511 2520 69691 12870
247 68 2511 2520 70167 12973
248 68 2511 2520 70669 13039
249 68 2511 2520 71190 13137
250 68 2510 2520 71684 13212
251 68 2510 2520 72178 13274
252 69 2510 2520 72681 13357
253 70 2510 2520 73170 13423
254 70 2510 2520 73658 13514
255 71 2510 2520 74181 13555
256 72 2510 2520 74636 13666
257 73 2510 2520 75132 13737
258 74 2510 2520 75596 13785
259 74 2510 2520 76092 13824
260 75 2510 2520 76600 13868
261 76 2510 2520 77212 13954
262 76 2510 2520 77759 14052
263 76 2510 2520 78386 14114
264 76 2510 2520 78896 14184
265 76 2510 2520 79431 14259
266 76 2510 2520 80044 14336
267 78 2510 2520 80562 14370
268 79 2510 2520 81110 14437
269 79 2510 2520 81638 14525
270 81 2510 2520 82278 14637
271 81 2510 2520 82926 14720
272 82 2510 2520 83585 14866
273 82 2510 2520 84235 14962
274 82 2510 2520 84833 15082
275 82 2510 2520 85429 15127
276 82 2509 2520 85971 15206
277 83 2509 2520 86564 15277
278 83 2509 2520 87133 15319
279 84 2509 2520 87699 15415
280 84 2509 2520 88264 15521
281 86 2509 2520 88857 15604
282 86 2509 2520 89393 15686
283 86 2509 2520 89943 15784
284 86 2509 2520 90477 15874
285 87 2509 2520 90937 15937
286 88 2509 2520 91474 16010
287 88 2508 2520 92077 16071
288 89 2508 2520 92708 16145
289 90 2508 2520 93250 16268
290 90 2508 2520 93786 16339
291 90 2508 2520 94301 16410
292 90 2508 2520 94867 16498
293 90 2508 2520 95427 16566
294 90 2508 2520 95963 16665
295 94 2508 2520 96484 16726
296 95 2508 2520 97071 16809
297 96 2508 2520 97740 16924
298 96 2508 2520 98295 17009
299 98 2508 2520 98962 17072
300 98 2508 2520 99603 17195
301 99 2508 2520 100347 17301
302 100 2508 2520 100999 17365
303 101 2508 2520 101766 17470
304 101 2508 2520 102484 17601
305 101 2508 2520 103265 17716
306 101 2507 2520 104013 17786
307 101 2507 2520 104749 17869
308 102 2507 2520 105522 17975
309 102 2505 2520 106190 18064
310 102 2505 2520 106850 18129
311 102 2505 2520 107492 18191
312 102 2505 2520 108171 18261
313 102 2505 2520 108778 18307
314 102 2505 2520 109361 18367
315 102 2505 2520 109954 18422
316 102 2505 2520 110483 18470
317 103 2505 2520 110981 18537
318 104 2505 2520 111490 18627
319 105 2505 2520 111988 18677
320 105 2504 2520 112557 18775
321 106 2504 2520 113136 18866
322 109 2504 2520 113715 18915
323 109 2504 2520 114377 19033
324 110 2504 2520 115069 19132
325 110 2504 2520 115741 19241
326 111 2504 2520 116439 19344
327 111 2504 2520 117159 19451
328 111 2504 2520 117884 19582
329 111 2504 2520 118526 19667
330 113 2504 2520 119245 19769
331 114 2504 2520 119872 19854
332 114 2503 2520 120542 19948
333 115 2503 2520 121225 20013
334 116 2503 2520 121873 20062
335 116 2503 2520 122529 20131
336 116 2503 2520 123182 20209
337 117 2503 2520 123822 20297
338 117 2503 2520 124421 20354
339 117 2503 2520 124990 20406
340 120 2503 2520 125572 20476
341 121 2503 2520 126188 20518
342 122 2503 2520 126854 20616
343 122 2503 2520 127573 20712
344 122 2503 2520 128308 20807
345 124 2503 2520 129024 20942
346 124 2503 2520 129780 21040
347 125 2503 2520 130508 21157
348 125 2503 2520 131283 21290
349 125 2503 2520 131967 21415
350 127 2503 2520 132716 21527
351 127 2503 2520 133426 21671
352 127 2502 2520 134180 21760
353 127 2502 2520 134913 21892
354 128 2502 2520 135613 21987
355 129 2501 2520 136360 22116
356 131 2501 2520 137135 22253
357 133 2501 2520 137827 22308
358 133 2501 2520 138591 22423
359 133 2501 2520 139381 22552
360 134 2501 2520 140137 22666
361 134 2501 2520 140897 22776
362 134 2500 2520 141642 22892
363 135 2499 2520 142309 22963
364 136 2499 2520 142998 23070
365 136 2499 2520 143732 23168
366 136 2499 2520 144449 23274
367 138 2499 2520 145136 23406
368 140 2499 2520 145800 23495
369 140 2498 2520 146617 23613
370 141 2498 2520 147373 23750
371 142 2498 2520 148110 23806
372 142 2498 2520 148867 23902
373 142 2498 2520 149626 23980
374 145 2498 2520 150412 24080
375 145 2498 2520 151187 24225
376 145 2498 2520 152021 24327
377 145 2498 2520 152883 24440
378 145 2498 2520 153624 24568
379 145 2498 2520 154382 24694
380 145 2498 2520 155119 24838
381 145 2498 2520 155823 24932
382 145 2498 2520 156501 25041
383 147 2498 2520 157138 25118
384 147 2498 2520 157839 25238
385 147 2498 2520 158507 25316
386 148 2498 2520 159204 25401
387 148 2498 2520 159845 25503
388 149 2498 2520 160494 25616
389 149 2498 2520 161111 25752
390 150 2498 2520 161739 25881
391 152 2498 2520 162338 26031
392 152 2498 2520 163026 26166
393 153 2498 2520 163689 26233
394 154 2498 2520 164350 26329
395 155 2498 2520 165085 26400
396 156 2498 2520 165845 26520
397 157 2498 2520 166688 26656
398 159 2498 2520 167494 26746
399 159 2498 2520 168324 26877
400 160 2498 2520 169188 27014
401 162 2498 2520 170088 27152
402 163 2498 2520 170914 27247
403 165 2498 2520 171783 27400
404 165 2498 2520 172630 27506
405 166 2498 2520 173563 27659
406 168 2498 2520 174429 27761
407 168 2498 2520 175379 27923
408 168 2497 2520 176283 28021
409 169 2497 2520 177209 28123
410 169 2497 2520 178104 28273
411 169 2497 2520 178923 28360
412 170 2496 2520 179797 28454
413 170 2496 2520 180583 28570
414 170 2495 2520 181422 28681
415 170 2495 2520 182240 28750
416 170 2494 2520 183052 28863
417 170 2494 2520 183865 28935
418 173 2494 2520 184639 29039
419 174 2494 2520 185426 29167
420 174 2494 2520 186259 29260
421 175 2494 2520 187053 29344
422 177 2494 2520 187939 29452
423 178 2494 2520 188775 29566
424 179 2494 2520 189693 29711
425 180 2493 2520 190580 29804
426 181 2493 2520 191584 29939
427 181 2493 2520 192536 30075
428 182 2493 2520 193478 30221
429 182 2493 2520 194458 30353
430 182 2493 2520 195453 30521
431 182 2493 2520 196360 30678
432 184 2493 2520 197240 30799
433 185 2492 2520 198185 30905
434 186 2492 2520 199068 31071
435 188 2492 2520 199995 31174
436 189 2492 2520 200944 31303
437 191 2491 2520 201866 31433
438 191 2491 2520 202850 31637
439 191 2491 2520 203851 31797
440 192 2491 2520 204790 31926
441 193 2491 2520 205757 32018
442 194 2491 2520 206727 32125
443 196 2491 2520 207666 32217
444 196 2490 2520 208631 32381
445 196 2490 2520 209581 32514
446 199 2490 2520 210579 32621
447 200 2489 2520 211569 32748
448 201 2489 2520 212599 32908
449 202 2489 2520 213607 33019
450 202 2489 2520 214618 33128
451 202 2489 2520 215723 33288
452 202 2489 2520 216706 33476
453 204 2489 2520 217666 33558
454 207 2489 2520 218607 33672
455 208 2489 2520 219701 33806
456 209 2489 2520 220717 33974
457 210 2489 2520 221745 34097
458 211 2487 2520 222833 34215
459 211 2487 2520 223937 34345
460 212 2487 2520 225007 34479
461 215 2487 2520 226011 34604
462 215 2487 2520 227012 34741
463 216 2487 2520 228022 34864
464 216 2487 2520 229012 34964
465 217 2486 2520 230018 35071
466 218 2486 2520 230974 35198
467 220 2486 2520 231925 35269
468 221 2485 2520 232963 35387
469 221 2485 2520 233914 35502
470 222 2485 2520 234963 35661
471 223 2485 2520 235931 35822
472 223 2485 2520 237025 35904
473 224 2485 2520 238065 36035
474 225 2484 2520 239174 36159
475 226 2484 2520 240209 36241
476 227 2484 2520 241177 36338
477 228 2484 2520 242355 36458
478 228 2484 2520 243388 36568
479 228 2484 2520 244504 36735
480 230 2484 2520 245556 36854
481 230 2484 2520 246537 36909
482 232 2484 2520 247571 37057
483 235 2484 2520 248592 37196
484 236 2484 2520 249736 37354
485 237 2483 2520 250761 37475
486 237 2483 2520 251887 37658
487 237 2482 2520 252929 37790
488 239 2482 2520 254051 37901
489 239 2481 2520 255169 37998
490 239 2480 2520 256301 38074
491 240 2480 2520 257379 38186
492 244 2480 2520 258417 38269
493 245 2480 2520 259499 38372
494 246 2480 2520 260558 38452
495 247 2480 2520 261713 38517
496 249 2480 2520 262812 38609
497 250 2480 2520 263913 38712
498 250 2480 2520 265034 38802
499 253 2480 2520 266064 38923
500 254 2480 2520 267175 38993
501 254 2480 2520 268391 39198
502 256 2480 2520 269541 39316
503 256 2480 2520 270591 39455
504 257 2480 2520 271749 39572
505 258 2480 2520 272872 39731
506 259 2480 2520 274036 39871
507 260 2480 2520 275147 39980
508 261 2480 2520 276254 40115
509 261 2480 2520 277429 40203
510 262 2480 2520 278491 40348
511 262 2480 2520 279671 40451
512 264 2480 2520 280743 40549
513 265 2480 2520 281786 40648
514 266 2480 2520 282843 40775
515 267 2480 2520 283892 40911
516 267 2480 2520 284911 40989
517 269 2479 2520 285984 41083
518 271 2479 2520 287053 41157
519 272 2479 2520 288162 41314
520 273 2479 2520 289354 41420
521 274 2479 2520 290499 41485
522 278 2479 2520 291671 41590
523 279 2479 2520 292885 41770
524 279 2479 2520 294230 41998
525 279 2479 2520 295512 42190
526 281 2479 2520 296744 42335
527 284 2479 2520 298011 42425
528 286 2478 2520 299176 42556
529 286 2478 2520 300430 42733
530 286 2478 2520 301696 42877
531 286 2477 2520 302991 43043
532 286 2477 2520 304214 43198
533 286 2477 2520 305404 43298
534 286 2477 2520 306580 43418
535 289 2477 2520 307718 43551
536 289 2477 2520 308850 43659
537 289 2477 2520 309957 43798
538 289 2476 2520 311086 43929
539 290 2476 2520 312197 44014
540 291 2476 2520 313280 44147
541 293 2476 2520 314269 44202
542 294 2476 2520 315343 44304
543 295 2476 2520 316278 44397
544 296 2475 2520 317289 44529
545 298 2475 2520 318309 44680
546 301 2475 2520 319391 44812
547 304 2475 2520 320586 44984
548 304 2475 2520 321758 45137
549 305 2475 2520 322998 45307
550 307 2475 2520 324248 45449
551 308 2475 2520 325527 45641
552 308 2474 2520 326800 45775
553 308 2474 2520 328062 45874
554 310 2473 2520 329234 45997
555 315 2473 2520 330495 46125
556 315 2473 2520 331755 46239
557 318 2473 2520 333149 46375
558 318 2473 2520 334547 46549
559 320 2473 2520 335831 46648
560 322 2473 2520 337150 46788
561 323 2473 2520 338565 46963
562 324 2473 2520 339952 47120
563 325 2473 2520 341372 47316
564 326 2472 2520 342723 47412
565 326 2471 2520 344095 47519
566 326 2470 2520 345391 47637
567 326 2470 2520 346827 47815
568 327 2469 2520 348144 47870
569 328 2469 2520 349371 48044
570 328 2469 2520 350615 48161
571 328 2469 2520 351918 48327
572 328 2469 2520 353118 48460
573 328 2469 2520 354377 48530
574 331 2469 2520 355506 48656
575 332 2469 2520 356640 48760
576 332 2469 2520 357817 48887
577 335 2469 2520 358887 49046
578 337 2469 2520 359912 49151
579 339 2469 2520 361051 49258
580 339 2469 2520 362235 49429
581 340 2469 2520 363364 49505
582 342 2469 2520 364676 49629
583 344 2468 2520 365880 49807
584 344 2468 2520 367084 49926
585 344 2468 2520 368362 50057
586 347 2467 2520 369628 50216
587 347 2467 2520 370891 50317
588 350 2467 2520 372308 50501
589 353 2467 2520 373628 50624
590 354 2467 2520 375001 50845
591 354 2467 2520 376300 50972
592 354 2467 2520 377611 51096
593 356 2467 2520 378904 51212
594 357 2467 2520 380173 51340
595 360 2467 2520 381382 51477
596 362 2467 2520 382697 51654
597 363 2467 2520 384068 51838
598 364 2467 2520 385487 51998
599 365 2467 2520 386881 52129
600 366 2467 2520 388315 52233
601 366 2467 2520 389700 52435
602 368 2467 2520 391107 52569
603 368 2467 2520 392551 52697
604 368 2467 2520 393824 52828
605 370 2467 2520 395115 52987
606 372 2466 2520 396384 53145
607 373 2466 2520 397661 53335
608 374 2466 2520 398916 53481
609 374 2466 2520 400181 53567
610 375 2465 2520 401523 53753
611 377 2464 2520 402781 53892
612 378 2464 2520 404151 54042
613 381 2464 2520 405525 54207
614 383 2464 2520 406915 54348
615 384 2464 2520 408305 54523
616 387 2463 2520 409771 54619
617 387 2463 2520 411191 54789
618 388 2462 2520 412535 54935
619 390 2462 2520 414013 55093
620 391 2462 2520 415410 55262
621 393 2461 2520 416871 55457
622 393 2461 2520 418367 55623
623 396 2458 2520 419876 55778
624 396 2458 2520 421396 55892
625 396 2458 2520 422875 56083
626 396 2457 2520 424262 56220
627 397 2457 2520 425667 56359
628 397 2457 2520 427029 56525
629 401 2457 2520 428383 56610
630 403 2457 2520 429595 56795
631 405 2457 2520 430932 56944
632 406 2457 2520 432267 57076
633 409 2457 2520 433614 57146
634 409 2457 2520 435056 57328
635 409 2457 2520 436403 57449
636 411 2457 2520 437764 57589
637 413 2455 2520 439068 57711
638 413 2455 2520 440398 57870
639 415 2455 2520 441902 58047
640 417 2454 2520 443285 58198
641 418 2454 2520 444783 58359
642 419 2453 2520 446230 58540
643 420 2453 2520 447729 58699
644 422 2453 2520 449242 58881
645 422 2452 2520 450767 59068
646 424 2452 2520 452218 59163
647 424 2452 2520 453814 59309
648 427 2451 2520 455364 59518
649 431 2451 2520 456878 59660
650 431 2451 2520 458612 59950
651 432 2451 2520 460285 60135
652 433 2451 2520 461801 60238
653 435 2450 2520 463377 60413
654 437 2450 2520 465046 60661
655 437 2450 2520 466632 60750
656 438 2450 2520 468349 60917
657 440 2450 2520 469877 61067
658 440 2449 2520 471453 61209
659 443 2449 2520 472999 61389
660 444 2449 2520 474520 61645
661 444 2449 2520 475987 61768
662 446 2448 2520 477554 61933
663 448 2448 2520 479111 62061
664 449 2447 2520 480638 62206
665 451 2447 2520 482264 62430
666 451 2447 2520 483883 62541
667 452 2447 2520 485415 62696
668 453 2447 2520 486969 62849
669 453 2447 2520 488429 63009
670 454 2446 2520 489884 63127
671 455 2446 2520 491296 63264
672 457 2445 2520 492768 63402
673 460 2445 2520 494190 63525
674 461 2445 2520 495628 63655
675 464 2445 2520 497030 63817
676 466 2445 2520 498537 63999
677 469 2445 2520 500123 64193
678 472 2445 2520 501664 64435
679 475 2444 2520 503354 64625
680 476 2444 2520 505054 64833
681 476 2444 2520 506823 65089
682 478 2444 2520 508484 65290
683 479 2444 2520 510226 65507
684 479 2444 2520 511909 65698
685 479 2444 2520 513557 65915
686 480 2444 2520 515122 66104
687 484 2444 2520 516814 66303
688 484 2444 2520 518362 66476
689 486 2444 2520 520055 66670
690 486 2444 2520 521707 66860
691 488 2444 2520 523367 67076
692 489 2444 2520 524916 67262
693 490 2443 2520 526454 67327
694 491 2443 2520 527903 67430
695 491 2442 2520 529263 67567
696 493 2441 2520 530794 67708
697 494 2441 2520 532337 67952
698 494 2441 2520 533846 68093
699 497 2441 2520 535378 68294
700 500 2441 2520 536824 68491
701 500 2441 2520 538281 68673
702 502 2441 2520 539749 68830
703 504 2441 2520 541181 69001
704 508 2441 2520 542620 69213
705 511 2441 2520 544183 69375
706 511 2441 2520 545812 69578
707 514 2441 2520 547459 69740
708 517 2441 2520 549076 69863
709 519 2441 2520 550759 70055
710 520 2441 2520 552501 70297
711 520 2441 2520 554296 70472
712 521 2441 2520 556010 70650
713 523 2440 2520 557747 70882
714 524 2438 2520 559569 71053
715 524 2438 2520 561295 71247
716 526 2438 2520 562975 71401
717 527 2438 2520 564679 71660
718 530 2437 2520 566299 71894
719 530 2437 2520 568010 72134
720 530 2436 2520 569700 72344
721 531 2436 2520 571429 72515
722 534 2436 2520 573094 72693
723 536 2436 2520 574768 72862
724 536 2435 2520 576364 73026
725 537 2435 2520 578070 73139
726 541 2434 2520 579586 73266
727 542 2434 2520 581223 73442
728 544 2434 2520 582819 73562
729 545 2434 2520 584487 73679
730 545 2433 2520 586181 73826
731 545 2432 2520 587808 74013
732 547 2432 2520 589420 74176
733 549 2431 2520 591013 74273
734 550 2431 2520 592570 74406
735 552 2431 2520 594066 74542
736 555 2431 2520 595659 74670
737 557 2431 2520 597210 74842
738 560 2431 2520 598812 74928
739 562 2431 2520 600481 75096
740 565 2431 2520 602058 75292
741 568 2431 2520 603774 75387
742 568 2430 2520 605510 75510
743 570 2429 2520 607262 75705
744 573 2429 2520 609041 75888
745 575 2429 2520 610844 76049
746 575 2428 2520 612700 76263
747 578 2428 2520 614549 76375
748 579 2427 2520 616465 76631
749 579 2426 2520 618260 76775
750 580 2426 2520 620189 76944
751 582 2424 2520 622011 77107
752 583 2424 2520 623789 77308
753 584 2424 2520 625636 77359
754 584 2424 2520 627392 77534
755 584 2423 2520 629047 77662
756 585 2423 2520 630704 77834
757 586 2423 2520 632362 77963
758 586 2423 2520 634134 78129
759 587 2423 2520 635812 78328
760 588 2423 2520 637376 78453
761 589 2423 2520 639015 78587
762 591 2423 2520 640562 78750
763 592 2421 2520 642127 78820
764 592 2421 2520 643747 78965
765 594 2421 2520 645215 79096
766 594 2421 2520 646693 79247
767 600 2421 2520 648151 79421
768 601 2421 2520 649688 79532
769 602 2421 2520 651236 79671
770 606 2421 2520 652749 79787
771 609 2421 2520 654250 79946
772 610 2421 2520 656000 80111
773 612 2420 2520 657599 80268
774 616 2418 2520 659288 80413
775 618 2418 2520 661104 80587
776 620 2418 2520 662896 80745
777 622 2417 2520 664740 80987
778 623 2417 2520 666609 81165
779 625 2417 2520 668356 81326
780 628 2417 2520 670251 81527
781 631 2417 2520 672160 81638
782 632 2416 2520 673945 81812
783 635 2415 2520 675876 81990
784 637 2415 2520 677708 82159
785 638 2415 2520 679572 82267
786 639 2414 2520 681401 82446
787 640 2414 2520 683303 82629
788 641 2414 2520 685169 82824
789 642 2412 2520 687018 82957
790 645 2412 2520 688856 83108
791 646 2411 2520 690701 83304
792 649 2409 2520 692445 83469
793 649 2408 2520 694378 83631
794 650 2408 2520 696137 83817
795 652 2407 2520 698004 83967
796 654 2407 2520 699904 84191
797 656 2406 2520 701729 84384
798 657 2406 2520 703545 84517
799 658 2406 2520 705379 84728
800 660 2406 2520 707112 84872
801 666 2406 2520 708996 85032
802 668 2406 2520 710873 85246
803 670 2406 2520 712908 85456
804 670 2405 2520 714880 85640
805 672 2404 2520 717058 85824
806 672 2404 2520 719024 86065
807 672 2404 2520 720998 86230
808 674 2403 2520 722943 86366
809 676 2403 2520 724962 86473
810 679 2400 2520 726807 86693
811 682 2400 2520 728874 86875
812 684 2400 2520 730936 87067
813 684 2399 2520 732952 87249
814 685 2399 2520 734974 87453
815 686 2399 2520 736966 87569
816 689 2399 2520 738976 87770
817 689 2399 2520 740749 87958
818 691 2399 2520 742589 88081
819 693 2399 2520 744400 88246
820 697 2398 2520 746049 88416
821 697 2398 2520 747690 88571
822 700 2398 2520 749410 88803
823 703 2398 2520 751082 88926
824 705 2398 2520 752947 89085
825 705 2398 2520 754821 89238
826 708 2398 2520 756670 89412
827 708 2398 2520 758538 89581
828 708 2398 2520 760281 89742
829 709 2398 2520 762029 89902
830 710 2398 2520 763776 90123
831 711 2397 2520 765618 90260
832 713 2397 2520 767336 90338
833 717 2397 2520 769090 90500
834 719 2397 2520 770896 90630
835 719 2397 2520 772827 90808
836 721 2397 2520 774541 90950
837 722 2397 2520 776368 91097
838 725 2397 2520 778205 91285
839 726 2396 2520 779975 91403
840 727 2396 2520 781801 91574
841 728 2396 2520 783567 91720
842 730 2396 2520 785435 91866
843 730 2396 2520 787277 92016
844 732 2396 2520 789099 92150
845 733 2396 2520 790860 92291
846 735 2395 2520 792703 92444
847 737 2394 2520 794419 92599
848 737 2393 2520 796191 92678
849 737 2393 2520 797961 92791
850 738 2393 2520 799727 92911
851 742 2393 2520 801378 93086
852 746 2393 2520 803156 93179
853 750 2393 2520 805043 93386
854 750 2393 2520 806907 93627
855 752 2393 2520 808867 93822
856 754 2393 2520 810807 93967
857 756 2391 2520 812680 94153
858 757 2390 2520 814586 94280
859 757 2390 2520 816664 94470
860 757 2390 2520 818568 94629
861 759 2390 2520 820361 94766
862 762 2389 2520 822206 94869
863 763 2389 2520 824109 95037
864 766 2389 2520 825993 95192
865 768 2389 2520 827892 95388
866 769 2389 2520 829742 95564
867 771 2389 2520 831636 95686
868 773 2389 2520 833640 95841
869 776 2389 2520 835613 96104
870 778 2389 2520 837496 96223
871 778 2388 2520 839360 96339
872 780 2388 2520 841359 96529
873 782 2387 2520 843328 96779
874 783 2387 2520 845255 96875
875 787 2387 2520 847174 97026
876 787 2386 2520 849151 97189
877 790 2386 2520 851186 97366
878 791 2386 2520 853310 97545
879 795 2386 2520 855490 97804
880 799 2386 2520 857610 98013
881 800 2386 2520 859775 98208
882 802 2386 2520 861893 98421
883 803 2386 2520 864056 98569
884 805 2386 2520 866243 98669
885 806 2386 2520 868385 98876
886 807 2386 2520 870459 99089
887 808 2385 2520 872424 99299
888 808 2385 2520 874453 99481
889 812 2384 2520 876462 99718
890 813 2383 2520 878420 99845
891 814 2383 2520 880363 99997
892 816 2383 2520 882375 100139
893 819 2383 2520 884330 100279
894 821 2382 2520 886247 100428
895 822 2381 2520 888269 100613
896 824 2381 2520 890239 100811
897 828 2381 2520 892137 100918
898 830 2380 2520 894166 101051
899 832 2380 2520 896355 101217
900 835 2379 2520 898503 101401
901 837 2379 2520 900720 101546
902 842 2379 2520 902869 101708
903 844 2379 2520 904977 101873
904 849 2378 2520 907243 102071
905 851 2377 2520 909504 102332
906 853 2376 2520 911946 102542
907 854 2376 2520 914229 102720
908 856 2376 2520 916398 102920
909 858 2375 2520 918677 103122
910 861 2375 2520 920868 103361
911 862 2374 2520 923171 103599
912 864 2374 2520 925383 103833
913 866 2374 2520 927589 104024
914 867 2373 2520 929816 104198
915 867 2372 2520 932101 104400
916 869 2372 2520 934303 104643
917 869 2372 2520 936479 104803
918 869 2371 2520 938590 104975
919 871 2370 2520 940677 105133
920 872 2370 2520 942620 105249
921 873 2370 2520 944522 105383
922 876 2369 2520 946489 105583
923 879 2369 2520 948508 105797
924 880 2369 2520 950571 105956
925 884 2369 2520 952774 106150
926 886 2369 2520 954928 106314
927 887 2368 2520 957039 106428
928 890 2368 2520 959206 106618
929 891 2368 2520 961359 106795
930 892 2368 2520 963549 107007
931 894 2367 2520 965682 107114
932 895 2367 2520 967882 107249
933 900 2367 2520 969895 107448
934 902 2367 2520 972162 107690
935 903 2367 2520 974446 107844
936 904 2367 2520 976724 108082
937 908 2367 2520 978940 108266
938 910 2367 2520 981220 108457
939 913 2367 2520 983443 108651
940 913 2366 2520 985689 108884
941 914 2366 2520 988007 109113
942 915 2366 2520 990243 109220
943 916 2366 2520 992319 109401
944 918 2366 2520 994436 109553
945 920 2365 2520 996577 109739
946 923 2364 2520 998697 109844
947 926 2363 2520 1000781 109977
948 926 2363 2520 1002960 110108
949 930 2363 2520 1005138 110425
950 932 2363 2520 1007365 110595
951 937 2363 2520 1009577 110822
952 939 2362 2520 1011915 111009
953 943 2362 2520 1014288 111149
954 944 2362 2520 1016537 111428
955 946 2362 2520 1018968 111682
956 947 2362 2520 1021316 111838
957 952 2362 2520 1023619 112012
958 953 2362 2520 1025939 112234
959 954 2362 2520 1028355 112480
960 956 2362 2520 1030797 112733
961 958 2362 2520 1033038 112906
962 962 2362 2520 1035347 113085
963 963 2362 2520 1037648 113292
964 965 2362 2520 1039959 113443
965 968 2361 2520 1042195 113550
966 973 2361 2520 1044550 113734
967 976 2360 2520 1046886 113957
968 979 2359 2520 1049389 114239
969 981 2359 2520 1051711 114358
970 981 2359 2520 1054093 114608
971 985 2358 2520 1056488 114689
972 986 2358 2520 1058835 114915
973 988 2358 2520 1061390 115119
974 992 2356 2520 1063804 115289
975 999 2355 2520 1066322 115594
976 1000 2354 2520 1068940 115877
977 1004 2354 2520 1071544 116162
978 1008 2353 2520 1074312 116487
979 1008 2353 2520 1076987 116716
980 1008 2353 2520 1079672 116884
981 1010 2353 2520 1082330 117084
982 1012 2352 2520 1084792 117242
983 1012 2352 2520 1087210 117455
984 1014 2352 2520 1089720 117666
985 1016 2351 2520 1092089 117886
986 1017 2350 2520 1094499 118083
987 1018 2348 2520 1096833 118289
988 1021 2348 2520 1099263 118520
989 1024 2348 2520 1101593 118729
990 1026 2347 2520 1103898 118922
991 1029 2346 2520 1106248 119118
992 1031 2345 2520 1108611 119297
993 1034 2345 2520 1111050 119543
994 1037 2345 2520 1113638 119809
995 1037 2345 2520 1115926 119986
996 1041 2345 2520 1118370 120155
997 1045 2345 2520 1120688 120321
998 1048 2345 2520 1123057 120536
999 1051 2345 2520 1125593 120734
1000 1053 2344 2520 1128135 120940
