0 1 2519 2520 795 499
1 1 2519 2520 819 512
2 1 2519 2520 858 540
3 1 2519 2520 916 578
4 1 2519 2520 968 604
5 1 2519 2520 1002 630
6 1 2519 2520 1043 656
7 1 2519 2520 1096 678
8 1 2519 2520 1148 702
9 1 2519 2520 1202 730
10 1 2519 2520 1230 742
11 1 2519 2520 1276 761
12 1 2519 2520 1296 758
13 1 2519 2520 1323 766
14 1 2519 2520 1348 775
15 1 2519 2520 1366 783
16 1 2519 2520 1383 783
17 1 2519 2520 1392 789
18 1 2519 2520 1412 799
19 1 2519 2520 1432 801
20 1 2519 2520 1445 799
21 1 2519 2520 1442 793
22 2 2519 2520 1456 799
23 2 2519 2520 1479 805
24 2 2519 2520 1579 851
25 2 2519 2520 1688 896
26 2 2519 2520 1802 944
27 2 2519 2520 1932 1000
28 2 2519 2520 2045 1036
29 2 2519 2520 2154 1066
30 2 2519 2520 2244 1093
31 2 2519 2520 2340 1121
32 2 2519 2520 2416 1130
33 2 2519 2520 2498 1153
34 2 2519 2520 2541 1160
35 2 2519 2520 2570 1173
36 2 2519 2520 2611 1195
37 2 2519 2520 2648 1194
38 3 2519 2520 2683 1201
39 3 2519 2520 2732 1225
40 4 2519 2520 2818 1258
41 4 2519 2520 2934 1301
42 4 2519 2520 3111 1370
43 4 2519 2520 3299 1438
44 4 2519 2520 3487 1498
45 4 2519 2520 3681 1573
46 4 2519 2520 3872 1629
47 4 2519 2520 4019 1678
48 4 2519 2520 4173 1718
49 4 2519 2520 4302 1735
50 4 2519 2520 4404 1768
51 4 2519 2520 4535 1800
52 4 2519 2520 4632 1824
53 4 2519 2520 4719 1854
54 5 2519 2520 4832 1893
55 5 2519 2520 4950 1917
56 5 2519 2520 5094 1978
57 5 2519 2520 5221 2007
58 5 2519 2520 5358 2050
59 5 2519 2520 5499 2069
60 5 2519 2520 5621 2103
61 5 2519 2520 5728 2136
62 7 2519 2520 5815 2157
63 8 2519 2520 5983 2190
64 8 2519 2520 6193 2264
65 8 2519 2520 6475 2348
66 8 2519 2520 6789 2422
67 8 2519 2520 7093 2477
68 8 2519 2520 7388 2552
69 8 2519 2520 7685 2580
70 8 2519 2520 7964 2637
71 8 2519 2520 8203 2686
72 8 2519 2520 8431 2740
73 9 2518 2520 8641 2766
74 9 2518 2520 8840 2799
75 9 2518 2520 9111 2864
76 9 2518 2520 9347 2903
77 9 2518 2520 9575 2954
78 9 2518 2520 9820 3022
79 9 2518 2520 10014 3052
80 10 2518 2520 10200 3070
81 11 2518 2520 10392 3123
82 12 2518 2520 10625 3160
83 13 2518 2520 10894 3232
84 13 2517 2520 11188 3304
85 13 2517 2520 11537 3353
86 14 2517 2520 11864 3421
87 14 2517 2520 12210 3455
88 15 2517 2520 12599 3520
89 15 2517 2520 12983 3594
90 15 2517 2520 13386 3666
91 15 2517 2520 13742 3736
92 15 2517 2520 14132 3785
93 15 2517 2520 14471 3830
94 16 2517 2520 14800 3878
95 16 2516 2520 15129 3929
96 16 2516 2520 15476 3986
97 16 2516 2520 15798 4025
98 16 2516 2520 16118 4091
99 16 2516 2520 16412 4166
100 16 2516 2520 16661 4206
101 16 2516 2520 16960 4268
102 16 2516 2520 17227 4337
103 17 2516 2520 17452 4416
104 17 2516 2520 17666 4451
105 18 2516 2520 17899 4478
106 18 2516 2520 18168 4544
107 22 2516 2520 18420 4592
108 22 2516 2520 18772 4707
109 22 2516 2520 19196 4814
110 22 2516 2520 19611 4904
111 22 2516 2520 20028 5005
112 22 2516 2520 20464 5064
113 22 2516 2520 20876 5195
114 22 2516 2520 21320 5279
115 22 2516 2520 21735 5363
116 22 2516 2520 22104 5440
117 22 2516 2520 22444 5492
118 22 2516 2520 22782 5554
119 22 2516 2520 23120 5599
120 23 2516 2520 23471 5678
121 23 2516 2520 23786 5741
122 24 2516 2520 24122 5765
123 24 2516 2520 24432 5813
124 24 2516 2520 24751 5872
125 25 2516 2520 25053 5918
126 25 2515 2520 25386 5981
127 25 2515 2520 25702 6024
128 26 2515 2520 26083 6059
129 28 2515 2520 26495 6161
130 29 2515 2520 26824 6210
131 29 2515 2520 27296 6323
132 30 2514 2520 27732 6377
133 31 2514 2520 28228 6476
134 31 2514 2520 28800 6556
135 31 2514 2520 29321 6628
136 31 2514 2520 29828 6710
137 31 2514 2520 30295 6797
138 32 2514 2520 30766 6885
139 32 2514 2520 31245 6965
140 32 2514 2520 31704 7038
141 32 2514 2520 32194 7108
142 32 2514 2520 32662 7202
143 33 2514 2520 33045 7258
144 33 2514 2520 33481 7332
145 33 2514 2520 33958 7379
146 33 2514 2520 34374 7467
147 33 2514 2520 34710 7536
148 33 2514 2520 35119 7639
149 35 2514 2520 35458 7706
150 36 2514 2520 35827 7801
151 36 2514 2520 36219 7881
152 36 2514 2520 36632 8015
153 36 2514 2520 37067 8131
154 37 2514 2520 37472 8208
155 37 2514 2520 37904 8296
156 37 2514 2520 38353 8379
157 37 2514 2520 38804 8472
158 37 2514 2520 39170 8534
159 37 2514 2520 39554 8617
160 39 2514 2520 39926 8709
161 39 2514 2520 40295 8810
162 40 2514 2520 40689 8925
163 40 2514 2520 41075 9026
164 40 2514 2520 41497 9074
165 40 2514 2520 41923 9166
166 41 2514 2520 42334 9279
167 42 2514 2520 42746 9316
168 43 2514 2520 43205 9412
169 43 2514 2520 43679 9544
170 44 2514 2520 44134 9623
171 44 2514 2520 44572 9726
172 45 2514 2520 45061 9816
173 45 2514 2520 45560 9946
174 46 2514 2520 46044 10010
175 46 2514 2520 46572 10114
176 47 2513 2520 47071 10197
177 47 2513 2520 47587 10304
178 47 2513 2520 48180 10452
179 47 2513 2520 48743 10534
180 47 2513 2520 49281 10627
181 48 2513 2520 49805 10727
182 49 2513 2520 50317 10801
183 49 2513 2520 50838 10902
184 50 2513 2520 51343 10986
185 50 2513 2520 51806 11094
186 51 2513 2520 52274 11193
187 51 2513 2520 52708 11254
188 52 2513 2520 53203 11331
189 52 2513 2520 53689 11425
190 53 2513 2520 54182 11496
191 54 2513 2520 54705 11581
192 55 2512 2520 55183 11636
193 57 2512 2520 55719 11726
194 58 2512 2520 56318 11827
195 58 2512 2520 56952 11916
196 58 2512 2520 57640 12032
197 59 2512 2520 58287 12131
198 59 2511 2520 58959 12260
199 61 2511 2520 59615 12347
200 61 2511 2520 60354 12456
201 61 2511 2520 61003 12504
202 61 2511 2520 61699 12605
203 61 2511 2520 62418 12719
204 61 2511 2520 63046 12809
205 62 2511 2520 63686 12923
206 62 2511 2520 64236 13019
207 63 2511 2520 64803 13119
208 63 2511 2520 65378 13205
209 63 2511 2520 65965 13325
210 63 2511 2520 66501 13392
211 63 2511 2520 67037 13513
212 64 2511 2520 67540 13584
213 64 2511 2520 68002 13668
214 66 2511 2520 68479 13739
215 67 2511 2520 68933 13810
216 67 2511 2520 69494 13893
217 68 2511 2520 70080 13991
218 69 2511 2520 70675 14108
219 69 2511 2520 71352 14233
220 70 2511 2520 71984 14323
221 70 2511 2520 72599 14390
222 71 2510 2520 73257 14482
223 72 2510 2520 73907 14583
224 74 2510 2520 74595 14701
225 74 2510 2520 75284 14831
226 74 2510 2520 76041 14940
227 78 2510 2520 76742 15020
228 78 2510 2520 77418 15141
229 78 2510 2520 78172 15276
230 78 2510 2520 78878 15387
231 79 2510 2520 79610 15441
232 79 2510 2520 80318 15567
233 80 2510 2520 81014 15669
234 81 2510 2520 81765 15774
235 81 2510 2520 82510 15872
236 83 2510 2520 83239 15990
237 83 2510 2520 84008 16133
238 84 2510 2520 84794 16238
239 85 2509 2520 85560 16405
240 85 2509 2520 86384 16530
241 85 2509 2520 87188 16690
242 85 2509 2520 88046 16842
243 86 2509 2520 88757 16928
244 87 2508 2520 89501 17015
245 87 2508 2520 90308 17167
246 87 2508 2520 91074 17271
247 87 2508 2520 91752 17323
248 88 2508 2520 92425 17430
249 90 2508 2520 93116 17569
250 91 2508 2520 93836 17685
251 92 2508 2520 94604 17776
252 93 2508 2520 95270 17874
253 93 2507 2520 96039 18010
254 94 2507 2520 96818 18130
255 95 2507 2520 97509 18246
256 95 2507 2520 98286 18337
257 97 2507 2520 99042 18492
258 98 2507 2520 99798 18575
259 99 2507 2520 100558 18707
260 99 2507 2520 101367 18835
261 100 2507 2520 102230 18960
262 101 2507 2520 103053 19099
263 103 2506 2520 103848 19230
264 103 2506 2520 104695 19332
265 103 2506 2520 105627 19464
266 105 2506 2520 106554 19623
267 106 2506 2520 107434 19785
268 106 2506 2520 108381 19934
269 106 2506 2520 109298 20045
270 108 2506 2520 110194 20161
271 108 2505 2520 111084 20326
272 108 2505 2520 111908 20431
273 108 2505 2520 112804 20574
274 109 2505 2520 113666 20700
275 109 2505 2520 114495 20778
276 110 2505 2520 115314 20869
277 111 2505 2520 116114 21007
278 112 2505 2520 116945 21101
279 113 2505 2520 117742 21189
280 113 2505 2520 118576 21342
281 114 2505 2520 119320 21438
282 114 2505 2520 120099 21569
283 115 2505 2520 120832 21698
284 116 2505 2520 121623 21828
285 117 2505 2520 122391 21914
286 118 2505 2520 123207 22036
287 119 2505 2520 124014 22174
288 119 2505 2520 124880 22303
289 119 2505 2520 125677 22440
290 120 2505 2520 126475 22553
291 120 2504 2520 127351 22684
292 122 2504 2520 128200 22762
293 122 2504 2520 129037 22923
294 122 2504 2520 129842 23053
295 122 2504 2520 130690 23136
296 125 2504 2520 131422 23231
297 127 2504 2520 132243 23268
298 128 2504 2520 133034 23389
299 129 2504 2520 133837 23509
300 129 2504 2520 134735 23643
301 129 2504 2520 135622 23768
302 130 2504 2520 136485 23907
303 131 2504 2520 137391 24061
304 133 2504 2520 138281 24174
305 133 2503 2520 139193 24351
306 133 2503 2520 140089 24469
307 133 2502 2520 140935 24599
308 135 2502 2520 141842 24731
309 135 2502 2520 142775 24841
310 136 2502 2520 143592 24980
311 137 2502 2520 144468 25081
312 138 2502 2520 145340 25233
313 140 2502 2520 146189 25348
314 143 2502 2520 146943 25418
315 143 2502 2520 147761 25533
316 143 2502 2520 148629 25640
317 143 2502 2520 149511 25762
318 144 2502 2520 150393 25848
319 145 2502 2520 151227 25994
320 146 2502 2520 152167 26097
321 147 2502 2520 153068 26216
322 148 2502 2520 153993 26367
323 149 2502 2520 154922 26482
324 149 2500 2520 155882 26636
325 149 2500 2520 156929 26746
326 149 2500 2520 157844 26857
327 150 2500 2520 158722 26965
328 152 2499 2520 159739 27094
329 153 2498 2520 160722 27225
330 153 2498 2520 161722 27328
331 155 2498 2520 162761 27404
332 157 2498 2520 163716 27532
333 158 2498 2520 164839 27675
334 158 2498 2520 165932 27781
335 159 2498 2520 166998 27930
336 161 2498 2520 168066 28039
337 161 2498 2520 169024 28156
338 161 2498 2520 170120 28264
339 161 2498 2520 171133 28378
340 161 2498 2520 172095 28504
341 161 2498 2520 173067 28630
342 161 2497 2520 173906 28719
343 162 2497 2520 174773 28830
344 163 2496 2520 175631 28950
345 165 2496 2520 176537 29051
346 167 2496 2520 177418 29171
347 167 2496 2520 178307 29343
348 168 2496 2520 179274 29452
349 170 2496 2520 180308 29609
350 172 2496 2520 181350 29780
351 173 2496 2520 182381 29929
352 173 2496 2520 183461 30077
353 175 2496 2520 184543 30231
354 176 2496 2520 185632 30409
355 179 2495 2520 186763 30518
356 179 2495 2520 187852 30706
357 180 2495 2520 189010 30850
358 180 2495 2520 190132 30951
359 180 2495 2520 191281 31112
360 181 2495 2520 192402 31236
361 182 2493 2520 193509 31304
362 183 2493 2520 194633 31379
363 185 2493 2520 195764 31486
364 185 2493 2520 196831 31613
365 185 2493 2520 197944 31739
366 185 2493 2520 198934 31857
367 187 2492 2520 199934 31952
368 189 2492 2520 200930 32092
369 190 2492 2520 201952 32219
370 195 2492 2520 203033 32385
371 197 2492 2520 204180 32563
372 200 2492 2520 205448 32732
373 200 2492 2520 206696 32916
374 201 2491 2520 207946 33092
375 204 2491 2520 209311 33308
376 206 2490 2520 210620 33455
377 207 2490 2520 212074 33658
378 207 2490 2520 213529 33899
379 208 2490 2520 214980 34054
380 208 2490 2520 216285 34216
381 209 2490 2520 217594 34403
382 212 2490 2520 218885 34508
383 214 2489 2520 220250 34672
384 214 2489 2520 221639 34883
385 214 2489 2520 222974 35045
386 214 2489 2520 224261 35149
387 214 2489 2520 225523 35253
388 217 2489 2520 226844 35362
389 218 2489 2520 228135 35515
390 218 2489 2520 229387 35709
391 219 2489 2520 230639 35851
392 220 2488 2520 231821 35994
393 220 2488 2520 233020 36103
394 220 2488 2520 234111 36204
395 222 2488 2520 235181 36339
396 225 2488 2520 236260 36424
397 227 2488 2520 237432 36576
398 229 2486 2520 238578 36740
399 230 2485 2520 239929 36874
400 232 2485 2520 241335 37084
401 234 2485 2520 242613 37262
402 237 2485 2520 243995 37442
403 239 2485 2520 245401 37655
404 240 2484 2520 246871 37843
405 241 2484 2520 248366 38017
406 242 2484 2520 249883 38248
407 242 2484 2520 251415 38431
408 242 2484 2520 252932 38674
409 242 2484 2520 254315 38851
410 243 2484 2520 255666 38987
411 244 2484 2520 257012 39101
412 244 2484 2520 258345 39316
413 245 2484 2520 259719 39452
414 247 2484 2520 260976 39579
415 249 2484 2520 262220 39810
416 251 2484 2520 263493 39883
417 251 2484 2520 264697 40107
418 254 2484 2520 266065 40268
419 255 2484 2520 267423 40432
420 255 2484 2520 268888 40581
421 258 2484 2520 270223 40731
422 261 2484 2520 271590 40936
423 262 2484 2520 272973 41127
424 262 2484 2520 274497 41354
425 264 2484 2520 275928 41497
426 269 2484 2520 277362 41649
427 270 2484 2520 278817 41858
428 271 2484 2520 280461 42068
429 273 2484 2520 282086 42225
430 274 2484 2520 283684 42407
431 274 2484 2520 285316 42662
432 275 2484 2520 286887 42915
433 276 2484 2520 288428 43123
434 276 2484 2520 289978 43338
435 276 2484 2520 291508 43502
436 276 2484 2520 292974 43631
437 276 2484 2520 294344 43814
438 276 2484 2520 295753 43908
439 278 2484 2520 297134 44016
440 281 2484 2520 298337 44144
441 281 2483 2520 299645 44328
442 282 2482 2520 300952 44493
443 284 2482 2520 302166 44620
444 284 2482 2520 303522 44786
445 286 2482 2520 304835 44990
446 288 2481 2520 306098 45140
447 292 2481 2520 307394 45259
448 293 2481 2520 308769 45468
449 293 2481 2520 310236 45676
450 293 2481 2520 311756 45881
451 296 2481 2520 313133 46021
452 296 2481 2520 314603 46163
453 298 2481 2520 316040 46317
454 299 2481 2520 317428 46448
455 300 2481 2520 318805 46639
456 302 2481 2520 320167 46791
457 305 2480 2520 321708 46985
458 309 2480 2520 323173 47140
459 309 2480 2520 324624 47328
460 310 2480 2520 326215 47475
461 313 2480 2520 327623 47647
462 313 2480 2520 329050 47767
463 317 2480 2520 330613 47976
464 319 2480 2520 332200 48151
465 320 2480 2520 333809 48395
466 320 2480 2520 335460 48630
467 320 2480 2520 337063 48849
468 321 2479 2520 338717 49007
469 325 2479 2520 340276 49223
470 327 2479 2520 341995 49411
471 327 2478 2520 343711 49625
472 330 2478 2520 345373 49854
473 331 2478 2520 347003 50020
474 332 2478 2520 348775 50250
475 332 2478 2520 350479 50438
476 332 2478 2520 352044 50621
477 334 2478 2520 353620 50834
478 338 2478 2520 355252 51053
479 339 2477 2520 356966 51197
480 340 2477 2520 358584 51342
481 344 2477 2520 360235 51527
482 345 2477 2520 361891 51699
483 347 2477 2520 363626 51896
484 347 2477 2520 365340 52122
485 349 2476 2520 367063 52297
486 350 2476 2520 368885 52546
487 351 2476 2520 370771 52735
488 352 2476 2520 372476 52956
489 353 2476 2520 374224 53133
490 354 2476 2520 375903 53319
491 356 2476 2520 377405 53421
492 359 2475 2520 378999 53623
493 360 2475 2520 380674 53780
494 362 2474 2520 382365 54066
495 364 2474 2520 384058 54341
496 365 2474 2520 385832 54508
497 365 2474 2520 387517 54709
498 365 2474 2520 389236 54894
499 365 2473 2520 390845 55129
500 366 2473 2520 392477 55270
501 366 2473 2520 393981 55455
502 368 2472 2520 395459 55561
503 369 2471 2520 396904 55698
504 370 2470 2520 398319 55812
505 372 2470 2520 399795 55925
506 373 2470 2520 401314 56104
507 374 2470 2520 402782 56337
508 376 2470 2520 404244 56487
509 379 2470 2520 405834 56659
510 385 2470 2520 407520 56846
511 391 2470 2520 409153 57006
512 392 2470 2520 410964 57204
513 395 2469 2520 412832 57420
514 395 2469 2520 414717 57654
515 396 2468 2520 416643 57846
516 397 2467 2520 418508 58109
517 402 2467 2520 420461 58285
518 403 2467 2520 422301 58421
519 404 2467 2520 424274 58635
520 404 2467 2520 426222 58796
521 406 2467 2520 428112 58914
522 408 2467 2520 429955 59174
523 410 2467 2520 431905 59310
524 411 2466 2520 433654 59451
525 411 2466 2520 435440 59592
526 414 2465 2520 437121 59785
527 416 2465 2520 438894 59961
528 417 2464 2520 440652 60063
529 417 2464 2520 442325 60186
530 421 2464 2520 444050 60380
531 422 2464 2520 445811 60580
532 424 2463 2520 447641 60717
533 425 2463 2520 449333 60834
534 427 2463 2520 451158 61019
535 430 2463 2520 452893 61126
536 431 2463 2520 454703 61330
537 432 2463 2520 456490 61494
538 432 2463 2520 458265 61666
539 433 2462 2520 460086 61850
540 435 2462 2520 461940 62045
541 438 2462 2520 463701 62208
542 439 2462 2520 465524 62379
543 440 2462 2520 467474 62606
544 442 2462 2520 469365 62781
545 444 2462 2520 471108 62952
546 445 2462 2520 472873 63107
547 445 2462 2520 474748 63306
548 446 2462 2520 476422 63449
549 447 2462 2520 478175 63598
550 450 2462 2520 479885 63774
551 452 2461 2520 481691 63982
552 453 2461 2520 483489 64200
553 457 2461 2520 485370 64394
554 457 2461 2520 487144 64530
555 458 2460 2520 488945 64761
556 459 2460 2520 490945 65014
557 462 2460 2520 492768 65265
558 464 2459 2520 494638 65477
559 466 2458 2520 496541 65602
560 469 2458 2520 498499 65823
561 469 2457 2520 500467 66028
562 469 2457 2520 502483 66241
563 470 2457 2520 504443 66445
564 475 2457 2520 506266 66618
565 476 2457 2520 508135 66845
566 477 2457 2520 510048 67036
567 479 2457 2520 511903 67202
568 479 2457 2520 513861 67400
569 484 2456 2520 515875 67578
570 487 2456 2520 517804 67763
571 488 2455 2520 519642 67945
572 491 2455 2520 521580 68174
573 491 2455 2520 523466 68375
574 493 2455 2520 525505 68579
575 494 2455 2520 527568 68779
576 499 2455 2520 529626 68981
577 500 2455 2520 531740 69175
578 502 2455 2520 533767 69349
579 503 2455 2520 535829 69610
580 504 2454 2520 537851 69857
581 510 2454 2520 539912 70095
582 512 2454 2520 542071 70342
583 512 2454 2520 544285 70566
584 512 2454 2520 546299 70829
585 515 2454 2520 548327 71020
586 516 2454 2520 550416 71235
587 517 2454 2520 552575 71530
588 519 2454 2520 554694 71665
589 521 2454 2520 556787 71886
590 521 2454 2520 558864 72045
591 524 2454 2520 560820 72193
592 526 2454 2520 562768 72368
593 528 2454 2520 564722 72611
594 529 2454 2520 566699 72778
595 533 2454 2520 568627 72983
596 535 2453 2520 570705 73191
597 538 2453 2520 572872 73515
598 540 2453 2520 574973 73711
599 543 2453 2520 577100 73968
600 544 2453 2520 579298 74222
601 546 2453 2520 581426 74464
602 547 2453 2520 583550 74677
603 548 2453 2520 585642 74989
604 552 2453 2520 587860 75190
605 553 2453 2520 590031 75363
606 555 2453 2520 592265 75563
607 560 2453 2520 594509 75803
608 561 2453 2520 596691 75980
609 563 2452 2520 598779 76187
610 563 2452 2520 600948 76365
611 564 2451 2520 603155 76644
612 566 2451 2520 605290 76847
613 566 2451 2520 607298 77034
614 568 2451 2520 609419 77198
615 574 2450 2520 611403 77384
616 575 2450 2520 613457 77585
617 576 2450 2520 615612 77791
618 578 2450 2520 617714 78001
619 580 2449 2520 619790 78188
620 582 2448 2520 621971 78355
621 586 2448 2520 624131 78534
622 590 2448 2520 626322 78771
623 591 2448 2520 628553 78980
624 593 2448 2520 630887 79161
625 596 2448 2520 632887 79369
626 596 2448 2520 635067 79550
627 597 2448 2520 637300 79776
628 598 2448 2520 639488 80005
629 599 2448 2520 641723 80194
630 602 2448 2520 643826 80420
631 603 2448 2520 646005 80681
632 604 2448 2520 648139 80943
633 608 2447 2520 650253 81125
634 611 2445 2520 652447 81352
635 612 2445 2520 654611 81584
636 614 2444 2520 656858 81747
637 616 2444 2520 659010 81901
638 616 2444 2520 661142 82103
639 617 2444 2520 663333 82360
640 620 2444 2520 665327 82508
641 620 2444 2520 667405 82667
642 621 2444 2520 669493 82879
643 624 2444 2520 671591 83087
644 627 2444 2520 673618 83235
645 631 2444 2520 675637 83410
646 634 2444 2520 677710 83650
647 637 2443 2520 679876 83913
648 640 2443 2520 682106 84141
649 646 2443 2520 684268 84371
650 646 2443 2520 686558 84639
651 647 2442 2520 688874 84948
652 650 2442 2520 691341 85141
653 653 2442 2520 693817 85340
654 654 2442 2520 696160 85591
655 655 2442 2520 698611 85941
656 656 2442 2520 701044 86183
657 657 2442 2520 703501 86462
658 659 2442 2520 705913 86690
659 659 2442 2520 708263 86827
660 660 2442 2520 710567 87017
661 663 2442 2520 712782 87226
662 665 2441 2520 714984 87447
663 666 2441 2520 717078 87564
664 669 2441 2520 719198 87736
665 671 2441 2520 721326 87906
666 673 2441 2520 723532 88090
667 675 2441 2520 725776 88320
668 678 2441 2520 728045 88518
669 682 2441 2520 730119 88700
670 684 2440 2520 732345 88964
671 688 2439 2520 734521 89215
672 691 2439 2520 736737 89399
673 693 2439 2520 739040 89682
674 697 2439 2520 741501 89887
675 699 2439 2520 743928 90245
676 701 2439 2520 746360 90531
677 701 2439 2520 748756 90768
678 702 2439 2520 751302 91021
679 703 2438 2520 753691 91322
680 705 2438 2520 756015 91500
681 706 2438 2520 758362 91706
682 708 2438 2520 760717 91918
683 711 2438 2520 763134 92119
684 713 2436 2520 765436 92312
685 714 2436 2520 767674 92463
686 715 2436 2520 769966 92733
687 717 2436 2520 772099 92966
688 717 2436 2520 774183 93143
689 719 2436 2520 776478 93377
690 722 2435 2520 778624 93508
691 726 2434 2520 780793 93682
692 726 2434 2520 783009 93934
693 727 2432 2520 785261 94047
694 728 2432 2520 787506 94217
695 732 2432 2520 789753 94353
696 735 2431 2520 791870 94611
697 740 2431 2520 794160 94818
698 741 2431 2520 796502 95040
699 746 2430 2520 798832 95231
700 750 2430 2520 801157 95482
701 754 2430 2520 803657 95651
702 755 2430 2520 806254 95862
703 757 2430 2520 808812 96078
704 760 2430 2520 811441 96331
705 761 2430 2520 813930 96563
706 762 2429 2520 816476 96801
707 766 2429 2520 819025 97063
708 767 2429 2520 821577 97221
709 768 2429 2520 824134 97504
710 769 2429 2520 826619 97660
711 771 2427 2520 829069 97846
712 774 2427 2520 831644 98135
713 778 2427 2520 834128 98305
714 780 2427 2520 836603 98544
715 782 2427 2520 839173 98761
716 785 2426 2520 841761 99003
717 785 2426 2520 844398 99343
718 786 2426 2520 846970 99504
719 790 2426 2520 849446 99745
720 793 2426 2520 851958 99954
721 794 2425 2520 854489 100218
722 794 2424 2520 857123 100425
723 795 2424 2520 859599 100702
724 798 2424 2520 862095 101013
725 802 2424 2520 864689 101276
726 806 2423 2520 867151 101466
727 807 2423 2520 869391 101615
728 811 2423 2520 871788 101913
729 813 2423 2520 874217 102153
730 815 2423 2520 876763 102277
731 817 2423 2520 879324 102521
732 821 2423 2520 881913 102733
733 826 2423 2520 884518 102999
734 830 2423 2520 887079 103232
735 831 2423 2520 889676 103431
736 832 2421 2520 892235 103683
737 833 2421 2520 894926 103880
738 836 2421 2520 897512 104134
739 841 2421 2520 900071 104322
740 843 2420 2520 902730 104481
741 846 2420 2520 905464 104729
742 850 2419 2520 908095 105044
743 852 2419 2520 910771 105325
744 855 2418 2520 913505 105489
745 858 2417 2520 916179 105666
746 861 2417 2520 919140 105944
747 862 2416 2520 921999 106249
748 863 2414 2520 924817 106476
749 864 2414 2520 927614 106749
750 866 2414 2520 930360 107028
751 867 2414 2520 932883 107159
752 867 2413 2520 935486 107325
753 873 2413 2520 938049 107563
754 876 2413 2520 940546 107796
755 877 2413 2520 943071 107961
756 880 2413 2520 945666 108146
757 881 2413 2520 948228 108402
758 885 2412 2520 950711 108545
759 887 2412 2520 953306 108772
760 889 2412 2520 955728 108997
761 890 2412 2520 958387 109172
762 893 2411 2520 960810 109383
763 897 2411 2520 963427 109656
764 898 2411 2520 966053 109857
765 900 2409 2520 968593 110024
766 901 2409 2520 971217 110356
767 904 2409 2520 973774 110543
768 910 2409 2520 976286 110674
769 916 2409 2520 978928 110969
770 919 2409 2520 981778 111135
771 921 2409 2520 984599 111374
772 929 2409 2520 987355 111573
773 930 2408 2520 990272 111840
774 931 2407 2520 993194 112118
775 936 2407 2520 996080 112421
776 937 2407 2520 998924 112719
777 940 2407 2520 1001948 112996
778 942 2407 2520 1004879 113251
779 943 2407 2520 1007877 113522
780 943 2407 2520 1010657 113722
781 944 2407 2520 1013540 113872
782 945 2406 2520 1016292 114047
783 948 2406 2520 1018891 114307
784 948 2406 2520 1021381 114433
785 950 2405 2520 1023805 114623
786 953 2405 2520 1026414 114849
787 956 2404 2520 1028917 114940
788 960 2404 2520 1031456 115227
789 962 2403 2520 1034077 115412
790 963 2403 2520 1036545 115520
791 965 2403 2520 1039145 115656
792 967 2402 2520 1041759 115843
793 974 2401 2520 1044410 116038
794 978 2401 2520 1047048 116264
795 979 2401 2520 1049744 116578
796 981 2401 2520 1052578 116892
797 984 2400 2520 1055408 117125
798 987 2400 2520 1058183 117352
799 992 2400 2520 1060842 117616
800 993 2400 2520 1063510 117841
801 996 2399 2520 1066547 118135
802 999 2399 2520 1069408 118271
803 1003 2397 2520 1072193 118569
804 1006 2397 2520 1075149 118786
805 1006 2397 2520 1078061 119048
806 1009 2397 2520 1080982 119234
807 1012 2397 2520 1083981 119479
808 1017 2396 2520 1086875 119746
809 1017 2396 2520 1089651 119871
810 1017 2396 2520 1092561 120088
811 1019 2396 2520 1095366 120341
812 1021 2396 2520 1098125 120436
813 1021 2396 2520 1100836 120638
814 1021 2396 2520 1103540 120885
815 1024 2396 2520 1106075 121096
816 1025 2396 2520 1108505 121248
817 1029 2395 2520 1111049 121473
818 1031 2395 2520 1113538 121696
819 1033 2395 2520 1116039 121810
820 1036 2395 2520 1118561 122049
821 1041 2395 2520 1121000 122247
822 1047 2394 2520 1123533 122460
823 1048 2394 2520 1126312 122715
824 1050 2394 2520 1129036 123007
825 1053 2392 2520 1131774 123235
826 1057 2392 2520 1134587 123472
827 1062 2392 2520 1137370 123672
828 1068 2392 2520 1140162 123829
829 1069 2392 2520 1143094 124122
830 1071 2391 2520 1145955 124354
831 1074 2390 2520 1148941 124597
832 1077 2390 2520 1151895 124807
833 1082 2390 2520 1154928 125105
834 1083 2389 2520 1157907 125294
835 1083 2389 2520 1160900 125590
836 1084 2389 2520 1164006 125936
837 1086 2389 2520 1166946 126223
838 1087 2389 2520 1169807 126409
839 1090 2389 2520 1172788 126673
840 1091 2389 2520 1175544 126851
841 1092 2389 2520 1178409 127072
842 1092 2389 2520 1181079 127286
843 1095 2389 2520 1183744 127472
844 1098 2389 2520 1186301 127641
845 1100 2389 2520 1188789 127833
846 1102 2388 2520 1191318 128095
847 1102 2386 2520 1193955 128281
848 1105 2386 2520 1196612 128461
849 1106 2385 2520 1199219 128706
850 1107 2385 2520 1201697 128936
851 1109 2385 2520 1204190 129034
852 1110 2385 2520 1206733 129247
853 1114 2384 2520 1209147 129495
854 1119 2383 2520 1211726 129717
855 1120 2383 2520 1214323 129932
856 1122 2382 2520 1216902 130120
857 1127 2382 2520 1219506 130308
858 1130 2382 2520 1222155 130663
859 1133 2381 2520 1224895 130876
860 1135 2381 2520 1227407 131001
861 1138 2381 2520 1230178 131236
862 1144 2380 2520 1232899 131401
863 1146 2380 2520 1235643 131565
864 1148 2379 2520 1238356 131753
865 1151 2379 2520 1241031 131942
866 1152 2379 2520 1243832 132086
867 1156 2379 2520 1246563 132249
868 1162 2379 2520 1249189 132407
869 1166 2379 2520 1252057 132730
870 1173 2379 2520 1254940 132948
871 1174 2378 2520 1257855 133179
872 1175 2378 2520 1260798 133377
873 1177 2377 2520 1263652 133691
874 1180 2377 2520 1266581 133903
875 1185 2377 2520 1269506 134086
876 1188 2376 2520 1272583 134299
877 1195 2375 2520 1275753 134451
878 1198 2375 2520 1278991 134766
879 1200 2375 2520 1282030 134948
880 1202 2375 2520 1285307 135297
881 1203 2375 2520 1288505 135572
882 1207 2375 2520 1291639 135768
883 1210 2375 2520 1294950 135996
884 1214 2373 2520 1297955 136241
885 1216 2373 2520 1300992 136531
886 1218 2373 2520 1303973 136758
887 1221 2373 2520 1307079 136993
888 1221 2373 2520 1310038 137191
889 1222 2373 2520 1312989 137329
890 1223 2373 2520 1315742 137523
891 1227 2373 2520 1318653 137668
892 1228 2373 2520 1321531 137788
893 1231 2373 2520 1324277 138103
894 1233 2373 2520 1326991 138386
895 1235 2373 2520 1329879 138518
896 1239 2372 2520 1332642 138724
897 1242 2372 2520 1335300 138824
898 1243 2372 2520 1338045 139009
899 1245 2371 2520 1340972 139166
900 1249 2371 2520 1343771 139468
901 1253 2371 2520 1346574 139647
902 1255 2371 2520 1349456 139877
903 1257 2371 2520 1352323 140130
904 1259 2371 2520 1355151 140356
905 1260 2371 2520 1357984 140547
906 1265 2371 2520 1360790 140757
907 1269 2371 2520 1363586 140953
908 1273 2371 2520 1366607 141205
909 1277 2370 2520 1369707 141433
910 1281 2368 2520 1372751 141727
911 1282 2368 2520 1375728 142002
912 1284 2368 2520 1378771 142172
913 1290 2368 2520 1381765 142290
914 1293 2368 2520 1384731 142519
915 1296 2366 2520 1387729 142663
916 1298 2366 2520 1390797 142906
917 1299 2366 2520 1393817 143097
918 1301 2365 2520 1396730 143280
919 1303 2365 2520 1399628 143498
920 1306 2364 2520 1402641 143727
921 1309 2363 2520 1405498 143882
922 1313 2363 2520 1408427 144091
923 1314 2362 2520 1411428 144325
924 1317 2362 2520 1414477 144492
925 1319 2362 2520 1417484 144787
926 1321 2360 2520 1420455 145027
927 1323 2360 2520 1423397 145159
928 1325 2360 2520 1426419 145386
929 1330 2360 2520 1429168 145612
930 1332 2360 2520 1432036 145752
931 1337 2360 2520 1434997 146031
932 1338 2360 2520 1437836 146225
933 1340 2360 2520 1440711 146378
934 1341 2359 2520 1443780 146546
935 1344 2358 2520 1446744 146783
936 1345 2357 2520 1449607 146961
937 1350 2356 2520 1452371 147163
938 1350 2356 2520 1455203 147321
939 1352 2356 2520 1457868 147509
940 1356 2356 2520 1460712 147586
941 1360 2356 2520 1463488 147697
942 1365 2355 2520 1466292 147944
943 1369 2355 2520 1469199 148073
944 1372 2354 2520 1472243 148273
945 1376 2354 2520 1475235 148510
946 1378 2354 2520 1478400 148723
947 1381 2354 2520 1481480 148940
948 1384 2353 2520 1484548 149048
949 1387 2353 2520 1487616 149376
950 1389 2353 2520 1490692 149472
951 1391 2353 2520 1493754 149765
952 1395 2353 2520 1496918 149996
953 1398 2353 2520 1499919 150227
954 1399 2353 2520 1503048 150437
955 1404 2353 2520 1505955 150586
956 1407 2353 2520 1508929 150829
957 1410 2353 2520 1511879 151067
958 1412 2352 2520 1514898 151336
959 1415 2352 2520 1517999 151493
960 1417 2351 2520 1520850 151576
961 1418 2351 2520 1523883 151783
962 1422 2351 2520 1526686 152006
963 1423 2351 2520 1529717 152185
964 1423 2350 2520 1532571 152317
965 1428 2350 2520 1535461 152431
966 1429 2349 2520 1538191 152555
967 1431 2348 2520 1540988 152729
968 1433 2347 2520 1543697 152896
969 1438 2347 2520 1546401 153040
970 1441 2347 2520 1549287 153264
971 1442 2347 2520 1552069 153419
972 1444 2345 2520 1554808 153596
973 1448 2345 2520 1557522 153829
974 1454 2345 2520 1560341 153989
975 1455 2345 2520 1563093 154120
976 1459 2345 2520 1565845 154271
977 1463 2345 2520 1568607 154430
978 1466 2345 2520 1571450 154681
979 1470 2344 2520 1574252 155037
980 1474 2342 2520 1577354 155204
981 1476 2341 2520 1580218 155427
982 1479 2341 2520 1583168 155577
983 1480 2341 2520 1586159 155766
984 1482 2341 2520 1588967 155881
985 1482 2341 2520 1591829 156009
986 1485 2341 2520 1594629 156041
987 1486 2341 2520 1597418 156138
988 1487 2341 2520 1600255 156316
989 1491 2341 2520 1602964 156590
990 1493 2341 2520 1605757 156738
991 1494 2340 2520 1608347 156766
992 1496 2340 2520 1610978 156968
993 1502 2340 2520 1613575 157021
994 1503 2340 2520 1616174 157246
995 1504 2340 2520 1618879 157370
996 1506 2340 2520 1621500 157447
997 1506 2339 2520 1624022 157639
998 1508 2339 2520 1626551 157785
999 1509 2339 2520 1629125 157940
1000 1511 2339 2520 1631689 158019
