0 1 2519 2520 795 500
1 1 2519 2520 820 517
2 1 2519 2520 846 537
3 1 2519 2520 872 555
4 1 2519 2520 902 576
5 1 2519 2520 938 597
6 1 2519 2520 968 615
7 1 2519 2520 996 635
8 1 2519 2520 1024 653
9 1 2519 2520 1052 664
10 1 2519 2520 1095 686
11 1 2519 2520 1119 697
12 1 2519 2520 1150 699
13 1 2519 2520 1174 709
14 1 2519 2520 1197 715
15 1 2519 2520 1214 730
16 1 2519 2520 1238 738
17 1 2519 2520 1273 754
18 1 2519 2520 1287 765
19 1 2519 2520 1307 769
20 2 2519 2520 1318 773
21 2 2519 2520 1357 789
22 2 2519 2520 1476 841
23 2 2519 2520 1592 876
24 2 2519 2520 1690 906
25 2 2519 2520 1787 926
26 2 2519 2520 1884 961
27 2 2519 2520 1956 977
28 2 2519 2520 2035 994
29 2 2519 2520 2108 1014
30 2 2519 2520 2188 1039
31 2 2519 2520 2248 1057
32 2 2519 2520 2307 1066
33 2 2519 2520 2366 1083
34 2 2519 2520 2422 1097
35 2 2519 2520 2454 1113
36 2 2519 2520 2481 1118
37 2 2519 2520 2527 1133
38 2 2519 2520 2553 1143
39 3 2519 2520 2594 1147
40 3 2519 2520 2635 1155
41 3 2519 2520 2721 1178
42 3 2519 2520 2821 1212
43 4 2519 2520 2899 1236
44 4 2519 2520 3021 1279
45 4 2519 2520 3180 1340
46 4 2519 2520 3321 1386
47 4 2519 2520 3446 1427
48 4 2519 2520 3601 1459
49 4 2519 2520 3734 1493
50 4 2519 2520 3859 1507
51 4 2519 2520 3973 1537
52 4 2519 2520 4098 1554
53 4 2519 2520 4211 1572
54 4 2519 2520 4311 1601
55 4 2519 2520 4390 1605
56 4 2519 2520 4482 1620
57 4 2519 2520 4543 1645
58 4 2519 2520 4599 1663
59 5 2519 2520 4661 1696
60 5 2519 2520 4742 1720
61 5 2519 2520 4864 1760
62 5 2519 2520 4987 1808
63 5 2519 2520 5133 1846
64 5 2519 2520 5245 1883
65 6 2519 2520 5352 1930
66 7 2519 2520 5466 1963
67 7 2519 2520 5652 2021
68 7 2519 2520 5871 2078
69 7 2519 2520 6044 2132
70 7 2519 2520 6222 2194
71 7 2519 2520 6405 2241
72 7 2519 2520 6561 2263
73 8 2519 2520 6742 2309
74 8 2519 2520 6916 2340
75 8 2519 2520 7104 2399
76 8 2519 2520 7268 2449
77 8 2518 2520 7456 2487
78 8 2517 2520 7650 2524
79 8 2517 2520 7854 2551
80 8 2517 2520 8062 2582
81 8 2517 2520 8273 2630
82 9 2517 2520 8441 2636
83 9 2517 2520 8612 2658
84 9 2517 2520 8801 2706
85 9 2517 2520 9017 2757
86 9 2517 2520 9189 2774
87 10 2517 2520 9338 2800
88 11 2517 2520 9512 2844
89 11 2517 2520 9735 2877
90 11 2517 2520 9979 2927
91 11 2517 2520 10231 2980
92 11 2517 2520 10463 3030
93 11 2517 2520 10656 3068
94 12 2517 2520 10871 3102
95 12 2517 2520 11070 3151
96 12 2517 2520 11320 3221
97 12 2517 2520 11532 3244
98 12 2517 2520 11730 3263
99 12 2517 2520 11928 3303
100 12 2517 2520 12142 3324
101 12 2517 2520 12320 3371
102 14 2517 2520 12494 3416
103 15 2517 2520 12696 3450
104 15 2517 2520 12944 3519
105 15 2517 2520 13213 3583
106 15 2516 2520 13466 3631
107 15 2516 2520 13742 3685
108 15 2516 2520 14046 3700
109 15 2516 2520 14347 3747
110 15 2516 2520 14592 3769
111 15 2516 2520 14832 3806
112 15 2516 2520 15084 3850
113 15 2516 2520 15260 3874
114 15 2516 2520 15440 3902
115 16 2516 2520 15646 3926
116 16 2516 2520 15818 3963
117 16 2516 2520 16014 4031
118 16 2516 2520 16220 4056
119 16 2516 2520 16429 4106
120 16 2516 2520 16628 4151
121 16 2516 2520 16836 4208
122 16 2516 2520 17013 4227
123 16 2516 2520 17170 4245
124 16 2516 2520 17331 4253
125 16 2516 2520 17507 4277
126 16 2516 2520 17628 4298
127 17 2516 2520 17754 4328
128 18 2516 2520 17891 4347
129 19 2516 2520 18104 4389
130 20 2516 2520 18294 4428
131 20 2516 2520 18507 4485
132 20 2516 2520 18787 4559
133 20 2515 2520 19058 4627
134 20 2515 2520 19300 4645
135 20 2515 2520 19564 4694
136 20 2515 2520 19827 4734
137 20 2515 2520 20047 4759
138 20 2515 2520 20277 4785
139 20 2515 2520 20475 4814
140 21 2515 2520 20675 4835
141 21 2515 2520 20893 4891
142 21 2515 2520 21133 4925
143 21 2515 2520 21346 4954
144 21 2515 2520 21538 4997
145 21 2515 2520 21735 5040
146 21 2515 2520 21951 5067
147 21 2515 2520 22129 5121
148 22 2515 2520 22319 5148
149 22 2515 2520 22487 5176
150 23 2515 2520 22667 5202
151 23 2515 2520 22891 5235
152 23 2515 2520 23127 5272
153 23 2515 2520 23309 5309
154 23 2515 2520 23517 5341
155 23 2515 2520 23705 5383
156 24 2515 2520 23884 5421
157 24 2515 2520 24104 5450
158 24 2515 2520 24319 5484
159 24 2515 2520 24533 5518
160 24 2515 2520 24734 5552
161 24 2515 2520 24955 5589
162 24 2515 2520 25154 5641
163 25 2515 2520 25353 5682
164 25 2515 2520 25559 5742
165 26 2515 2520 25738 5781
166 27 2515 2520 25941 5809
167 27 2515 2520 26156 5842
168 28 2515 2520 26385 5880
169 29 2515 2520 26667 5929
170 30 2515 2520 27001 5993
171 30 2515 2520 27315 6052
172 30 2515 2520 27681 6125
173 30 2515 2520 28047 6179
174 30 2515 2520 28412 6245
175 30 2515 2520 28726 6343
176 30 2515 2520 29069 6412
177 31 2515 2520 29380 6463
178 31 2515 2520 29716 6498
179 31 2515 2520 30052 6591
180 31 2515 2520 30375 6611
181 31 2515 2520 30665 6685
182 31 2515 2520 30979 6714
183 31 2515 2520 31265 6770
184 31 2515 2520 31530 6805
185 32 2515 2520 31816 6836
186 32 2515 2520 32133 6877
187 32 2515 2520 32415 6937
188 32 2515 2520 32692 6991
189 32 2515 2520 32978 7047
190 34 2515 2520 33193 7085
191 34 2514 2520 33469 7145
192 34 2514 2520 33794 7181
193 35 2514 2520 34094 7217
194 35 2514 2520 34423 7282
195 35 2514 2520 34797 7331
196 35 2514 2520 35133 7371
197 36 2514 2520 35530 7440
198 36 2514 2520 35843 7515
199 37 2514 2520 36176 7574
200 37 2514 2520 36531 7619
201 37 2514 2520 36888 7691
202 37 2514 2520 37217 7737
203 37 2514 2520 37606 7777
204 37 2514 2520 37943 7829
205 38 2514 2520 38240 7901
206 38 2514 2520 38558 7957
207 38 2514 2520 38867 7979
208 38 2514 2520 39178 8032
209 38 2514 2520 39401 8073
210 38 2514 2520 39721 8126
211 38 2514 2520 39950 8159
212 38 2514 2520 40184 8202
213 38 2514 2520 40404 8234
214 38 2514 2520 40672 8280
215 38 2514 2520 40876 8308
216 39 2514 2520 41085 8347
217 39 2514 2520 41265 8402
218 43 2514 2520 41453 8433
219 43 2514 2520 41719 8499
220 43 2514 2520 42066 8576
221 43 2514 2520 42438 8660
222 44 2514 2520 42838 8734
223 44 2514 2520 43217 8831
224 44 2514 2520 43619 8880
225 44 2514 2520 44031 8966
226 44 2514 2520 44433 9057
227 44 2513 2520 44833 9110
228 44 2513 2520 45236 9149
229 45 2513 2520 45602 9220
230 45 2513 2520 45933 9239
231 45 2513 2520 46264 9304
232 45 2513 2520 46604 9363
233 46 2513 2520 46917 9412
234 46 2513 2520 47260 9466
235 46 2513 2520 47591 9489
236 46 2513 2520 47902 9538
237 46 2513 2520 48179 9558
238 46 2513 2520 48452 9589
239 46 2513 2520 48735 9651
240 46 2513 2520 49001 9690
241 47 2513 2520 49242 9709
242 47 2513 2520 49462 9773
243 47 2513 2520 49744 9821
244 47 2513 2520 49980 9859
245 48 2513 2520 50240 9913
246 48 2513 2520 50491 9925
247 48 2513 2520 50772 9980
248 49 2513 2520 51047 10015
249 49 2513 2520 51326 10087
250 49 2513 2520 51635 10151
251 49 2513 2520 51899 10197
252 51 2513 2520 52155 10224
253 51 2513 2520 52381 10271
254 52 2513 2520 52681 10312
255 52 2513 2520 53035 10349
256 53 2513 2520 53383 10415
257 53 2513 2520 53803 10472
258 53 2513 2520 54140 10546
259 53 2513 2520 54485 10608
260 53 2513 2520 54850 10675
261 53 2513 2520 55214 10722
262 53 2513 2520 55574 10787
263 53 2513 2520 55840 10823
264 54 2513 2520 56190 10913
265 54 2513 2520 56525 10958
266 54 2513 2520 56825 11005
267 54 2513 2520 57110 11063
268 55 2513 2520 57379 11114
269 55 2513 2520 57614 11154
270 55 2513 2520 57934 11199
271 55 2513 2520 58241 11267
272 56 2513 2520 58574 11330
273 56 2513 2520 58932 11379
274 56 2513 2520 59263 11478
275 58 2513 2520 59597 11522
276 59 2513 2520 59946 11589
277 59 2513 2520 60285 11629
278 59 2513 2520 60626 11692
279 61 2513 2520 60990 11785
280 61 2513 2520 61366 11843
281 61 2513 2520 61799 11929
282 61 2513 2520 62218 11999
283 62 2513 2520 62608 12041
284 62 2513 2520 63013 12112
285 63 2513 2520 63442 12176
286 63 2513 2520 63805 12214
287 63 2513 2520 64212 12249
288 64 2513 2520 64612 12322
289 66 2513 2520 65029 12406
290 66 2513 2520 65430 12480
291 66 2513 2520 65897 12592
292 67 2513 2520 66299 12664
293 67 2513 2520 66750 12738
294 67 2513 2520 67203 12815
295 67 2513 2520 67655 12907
296 67 2513 2520 68087 13000
297 68 2513 2520 68534 13062
298 70 2513 2520 68960 13129
299 70 2513 2520 69370 13193
300 70 2513 2520 69855 13281
301 70 2513 2520 70310 13354
302 70 2513 2520 70812 13451
303 70 2513 2520 71260 13526
304 70 2513 2520 71670 13581
305 70 2513 2520 72079 13655
306 71 2513 2520 72492 13707
307 71 2513 2520 72908 13772
308 71 2513 2520 73282 13846
309 71 2513 2520 73657 13902
310 71 2513 2520 74045 13936
311 71 2513 2520 74418 14002
312 71 2512 2520 74740 14063
313 72 2512 2520 75112 14122
314 72 2512 2520 75447 14187
315 72 2512 2520 75755 14252
316 72 2512 2520 76086 14269
317 72 2512 2520 76430 14311
318 73 2512 2520 76736 14343
319 73 2512 2520 77080 14405
320 73 2512 2520 77421 14464
321 73 2512 2520 77763 14535
322 74 2512 2520 78089 14556
323 74 2512 2520 78423 14630
324 75 2512 2520 78730 14660
325 75 2512 2520 79040 14719
326 75 2512 2520 79365 14767
327 75 2512 2520 79695 14818
328 75 2512 2520 80050 14878
329 77 2512 2520 80342 14909
330 77 2512 2520 80700 14979
331 78 2512 2520 81013 15046
332 78 2512 2520 81385 15100
333 79 2512 2520 81750 15164
334 80 2512 2520 82149 15251
335 82 2512 2520 82543 15311
336 82 2512 2520 82973 15379
337 82 2512 2520 83463 15469
338 83 2512 2520 83906 15558
339 83 2512 2520 84373 15619
340 83 2512 2520 84854 15691
341 83 2512 2520 85327 15752
342 83 2512 2520 85784 15807
343 83 2512 2520 86191 15876
344 83 2512 2520 86580 15932
345 83 2512 2520 87021 16013
346 85 2512 2520 87341 16075
347 85 2512 2520 87735 16129
348 85 2512 2520 88123 16191
349 85 2512 2520 88484 16230
350 85 2512 2520 88866 16310
351 85 2512 2520 89176 16355
352 85 2512 2520 89557 16410
353 85 2512 2520 89936 16480
354 86 2512 2520 90286 16565
355 88 2512 2520 90613 16621
356 88 2512 2520 91011 16691
357 88 2512 2520 91429 16758
358 88 2512 2520 91877 16839
359 89 2512 2520 92297 16908
360 90 2512 2520 92695 16968
361 90 2512 2520 93139 17020
362 90 2512 2520 93593 17073
363 90 2512 2520 94024 17140
364 90 2511 2520 94492 17228
365 90 2511 2520 94974 17314
366 91 2511 2520 95390 17406
367 91 2511 2520 95818 17472
368 91 2511 2520 96283 17524
369 91 2511 2520 96730 17614
370 92 2511 2520 97095 17689
371 92 2511 2520 97426 17771
372 92 2511 2520 97820 17829
373 92 2511 2520 98224 17878
374 92 2511 2520 98603 17945
375 93 2511 2520 98973 18002
376 93 2511 2520 99342 18060
377 93 2511 2520 99682 18114
378 93 2511 2520 100003 18168
379 94 2511 2520 100335 18231
380 95 2511 2520 100707 18289
381 97 2511 2520 101001 18351
382 97 2511 2520 101374 18402
383 97 2511 2520 101818 18478
384 97 2511 2520 102223 18602
385 97 2511 2520 102675 18672
386 97 2511 2520 103159 18721
387 97 2511 2520 103587 18780
388 99 2511 2520 104053 18866
389 99 2511 2520 104503 18926
390 99 2510 2520 105011 19034
391 99 2510 2520 105440 19094
392 100 2510 2520 105932 19189
393 100 2510 2520 106426 19257
394 100 2510 2520 106924 19329
395 100 2510 2520 107319 19359
396 101 2510 2520 107713 19400
397 101 2510 2520 108174 19462
398 101 2510 2520 108603 19501
399 102 2510 2520 108992 19536
400 103 2510 2520 109432 19607
401 103 2510 2520 109830 19674
402 104 2510 2520 110277 19780
403 105 2510 2520 110733 19900
404 107 2510 2520 111205 19934
405 107 2510 2520 111666 20053
406 108 2510 2520 112167 20142
407 108 2510 2520 112624 20231
408 108 2510 2520 113191 20361
409 108 2510 2520 113700 20455
410 108 2510 2520 114224 20524
411 109 2510 2520 114722 20631
412 110 2510 2520 115171 20709
413 111 2510 2520 115705 20820
414 111 2510 2520 116216 20882
415 111 2510 2520 116717 20958
416 111 2510 2520 117169 21043
417 112 2510 2520 117641 21127
418 112 2510 2520 118158 21210
419 112 2510 2520 118650 21291
420 112 2510 2520 119170 21400
421 112 2510 2520 119657 21493
422 112 2510 2520 120107 21556
423 112 2509 2520 120529 21644
424 115 2509 2520 120955 21705
425 115 2509 2520 121434 21833
426 116 2509 2520 121975 21892
427 117 2509 2520 122475 21955
428 118 2509 2520 123021 22077
429 120 2509 2520 123533 22172
430 121 2509 2520 124172 22286
431 122 2509 2520 124786 22376
432 122 2509 2520 125450 22501
433 122 2509 2520 126096 22613
434 122 2509 2520 126708 22718
435 122 2509 2520 127322 22834
436 122 2509 2520 127964 22926
437 122 2509 2520 128517 23015
438 122 2509 2520 129126 23113
439 123 2509 2520 129674 23192
440 123 2509 2520 130233 23262
441 123 2509 2520 130834 23330
442 123 2509 2520 131381 23421
443 124 2509 2520 131926 23474
444 124 2509 2520 132475 23565
445 124 2509 2520 132961 23624
446 124 2509 2520 133491 23737
447 124 2509 2520 133943 23784
448 125 2509 2520 134429 23861
449 125 2509 2520 134833 23954
450 127 2509 2520 135302 24034
451 127 2509 2520 135693 24040
452 127 2509 2520 136210 24118
453 127 2509 2520 136641 24194
454 127 2509 2520 137090 24255
455 127 2509 2520 137560 24310
456 127 2509 2520 137962 24365
457 128 2509 2520 138415 24448
458 129 2509 2520 138836 24512
459 131 2509 2520 139349 24607
460 131 2509 2520 139809 24701
461 134 2509 2520 140319 24802
462 136 2509 2520 140807 24865
463 136 2509 2520 141378 24971
464 137 2509 2520 141993 25063
465 137 2509 2520 142580 25166
466 137 2509 2520 143211 25301
467 137 2509 2520 143791 25420
468 137 2509 2520 144356 25489
469 137 2509 2520 144868 25529
470 137 2509 2520 145421 25590
471 138 2509 2520 145921 25690
472 139 2509 2520 146415 25782
473 140 2509 2520 146960 25854
474 141 2508 2520 147541 25928
475 141 2508 2520 148113 26020
476 142 2508 2520 148643 26104
477 142 2508 2520 149227 26181
478 142 2508 2520 149842 26279
479 142 2508 2520 150426 26298
480 142 2508 2520 151065 26409
481 144 2508 2520 151561 26475
482 145 2508 2520 152108 26554
483 147 2508 2520 152653 26593
484 148 2508 2520 153234 26679
485 149 2508 2520 153836 26754
486 149 2508 2520 154432 26836
487 149 2508 2520 155073 26967
488 150 2508 2520 155696 27044
489 150 2508 2520 156290 27124
490 150 2508 2520 156943 27241
491 150 2508 2520 157503 27330
492 151 2508 2520 158086 27430
493 152 2508 2520 158696 27515
494 152 2508 2520 159334 27617
495 153 2508 2520 159961 27736
496 154 2508 2520 160578 27853
497 154 2508 2520 161209 27971
498 154 2508 2520 161808 28035
499 154 2508 2520 162445 28122
500 154 2508 2520 163069 28195
501 154 2508 2520 163636 28273
502 155 2508 2520 164269 28398
503 156 2508 2520 164834 28480
504 158 2508 2520 165436 28542
505 160 2508 2520 166026 28617
506 160 2508 2520 166671 28763
507 160 2508 2520 167374 28856
508 160 2508 2520 168016 28952
509 161 2508 2520 168732 29063
510 161 2508 2520 169347 29157
511 163 2508 2520 169962 29247
512 163 2508 2520 170610 29338
513 164 2508 2520 171221 29423
514 164 2508 2520 171922 29507
515 164 2508 2520 172578 29601
516 165 2508 2520 173253 29719
517 166 2508 2520 173880 29803
518 167 2508 2520 174553 29928
519 169 2508 2520 175217 30040
520 170 2508 2520 175915 30148
521 170 2508 2520 176707 30258
522 170 2508 2520 177388 30365
523 171 2507 2520 178099 30447
524 172 2506 2520 178700 30526
525 173 2506 2520 179439 30595
526 174 2506 2520 180167 30706
527 174 2506 2520 180914 30814
528 174 2506 2520 181627 30906
529 176 2506 2520 182324 30949
530 178 2506 2520 183062 31065
531 178 2506 2520 183764 31185
532 178 2506 2520 184498 31284
533 181 2506 2520 185227 31444
534 182 2506 2520 185992 31512
535 182 2506 2520 186781 31606
536 182 2506 2520 187564 31698
537 182 2506 2520 188328 31822
538 182 2506 2520 189123 31951
539 182 2506 2520 189872 32055
540 183 2506 2520 190562 32121
541 183 2506 2520 191278 32209
542 183 2506 2520 191999 32313
543 183 2506 2520 192682 32385
544 184 2506 2520 193326 32459
545 184 2506 2520 193966 32500
546 185 2506 2520 194627 32609
547 185 2506 2520 195329 32706
548 186 2505 2520 195983 32791
549 186 2505 2520 196622 32823
550 186 2505 2520 197307 32860
551 187 2504 2520 197921 32932
552 187 2504 2520 198588 33023
553 188 2504 2520 199249 33118
554 188 2504 2520 199841 33190
555 189 2504 2520 200482 33255
556 190 2504 2520 201089 33349
557 190 2504 2520 201784 33498
558 191 2504 2520 202492 33595
559 192 2504 2520 203227 33706
560 194 2504 2520 203905 33806
561 195 2504 2520 204631 33914
562 195 2504 2520 205322 34038
563 195 2504 2520 206101 34129
564 195 2503 2520 206751 34203
565 195 2503 2520 207410 34329
566 195 2503 2520 208076 34415
567 197 2503 2520 208686 34488
568 197 2503 2520 209322 34588
569 197 2503 2520 209955 34669
570 197 2503 2520 210590 34738
571 197 2503 2520 211224 34791
572 198 2503 2520 211878 34859
573 199 2502 2520 212391 34895
574 200 2502 2520 212946 34924
575 201 2502 2520 213508 34982
576 203 2502 2520 214122 35039
577 203 2501 2520 214743 35089
578 203 2501 2520 215414 35192
579 203 2501 2520 216069 35293
580 203 2501 2520 216759 35361
581 204 2500 2520 217438 35462
582 205 2500 2520 218053 35501
583 206 2500 2520 218612 35559
584 206 2500 2520 219242 35620
585 207 2500 2520 219868 35708
586 207 2500 2520 220485 35785
587 207 2500 2520 221048 35828
588 208 2500 2520 221574 35881
589 209 2500 2520 222049 35889
590 209 2499 2520 222604 35928
591 209 2499 2520 223116 35977
592 210 2499 2520 223674 36035
593 210 2499 2520 224221 36112
594 211 2499 2520 224781 36157
595 212 2499 2520 225348 36215
596 212 2499 2520 225925 36298
597 212 2499 2520 226485 36385
598 212 2499 2520 227034 36450
599 214 2499 2520 227629 36519
600 214 2499 2520 228164 36586
601 215 2498 2520 228778 36595
602 215 2498 2520 229366 36697
603 216 2498 2520 230007 36741
604 216 2498 2520 230536 36871
605 217 2498 2520 231134 36970
606 218 2498 2520 231710 37050
607 218 2498 2520 232265 37114
608 218 2498 2520 232800 37194
609 222 2498 2520 233372 37294
610 222 2498 2520 233950 37355
611 224 2498 2520 234622 37437
612 225 2498 2520 235244 37540
613 225 2498 2520 235933 37659
614 225 2498 2520 236617 37776
615 226 2498 2520 237317 37895
616 227 2498 2520 238025 38000
617 227 2498 2520 238707 38057
618 228 2498 2520 239420 38176
619 228 2498 2520 240162 38273
620 228 2498 2520 240828 38311
621 228 2498 2520 241453 38405
622 229 2498 2520 242149 38506
623 229 2498 2520 242767 38608
624 229 2498 2520 243437 38743
625 230 2498 2520 244124 38874
626 231 2498 2520 244748 38909
627 232 2498 2520 245474 38964
628 234 2498 2520 246118 39038
629 234 2498 2520 246739 39147
630 234 2498 2520 247440 39303
631 234 2498 2520 248098 39393
632 234 2498 2520 248825 39504
633 235 2498 2520 249504 39574
634 235 2498 2520 250162 39681
635 237 2498 2520 250902 39759
636 237 2498 2520 251615 39867
637 237 2498 2520 252384 39971
638 238 2498 2520 253177 40101
639 238 2498 2520 253890 40224
640 238 2498 2520 254649 40353
641 239 2498 2520 255368 40460
642 239 2498 2520 256028 40518
643 240 2498 2520 256721 40624
644 240 2498 2520 257440 40753
645 241 2498 2520 258131 40832
646 242 2498 2520 258793 40923
647 244 2498 2520 259493 41018
648 244 2498 2520 260231 41156
649 246 2498 2520 260939 41254
650 246 2498 2520 261649 41368
651 246 2498 2520 262415 41489
652 246 2498 2520 263098 41565
653 247 2498 2520 263863 41649
654 247 2498 2520 264565 41737
655 248 2498 2520 265290 41884
656 248 2498 2520 265997 42011
657 249 2498 2520 266700 42090
658 252 2498 2520 267407 42210
659 252 2498 2520 268132 42364
660 253 2498 2520 268905 42423
661 254 2498 2520 269718 42531
662 254 2498 2520 270548 42628
663 254 2498 2520 271306 42715
664 254 2498 2520 272021 42798
665 254 2498 2520 272736 42863
666 254 2498 2520 273478 42953
667 255 2498 2520 274208 43021
668 256 2498 2520 274925 43135
669 258 2498 2520 275644 43223
670 259 2498 2520 276299 43282
671 259 2498 2520 276973 43427
672 260 2498 2520 277621 43447
673 262 2498 2520 278310 43539
674 263 2498 2520 278996 43612
675 263 2498 2520 279725 43708
676 265 2498 2520 280502 43806
677 266 2498 2520 281295 43892
678 266 2498 2520 282027 43982
679 266 2498 2520 282866 44114
680 266 2498 2520 283599 44170
681 269 2498 2520 284344 44249
682 270 2498 2520 285121 44375
683 271 2498 2520 285847 44439
684 272 2498 2520 286685 44571
685 273 2498 2520 287535 44704
686 276 2498 2520 288415 44809
687 276 2498 2520 289372 44945
688 276 2498 2520 290327 45078
689 277 2498 2520 291282 45169
690 278 2498 2520 292230 45293
691 278 2498 2520 293242 45433
692 278 2498 2520 294226 45561
693 278 2498 2520 295156 45684
694 280 2498 2520 296157 45807
695 280 2498 2520 297139 45961
696 281 2498 2520 298077 46023
697 282 2497 2520 299122 46128
698 283 2497 2520 300116 46291
699 284 2497 2520 301032 46378
700 285 2497 2520 301983 46526
701 285 2497 2520 302987 46609
702 287 2497 2520 303901 46737
703 287 2497 2520 304872 46841
704 290 2497 2520 305792 46912
705 291 2497 2520 306657 47025
706 291 2497 2520 307571 47111
707 293 2497 2520 308547 47295
708 295 2497 2520 309544 47421
709 295 2496 2520 310476 47543
710 296 2496 2520 311424 47655
711 296 2496 2520 312423 47790
712 296 2496 2520 313480 47946
713 297 2496 2520 314354 48060
714 299 2496 2520 315304 48128
715 300 2496 2520 316240 48262
716 301 2496 2520 317214 48402
717 301 2496 2520 318111 48490
718 302 2496 2520 319036 48618
719 306 2496 2520 320049 48766
720 306 2496 2520 320945 48891
721 308 2496 2520 321970 49007
722 310 2496 2520 322921 49154
723 310 2495 2520 324049 49231
724 311 2495 2520 325084 49343
725 313 2495 2520 326174 49464
726 314 2495 2520 327309 49636
727 316 2495 2520 328401 49716
728 316 2495 2520 329508 49787
729 316 2495 2520 330673 49966
730 316 2495 2520 331802 50105
731 316 2495 2520 332992 50207
732 317 2494 2520 334009 50306
733 318 2494 2520 335106 50426
734 318 2494 2520 336146 50541
735 319 2494 2520 337222 50635
736 319 2492 2520 338117 50788
737 320 2491 2520 339059 50866
738 321 2491 2520 339992 50937
739 323 2491 2520 340921 51044
740 323 2491 2520 341922 51147
741 323 2491 2520 342928 51255
742 324 2491 2520 343885 51342
743 327 2491 2520 344903 51467
744 328 2491 2520 345902 51562
745 330 2491 2520 346937 51758
746 331 2491 2520 347917 51868
747 332 2491 2520 348969 51962
748 333 2491 2520 350071 52075
749 333 2491 2520 351147 52217
750 333 2490 2520 352262 52380
751 334 2490 2520 353309 52460
752 334 2490 2520 354416 52600
753 334 2490 2520 355381 52729
754 336 2490 2520 356404 52812
755 336 2490 2520 357375 52945
756 336 2490 2520 358321 53107
757 336 2490 2520 359203 53184
758 336 2490 2520 360088 53312
759 340 2490 2520 360976 53398
760 341 2490 2520 361919 53542
761 342 2490 2520 362803 53663
762 342 2490 2520 363756 53732
763 345 2490 2520 364662 53827
764 345 2490 2520 365596 53896
765 346 2490 2520 366536 54059
766 347 2490 2520 367480 54163
767 349 2489 2520 368461 54268
768 351 2489 2520 369540 54374
769 353 2489 2520 370538 54506
770 355 2489 2520 371623 54667
771 355 2489 2520 372689 54823
772 356 2489 2520 373746 54921
773 357 2489 2520 374861 55045
774 358 2489 2520 376004 55175
775 359 2489 2520 377098 55262
776 360 2489 2520 378293 55469
777 361 2489 2520 379348 55580
778 361 2489 2520 380541 55741
779 361 2489 2520 381655 55920
780 361 2489 2520 382837 56064
781 361 2489 2520 383912 56160
782 361 2489 2520 384970 56285
783 361 2489 2520 385917 56389
784 362 2489 2520 386865 56463
785 362 2489 2520 387901 56575
786 362 2489 2520 388854 56665
787 362 2489 2520 389755 56794
788 363 2489 2520 390592 56885
789 365 2489 2520 391445 56978
790 366 2489 2520 392267 57109
791 368 2489 2520 393155 57210
792 368 2489 2520 394009 57339
793 369 2489 2520 394880 57452
794 369 2489 2520 395753 57555
795 370 2489 2520 396570 57662
796 372 2489 2520 397399 57743
797 373 2489 2520 398320 57829
798 375 2489 2520 399196 57911
799 375 2489 2520 400105 58037
800 375 2489 2520 401010 58136
801 375 2489 2520 401988 58263
802 377 2489 2520 402953 58347
803 377 2489 2520 403918 58403
804 379 2489 2520 404874 58501
805 380 2489 2520 405920 58656
806 383 2489 2520 406939 58741
807 384 2488 2520 407967 58847
808 384 2488 2520 408973 58964
809 385 2488 2520 410141 59081
810 387 2487 2520 411163 59272
811 389 2487 2520 412224 59394
812 390 2487 2520 413353 59488
813 391 2487 2520 414428 59584
814 392 2487 2520 415569 59742
815 392 2487 2520 416728 59871
816 392 2487 2520 417753 60009
817 393 2487 2520 418826 60120
818 394 2487 2520 419933 60243
819 394 2487 2520 421006 60302
820 396 2487 2520 422133 60435
821 396 2487 2520 423292 60579
822 397 2487 2520 424379 60705
823 400 2487 2520 425413 60744
824 401 2487 2520 426514 60862
825 403 2486 2520 427581 61040
826 404 2486 2520 428630 61155
827 404 2486 2520 429775 61279
828 406 2486 2520 430884 61393
829 407 2486 2520 432069 61516
830 408 2486 2520 433190 61668
831 410 2486 2520 434371 61839
832 410 2486 2520 435532 61957
833 410 2486 2520 436726 62092
834 410 2486 2520 437898 62246
835 410 2486 2520 438987 62347
836 411 2486 2520 440162 62452
837 412 2486 2520 441325 62611
838 412 2486 2520 442387 62711
839 416 2486 2520 443467 62801
840 417 2486 2520 444618 62940
841 418 2486 2520 445767 63069
842 420 2486 2520 446903 63206
843 421 2486 2520 448129 63329
844 421 2485 2520 449213 63434
845 422 2485 2520 450403 63584
846 425 2485 2520 451607 63704
847 427 2485 2520 452751 63840
848 428 2485 2520 453990 63994
849 428 2485 2520 455144 64134
850 429 2485 2520 456355 64336
851 431 2485 2520 457595 64494
852 433 2485 2520 458763 64601
853 434 2485 2520 460044 64720
854 438 2485 2520 461314 64877
855 438 2485 2520 462593 65034
856 439 2485 2520 464002 65238
857 439 2485 2520 465436 65522
858 441 2485 2520 466760 65674
859 442 2485 2520 468027 65802
860 445 2485 2520 469221 65886
861 445 2485 2520 470573 66004
862 445 2485 2520 471822 66139
863 445 2485 2520 473065 66254
864 450 2485 2520 474214 66407
865 450 2485 2520 475460 66537
866 451 2485 2520 476740 66694
867 452 2485 2520 478072 66825
868 453 2485 2520 479379 66975
869 453 2485 2520 480735 67058
870 453 2485 2520 481929 67197
871 453 2485 2520 483143 67339
872 454 2485 2520 484389 67502
873 458 2485 2520 485619 67628
874 460 2485 2520 486765 67773
875 461 2485 2520 487967 67866
876 463 2485 2520 489306 68041
877 465 2485 2520 490494 68225
878 467 2485 2520 491842 68354
879 469 2485 2520 493222 68538
880 469 2485 2520 494587 68642
881 470 2485 2520 495859 68751
882 471 2485 2520 497227 68949
883 472 2485 2520 498631 69090
884 476 2485 2520 500018 69232
885 476 2485 2520 501352 69400
886 476 2485 2520 502670 69571
887 478 2485 2520 504046 69762
888 478 2485 2520 505490 69968
889 478 2485 2520 506895 70074
890 479 2485 2520 508258 70212
891 480 2485 2520 509639 70378
892 480 2485 2520 510995 70495
893 482 2485 2520 512325 70686
894 484 2485 2520 513551 70794
895 486 2485 2520 514758 70977
896 486 2485 2520 516086 71117
897 486 2485 2520 517396 71233
898 488 2485 2520 518699 71448
899 488 2485 2520 519934 71632
900 488 2485 2520 521118 71772
901 489 2485 2520 522384 71923
902 491 2485 2520 523601 72020
903 492 2485 2520 524784 72169
904 494 2485 2520 526067 72375
905 497 2485 2520 527241 72474
906 498 2485 2520 528408 72616
907 498 2485 2520 529728 72773
908 499 2485 2520 530940 72901
909 499 2485 2520 532120 73056
910 501 2485 2520 533454 73167
911 501 2485 2520 534808 73254
912 505 2485 2520 535954 73325
913 509 2485 2520 537166 73426
914 509 2485 2520 538475 73600
915 510 2485 2520 539723 73712
916 512 2485 2520 540960 73824
917 512 2485 2520 542290 73913
918 513 2485 2520 543672 74107
919 515 2485 2520 544954 74289
920 516 2485 2520 546313 74422
921 517 2485 2520 547715 74555
922 517 2485 2520 549063 74758
923 521 2485 2520 550346 74872
924 521 2485 2520 551692 75016
925 521 2484 2520 553002 75203
926 521 2484 2520 554363 75363
927 523 2484 2520 555674 75459
928 524 2484 2520 556982 75561
929 524 2484 2520 558254 75721
930 524 2484 2520 559530 75821
931 525 2484 2520 560769 75961
932 527 2484 2520 562024 76024
933 527 2484 2520 563188 76136
934 529 2484 2520 564391 76211
935 530 2484 2520 565589 76355
936 533 2484 2520 566768 76438
937 535 2483 2520 568045 76534
938 535 2483 2520 569375 76685
939 537 2483 2520 570650 76800
940 541 2483 2520 571952 76906
941 542 2483 2520 573336 77044
942 544 2483 2520 574720 77211
943 544 2483 2520 576108 77378
944 544 2483 2520 577519 77502
945 547 2483 2520 578881 77637
946 548 2483 2520 580331 77854
947 550 2483 2520 581720 78011
948 551 2483 2520 583239 78192
949 551 2483 2520 584691 78309
950 553 2483 2520 586167 78479
951 555 2483 2520 587604 78516
952 557 2483 2520 589063 78683
953 557 2483 2520 590541 78824
954 557 2483 2520 592003 78952
955 559 2482 2520 593587 79097
956 560 2482 2520 595053 79282
957 560 2482 2520 596565 79371
958 563 2482 2520 598013 79508
959 564 2482 2520 599490 79658
960 565 2481 2520 600845 79796
961 565 2481 2520 602309 79964
962 565 2481 2520 603654 80114
963 565 2481 2520 605026 80212
964 568 2481 2520 606308 80357
965 569 2481 2520 607736 80489
966 570 2481 2520 608978 80635
967 571 2481 2520 610221 80759
968 573 2481 2520 611506 80904
969 573 2481 2520 612840 81048
970 574 2481 2520 614162 81158
971 574 2481 2520 615533 81302
972 574 2481 2520 616844 81431
973 576 2480 2520 618180 81522
974 577 2480 2520 619500 81654
975 577 2480 2520 620746 81791
976 579 2479 2520 622099 81919
977 580 2479 2520 623424 82066
978 582 2479 2520 624726 82222
979 584 2479 2520 625941 82371
980 586 2479 2520 627242 82497
981 587 2479 2520 628588 82575
982 589 2479 2520 629975 82742
983 593 2479 2520 631427 82851
984 595 2479 2520 632832 82983
985 596 2479 2520 634263 83140
986 598 2479 2520 635700 83268
987 601 2479 2520 637219 83420
988 601 2479 2520 638692 83537
989 601 2479 2520 640247 83663
990 601 2479 2520 641734 83816
991 603 2478 2520 643124 83878
992 604 2478 2520 644588 84003
993 607 2478 2520 646117 84170
994 607 2478 2520 647575 84290
995 609 2478 2520 649127 84424
996 611 2478 2520 650531 84597
997 612 2478 2520 652141 84723
998 613 2478 2520 653688 84869
999 614 2477 2520 655081 85036
1000 614 2477 2520 656718 85217
