0 1 2519 2520 797 501
1 1 2519 2520 802 505
2 1 2519 2520 805 507
3 1 2519 2520 812 512
4 1 2519 2520 818 515
5 1 2519 2520 830 522
6 1 2519 2520 836 523
7 1 2519 2520 842 526
8 1 2519 2520 859 538
9 1 2519 2520 867 544
10 1 2519 2520 877 548
11 1 2519 2520 882 553
12 1 2519 2520 888 554
13 1 2519 2520 899 562
14 1 2519 2520 907 564
15 1 2519 2520 909 566
16 1 2519 2520 916 570
17 1 2519 2520 923 577
18 1 2519 2520 924 577
19 1 2519 2520 926 577
20 1 2519 2520 925 577
21 1 2519 2520 935 582
22 1 2519 2520 939 581
23 1 2519 2520 943 581
24 1 2519 2520 945 583
25 1 2519 2520 949 586
26 1 2519 2520 961 591
27 1 2519 2520 967 593
28 1 2519 2520 974 594
29 1 2519 2520 976 595
30 1 2519 2520 974 591
31 1 2519 2520 981 595
32 1 2519 2520 988 597
33 1 2519 2520 993 600
34 1 2519 2520 1001 604
35 1 2519 2520 1003 608
36 1 2519 2520 1007 609
37 1 2519 2520 1020 616
38 1 2519 2520 1024 620
39 1 2519 2520 1043 630
40 1 2519 2520 1052 634
41 1 2519 2520 1060 641
42 1 2519 2520 1065 644
43 1 2519 2520 1067 646
44 1 2519 2520 1072 647
45 1 2519 2520 1073 651
46 1 2519 2520 1074 645
47 1 2519 2520 1077 648
48 1 2519 2520 1082 650
49 1 2519 2520 1086 653
50 1 2519 2520 1089 652
51 1 2519 2520 1096 653
52 1 2519 2520 1098 654
53 1 2519 2520 1096 652
54 1 2519 2520 1100 652
55 1 2519 2520 1101 651
56 1 2519 2520 1103 652
57 1 2519 2520 1106 651
58 1 2519 2520 1113 656
59 1 2519 2520 1116 658
60 1 2519 2520 1122 660
61 1 2519 2520 1129 661
62 1 2519 2520 1131 661
63 1 2519 2520 1142 669
64 1 2519 2520 1147 673
65 1 2519 2520 1149 674
66 1 2519 2520 1159 680
67 1 2519 2520 1163 683
68 1 2519 2520 1164 680
69 1 2519 2520 1164 677
70 1 2519 2520 1168 678
71 1 2519 2520 1174 681
72 1 2519 2520 1176 684
73 1 2519 2520 1179 684
74 1 2519 2520 1183 685
75 1 2519 2520 1186 684
76 2 2519 2520 1193 689
77 2 2519 2520 1207 693
78 2 2519 2520 1215 692
79 2 2519 2520 1230 700
80 2 2519 2520 1252 716
81 2 2519 2520 1275 723
82 2 2519 2520 1288 732
83 2 2519 2520 1316 741
84 2 2519 2520 1339 745
85 2 2519 2520 1364 749
86 2 2519 2520 1393 743
87 2 2519 2520 1415 756
88 2 2519 2520 1429 761
89 2 2519 2520 1441 763
90 2 2519 2520 1464 769
91 2 2519 2520 1498 775
92 2 2519 2520 1524 780
93 2 2519 2520 1536 786
94 2 2519 2520 1559 793
95 2 2519 2520 1585 799
96 2 2519 2520 1593 804
97 2 2519 2520 1620 815
98 2 2519 2520 1656 824
99 2 2519 2520 1679 829
100 2 2519 2520 1704 842
101 2 2519 2520 1718 843
102 2 2519 2520 1750 849
103 2 2519 2520 1768 856
104 2 2519 2520 1791 870
105 2 2519 2520 1806 874
106 2 2519 2520 1824 884
107 2 2519 2520 1832 890
108 2 2519 2520 1856 898
109 2 2519 2520 1866 900
110 2 2519 2520 1883 904
111 2 2519 2520 1905 911
112 2 2519 2520 1915 917
113 2 2519 2520 1933 922
114 2 2519 2520 1956 928
115 2 2519 2520 1966 932
116 2 2519 2520 1986 939
117 2 2519 2520 2003 946
118 2 2519 2520 2022 955
119 2 2519 2520 2042 960
120 2 2519 2520 2052 966
121 2 2519 2520 2062 969
122 2 2519 2520 2082 974
123 2 2519 2520 2096 986
124 2 2519 2520 2104 987
125 2 2519 2520 2117 991
126 2 2519 2520 2119 987
127 2 2519 2520 2121 984
128 2 2519 2520 2126 988
129 2 2519 2520 2130 987
130 2 2519 2520 2134 991
131 2 2519 2520 2143 994
132 2 2519 2520 2154 999
133 2 2519 2520 2155 999
134 2 2519 2520 2158 1002
135 2 2519 2520 2161 1005
136 2 2519 2520 2166 1007
137 2 2519 2520 2177 1010
138 2 2519 2520 2185 1013
139 2 2519 2520 2192 1017
140 2 2519 2520 2193 1014
141 2 2519 2520 2199 1016
142 2 2519 2520 2203 1018
143 2 2519 2520 2218 1017
144 2 2519 2520 2223 1020
145 3 2519 2520 2226 1020
146 3 2519 2520 2232 1021
147 3 2519 2520 2244 1026
148 3 2519 2520 2266 1038
149 3 2519 2520 2279 1038
150 3 2519 2520 2294 1042
151 3 2519 2520 2314 1054
152 3 2519 2520 2335 1068
153 3 2519 2520 2343 1063
154 3 2519 2520 2348 1067
155 3 2519 2520 2360 1073
156 3 2519 2520 2376 1080
157 3 2519 2520 2385 1083
158 3 2519 2520 2397 1087
159 3 2519 2520 2427 1091
160 3 2519 2520 2433 1095
161 3 2519 2520 2466 1103
162 3 2519 2520 2494 1110
163 3 2519 2520 2517 1120
164 3 2519 2520 2527 1127
165 3 2519 2520 2539 1127
166 3 2519 2520 2561 1138
167 3 2519 2520 2591 1140
168 3 2519 2520 2608 1143
169 3 2519 2520 2634 1146
170 3 2519 2520 2648 1147
171 3 2519 2520 2663 1149
172 3 2519 2520 2673 1143
173 3 2519 2520 2692 1153
174 3 2519 2520 2706 1155
175 3 2519 2520 2726 1159
176 3 2519 2520 2749 1170
177 3 2519 2520 2770 1182
178 3 2519 2520 2773 1183
179 3 2519 2520 2793 1189
180 3 2519 2520 2804 1192
181 3 2519 2520 2818 1194
182 3 2519 2520 2828 1197
183 3 2519 2520 2839 1199
184 3 2519 2520 2849 1198
185 3 2519 2520 2868 1204
186 3 2519 2520 2887 1212
187 3 2519 2520 2908 1217
188 3 2519 2520 2917 1226
189 3 2519 2520 2931 1229
190 3 2519 2520 2939 1231
191 3 2519 2520 2946 1233
192 3 2519 2520 2949 1236
193 3 2519 2520 2962 1234
194 3 2519 2520 2972 1243
195 3 2519 2520 2987 1242
196 3 2519 2520 3005 1246
197 3 2519 2520 3022 1249
198 3 2519 2520 3040 1255
199 3 2519 2520 3058 1265
200 3 2519 2520 3071 1278
201 3 2519 2520 3080 1270
202 3 2519 2520 3081 1274
203 3 2519 2520 3094 1280
204 3 2519 2520 3104 1281
205 3 2519 2520 3119 1290
206 3 2519 2520 3136 1300
207 3 2519 2520 3148 1303
208 3 2519 2520 3166 1303
209 3 2519 2520 3180 1314
210 3 2519 2520 3190 1319
211 3 2519 2520 3193 1318
212 3 2519 2520 3192 1320
213 3 2519 2520 3202 1320
214 3 2519 2520 3209 1322
215 3 2519 2520 3224 1331
216 3 2519 2520 3236 1331
217 3 2519 2520 3258 1336
218 3 2519 2520 3281 1343
219 3 2519 2520 3285 1351
220 3 2519 2520 3286 1349
221 3 2519 2520 3298 1347
222 3 2519 2520 3304 1344
223 3 2519 2520 3299 1344
224 3 2519 2520 3303 1348
225 3 2519 2520 3309 1350
226 3 2519 2520 3313 1350
227 3 2519 2520 3321 1357
228 3 2519 2520 3330 1359
229 3 2519 2520 3346 1368
230 3 2519 2520 3347 1367
231 3 2519 2520 3356 1377
232 3 2519 2520 3358 1379
233 3 2519 2520 3354 1371
234 3 2519 2520 3364 1375
235 3 2519 2520 3364 1364
236 3 2519 2520 3354 1358
237 3 2519 2520 3366 1362
238 3 2519 2520 3371 1366
239 3 2519 2520 3382 1364
240 3 2519 2520 3397 1364
241 3 2519 2520 3402 1361
242 3 2519 2520 3399 1365
243 3 2519 2520 3416 1376
244 3 2519 2520 3418 1376
245 3 2519 2520 3429 1377
246 3 2519 2520 3441 1384
247 3 2519 2520 3452 1388
248 3 2519 2520 3461 1393
249 3 2519 2520 3459 1391
250 3 2519 2520 3470 1391
251 3 2519 2520 3476 1392
252 3 2519 2520 3482 1395
253 4 2519 2520 3496 1402
254 4 2519 2520 3504 1406
255 4 2519 2520 3530 1419
256 4 2519 2520 3550 1419
257 4 2519 2520 3567 1435
258 4 2519 2520 3587 1437
259 4 2519 2520 3612 1445
260 4 2519 2520 3648 1458
261 4 2519 2520 3678 1466
262 4 2519 2520 3696 1467
263 4 2519 2520 3720 1471
264 4 2519 2520 3752 1483
265 4 2519 2520 3776 1482
266 4 2519 2520 3787 1489
267 4 2519 2520 3816 1492
268 4 2519 2520 3824 1499
269 4 2519 2520 3838 1506
270 4 2519 2520 3868 1511
271 4 2519 2520 3880 1516
272 4 2519 2520 3896 1517
273 4 2519 2520 3899 1521
274 4 2519 2520 3921 1526
275 4 2519 2520 3934 1528
276 4 2519 2520 3949 1531
277 4 2519 2520 3972 1535
278 4 2519 2520 3993 1546
279 4 2519 2520 4010 1550
280 4 2519 2520 4018 1547
281 4 2519 2520 4030 1552
282 4 2519 2520 4048 1559
283 4 2519 2520 4054 1557
284 4 2519 2520 4065 1567
285 4 2519 2520 4072 1573
286 4 2519 2520 4085 1575
287 4 2519 2520 4099 1574
288 4 2519 2520 4109 1577
289 4 2519 2520 4116 1581
290 4 2519 2520 4130 1584
291 4 2519 2520 4144 1585
292 4 2519 2520 4153 1592
293 4 2519 2520 4165 1595
294 4 2519 2520 4178 1600
295 4 2519 2520 4184 1605
296 4 2519 2520 4185 1603
297 4 2519 2520 4190 1604
298 4 2519 2520 4193 1604
299 4 2519 2520 4201 1607
300 4 2519 2520 4198 1613
301 4 2519 2520 4208 1616
302 4 2519 2520 4217 1613
303 4 2519 2520 4220 1612
304 4 2519 2520 4225 1611
305 4 2519 2520 4232 1616
306 4 2519 2520 4236 1617
307 4 2519 2520 4243 1621
308 4 2519 2520 4244 1623
309 4 2519 2520 4249 1628
310 5 2519 2520 4255 1626
311 5 2519 2520 4259 1626
312 5 2519 2520 4273 1630
313 5 2519 2520 4281 1633
314 5 2519 2520 4299 1640
315 5 2519 2520 4309 1645
316 5 2519 2520 4319 1650
317 5 2519 2520 4324 1651
318 5 2519 2520 4331 1652
319 5 2519 2520 4340 1654
320 5 2519 2520 4355 1661
321 5 2519 2520 4363 1657
322 5 2519 2520 4373 1660
323 5 2519 2520 4383 1660
324 5 2519 2520 4398 1669
325 5 2519 2520 4409 1674
326 5 2519 2520 4422 1681
327 5 2519 2520 4425 1680
328 5 2519 2520 4435 1683
329 5 2519 2520 4436 1682
330 5 2519 2520 4444 1683
331 5 2519 2520 4459 1685
332 5 2519 2520 4469 1687
333 5 2519 2520 4480 1688
334 5 2519 2520 4492 1698
335 5 2519 2520 4509 1711
336 5 2519 2520 4517 1711
337 5 2519 2520 4527 1716
338 5 2519 2520 4536 1716
339 5 2519 2520 4547 1721
340 5 2519 2520 4554 1728
341 5 2519 2520 4571 1728
342 5 2519 2520 4580 1733
343 5 2519 2520 4591 1734
344 5 2519 2520 4592 1737
345 5 2519 2520 4596 1733
346 5 2519 2520 4618 1742
347 5 2519 2520 4622 1738
348 5 2519 2520 4630 1745
349 5 2519 2520 4637 1746
350 5 2519 2520 4646 1749
351 5 2519 2520 4648 1745
352 5 2519 2520 4660 1745
353 5 2519 2520 4674 1751
354 5 2519 2520 4694 1762
355 5 2519 2520 4705 1763
356 5 2519 2520 4706 1765
357 5 2519 2520 4706 1769
358 5 2519 2520 4708 1768
359 5 2519 2520 4713 1770
360 5 2519 2520 4734 1779
361 5 2519 2520 4746 1783
362 5 2519 2520 4755 1786
363 5 2519 2520 4761 1790
364 5 2519 2520 4767 1791
365 5 2519 2520 4772 1790
366 5 2519 2520 4786 1793
367 6 2519 2520 4800 1802
368 6 2519 2520 4809 1804
369 6 2519 2520 4812 1810
370 6 2519 2520 4816 1810
371 6 2519 2520 4825 1816
372 6 2519 2520 4829 1817
373 6 2519 2520 4831 1812
374 6 2519 2520 4842 1811
375 6 2519 2520 4845 1812
376 6 2519 2520 4858 1817
377 6 2519 2520 4863 1818
378 6 2519 2520 4873 1820
379 6 2519 2520 4888 1822
380 6 2519 2520 4905 1828
381 6 2519 2520 4910 1829
382 6 2519 2520 4918 1832
383 6 2519 2520 4927 1832
384 6 2519 2520 4949 1837
385 6 2519 2520 4960 1836
386 6 2519 2520 4968 1831
387 6 2519 2520 4979 1837
388 6 2519 2520 4995 1842
389 6 2519 2520 5016 1842
390 6 2519 2520 5021 1845
391 6 2519 2520 5047 1855
392 6 2519 2520 5056 1852
393 6 2519 2520 5074 1851
394 6 2519 2520 5084 1853
395 6 2519 2520 5101 1855
396 6 2519 2520 5110 1856
397 6 2519 2520 5120 1854
398 6 2519 2520 5134 1855
399 6 2519 2520 5143 1858
400 6 2519 2520 5168 1861
401 6 2519 2520 5179 1868
402 6 2519 2520 5191 1875
403 6 2519 2520 5212 1883
404 6 2519 2520 5231 1889
405 6 2519 2520 5249 1892
406 6 2519 2520 5265 1894
407 6 2519 2520 5276 1898
408 6 2519 2520 5286 1900
409 6 2519 2520 5295 1906
410 6 2519 2520 5314 1913
411 6 2519 2520 5330 1916
412 6 2519 2520 5343 1919
413 6 2519 2520 5356 1924
414 6 2519 2520 5365 1926
415 6 2519 2520 5376 1930
416 6 2519 2520 5382 1929
417 6 2519 2520 5390 1935
418 6 2519 2520 5401 1940
419 6 2519 2520 5408 1939
420 6 2519 2520 5411 1946
421 6 2519 2520 5409 1943
422 6 2519 2520 5415 1949
423 6 2519 2520 5414 1950
424 6 2519 2520 5421 1954
425 6 2519 2520 5425 1953
426 6 2519 2520 5428 1958
427 6 2519 2520 5433 1957
428 6 2519 2520 5448 1968
429 6 2519 2520 5456 1970
430 6 2519 2520 5463 1972
431 6 2519 2520 5475 1969
432 6 2519 2520 5484 1974
433 6 2519 2520 5494 1975
434 6 2519 2520 5511 1982
435 6 2519 2520 5517 1980
436 6 2519 2520 5529 1986
437 6 2519 2520 5531 1989
438 6 2519 2520 5541 1987
439 6 2519 2520 5547 1987
440 6 2519 2520 5561 1990
441 6 2519 2520 5575 1993
442 6 2519 2520 5584 1991
443 6 2519 2520 5599 1999
444 6 2519 2520 5612 1999
445 6 2519 2520 5625 2005
446 6 2519 2520 5637 2009
447 6 2519 2520 5638 2003
448 6 2519 2520 5646 2008
449 6 2519 2520 5653 2011
450 6 2519 2520 5658 2008
451 6 2519 2520 5659 2015
452 6 2519 2520 5674 2017
453 6 2519 2520 5687 2026
454 6 2519 2520 5694 2032
455 6 2519 2520 5707 2034
456 6 2519 2520 5716 2038
457 6 2519 2520 5724 2047
458 6 2519 2520 5738 2047
459 6 2519 2520 5748 2045
460 6 2519 2520 5766 2050
461 6 2519 2520 5770 2049
462 6 2519 2520 5787 2055
463 6 2519 2520 5796 2062
464 6 2519 2520 5799 2062
465 6 2519 2520 5808 2061
466 6 2519 2520 5810 2062
467 6 2519 2520 5808 2058
468 6 2519 2520 5814 2057
469 6 2519 2520 5827 2066
470 6 2519 2520 5843 2072
471 6 2519 2520 5852 2074
472 6 2519 2520 5864 2076
473 6 2519 2520 5867 2073
474 6 2519 2520 5873 2074
475 6 2519 2520 5883 2068
476 6 2519 2520 5901 2077
477 6 2519 2520 5903 2075
478 6 2519 2520 5916 2075
479 6 2519 2520 5929 2080
480 6 2519 2520 5950 2085
481 6 2519 2520 5959 2086
482 6 2519 2520 5965 2091
483 6 2519 2520 5971 2092
484 6 2519 2520 5969 2087
485 6 2519 2520 5988 2096
486 6 2519 2520 6005 2095
487 6 2519 2520 6015 2099
488 6 2519 2520 6041 2105
489 6 2519 2520 6046 2106
490 6 2519 2520 6056 2104
491 6 2519 2520 6068 2104
492 6 2519 2520 6076 2104
493 6 2519 2520 6088 2103
494 6 2519 2520 6108 2102
495 6 2519 2520 6112 2101
496 6 2519 2520 6119 2105
497 6 2519 2520 6136 2112
498 6 2519 2520 6150 2115
499 6 2519 2520 6168 2123
500 6 2519 2520 6174 2129
501 6 2519 2520 6167 2124
502 6 2519 2520 6178 2127
503 6 2519 2520 6178 2129
504 6 2519 2520 6191 2132
505 6 2519 2520 6198 2133
506 6 2519 2520 6200 2137
507 6 2519 2520 6218 2143
508 6 2519 2520 6227 2148
509 6 2519 2520 6223 2142
510 6 2519 2520 6228 2141
511 6 2519 2520 6241 2146
512 6 2519 2520 6249 2150
513 6 2519 2520 6272 2155
514 6 2519 2520 6288 2164
515 6 2519 2520 6295 2153
516 6 2519 2520 6310 2159
517 6 2519 2520 6330 2164
518 6 2519 2520 6341 2173
519 6 2519 2520 6341 2172
520 6 2519 2520 6340 2174
521 6 2519 2520 6346 2172
522 6 2519 2520 6356 2181
523 6 2519 2520 6369 2186
524 6 2519 2520 6378 2188
525 6 2519 2520 6375 2188
526 6 2519 2520 6380 2191
527 6 2519 2520 6382 2187
528 6 2519 2520 6387 2194
529 6 2519 2520 6386 2190
530 6 2519 2520 6387 2192
531 6 2519 2520 6401 2201
532 6 2519 2520 6414 2199
533 6 2519 2520 6412 2202
534 6 2519 2520 6423 2209
535 6 2519 2520 6429 2209
536 6 2519 2520 6431 2203
537 6 2519 2520 6431 2203
538 6 2519 2520 6440 2208
539 6 2519 2520 6452 2211
540 6 2519 2520 6461 2212
541 6 2519 2520 6465 2213
542 6 2519 2520 6459 2215
543 6 2519 2520 6466 2214
544 6 2519 2520 6465 2212
545 6 2519 2520 6472 2221
546 6 2519 2520 6474 2224
547 6 2519 2520 6477 2225
548 6 2519 2520 6491 2230
549 6 2519 2520 6482 2231
550 6 2519 2520 6474 2227
551 6 2519 2520 6478 2229
552 6 2519 2520 6474 2226
553 6 2519 2520 6480 2225
554 6 2519 2520 6481 2220
555 6 2519 2520 6484 2225
556 6 2519 2520 6487 2226
557 6 2519 2520 6489 2224
558 6 2519 2520 6496 2225
559 6 2519 2520 6498 2232
560 6 2519 2520 6505 2233
561 6 2519 2520 6507 2234
562 6 2519 2520 6511 2238
563 6 2519 2520 6514 2238
564 6 2519 2520 6513 2237
565 6 2519 2520 6512 2236
566 6 2519 2520 6517 2238
567 6 2519 2520 6518 2237
568 6 2519 2520 6525 2241
569 6 2519 2520 6531 2244
570 6 2519 2520 6532 2244
571 6 2519 2520 6529 2239
572 6 2519 2520 6532 2239
573 6 2519 2520 6537 2239
574 6 2519 2520 6540 2238
575 6 2519 2520 6545 2241
576 6 2519 2520 6542 2239
577 6 2519 2520 6545 2242
578 6 2519 2520 6541 2239
579 6 2519 2520 6540 2238
580 6 2519 2520 6538 2241
581 6 2519 2520 6541 2245
582 6 2519 2520 6548 2247
583 6 2519 2520 6555 2247
584 6 2519 2520 6566 2249
585 6 2519 2520 6562 2248
586 6 2519 2520 6570 2250
587 6 2519 2520 6568 2251
588 6 2519 2520 6569 2250
589 6 2519 2520 6576 2258
590 6 2519 2520 6570 2256
591 6 2519 2520 6564 2252
592 6 2519 2520 6569 2255
593 6 2519 2520 6572 2255
594 6 2519 2520 6569 2256
595 6 2519 2520 6570 2252
596 6 2519 2520 6571 2251
597 6 2519 2520 6572 2251
598 6 2519 2520 6571 2253
599 6 2519 2520 6578 2259
600 6 2519 2520 6571 2255
601 6 2519 2520 6585 2255
602 6 2519 2520 6592 2256
603 6 2519 2520 6597 2256
604 6 2519 2520 6603 2257
605 6 2519 2520 6595 2255
606 6 2519 2520 6589 2253
607 6 2519 2520 6592 2257
608 6 2519 2520 6594 2257
609 6 2519 2520 6601 2264
610 6 2519 2520 6603 2267
611 6 2519 2520 6602 2266
612 6 2519 2520 6606 2268
613 6 2519 2520 6608 2268
614 6 2519 2520 6607 2267
615 6 2519 2520 6602 2263
616 6 2519 2520 6602 2266
617 6 2519 2520 6600 2264
618 6 2519 2520 6601 2265
619 6 2519 2520 6600 2259
620 6 2519 2520 6600 2259
621 6 2519 2520 6603 2260
622 6 2519 2520 6603 2257
623 6 2519 2520 6599 2261
624 6 2519 2520 6604 2258
625 6 2519 2520 6607 2258
626 6 2519 2520 6610 2260
627 6 2519 2520 6606 2256
628 6 2519 2520 6609 2257
629 6 2519 2520 6604 2260
630 6 2519 2520 6607 2259
631 6 2519 2520 6604 2258
632 6 2519 2520 6606 2263
633 6 2519 2520 6604 2262
634 6 2519 2520 6607 2267
635 6 2519 2520 6607 2268
636 6 2519 2520 6617 2267
637 6 2519 2520 6618 2272
638 6 2519 2520 6618 2271
639 6 2519 2520 6615 2271
640 6 2519 2520 6624 2281
641 6 2519 2520 6630 2282
642 6 2519 2520 6629 2280
643 6 2519 2520 6627 2282
644 6 2519 2520 6623 2281
645 6 2519 2520 6627 2284
646 6 2519 2520 6625 2281
647 6 2519 2520 6628 2283
648 6 2519 2520 6628 2282
649 6 2519 2520 6626 2285
650 6 2519 2520 6626 2283
651 6 2519 2520 6631 2281
652 6 2519 2520 6629 2281
653 6 2519 2520 6635 2285
654 6 2519 2520 6631 2284
655 6 2519 2520 6638 2284
656 6 2519 2520 6634 2287
657 6 2519 2520 6640 2290
658 6 2519 2520 6643 2290
659 6 2519 2520 6641 2288
660 6 2519 2520 6636 2286
661 6 2519 2520 6637 2286
662 6 2519 2520 6641 2287
663 6 2519 2520 6638 2285
664 6 2519 2520 6643 2290
665 6 2519 2520 6642 2291
666 6 2519 2520 6639 2289
667 6 2519 2520 6643 2292
668 6 2519 2520 6631 2284
669 6 2519 2520 6631 2283
670 6 2519 2520 6628 2280
671 6 2519 2520 6644 2288
672 6 2519 2520 6642 2283
673 6 2519 2520 6649 2287
674 6 2519 2520 6650 2287
675 6 2519 2520 6651 2292
676 6 2519 2520 6645 2286
677 6 2519 2520 6650 2289
678 6 2519 2520 6653 2291
679 6 2519 2520 6651 2289
680 6 2519 2520 6654 2289
681 6 2519 2520 6651 2291
682 6 2519 2520 6654 2291
683 6 2519 2520 6655 2288
684 6 2519 2520 6660 2285
685 6 2519 2520 6656 2292
686 6 2519 2520 6660 2290
687 6 2519 2520 6656 2289
688 6 2519 2520 6657 2290
689 6 2519 2520 6658 2291
690 6 2519 2520 6655 2288
691 6 2519 2520 6659 2293
692 6 2519 2520 6668 2297
693 6 2519 2520 6669 2299
694 6 2519 2520 6667 2297
695 6 2519 2520 6677 2299
696 6 2519 2520 6677 2300
697 6 2519 2520 6685 2300
698 6 2519 2520 6687 2300
699 7 2519 2520 6682 2294
700 7 2519 2520 6688 2304
701 7 2519 2520 6687 2299
702 7 2519 2520 6700 2303
703 7 2519 2520 6694 2297
704 7 2519 2520 6696 2299
705 7 2519 2520 6698 2296
706 7 2519 2520 6705 2301
707 7 2519 2520 6715 2304
708 7 2519 2520 6721 2303
709 7 2519 2520 6734 2304
710 7 2519 2520 6741 2303
711 7 2519 2520 6749 2308
712 7 2519 2520 6744 2306
713 7 2519 2520 6753 2306
714 7 2519 2520 6760 2312
715 7 2519 2520 6775 2315
716 7 2519 2520 6779 2311
717 7 2519 2520 6780 2313
718 7 2519 2520 6787 2318
719 7 2519 2520 6792 2320
720 7 2519 2520 6796 2319
721 7 2519 2520 6805 2317
722 7 2519 2520 6800 2319
723 7 2519 2520 6803 2319
724 7 2519 2520 6808 2326
725 7 2519 2520 6813 2324
726 7 2519 2520 6815 2326
727 7 2519 2520 6828 2330
728 7 2519 2520 6840 2335
729 7 2519 2520 6856 2335
730 7 2519 2520 6869 2338
731 7 2519 2520 6867 2335
732 7 2519 2520 6878 2343
733 7 2519 2520 6888 2350
734 7 2519 2520 6907 2354
735 7 2519 2520 6917 2360
736 7 2519 2520 6925 2361
737 7 2519 2520 6930 2366
738 7 2519 2520 6934 2364
739 7 2519 2520 6937 2364
740 7 2519 2520 6935 2361
741 7 2519 2520 6939 2362
742 7 2519 2520 6937 2364
743 7 2519 2520 6935 2368
744 7 2519 2520 6950 2370
745 7 2519 2520 6953 2362
746 7 2519 2520 6965 2367
747 7 2519 2520 6973 2367
748 7 2519 2520 6983 2366
749 7 2519 2520 6997 2369
750 7 2519 2520 7006 2371
751 7 2519 2520 7010 2377
752 7 2519 2520 7027 2384
753 7 2519 2520 7030 2377
754 7 2519 2520 7028 2383
755 7 2519 2520 7043 2384
756 7 2519 2520 7050 2383
757 7 2519 2520 7061 2385
758 7 2519 2520 7068 2386
759 7 2519 2520 7075 2396
760 7 2519 2520 7078 2398
761 7 2519 2520 7082 2402
762 7 2519 2520 7076 2398
763 7 2519 2520 7088 2403
764 7 2519 2520 7087 2401
765 7 2519 2520 7092 2399
766 7 2519 2520 7103 2405
767 7 2519 2520 7110 2411
768 7 2519 2520 7116 2413
769 7 2519 2520 7126 2413
770 7 2519 2520 7134 2417
771 7 2519 2520 7141 2421
772 7 2519 2520 7156 2427
773 7 2519 2520 7158 2425
774 7 2519 2520 7156 2429
775 7 2519 2520 7168 2430
776 7 2519 2520 7181 2436
777 7 2519 2520 7183 2433
778 7 2519 2520 7185 2429
779 7 2519 2520 7192 2433
780 7 2519 2520 7190 2432
781 7 2519 2520 7185 2436
782 7 2519 2520 7189 2438
783 7 2519 2520 7190 2439
784 7 2519 2520 7201 2440
785 7 2519 2520 7205 2440
786 7 2519 2520 7211 2448
787 7 2519 2520 7216 2447
788 7 2519 2520 7227 2450
789 7 2519 2520 7229 2456
790 7 2519 2520 7235 2450
791 7 2519 2520 7237 2448
792 7 2519 2520 7251 2452
793 7 2519 2520 7256 2451
794 7 2519 2520 7263 2454
795 7 2519 2520 7271 2460
796 7 2519 2520 7280 2461
797 7 2519 2520 7284 2463
798 7 2519 2520 7288 2464
799 7 2519 2520 7296 2470
800 7 2519 2520 7310 2476
801 7 2519 2520 7311 2476
802 7 2519 2520 7314 2475
803 7 2519 2520 7324 2477
804 7 2519 2520 7323 2474
805 7 2519 2520 7321 2480
806 7 2519 2520 7327 2482
807 7 2519 2520 7325 2486
808 7 2519 2520 7325 2485
809 7 2519 2520 7337 2486
810 7 2519 2520 7345 2487
811 7 2519 2520 7346 2487
812 7 2519 2520 7344 2487
813 7 2519 2520 7343 2484
814 7 2519 2520 7344 2483
815 7 2519 2520 7349 2481
816 7 2519 2520 7354 2482
817 7 2519 2520 7357 2489
818 7 2519 2520 7366 2489
819 7 2519 2520 7371 2489
820 7 2519 2520 7380 2498
821 7 2519 2520 7379 2494
822 7 2519 2520 7383 2495
823 7 2519 2520 7383 2495
824 7 2519 2520 7385 2494
825 7 2519 2520 7388 2499
826 7 2519 2520 7397 2505
827 7 2519 2520 7402 2506
828 7 2519 2520 7399 2503
829 7 2519 2520 7400 2502
830 7 2519 2520 7407 2499
831 7 2519 2520 7413 2498
832 7 2519 2520 7428 2507
833 7 2519 2520 7433 2508
834 7 2519 2520 7435 2507
835 7 2519 2520 7436 2504
836 7 2519 2520 7440 2508
837 7 2519 2520 7445 2508
838 7 2519 2520 7453 2512
839 7 2519 2520 7443 2504
840 7 2519 2520 7450 2509
841 7 2519 2520 7454 2508
842 7 2519 2520 7456 2514
843 7 2519 2520 7460 2518
844 7 2519 2520 7467 2513
845 7 2519 2520 7476 2515
846 7 2519 2520 7472 2514
847 7 2519 2520 7477 2516
848 7 2519 2520 7490 2520
849 7 2519 2520 7487 2516
850 7 2519 2520 7495 2523
851 7 2519 2520 7493 2522
852 7 2519 2520 7495 2523
853 7 2519 2520 7489 2519
854 7 2519 2520 7492 2511
855 7 2519 2520 7497 2515
856 7 2519 2520 7502 2521
857 7 2519 2520 7499 2519
858 7 2519 2520 7497 2520
859 7 2519 2520 7509 2525
860 7 2519 2520 7513 2524
861 7 2519 2520 7515 2527
862 7 2519 2520 7520 2530
863 7 2519 2520 7516 2524
864 7 2519 2520 7522 2522
865 7 2519 2520 7524 2524
866 7 2519 2520 7524 2524
867 7 2519 2520 7522 2521
868 7 2519 2520 7527 2520
869 7 2519 2520 7527 2519
870 7 2519 2520 7528 2521
871 7 2519 2520 7532 2527
872 7 2519 2520 7530 2526
873 7 2519 2520 7524 2517
874 7 2519 2520 7533 2521
875 7 2519 2520 7535 2521
876 7 2519 2520 7539 2520
877 7 2519 2520 7545 2522
878 7 2519 2520 7548 2524
879 7 2519 2520 7550 2526
880 7 2519 2520 7554 2526
881 7 2519 2520 7553 2529
882 7 2519 2520 7558 2531
883 7 2519 2520 7552 2527
884 7 2519 2520 7556 2525
885 7 2519 2520 7550 2527
886 7 2519 2520 7546 2530
887 7 2519 2520 7552 2532
888 7 2519 2520 7551 2530
889 7 2519 2520 7558 2529
890 7 2519 2520 7558 2529
891 7 2519 2520 7554 2526
892 7 2519 2520 7558 2525
893 7 2519 2520 7555 2525
894 7 2519 2520 7550 2521
895 7 2519 2520 7551 2522
896 7 2519 2520 7552 2525
897 7 2519 2520 7553 2525
898 7 2519 2520 7562 2530
899 7 2519 2520 7561 2528
900 7 2519 2520 7570 2533
901 7 2519 2520 7570 2534
902 7 2519 2520 7571 2530
903 7 2519 2520 7573 2535
904 7 2519 2520 7570 2527
905 7 2519 2520 7564 2534
906 7 2519 2520 7568 2533
907 7 2519 2520 7574 2537
908 7 2519 2520 7566 2532
909 7 2519 2520 7570 2531
910 7 2519 2520 7579 2534
911 7 2519 2520 7593 2538
912 7 2519 2520 7598 2538
913 7 2519 2520 7599 2537
914 7 2519 2520 7600 2539
915 7 2519 2520 7603 2544
916 7 2519 2520 7598 2544
917 7 2519 2520 7601 2545
918 7 2519 2520 7603 2548
919 7 2519 2520 7605 2553
920 7 2519 2520 7606 2552
921 7 2519 2520 7608 2555
922 7 2519 2520 7615 2558
923 7 2519 2520 7617 2555
924 7 2519 2520 7622 2557
925 7 2519 2520 7624 2549
926 7 2519 2520 7626 2548
927 7 2519 2520 7624 2550
928 7 2519 2520 7637 2563
929 7 2519 2520 7639 2564
930 7 2519 2520 7646 2563
931 7 2519 2520 7651 2562
932 7 2519 2520 7652 2565
933 7 2519 2520 7656 2565
934 7 2519 2520 7662 2570
935 7 2519 2520 7661 2566
936 7 2519 2520 7658 2561
937 7 2519 2520 7652 2564
938 7 2519 2520 7658 2567
939 7 2519 2520 7662 2569
940 7 2519 2520 7658 2565
941 7 2519 2520 7659 2565
942 7 2519 2520 7661 2566
943 7 2519 2520 7668 2571
944 7 2519 2520 7667 2570
945 7 2519 2520 7661 2568
946 7 2519 2520 7669 2570
947 7 2519 2520 7673 2571
948 7 2519 2520 7667 2566
949 7 2519 2520 7671 2570
950 7 2519 2520 7682 2578
951 7 2519 2520 7684 2579
952 7 2519 2520 7694 2582
953 7 2519 2520 7700 2580
954 7 2519 2520 7703 2579
955 7 2519 2520 7707 2582
956 7 2519 2520 7707 2582
957 7 2519 2520 7709 2581
958 7 2519 2520 7709 2583
959 7 2519 2520 7700 2586
960 7 2519 2520 7694 2583
961 7 2519 2520 7693 2579
962 7 2519 2520 7696 2578
963 7 2519 2520 7708 2582
964 7 2519 2520 7705 2592
965 7 2519 2520 7718 2600
966 8 2519 2520 7716 2597
967 8 2519 2520 7717 2592
968 8 2519 2520 7715 2592
969 8 2519 2520 7712 2590
970 8 2519 2520 7716 2588
971 8 2519 2520 7726 2590
972 8 2519 2520 7729 2591
973 8 2519 2520 7726 2593
974 8 2519 2520 7727 2595
975 8 2519 2520 7732 2594
976 8 2519 2520 7737 2594
977 8 2519 2520 7749 2593
978 8 2519 2520 7749 2593
979 8 2519 2520 7750 2590
980 8 2519 2520 7743 2588
981 8 2519 2520 7743 2588
982 8 2519 2520 7753 2597
983 8 2519 2520 7749 2595
984 8 2519 2520 7748 2596
985 8 2519 2520 7749 2596
986 8 2519 2520 7746 2591
987 8 2519 2520 7746 2591
988 8 2519 2520 7752 2590
989 8 2519 2520 7743 2590
990 8 2519 2520 7747 2589
991 8 2519 2520 7760 2597
992 8 2519 2520 7767 2596
993 8 2519 2520 7774 2596
994 8 2519 2520 7776 2593
995 8 2519 2520 7784 2594
996 8 2519 2520 7789 2596
997 8 2519 2520 7787 2593
998 8 2519 2520 7791 2593
999 8 2519 2520 7800 2591
1000 8 2519 2520 7800 2592
