0 1 2519 2520 796 500
1 1 2519 2520 814 507
2 1 2519 2520 852 525
3 1 2519 2520 882 543
4 1 2519 2520 921 567
5 1 2519 2520 960 588
6 1 2519 2520 981 601
7 1 2519 2520 1015 620
8 1 2519 2520 1044 629
9 1 2519 2520 1080 646
10 1 2519 2520 1111 657
11 1 2519 2520 1142 669
12 1 2519 2520 1162 679
13 1 2519 2520 1194 694
14 1 2519 2520 1209 701
15 1 2519 2520 1237 711
16 1 2519 2520 1248 708
17 1 2519 2520 1266 713
18 1 2519 2520 1281 718
19 1 2519 2520 1290 720
20 1 2519 2520 1306 726
21 1 2519 2520 1318 727
22 2 2519 2520 1337 733
23 2 2519 2520 1362 744
24 2 2519 2520 1460 793
25 2 2519 2520 1554 832
26 2 2519 2520 1640 858
27 2 2519 2520 1726 892
28 2 2519 2520 1828 921
29 2 2519 2520 1905 937
30 2 2519 2520 1977 955
31 2 2519 2520 2051 985
32 2 2519 2520 2120 1005
33 2 2519 2520 2186 1022
34 2 2519 2520 2224 1028
35 2 2519 2520 2272 1041
36 2 2519 2520 2326 1058
37 2 2519 2520 2368 1080
38 2 2519 2520 2400 1092
39 3 2519 2520 2431 1096
40 3 2519 2520 2478 1113
41 3 2519 2520 2554 1137
42 3 2519 2520 2666 1174
43 4 2519 2520 2753 1201
44 4 2519 2520 2862 1240
45 4 2519 2520 3014 1288
46 4 2519 2520 3191 1338
47 4 2519 2520 3347 1394
48 4 2519 2520 3493 1449
49 4 2519 2520 3630 1476
50 4 2519 2520 3771 1523
51 4 2519 2520 3898 1546
52 4 2519 2520 4056 1596
53 4 2519 2520 4184 1629
54 4 2519 2520 4284 1656
55 4 2519 2520 4386 1679
56 4 2519 2520 4483 1703
57 4 2519 2520 4544 1717
58 4 2519 2520 4621 1738
59 6 2519 2520 4707 1766
60 6 2519 2520 4843 1806
61 6 2519 2520 4992 1835
62 6 2519 2520 5153 1875
63 6 2519 2520 5312 1922
64 6 2519 2520 5472 1975
65 6 2519 2520 5634 2017
66 6 2519 2520 5805 2066
67 7 2519 2520 5945 2110
68 7 2519 2520 6110 2162
69 7 2519 2520 6299 2220
70 8 2519 2520 6503 2268
71 8 2519 2520 6709 2318
72 8 2519 2520 6931 2384
73 8 2519 2520 7144 2436
74 8 2519 2520 7372 2483
75 8 2519 2520 7559 2519
76 8 2518 2520 7759 2550
77 8 2517 2520 7953 2599
78 8 2517 2520 8155 2623
79 8 2517 2520 8326 2644
80 8 2517 2520 8501 2664
81 9 2517 2520 8676 2685
82 9 2517 2520 8850 2723
83 9 2517 2520 9051 2773
84 9 2517 2520 9264 2798
85 9 2517 2520 9438 2814
86 9 2517 2520 9604 2835
87 11 2517 2520 9743 2856
88 11 2517 2520 9932 2896
89 11 2517 2520 10111 2966
90 11 2517 2520 10322 3015
91 11 2517 2520 10514 3045
92 11 2517 2520 10699 3081
93 11 2517 2520 10877 3110
94 13 2517 2520 11054 3163
95 13 2517 2520 11282 3209
96 13 2517 2520 11546 3246
97 13 2517 2520 11760 3295
98 13 2517 2520 11988 3343
99 13 2517 2520 12195 3399
100 13 2517 2520 12417 3435
101 13 2517 2520 12617 3496
102 13 2517 2520 12825 3519
103 13 2517 2520 13023 3553
104 13 2517 2520 13190 3595
105 13 2517 2520 13373 3648
106 13 2517 2520 13532 3665
107 14 2517 2520 13703 3717
108 14 2517 2520 13874 3755
109 15 2517 2520 14065 3776
110 15 2517 2520 14311 3856
111 15 2517 2520 14518 3911
112 15 2517 2520 14725 3938
113 15 2517 2520 14972 4007
114 15 2517 2520 15170 4032
115 16 2517 2520 15399 4084
116 16 2517 2520 15605 4116
117 16 2517 2520 15845 4178
118 17 2517 2520 16061 4223
119 17 2517 2520 16256 4264
120 17 2517 2520 16462 4292
121 17 2517 2520 16655 4323
122 17 2517 2520 16866 4394
123 17 2517 2520 17054 4422
124 18 2517 2520 17261 4471
125 18 2517 2520 17473 4533
126 18 2517 2520 17668 4562
127 18 2516 2520 17884 4605
128 18 2516 2520 18130 4642
129 18 2516 2520 18335 4668
130 19 2515 2520 18515 4703
131 21 2515 2520 18782 4733
132 21 2515 2520 19068 4777
133 21 2515 2520 19409 4869
134 21 2515 2520 19704 4909
135 21 2515 2520 20023 4964
136 21 2515 2520 20312 5019
137 21 2515 2520 20588 5076
138 21 2515 2520 20791 5104
139 21 2515 2520 21044 5144
140 21 2515 2520 21294 5177
141 22 2515 2520 21546 5224
142 22 2515 2520 21755 5271
143 22 2515 2520 22001 5336
144 22 2515 2520 22206 5383
145 22 2515 2520 22413 5419
146 23 2515 2520 22601 5447
147 23 2515 2520 22854 5486
148 23 2515 2520 23066 5528
149 23 2515 2520 23302 5571
150 23 2515 2520 23555 5603
151 23 2515 2520 23813 5644
152 23 2515 2520 24021 5676
153 24 2515 2520 24188 5710
154 25 2515 2520 24401 5743
155 25 2515 2520 24634 5805
156 25 2515 2520 24896 5853
157 26 2515 2520 25107 5891
158 27 2515 2520 25348 5955
159 27 2515 2520 25668 6024
160 27 2515 2520 25945 6079
161 27 2515 2520 26253 6138
162 27 2515 2520 26516 6196
163 27 2515 2520 26771 6232
164 27 2515 2520 27073 6283
165 27 2515 2520 27321 6341
166 27 2515 2520 27601 6390
167 27 2515 2520 27872 6440
168 27 2515 2520 28099 6490
169 28 2515 2520 28312 6546
170 28 2515 2520 28527 6579
171 28 2515 2520 28768 6609
172 28 2515 2520 29026 6661
173 28 2515 2520 29298 6716
174 28 2515 2520 29540 6775
175 28 2515 2520 29789 6813
176 28 2515 2520 30006 6868
177 29 2515 2520 30171 6907
178 29 2515 2520 30383 6938
179 29 2515 2520 30632 7011
180 29 2515 2520 30856 7075
181 29 2515 2520 31049 7117
182 30 2515 2520 31263 7149
183 32 2515 2520 31458 7195
184 32 2515 2520 31690 7253
185 32 2515 2520 31982 7324
186 33 2515 2520 32257 7361
187 33 2515 2520 32570 7412
188 33 2515 2520 32896 7501
189 34 2515 2520 33181 7558
190 34 2515 2520 33523 7618
191 34 2515 2520 33851 7683
192 34 2515 2520 34167 7762
193 34 2515 2520 34489 7807
194 34 2515 2520 34805 7847
195 34 2515 2520 35116 7904
196 35 2515 2520 35404 7946
197 35 2515 2520 35718 7983
198 35 2515 2520 36003 8028
199 36 2515 2520 36245 8061
200 37 2515 2520 36497 8087
201 37 2515 2520 36810 8148
202 37 2515 2520 37115 8193
203 37 2515 2520 37412 8251
204 37 2515 2520 37683 8301
205 37 2515 2520 37968 8336
206 37 2515 2520 38227 8375
207 37 2515 2520 38493 8401
208 38 2515 2520 38730 8443
209 38 2515 2520 38940 8490
210 38 2515 2520 39172 8534
211 38 2515 2520 39433 8570
212 38 2515 2520 39680 8628
213 38 2515 2520 39891 8676
214 38 2515 2520 40139 8712
215 40 2515 2520 40395 8748
216 40 2515 2520 40639 8785
217 41 2515 2520 40947 8855
218 41 2515 2520 41233 8905
219 41 2515 2520 41538 8952
220 41 2515 2520 41814 8999
221 41 2515 2520 42078 9087
222 41 2515 2520 42356 9122
223 41 2515 2520 42643 9170
224 41 2515 2520 42906 9229
225 42 2515 2520 43157 9279
226 42 2515 2520 43431 9340
227 42 2514 2520 43698 9387
228 42 2514 2520 43978 9433
229 44 2514 2520 44286 9477
230 44 2514 2520 44570 9531
231 44 2514 2520 44877 9605
232 44 2514 2520 45202 9671
233 44 2514 2520 45534 9713
234 44 2514 2520 45859 9795
235 45 2514 2520 46173 9859
236 46 2514 2520 46465 9922
237 46 2514 2520 46826 10009
238 46 2514 2520 47151 10097
239 48 2513 2520 47429 10139
240 48 2513 2520 47743 10156
241 49 2513 2520 48086 10200
242 50 2513 2520 48416 10258
243 50 2513 2520 48785 10310
244 50 2513 2520 49169 10347
245 51 2513 2520 49577 10418
246 52 2513 2520 50030 10508
247 52 2513 2520 50447 10588
248 52 2513 2520 50928 10666
249 52 2513 2520 51307 10738
250 52 2513 2520 51718 10797
251 52 2513 2520 52081 10903
252 53 2513 2520 52507 10931
253 53 2513 2520 52897 11007
254 53 2513 2520 53309 11105
255 54 2513 2520 53659 11153
256 55 2513 2520 54011 11231
257 55 2513 2520 54433 11322
258 55 2513 2520 54797 11422
259 55 2513 2520 55201 11471
260 55 2513 2520 55598 11532
261 55 2513 2520 55976 11608
262 55 2513 2520 56339 11665
263 55 2513 2520 56664 11687
264 55 2513 2520 57000 11740
265 56 2513 2520 57320 11790
266 56 2513 2520 57618 11849
267 56 2513 2520 57913 11875
268 56 2513 2520 58225 11905
269 56 2513 2520 58568 11949
270 57 2513 2520 58928 12025
271 57 2513 2520 59288 12104
272 58 2513 2520 59616 12173
273 58 2513 2520 59949 12233
274 58 2513 2520 60370 12341
275 58 2513 2520 60754 12418
276 59 2513 2520 61154 12499
277 59 2513 2520 61489 12531
278 60 2513 2520 61858 12615
279 61 2513 2520 62178 12665
280 61 2513 2520 62549 12721
281 61 2513 2520 63004 12808
282 62 2513 2520 63393 12871
283 63 2513 2520 63809 12932
284 63 2513 2520 64216 12989
285 63 2513 2520 64605 13044
286 64 2513 2520 65023 13114
287 64 2513 2520 65437 13186
288 65 2513 2520 65869 13283
289 66 2513 2520 66331 13377
290 66 2513 2520 66758 13427
291 66 2513 2520 67166 13481
292 66 2513 2520 67567 13543
293 66 2513 2520 67969 13622
294 67 2513 2520 68356 13659
295 67 2513 2520 68744 13721
296 67 2513 2520 69251 13817
297 67 2513 2520 69660 13885
298 67 2513 2520 70033 13959
299 67 2513 2520 70344 13990
300 67 2513 2520 70716 14063
301 67 2513 2520 71088 14139
302 67 2513 2520 71400 14183
303 68 2513 2520 71711 14245
304 69 2513 2520 72005 14295
305 69 2513 2520 72357 14347
306 69 2513 2520 72689 14396
307 70 2513 2520 73034 14480
308 71 2513 2520 73377 14550
309 71 2512 2520 73751 14604
310 74 2512 2520 74125 14670
311 74 2512 2520 74488 14733
312 74 2512 2520 74910 14832
313 76 2512 2520 75332 14890
314 76 2512 2520 75806 14964
315 76 2512 2520 76303 15031
316 77 2512 2520 76835 15132
317 77 2512 2520 77343 15211
318 77 2512 2520 77876 15308
319 77 2512 2520 78345 15391
320 77 2512 2520 78872 15458
321 78 2512 2520 79318 15491
322 80 2512 2520 79752 15573
323 80 2512 2520 80227 15632
324 81 2512 2520 80802 15712
325 81 2512 2520 81323 15754
326 81 2512 2520 81848 15845
327 81 2512 2520 82331 15887
328 81 2512 2520 82822 15928
329 81 2512 2520 83294 16037
330 82 2512 2520 83763 16099
331 82 2512 2520 84197 16145
332 83 2512 2520 84687 16218
333 83 2512 2520 85159 16268
334 84 2512 2520 85554 16334
335 85 2512 2520 85991 16381
336 85 2512 2520 86386 16424
337 85 2512 2520 86783 16469
338 85 2512 2520 87169 16547
339 85 2512 2520 87549 16602
340 86 2512 2520 87987 16687
341 87 2512 2520 88393 16745
342 87 2512 2520 88820 16832
343 87 2512 2520 89196 16896
344 87 2512 2520 89586 16933
345 88 2512 2520 89989 17022
346 88 2512 2520 90429 17112
347 88 2511 2520 90768 17172
348 88 2511 2520 91184 17232
349 88 2511 2520 91558 17286
350 89 2511 2520 91866 17309
351 89 2511 2520 92240 17385
352 89 2511 2520 92579 17458
353 89 2511 2520 92963 17539
354 89 2511 2520 93303 17568
355 90 2511 2520 93688 17582
356 90 2511 2520 94046 17645
357 90 2511 2520 94380 17708
358 92 2511 2520 94712 17781
359 92 2511 2520 95060 17851
360 92 2511 2520 95413 17896
361 92 2511 2520 95797 17971
362 93 2510 2520 96128 18021
363 93 2510 2520 96494 18110
364 93 2510 2520 96894 18163
365 93 2510 2520 97275 18211
366 93 2510 2520 97656 18248
367 93 2510 2520 98051 18311
368 93 2510 2520 98439 18333
369 94 2510 2520 98796 18456
370 94 2510 2520 99196 18538
371 96 2510 2520 99567 18603
372 96 2510 2520 99931 18674
373 97 2510 2520 100403 18731
374 97 2510 2520 100868 18821
375 97 2510 2520 101291 18912
376 97 2510 2520 101706 18980
377 97 2510 2520 102083 19060
378 97 2510 2520 102449 19118
379 97 2510 2520 102792 19164
380 97 2510 2520 103141 19198
381 98 2510 2520 103509 19280
382 98 2510 2520 103858 19320
383 98 2510 2520 104191 19342
384 99 2510 2520 104544 19440
385 100 2510 2520 104880 19516
386 101 2510 2520 105267 19546
387 101 2510 2520 105673 19569
388 101 2510 2520 106024 19664
389 102 2510 2520 106403 19717
390 103 2510 2520 106849 19778
391 103 2510 2520 107237 19853
392 103 2510 2520 107631 19935
393 103 2510 2520 108051 19982
394 104 2510 2520 108455 20033
395 104 2510 2520 108915 20086
396 104 2510 2520 109361 20151
397 104 2509 2520 109787 20193
398 104 2509 2520 110217 20236
399 104 2509 2520 110666 20264
400 105 2509 2520 111097 20327
401 105 2509 2520 111517 20352
402 105 2508 2520 111935 20378
403 105 2508 2520 112405 20424
404 106 2508 2520 112825 20477
405 107 2508 2520 113205 20538
406 107 2508 2520 113612 20595
407 107 2508 2520 113999 20641
408 107 2508 2520 114394 20683
409 107 2508 2520 114789 20763
410 107 2508 2520 115151 20808
411 107 2508 2520 115531 20835
412 107 2508 2520 115846 20871
413 107 2508 2520 116173 20921
414 107 2508 2520 116469 20945
415 107 2508 2520 116770 20963
416 108 2508 2520 117031 21001
417 111 2508 2520 117307 21048
418 111 2508 2520 117629 21108
419 111 2508 2520 117962 21177
420 112 2508 2520 118277 21222
421 113 2508 2520 118620 21265
422 113 2508 2520 119036 21323
423 114 2508 2520 119455 21389
424 115 2508 2520 119928 21481
425 115 2508 2520 120444 21554
426 115 2508 2520 120907 21612
427 116 2508 2520 121366 21659
428 116 2508 2520 121854 21704
429 116 2506 2520 122305 21781
430 117 2506 2520 122805 21895
431 117 2506 2520 123343 21928
432 117 2506 2520 123879 21995
433 118 2506 2520 124324 22069
434 118 2506 2520 124795 22150
435 119 2506 2520 125197 22189
436 119 2506 2520 125594 22253
437 120 2506 2520 126075 22296
438 120 2506 2520 126513 22392
439 120 2506 2520 126995 22463
440 120 2506 2520 127414 22511
441 121 2506 2520 127877 22558
442 122 2506 2520 128289 22600
443 123 2506 2520 128695 22634
444 123 2506 2520 129129 22686
445 124 2506 2520 129521 22749
446 125 2505 2520 129981 22798
447 125 2505 2520 130456 22829
448 126 2505 2520 130899 22884
449 126 2505 2520 131345 22920
450 126 2505 2520 131801 22993
451 127 2505 2520 132271 23017
452 127 2505 2520 132792 23049
453 127 2505 2520 133290 23131
454 128 2505 2520 133721 23183
455 129 2505 2520 134196 23256
456 129 2505 2520 134679 23331
457 130 2505 2520 135141 23407
458 130 2505 2520 135601 23439
459 130 2505 2520 136063 23515
460 130 2505 2520 136535 23545
461 130 2505 2520 137033 23596
462 130 2505 2520 137495 23675
463 130 2504 2520 137884 23735
464 131 2504 2520 138327 23810
465 132 2504 2520 138733 23848
466 134 2504 2520 139162 23894
467 134 2504 2520 139591 23983
468 134 2504 2520 140056 24060
469 134 2504 2520 140512 24100
470 134 2504 2520 140977 24148
471 135 2504 2520 141389 24177
472 135 2504 2520 141821 24192
473 135 2503 2520 142274 24269
474 135 2503 2520 142718 24326
475 136 2503 2520 143201 24376
476 138 2503 2520 143712 24425
477 139 2503 2520 144180 24483
478 139 2503 2520 144734 24569
479 140 2503 2520 145317 24648
480 141 2503 2520 145834 24749
481 141 2503 2520 146356 24812
482 141 2503 2520 146931 24897
483 141 2503 2520 147510 24975
484 143 2503 2520 148030 25053
485 143 2503 2520 148582 25140
486 143 2502 2520 149083 25203
487 143 2502 2520 149618 25270
488 143 2502 2520 150188 25323
489 143 2502 2520 150706 25383
490 143 2502 2520 151186 25407
491 143 2502 2520 151669 25468
492 144 2502 2520 152191 25534
493 144 2502 2520 152681 25576
494 144 2502 2520 153196 25656
495 145 2502 2520 153646 25711
496 146 2502 2520 154151 25738
497 147 2502 2520 154619 25801
498 147 2502 2520 155081 25833
499 149 2502 2520 155581 25912
500 149 2502 2520 156116 25982
501 150 2502 2520 156670 26067
502 150 2502 2520 157166 26113
503 151 2502 2520 157740 26193
504 153 2502 2520 158308 26270
505 153 2502 2520 158952 26373
506 153 2502 2520 159493 26474
507 153 2502 2520 160093 26557
508 153 2502 2520 160709 26684
509 153 2502 2520 161322 26774
510 153 2502 2520 161905 26858
511 153 2502 2520 162490 26927
512 153 2502 2520 162988 26965
513 154 2502 2520 163509 27027
514 154 2502 2520 164058 27102
515 155 2502 2520 164543 27140
516 157 2502 2520 165057 27197
517 157 2502 2520 165539 27274
518 158 2502 2520 166100 27340
519 160 2502 2520 166561 27431
520 161 2502 2520 167099 27528
521 161 2502 2520 167763 27603
522 161 2502 2520 168377 27694
523 162 2502 2520 168997 27751
524 162 2502 2520 169604 27843
525 162 2502 2520 170230 27946
526 162 2502 2520 170924 28016
527 162 2502 2520 171566 28135
528 163 2502 2520 172207 28226
529 163 2502 2520 172809 28296
530 166 2502 2520 173385 28395
531 166 2502 2520 173950 28482
532 166 2502 2520 174558 28615
533 168 2502 2520 175174 28661
534 169 2502 2520 175816 28757
535 169 2502 2520 176438 28859
536 169 2502 2520 177114 28954
537 170 2502 2520 177711 29055
538 172 2502 2520 178342 29101
539 172 2502 2520 178986 29181
540 172 2502 2520 179615 29238
541 172 2502 2520 180297 29359
542 172 2501 2520 180960 29362
543 172 2501 2520 181640 29498
544 174 2501 2520 182281 29577
545 174 2501 2520 182893 29674
546 176 2501 2520 183522 29788
547 176 2501 2520 184171 29866
548 177 2501 2520 184876 29949
549 177 2501 2520 185481 30035
550 177 2501 2520 186085 30095
551 177 2501 2520 186729 30165
552 178 2501 2520 187322 30225
553 178 2501 2520 187997 30289
554 179 2501 2520 188607 30353
555 180 2501 2520 189259 30428
556 180 2501 2520 189851 30513
557 180 2501 2520 190487 30594
558 180 2501 2520 191112 30641
559 181 2501 2520 191690 30741
560 182 2501 2520 192234 30828
561 182 2501 2520 192890 30938
562 182 2501 2520 193492 31015
563 183 2501 2520 194019 31111
564 183 2501 2520 194559 31167
565 183 2501 2520 195142 31202
566 185 2501 2520 195676 31330
567 186 2501 2520 196246 31419
568 187 2501 2520 196903 31475
569 187 2501 2520 197547 31593
570 188 2500 2520 198239 31729
571 188 2500 2520 198890 31842
572 189 2500 2520 199605 31959
573 189 2500 2520 200328 32018
574 190 2500 2520 201035 32133
575 191 2500 2520 201735 32232
576 193 2500 2520 202402 32322
577 193 2500 2520 203080 32384
578 193 2500 2520 203726 32414
579 193 2499 2520 204443 32512
580 193 2499 2520 205134 32628
581 193 2499 2520 205721 32743
582 194 2499 2520 206439 32847
583 195 2499 2520 207052 32921
584 195 2499 2520 207717 33023
585 195 2498 2520 208331 33114
586 195 2498 2520 208969 33209
587 195 2498 2520 209563 33315
588 195 2497 2520 210183 33406
589 195 2497 2520 210735 33468
590 195 2497 2520 211268 33507
591 195 2497 2520 211767 33572
592 199 2497 2520 212365 33652
593 199 2497 2520 212919 33749
594 200 2497 2520 213438 33824
595 200 2497 2520 214011 33907
596 202 2497 2520 214592 33961
597 204 2497 2520 215204 34068
598 204 2497 2520 215915 34135
599 204 2497 2520 216603 34248
600 204 2497 2520 217261 34350
601 204 2497 2520 217918 34447
602 204 2497 2520 218657 34572
603 204 2497 2520 219367 34672
604 207 2497 2520 220005 34738
605 209 2497 2520 220617 34834
606 210 2497 2520 221270 34869
607 211 2497 2520 221945 34992
608 211 2497 2520 222681 35109
609 211 2496 2520 223432 35254
610 211 2496 2520 224173 35352
611 211 2496 2520 224917 35422
612 213 2496 2520 225643 35529
613 216 2496 2520 226315 35563
614 217 2496 2520 226995 35669
615 218 2496 2520 227731 35763
616 219 2496 2520 228392 35822
617 219 2496 2520 229118 35936
618 219 2496 2520 229905 35978
619 219 2496 2520 230625 36090
620 220 2496 2520 231417 36211
621 221 2496 2520 232167 36290
622 221 2496 2520 232940 36424
623 222 2495 2520 233737 36532
624 223 2495 2520 234434 36597
625 224 2495 2520 235206 36732
626 225 2495 2520 235964 36777
627 225 2495 2520 236675 36879
628 228 2495 2520 237367 36921
629 228 2495 2520 238099 36970
630 228 2495 2520 238967 37101
631 229 2495 2520 239769 37182
632 230 2495 2520 240557 37307
633 231 2495 2520 241367 37445
634 231 2495 2520 242210 37575
635 232 2495 2520 243001 37673
636 232 2495 2520 243774 37768
637 232 2495 2520 244576 37872
638 232 2495 2520 245351 37956
639 232 2495 2520 246079 38000
640 233 2495 2520 246828 38087
641 233 2495 2520 247561 38154
642 233 2495 2520 248242 38222
643 234 2495 2520 248888 38284
644 235 2495 2520 249584 38318
645 236 2494 2520 250325 38490
646 237 2494 2520 251106 38626
647 237 2494 2520 251901 38732
648 238 2494 2520 252651 38855
649 238 2493 2520 253396 38994
650 239 2493 2520 254137 39090
651 240 2493 2520 254902 39203
652 241 2493 2520 255674 39262
653 243 2493 2520 256428 39364
654 243 2492 2520 257153 39434
655 243 2492 2520 257912 39526
656 243 2492 2520 258711 39652
657 243 2492 2520 259467 39719
658 243 2492 2520 260254 39764
659 243 2492 2520 261062 39858
660 244 2492 2520 261800 39898
661 244 2492 2520 262475 39980
662 244 2492 2520 263184 40080
663 244 2492 2520 263834 40166
664 244 2492 2520 264494 40248
665 245 2492 2520 265138 40300
666 245 2492 2520 265720 40374
667 246 2492 2520 266302 40493
668 246 2492 2520 266962 40598
669 247 2492 2520 267497 40656
670 250 2492 2520 268141 40720
671 250 2492 2520 268715 40833
672 251 2492 2520 269342 40881
673 252 2492 2520 269989 41006
674 254 2492 2520 270676 41127
675 254 2492 2520 271335 41234
676 254 2492 2520 272026 41369
677 256 2492 2520 272691 41453
678 256 2492 2520 273396 41549
679 256 2492 2520 274161 41614
680 256 2492 2520 274937 41755
681 259 2492 2520 275708 41814
682 261 2492 2520 276429 41909
683 262 2492 2520 277213 42011
684 262 2492 2520 278008 42090
685 264 2492 2520 278842 42152
686 265 2492 2520 279611 42271
687 267 2492 2520 280440 42379
688 268 2492 2520 281227 42490
689 269 2492 2520 282079 42556
690 269 2492 2520 282955 42718
691 270 2492 2520 283819 42846
692 270 2492 2520 284632 42897
693 272 2492 2520 285438 42978
694 272 2492 2520 286295 43098
695 272 2492 2520 287053 43211
696 272 2492 2520 287882 43317
697 272 2492 2520 288566 43442
698 273 2492 2520 289284 43580
699 274 2491 2520 289993 43640
700 275 2491 2520 290702 43662
701 275 2491 2520 291455 43762
702 275 2491 2520 292219 43855
703 275 2491 2520 292966 43932
704 276 2491 2520 293646 44070
705 279 2491 2520 294410 44167
706 283 2491 2520 295072 44264
707 284 2491 2520 295849 44351
708 284 2491 2520 296691 44479
709 284 2491 2520 297515 44602
710 285 2491 2520 298401 44709
711 287 2491 2520 299271 44818
712 288 2491 2520 300194 44988
713 290 2491 2520 301195 45111
714 290 2491 2520 302161 45188
715 290 2491 2520 303130 45339
716 292 2491 2520 304098 45476
717 292 2491 2520 305098 45615
718 292 2491 2520 306035 45712
719 292 2491 2520 306967 45856
720 293 2491 2520 307831 45975
721 294 2491 2520 308744 46118
722 295 2491 2520 309614 46242
723 295 2491 2520 310468 46359
724 295 2491 2520 311290 46464
725 296 2491 2520 312104 46531
726 296 2491 2520 312955 46649
727 296 2491 2520 313752 46706
728 296 2491 2520 314590 46851
729 296 2491 2520 315350 46945
730 297 2491 2520 316115 47023
731 298 2491 2520 316831 47082
732 298 2491 2520 317560 47185
733 298 2491 2520 318232 47258
734 299 2491 2520 318948 47317
735 300 2491 2520 319611 47372
736 301 2491 2520 320265 47471
737 301 2491 2520 321060 47585
738 302 2491 2520 321757 47650
739 302 2491 2520 322386 47738
740 303 2491 2520 323061 47825
741 303 2491 2520 323806 47860
742 304 2491 2520 324480 47923
743 305 2491 2520 325156 47988
744 305 2490 2520 325887 48102
745 306 2490 2520 326646 48172
746 306 2490 2520 327369 48270
747 306 2490 2520 328072 48370
748 306 2490 2520 328726 48455
749 306 2490 2520 329481 48517
750 307 2490 2520 330106 48595
751 308 2490 2520 330784 48685
752 309 2490 2520 331486 48757
753 309 2490 2520 332179 48819
754 311 2490 2520 332927 48905
755 314 2490 2520 333609 48961
756 315 2490 2520 334372 49058
757 316 2490 2520 335149 49211
758 317 2490 2520 335834 49232
759 318 2490 2520 336583 49332
760 318 2490 2520 337452 49440
761 319 2490 2520 338292 49539
762 320 2490 2520 339204 49674
763 320 2490 2520 340073 49761
764 320 2490 2520 340959 49859
765 321 2490 2520 341763 49900
766 321 2490 2520 342538 50012
767 321 2490 2520 343356 50068
768 322 2490 2520 344156 50135
769 323 2490 2520 344910 50221
770 323 2490 2520 345659 50313
771 325 2490 2520 346465 50429
772 327 2490 2520 347307 50510
773 328 2490 2520 348082 50618
774 328 2490 2520 348939 50721
775 329 2490 2520 349770 50819
776 330 2490 2520 350518 50945
777 330 2490 2520 351399 51080
778 330 2490 2520 352233 51139
779 331 2490 2520 353090 51233
780 331 2489 2520 353996 51345
781 332 2489 2520 354924 51472
782 332 2489 2520 355737 51516
783 334 2489 2520 356654 51623
784 337 2489 2520 357547 51745
785 340 2489 2520 358387 51864
786 341 2489 2520 359419 51961
787 342 2488 2520 360450 52132
788 343 2488 2520 361465 52300
789 344 2488 2520 362535 52442
790 345 2488 2520 363595 52545
791 348 2488 2520 364719 52696
792 349 2488 2520 365847 52833
793 349 2488 2520 366993 52988
794 349 2488 2520 368145 53162
795 349 2488 2520 369237 53296
796 352 2488 2520 370372 53449
797 354 2488 2520 371438 53569
798 355 2488 2520 372559 53692
799 355 2488 2520 373683 53849
800 356 2488 2520 374808 54018
801 357 2488 2520 375975 54202
802 358 2488 2520 377135 54360
803 359 2488 2520 378254 54470
804 360 2488 2520 379341 54606
805 360 2488 2520 380497 54820
806 361 2488 2520 381639 54925
807 361 2488 2520 382745 55032
808 361 2488 2520 383890 55217
809 362 2488 2520 385053 55294
810 362 2488 2520 386076 55411
811 362 2488 2520 387084 55504
812 362 2488 2520 388196 55658
813 364 2488 2520 389154 55696
814 366 2488 2520 390150 55802
815 366 2488 2520 391242 55986
816 369 2488 2520 392266 56094
817 371 2488 2520 393204 56257
818 372 2488 2520 394191 56384
819 372 2488 2520 395226 56522
820 372 2488 2520 396261 56682
821 374 2488 2520 397326 56809
822 374 2488 2520 398300 56936
823 374 2488 2520 399355 57050
824 374 2487 2520 400334 57194
825 376 2487 2520 401347 57323
826 377 2487 2520 402288 57445
827 378 2487 2520 403210 57523
828 381 2486 2520 404178 57627
829 382 2486 2520 405189 57742
830 384 2486 2520 406233 57888
831 387 2486 2520 407354 58034
832 389 2486 2520 408399 58135
833 391 2485 2520 409438 58276
834 391 2485 2520 410667 58446
835 392 2485 2520 411798 58573
836 395 2485 2520 412944 58722
837 395 2485 2520 414119 58818
838 395 2485 2520 415379 58974
839 396 2485 2520 416502 59063
840 396 2485 2520 417618 59188
841 396 2485 2520 418735 59360
842 398 2485 2520 419945 59513
843 399 2485 2520 421032 59582
844 399 2485 2520 422209 59730
845 400 2485 2520 423423 59892
846 400 2485 2520 424587 60030
847 401 2485 2520 425649 60201
848 401 2485 2520 426659 60325
849 402 2485 2520 427636 60444
850 404 2485 2520 428617 60543
851 405 2485 2520 429600 60634
852 405 2485 2520 430567 60770
853 405 2485 2520 431483 60831
854 406 2485 2520 432462 60921
855 406 2485 2520 433409 61057
856 406 2485 2520 434321 61160
857 408 2485 2520 435294 61266
858 409 2485 2520 436217 61374
859 409 2484 2520 437120 61420
860 410 2484 2520 438112 61594
861 410 2484 2520 439060 61707
862 411 2484 2520 439991 61845
863 414 2484 2520 440931 61999
864 414 2484 2520 441934 62155
865 415 2484 2520 442907 62256
866 417 2484 2520 443901 62412
867 418 2484 2520 444825 62538
868 418 2482 2520 445768 62656
869 420 2482 2520 446793 62808
870 422 2482 2520 447883 62952
871 423 2482 2520 448902 63120
872 425 2482 2520 449999 63312
873 425 2482 2520 451089 63498
874 427 2482 2520 452127 63686
875 428 2482 2520 453184 63832
876 428 2481 2520 454258 63939
877 429 2481 2520 455287 64015
878 431 2481 2520 456294 64135
879 431 2481 2520 457284 64244
880 432 2481 2520 458295 64378
881 433 2481 2520 459399 64532
882 434 2481 2520 460453 64615
883 435 2481 2520 461486 64762
884 436 2481 2520 462595 64903
885 437 2481 2520 463585 65052
886 437 2481 2520 464639 65139
887 437 2481 2520 465692 65258
888 437 2481 2520 466789 65355
889 438 2481 2520 467862 65545
890 438 2481 2520 468918 65697
891 438 2481 2520 469902 65839
892 438 2481 2520 470802 65964
893 439 2481 2520 471779 66076
894 440 2481 2520 472786 66250
895 443 2481 2520 473756 66393
896 443 2481 2520 474713 66526
897 446 2481 2520 475677 66617
898 447 2481 2520 476594 66697
899 448 2481 2520 477550 66818
900 450 2481 2520 478562 66915
901 451 2481 2520 479533 67095
902 452 2481 2520 480556 67237
903 456 2481 2520 481532 67342
904 456 2481 2520 482536 67461
905 456 2481 2520 483573 67543
906 456 2481 2520 484681 67711
907 457 2481 2520 485708 67829
908 457 2481 2520 486675 67968
909 459 2481 2520 487761 68112
910 460 2480 2520 488752 68240
911 462 2480 2520 489823 68405
912 464 2480 2520 490999 68536
913 464 2480 2520 492142 68632
914 464 2480 2520 493252 68737
915 464 2480 2520 494325 68900
916 465 2480 2520 495432 69037
917 466 2480 2520 496582 69201
918 468 2480 2520 497723 69309
919 471 2479 2520 498817 69446
920 472 2479 2520 499891 69628
921 472 2479 2520 501042 69711
922 472 2479 2520 502169 69898
923 472 2479 2520 503312 70055
924 472 2479 2520 504386 70205
925 473 2479 2520 505465 70361
926 475 2479 2520 506522 70469
927 478 2479 2520 507602 70551
928 479 2479 2520 508654 70736
929 481 2479 2520 509687 70801
930 482 2479 2520 510812 70932
931 482 2479 2520 511931 71046
932 483 2479 2520 513109 71147
933 484 2479 2520 514236 71325
934 488 2479 2520 515345 71472
935 488 2479 2520 516652 71672
936 489 2478 2520 517931 71780
937 491 2478 2520 519115 71891
938 491 2478 2520 520285 71993
939 491 2478 2520 521512 72057
940 494 2478 2520 522809 72186
941 494 2478 2520 524093 72319
942 494 2478 2520 525336 72498
943 495 2478 2520 526476 72610
944 497 2478 2520 527703 72768
945 498 2477 2520 528906 72934
946 498 2477 2520 530113 73092
947 498 2477 2520 531290 73199
948 498 2477 2520 532507 73317
949 498 2477 2520 533488 73430
950 500 2477 2520 534557 73546
951 500 2477 2520 535603 73664
952 500 2477 2520 536747 73819
953 502 2477 2520 537796 73920
954 503 2477 2520 538837 74036
955 503 2477 2520 539953 74154
956 503 2477 2520 540980 74262
957 506 2477 2520 542023 74431
958 509 2477 2520 543097 74585
959 510 2477 2520 544231 74726
960 511 2477 2520 545381 74866
961 511 2477 2520 546478 74989
962 511 2477 2520 547635 75149
963 511 2477 2520 548812 75301
964 512 2477 2520 549955 75422
965 512 2477 2520 551007 75513
966 514 2476 2520 552148 75661
967 518 2476 2520 553233 75730
968 519 2476 2520 554286 75889
969 524 2476 2520 555314 76044
970 526 2476 2520 556401 76105
971 527 2476 2520 557571 76257
972 529 2476 2520 558805 76369
973 531 2476 2520 560082 76493
974 533 2476 2520 561348 76635
975 535 2476 2520 562711 76770
976 535 2476 2520 564046 76908
977 535 2476 2520 565491 77126
978 535 2476 2520 566908 77313
979 537 2476 2520 568223 77461
980 537 2476 2520 569562 77605
981 537 2476 2520 570869 77746
982 537 2476 2520 572178 77833
983 537 2476 2520 573431 77993
984 537 2476 2520 574699 78162
985 537 2476 2520 575757 78275
986 537 2476 2520 576995 78382
987 538 2476 2520 578116 78530
988 539 2475 2520 579151 78615
989 540 2475 2520 580254 78748
990 540 2475 2520 581386 78871
991 540 2475 2520 582413 78970
992 541 2475 2520 583440 79095
993 542 2475 2520 584382 79213
994 544 2475 2520 585373 79334
995 546 2475 2520 586407 79437
996 550 2475 2520 587474 79557
997 551 2475 2520 588571 79650
998 552 2475 2520 589581 79783
999 552 2475 2520 590661 79899
1000 554 2475 2520 591729 80004
