0 1 2519 2520 794 498
1 1 2519 2520 818 514
2 1 2519 2520 848 533
3 1 2519 2520 880 553
4 1 2519 2520 924 574
5 1 2519 2520 965 588
6 1 2519 2520 1017 609
7 1 2519 2520 1043 622
8 1 2519 2520 1077 643
9 1 2519 2520 1115 653
10 1 2519 2520 1143 662
11 1 2519 2520 1168 670
12 1 2519 2520 1188 678
13 1 2519 2520 1217 694
14 1 2519 2520 1247 703
15 1 2519 2520 1264 711
16 1 2519 2520 1289 711
17 2 2519 2520 1308 716
18 2 2519 2520 1347 734
19 2 2519 2520 1447 775
20 2 2519 2520 1544 814
21 2 2519 2520 1628 842
22 2 2519 2520 1717 865
23 2 2519 2520 1795 885
24 2 2519 2520 1882 918
25 2 2519 2520 1943 932
26 2 2519 2520 2012 947
27 2 2519 2520 2108 982
28 2 2519 2520 2187 1006
29 2 2519 2520 2233 1020
30 2 2519 2520 2278 1027
31 2 2519 2520 2318 1043
32 2 2519 2520 2371 1055
33 2 2519 2520 2405 1067
34 2 2519 2520 2434 1073
35 2 2519 2520 2459 1081
36 2 2519 2520 2489 1092
37 2 2519 2520 2517 1100
38 3 2519 2520 2535 1101
39 3 2519 2520 2576 1120
40 3 2519 2520 2645 1132
41 3 2519 2520 2718 1157
42 3 2519 2520 2800 1181
43 4 2519 2520 2869 1208
44 4 2519 2520 2959 1234
45 4 2519 2520 3089 1268
46 4 2519 2520 3186 1298
47 4 2519 2520 3312 1336
48 4 2519 2520 3431 1375
49 4 2519 2520 3566 1431
50 4 2519 2520 3693 1465
51 4 2519 2520 3798 1502
52 4 2519 2520 3916 1536
53 4 2519 2520 4013 1567
54 4 2519 2520 4131 1599
55 4 2519 2520 4227 1618
56 5 2519 2520 4317 1651
57 5 2519 2520 4409 1660
58 5 2519 2520 4552 1695
59 5 2519 2520 4675 1713
60 5 2519 2520 4786 1740
61 5 2519 2520 4908 1783
62 5 2519 2520 5045 1828
63 5 2519 2520 5172 1847
64 6 2519 2520 5286 1860
65 6 2519 2520 5415 1906
66 6 2519 2520 5559 1920
67 6 2519 2520 5712 1956
68 7 2519 2520 5832 2001
69 7 2519 2520 5971 2040
70 7 2519 2520 6163 2099
71 7 2519 2520 6375 2147
72 7 2519 2520 6562 2200
73 8 2519 2520 6731 2253
74 8 2519 2520 6931 2313
75 9 2519 2520 7146 2377
76 9 2519 2520 7353 2431
77 9 2519 2520 7597 2480
78 9 2519 2520 7842 2540
79 9 2519 2520 8059 2589
80 9 2519 2520 8286 2622
81 9 2519 2520 8474 2644
82 10 2519 2520 8681 2689
83 10 2519 2520 8911 2731
84 10 2519 2520 9139 2787
85 10 2518 2520 9371 2839
86 10 2518 2520 9607 2874
87 10 2518 2520 9798 2911
88 10 2518 2520 9985 2942
89 10 2517 2520 10182 2985
90 10 2517 2520 10384 3018
91 10 2517 2520 10530 3016
92 10 2517 2520 10705 3027
93 10 2517 2520 10869 3044
94 12 2517 2520 11042 3077
95 12 2517 2520 11214 3102
96 12 2517 2520 11440 3158
97 13 2517 2520 11647 3200
98 13 2517 2520 11875 3246
99 13 2517 2520 12095 3298
100 14 2517 2520 12334 3352
101 15 2517 2520 12564 3415
102 15 2517 2520 12811 3448
103 15 2517 2520 13082 3507
104 15 2517 2520 13328 3569
105 15 2517 2520 13570 3615
106 15 2517 2520 13804 3655
107 15 2517 2520 14049 3689
108 15 2517 2520 14283 3738
109 15 2517 2520 14492 3755
110 15 2517 2520 14702 3784
111 15 2517 2520 14899 3850
112 15 2517 2520 15058 3888
113 15 2517 2520 15228 3912
114 15 2516 2520 15395 3940
115 15 2516 2520 15584 3955
116 16 2516 2520 15758 3978
117 16 2516 2520 15919 4008
118 17 2516 2520 16115 4053
119 17 2516 2520 16331 4086
120 17 2516 2520 16612 4163
121 17 2516 2520 16869 4218
122 17 2516 2520 17092 4270
123 17 2516 2520 17258 4301
124 18 2516 2520 17468 4346
125 18 2516 2520 17665 4392
126 18 2516 2520 17878 4439
127 18 2516 2520 18090 4496
128 18 2516 2520 18309 4546
129 18 2516 2520 18466 4591
130 18 2516 2520 18633 4636
131 18 2516 2520 18813 4655
132 18 2516 2520 18977 4686
133 18 2516 2520 19104 4697
134 19 2516 2520 19247 4720
135 19 2516 2520 19422 4767
136 19 2516 2520 19573 4801
137 19 2516 2520 19736 4795
138 19 2516 2520 19887 4822
139 19 2516 2520 20046 4856
140 20 2516 2520 20169 4881
141 20 2516 2520 20321 4925
142 21 2516 2520 20536 4970
143 21 2516 2520 20713 4993
144 21 2516 2520 20919 5040
145 21 2516 2520 21129 5076
146 22 2516 2520 21349 5124
147 25 2516 2520 21587 5172
148 25 2516 2520 21870 5249
149 25 2516 2520 22220 5352
150 25 2516 2520 22584 5403
151 25 2516 2520 22941 5479
152 25 2516 2520 23268 5513
153 25 2516 2520 23637 5592
154 25 2516 2520 23913 5655
155 25 2516 2520 24175 5700
156 25 2516 2520 24465 5736
157 25 2516 2520 24715 5810
158 25 2516 2520 24950 5854
159 25 2516 2520 25178 5917
160 25 2516 2520 25368 5947
161 25 2516 2520 25590 5976
162 26 2516 2520 25818 6011
163 26 2516 2520 26084 6040
164 26 2516 2520 26330 6105
165 26 2516 2520 26547 6143
166 26 2516 2520 26775 6186
167 26 2516 2520 27014 6260
168 26 2516 2520 27204 6295
169 26 2516 2520 27402 6339
170 26 2516 2520 27604 6395
171 27 2516 2520 27825 6433
172 27 2516 2520 28007 6468
173 27 2516 2520 28221 6525
174 27 2516 2520 28408 6556
175 27 2516 2520 28588 6591
176 27 2516 2520 28760 6657
177 27 2516 2520 28932 6682
178 28 2516 2520 29134 6732
179 28 2516 2520 29299 6755
180 28 2516 2520 29461 6815
181 29 2516 2520 29679 6849
182 30 2516 2520 29888 6908
183 30 2516 2520 30101 6950
184 31 2516 2520 30341 6997
185 31 2516 2520 30587 7037
186 31 2516 2520 30812 7096
187 31 2515 2520 31043 7121
188 32 2515 2520 31263 7151
189 32 2515 2520 31566 7201
190 33 2515 2520 31828 7238
191 33 2515 2520 32129 7288
192 33 2515 2520 32427 7320
193 33 2515 2520 32747 7359
194 33 2515 2520 33017 7414
195 33 2515 2520 33305 7466
196 33 2515 2520 33622 7541
197 33 2515 2520 33850 7551
198 33 2515 2520 34103 7599
199 33 2515 2520 34342 7640
200 34 2515 2520 34549 7664
201 34 2515 2520 34771 7697
202 34 2515 2520 34980 7704
203 34 2515 2520 35203 7734
204 36 2515 2520 35444 7773
205 36 2515 2520 35637 7807
206 37 2515 2520 35903 7833
207 37 2515 2520 36187 7883
208 37 2514 2520 36522 7961
209 37 2514 2520 36803 8019
210 37 2514 2520 37071 8082
211 38 2514 2520 37362 8153
212 38 2514 2520 37670 8195
213 38 2514 2520 37998 8275
214 39 2514 2520 38287 8313
215 39 2514 2520 38647 8378
216 39 2514 2520 38971 8443
217 39 2514 2520 39315 8524
218 39 2514 2520 39614 8551
219 39 2514 2520 39905 8609
220 39 2514 2520 40217 8686
221 39 2514 2520 40463 8718
222 39 2514 2520 40707 8737
223 39 2514 2520 40956 8774
224 39 2514 2520 41204 8796
225 39 2514 2520 41428 8838
226 39 2514 2520 41648 8886
227 39 2514 2520 41859 8932
228 39 2514 2520 42074 8959
229 39 2514 2520 42267 9015
230 39 2514 2520 42491 9074
231 39 2514 2520 42673 9106
232 40 2514 2520 42842 9144
233 41 2514 2520 43021 9183
234 41 2514 2520 43264 9237
235 42 2514 2520 43514 9302
236 42 2514 2520 43746 9347
237 42 2514 2520 44010 9395
238 43 2514 2520 44234 9436
239 44 2514 2520 44511 9486
240 44 2514 2520 44851 9538
241 44 2514 2520 45200 9635
242 44 2514 2520 45539 9702
243 46 2514 2520 45902 9755
244 47 2514 2520 46196 9802
245 47 2514 2520 46567 9877
246 48 2514 2520 46929 9949
247 48 2514 2520 47288 9995
248 48 2514 2520 47667 10039
249 48 2514 2520 47997 10102
250 48 2514 2520 48365 10142
251 48 2514 2520 48672 10206
252 48 2514 2520 48984 10252
253 48 2514 2520 49312 10314
254 49 2514 2520 49627 10371
255 49 2514 2520 49912 10437
256 49 2514 2520 50212 10503
257 49 2514 2520 50487 10554
258 50 2514 2520 50747 10589
259 50 2514 2520 51082 10643
260 51 2514 2520 51349 10715
261 51 2514 2520 51680 10768
262 51 2514 2520 52009 10829
263 51 2514 2520 52306 10906
264 51 2514 2520 52602 10960
265 51 2514 2520 52905 11041
266 52 2514 2520 53208 11077
267 52 2514 2520 53520 11140
268 52 2514 2520 53817 11206
269 52 2514 2520 54108 11247
270 52 2514 2520 54389 11290
271 52 2514 2520 54658 11365
272 52 2514 2520 54865 11401
273 53 2514 2520 55140 11456
274 53 2514 2520 55390 11491
275 53 2514 2520 55665 11572
276 53 2514 2520 55914 11625
277 53 2514 2520 56123 11636
278 53 2514 2520 56330 11695
279 53 2514 2520 56565 11743
280 53 2514 2520 56812 11775
281 54 2514 2520 57050 11827
282 55 2514 2520 57245 11884
283 55 2514 2520 57470 11946
284 55 2514 2520 57719 11992
285 56 2514 2520 57965 12054
286 56 2514 2520 58252 12091
287 56 2514 2520 58548 12172
288 56 2514 2520 58835 12232
289 57 2513 2520 59063 12270
290 57 2513 2520 59443 12355
291 57 2513 2520 59737 12418
292 58 2513 2520 60081 12479
293 58 2513 2520 60401 12539
294 58 2513 2520 60704 12577
295 58 2513 2520 61002 12613
296 58 2513 2520 61280 12633
297 58 2513 2520 61554 12687
298 58 2513 2520 61858 12721
299 58 2513 2520 62138 12770
300 58 2513 2520 62365 12808
301 59 2513 2520 62593 12820
302 59 2513 2520 62860 12847
303 59 2513 2520 63108 12904
304 59 2513 2520 63335 12931
305 59 2513 2520 63556 12981
306 59 2513 2520 63737 13022
307 59 2513 2520 63924 13034
308 60 2513 2520 64110 13074
309 60 2513 2520 64308 13124
310 62 2513 2520 64545 13138
311 63 2513 2520 64756 13195
312 63 2513 2520 65016 13224
313 63 2513 2520 65317 13299
314 64 2513 2520 65621 13356
315 65 2513 2520 65949 13386
316 65 2513 2520 66293 13437
317 65 2513 2520 66652 13540
318 66 2513 2520 66993 13580
319 66 2513 2520 67354 13620
320 66 2513 2520 67723 13706
321 67 2513 2520 68112 13758
322 67 2513 2520 68491 13828
323 67 2513 2520 68844 13884
324 67 2513 2520 69191 13945
325 68 2513 2520 69535 13990
326 68 2513 2520 69882 14025
327 69 2513 2520 70253 14089
328 69 2513 2520 70578 14146
329 69 2513 2520 70929 14196
330 69 2513 2520 71210 14255
331 69 2513 2520 71520 14313
332 69 2513 2520 71829 14343
333 69 2513 2520 72060 14387
334 69 2513 2520 72345 14435
335 69 2513 2520 72651 14496
336 69 2513 2520 72881 14534
337 70 2513 2520 73140 14571
338 70 2513 2520 73416 14640
339 71 2513 2520 73661 14666
340 71 2513 2520 73903 14701
341 72 2513 2520 74166 14733
342 72 2513 2520 74451 14793
343 72 2513 2520 74753 14835
344 72 2513 2520 74998 14838
345 73 2513 2520 75297 14884
346 73 2513 2520 75625 14916
347 73 2513 2520 75908 14947
348 73 2513 2520 76193 15019
349 73 2513 2520 76511 15083
350 73 2513 2520 76824 15117
351 73 2513 2520 77113 15172
352 74 2513 2520 77351 15209
353 75 2512 2520 77632 15268
354 75 2512 2520 77952 15314
355 75 2512 2520 78281 15361
356 75 2512 2520 78639 15428
357 75 2512 2520 78949 15450
358 75 2512 2520 79291 15505
359 75 2512 2520 79605 15549
360 75 2512 2520 79933 15582
361 76 2512 2520 80231 15631
362 77 2512 2520 80519 15661
363 77 2512 2520 80829 15708
364 77 2512 2520 81136 15768
365 77 2512 2520 81407 15809
366 77 2512 2520 81705 15862
367 77 2512 2520 81947 15898
368 77 2512 2520 82200 15951
369 78 2512 2520 82483 15969
370 78 2512 2520 82762 16014
371 78 2512 2520 83068 16061
372 78 2512 2520 83316 16121
373 79 2512 2520 83601 16131
374 79 2512 2520 83868 16142
375 79 2512 2520 84162 16178
376 79 2512 2520 84503 16214
377 79 2512 2520 84773 16225
378 79 2512 2520 85046 16291
379 81 2512 2520 85352 16367
380 83 2512 2520 85631 16412
381 83 2512 2520 85992 16482
382 83 2512 2520 86358 16566
383 83 2512 2520 86722 16632
384 83 2512 2520 87067 16696
385 83 2512 2520 87429 16748
386 84 2512 2520 87763 16798
387 84 2512 2520 88127 16870
388 84 2512 2520 88419 16906
389 84 2512 2520 88763 16983
390 84 2512 2520 89043 17028
391 84 2512 2520 89334 17083
392 84 2512 2520 89579 17123
393 84 2512 2520 89838 17178
394 84 2511 2520 90105 17241
395 84 2511 2520 90362 17266
396 84 2511 2520 90604 17289
397 84 2511 2520 90899 17353
398 86 2511 2520 91118 17352
399 86 2511 2520 91369 17372
400 86 2511 2520 91655 17373
401 86 2511 2520 91950 17433
402 88 2511 2520 92204 17484
403 89 2511 2520 92507 17539
404 89 2511 2520 92839 17604
405 89 2511 2520 93185 17682
406 89 2511 2520 93566 17742
407 89 2511 2520 93888 17796
408 90 2511 2520 94295 17888
409 90 2511 2520 94668 17940
410 90 2511 2520 95009 17977
411 90 2511 2520 95301 18009
412 91 2511 2520 95674 18094
413 92 2511 2520 96011 18148
414 92 2511 2520 96357 18182
415 93 2511 2520 96692 18212
416 93 2511 2520 97036 18279
417 94 2511 2520 97404 18317
418 94 2511 2520 97806 18351
419 94 2511 2520 98183 18416
420 94 2511 2520 98531 18482
421 94 2511 2520 98912 18516
422 94 2511 2520 99265 18603
423 94 2510 2520 99613 18622
424 94 2510 2520 99933 18664
425 94 2510 2520 100240 18706
426 94 2510 2520 100592 18766
427 94 2510 2520 100901 18823
428 95 2510 2520 101238 18875
429 95 2510 2520 101520 18911
430 95 2510 2520 101804 18959
431 95 2510 2520 102079 19037
432 95 2510 2520 102366 19098
433 96 2510 2520 102654 19149
434 96 2510 2520 102974 19161
435 97 2510 2520 103247 19219
436 97 2510 2520 103556 19272
437 97 2510 2520 103917 19326
438 97 2510 2520 104207 19353
439 97 2510 2520 104515 19411
440 97 2510 2520 104782 19441
441 97 2510 2520 105058 19493
442 97 2510 2520 105338 19557
443 97 2510 2520 105608 19610
444 99 2510 2520 105882 19656
445 100 2510 2520 106139 19699
446 100 2510 2520 106457 19732
447 100 2510 2520 106756 19777
448 101 2510 2520 107098 19871
449 101 2510 2520 107385 19890
450 101 2510 2520 107727 19966
451 102 2510 2520 108052 20014
452 102 2510 2520 108376 20078
453 102 2510 2520 108718 20116
454 102 2510 2520 109050 20161
455 103 2510 2520 109388 20231
456 103 2510 2520 109705 20291
457 103 2510 2520 110064 20339
458 103 2510 2520 110417 20379
459 104 2510 2520 110780 20413
460 104 2510 2520 111132 20486
461 105 2510 2520 111459 20543
462 105 2510 2520 111814 20575
463 106 2510 2520 112209 20630
464 106 2510 2520 112558 20676
465 106 2510 2520 112957 20739
466 106 2510 2520 113336 20801
467 106 2510 2520 113686 20880
468 106 2510 2520 114058 20930
469 106 2510 2520 114369 20957
470 107 2510 2520 114751 21021
471 107 2510 2520 115114 21080
472 108 2509 2520 115437 21101
473 108 2509 2520 115746 21126
474 109 2509 2520 116105 21154
475 109 2509 2520 116454 21193
476 109 2509 2520 116824 21227
477 110 2509 2520 117159 21303
478 111 2509 2520 117496 21343
479 112 2509 2520 117867 21361
480 112 2509 2520 118294 21403
481 112 2509 2520 118687 21460
482 113 2509 2520 119055 21537
483 114 2509 2520 119459 21591
484 114 2509 2520 119822 21634
485 115 2509 2520 120173 21730
486 115 2509 2520 120500 21762
487 116 2509 2520 120873 21790
488 116 2509 2520 121207 21845
489 116 2509 2520 121630 21899
490 116 2509 2520 122009 21971
491 116 2509 2520 122381 21988
492 116 2509 2520 122739 22024
493 116 2509 2520 123143 22095
494 116 2509 2520 123489 22121
495 117 2509 2520 123830 22151
496 117 2509 2520 124198 22183
497 117 2509 2520 124504 22207
498 117 2509 2520 124824 22213
499 117 2509 2520 125157 22260
500 117 2509 2520 125470 22284
501 118 2509 2520 125801 22331
502 119 2509 2520 126142 22390
503 120 2509 2520 126523 22438
504 121 2509 2520 126899 22474
505 121 2509 2520 127284 22547
506 122 2509 2520 127693 22632
507 122 2509 2520 128091 22697
508 123 2509 2520 128482 22772
509 123 2509 2520 128922 22845
510 123 2509 2520 129307 22944
511 123 2509 2520 129680 22986
512 124 2509 2520 130041 23045
513 124 2509 2520 130476 23107
514 124 2508 2520 130867 23182
515 124 2508 2520 131310 23235
516 124 2508 2520 131697 23271
517 124 2508 2520 132096 23306
518 124 2508 2520 132546 23369
519 124 2508 2520 132963 23424
520 124 2508 2520 133344 23499
521 125 2508 2520 133694 23581
522 125 2508 2520 134025 23632
523 126 2508 2520 134354 23661
524 126 2508 2520 134683 23708
525 127 2508 2520 135054 23771
526 128 2508 2520 135466 23809
527 130 2508 2520 135835 23868
528 130 2508 2520 136277 23925
529 130 2508 2520 136737 24014
530 130 2508 2520 137186 24085
531 130 2508 2520 137640 24152
532 132 2508 2520 138081 24189
533 133 2508 2520 138523 24264
534 133 2508 2520 138999 24343
535 133 2508 2520 139478 24437
536 133 2508 2520 139944 24504
537 133 2508 2520 140416 24591
538 133 2508 2520 140901 24660
539 133 2508 2520 141432 24749
540 133 2508 2520 141851 24836
541 133 2508 2520 142372 24913
542 133 2508 2520 142768 24965
543 133 2508 2520 143247 25039
544 133 2508 2520 143609 25058
545 133 2508 2520 143987 25107
546 133 2508 2520 144398 25178
547 133 2508 2520 144786 25226
548 133 2508 2520 145135 25287
549 133 2508 2520 145495 25368
550 133 2508 2520 145800 25414
551 133 2508 2520 146119 25443
552 134 2508 2520 146409 25482
553 134 2508 2520 146708 25524
554 134 2508 2520 147003 25560
555 136 2508 2520 147291 25611
556 137 2508 2520 147629 25643
557 138 2508 2520 147916 25668
558 139 2508 2520 148283 25719
559 141 2508 2520 148681 25790
560 143 2508 2520 149143 25838
561 143 2507 2520 149639 25930
562 144 2507 2520 150209 26010
563 145 2507 2520 150759 26073
564 145 2506 2520 151369 26186
565 145 2506 2520 152017 26253
566 146 2506 2520 152669 26351
567 147 2506 2520 153278 26415
568 147 2506 2520 153943 26492
569 148 2506 2520 154548 26561
570 150 2506 2520 155106 26638
571 150 2506 2520 155701 26700
572 150 2506 2520 156236 26747
573 150 2506 2520 156802 26806
574 150 2506 2520 157270 26855
575 150 2506 2520 157801 26953
576 150 2506 2520 158351 26985
577 150 2506 2520 158881 27073
578 150 2506 2520 159423 27170
579 150 2506 2520 159932 27201
580 150 2506 2520 160418 27280
581 150 2506 2520 160870 27321
582 151 2506 2520 161247 27372
583 153 2506 2520 161653 27432
584 155 2506 2520 162058 27488
585 155 2506 2520 162582 27539
586 155 2506 2520 163053 27606
587 155 2506 2520 163535 27649
588 156 2506 2520 164036 27728
589 158 2506 2520 164560 27792
590 158 2505 2520 165021 27865
591 159 2505 2520 165577 27939
592 159 2505 2520 166099 27997
593 159 2505 2520 166654 28066
594 160 2505 2520 167279 28170
595 160 2505 2520 167850 28248
596 160 2505 2520 168414 28258
597 160 2505 2520 168973 28343
598 161 2505 2520 169535 28436
599 162 2505 2520 170064 28552
600 162 2505 2520 170599 28640
601 162 2505 2520 171121 28713
602 162 2505 2520 171618 28787
603 163 2505 2520 172145 28869
604 163 2505 2520 172649 28940
605 163 2505 2520 173154 29018
606 164 2505 2520 173638 29093
607 165 2505 2520 174126 29208
608 167 2505 2520 174608 29263
609 167 2505 2520 175195 29338
610 168 2505 2520 175717 29396
611 169 2505 2520 176319 29505
612 170 2505 2520 176917 29624
613 170 2505 2520 177509 29717
614 170 2505 2520 178073 29844
615 171 2505 2520 178703 29902
616 171 2505 2520 179252 29940
617 171 2505 2520 179898 30055
618 171 2505 2520 180451 30129
619 171 2505 2520 181105 30226
620 171 2505 2520 181734 30343
621 171 2505 2520 182340 30408
622 172 2505 2520 182898 30464
623 172 2505 2520 183423 30563
624 172 2505 2520 183903 30625
625 173 2505 2520 184448 30711
626 174 2505 2520 184914 30751
627 175 2505 2520 185473 30847
628 175 2505 2520 185978 30960
629 175 2505 2520 186582 31067
630 176 2505 2520 187064 31179
631 176 2505 2520 187597 31255
632 176 2505 2520 188103 31291
633 176 2505 2520 188640 31381
634 177 2505 2520 189106 31461
635 177 2505 2520 189620 31548
636 177 2505 2520 190141 31655
637 178 2505 2520 190667 31736
638 178 2505 2520 191164 31831
639 178 2505 2520 191641 31899
640 178 2505 2520 192096 32018
641 179 2505 2520 192546 32142
642 180 2505 2520 192984 32204
643 181 2505 2520 193501 32260
644 181 2505 2520 194017 32352
645 181 2505 2520 194503 32422
646 181 2505 2520 194988 32479
647 181 2505 2520 195439 32538
648 182 2505 2520 195849 32606
649 182 2505 2520 196330 32689
650 183 2505 2520 196797 32756
651 185 2505 2520 197278 32810
652 185 2505 2520 197766 32903
653 185 2505 2520 198287 33001
654 185 2504 2520 198691 33065
655 185 2504 2520 199158 33162
656 185 2504 2520 199674 33243
657 186 2504 2520 200181 33298
658 188 2504 2520 200706 33393
659 188 2504 2520 201205 33433
660 188 2504 2520 201754 33533
661 188 2504 2520 202300 33587
662 190 2504 2520 202852 33641
663 193 2504 2520 203419 33707
664 194 2504 2520 204030 33755
665 194 2504 2520 204656 33889
666 194 2504 2520 205308 33984
667 194 2504 2520 205972 34064
668 195 2504 2520 206613 34125
669 195 2504 2520 207199 34195
670 196 2504 2520 207822 34276
671 196 2503 2520 208530 34345
672 196 2503 2520 209186 34439
673 196 2503 2520 209891 34523
674 197 2503 2520 210530 34619
675 199 2503 2520 211134 34711
676 199 2503 2520 211779 34781
677 200 2503 2520 212457 34893
678 203 2503 2520 213085 34976
679 203 2503 2520 213792 35069
680 203 2503 2520 214496 35164
681 203 2503 2520 215182 35284
682 203 2503 2520 215854 35333
683 204 2503 2520 216535 35437
684 204 2503 2520 217224 35563
685 204 2503 2520 217925 35638
686 205 2503 2520 218597 35748
687 206 2503 2520 219176 35820
688 207 2503 2520 219813 35931
689 208 2503 2520 220462 35995
690 208 2503 2520 221179 36110
691 208 2503 2520 221798 36173
692 210 2503 2520 222490 36279
693 210 2503 2520 223211 36390
694 210 2503 2520 223879 36471
695 212 2503 2520 224588 36594
696 212 2503 2520 225252 36706
697 213 2503 2520 225992 36861
698 213 2503 2520 226641 36976
699 213 2503 2520 227377 37066
700 213 2503 2520 228109 37177
701 213 2503 2520 228812 37318
702 215 2503 2520 229472 37454
703 216 2503 2520 230163 37517
704 216 2503 2520 230842 37620
705 217 2503 2520 231539 37735
706 218 2503 2520 232229 37846
707 218 2503 2520 232906 37946
708 218 2503 2520 233539 38080
709 218 2503 2520 234141 38148
710 218 2503 2520 234779 38258
711 219 2503 2520 235374 38341
712 219 2503 2520 235910 38402
713 219 2503 2520 236586 38492
714 220 2503 2520 237096 38582
715 222 2503 2520 237704 38644
716 223 2503 2520 238234 38736
717 224 2503 2520 238837 38805
718 224 2503 2520 239448 38889
719 224 2503 2520 240079 39013
720 224 2503 2520 240693 39129
721 224 2503 2520 241267 39233
722 225 2503 2520 241813 39327
723 226 2503 2520 242411 39366
724 228 2503 2520 243035 39465
725 228 2503 2520 243677 39542
726 230 2503 2520 244352 39631
727 231 2503 2520 245011 39747
728 232 2503 2520 245700 39811
729 233 2503 2520 246379 39897
730 234 2503 2520 247092 40017
731 234 2503 2520 247843 40110
732 234 2503 2520 248530 40216
733 234 2503 2520 249252 40293
734 236 2503 2520 249961 40334
735 236 2503 2520 250761 40474
736 237 2503 2520 251504 40587
737 238 2503 2520 252279 40708
738 238 2503 2520 253055 40828
739 238 2503 2520 253814 40906
740 240 2501 2520 254508 41010
741 240 2501 2520 255303 41119
742 242 2501 2520 255998 41231
743 244 2501 2520 256740 41329
744 245 2501 2520 257584 41421
745 246 2501 2520 258356 41498
746 246 2501 2520 259058 41615
747 247 2501 2520 259898 41696
748 247 2501 2520 260676 41810
749 247 2501 2520 261481 41932
750 247 2501 2520 262240 42033
751 247 2501 2520 262935 42137
752 247 2501 2520 263609 42187
753 248 2501 2520 264265 42252
754 248 2501 2520 264876 42326
755 249 2501 2520 265608 42415
756 250 2501 2520 266304 42476
757 251 2501 2520 267038 42570
758 252 2501 2520 267674 42644
759 252 2501 2520 268388 42754
760 253 2501 2520 269088 42847
761 253 2501 2520 269823 42953
762 256 2501 2520 270525 43074
763 258 2501 2520 271234 43175
764 259 2501 2520 272009 43294
765 259 2501 2520 272847 43447
766 259 2501 2520 273642 43531
767 259 2501 2520 274455 43663
768 259 2501 2520 275231 43763
769 259 2501 2520 275925 43808
770 260 2501 2520 276661 43923
771 263 2501 2520 277402 43981
772 263 2501 2520 278220 44082
773 264 2501 2520 279007 44181
774 265 2501 2520 279822 44265
775 266 2501 2520 280598 44407
776 267 2501 2520 281351 44553
777 267 2501 2520 282216 44639
778 267 2501 2520 282951 44706
779 269 2501 2520 283731 44802
780 269 2501 2520 284448 44910
781 269 2501 2520 285162 45037
782 269 2501 2520 285963 45096
783 269 2501 2520 286707 45183
784 270 2501 2520 287426 45287
785 270 2501 2520 288151 45363
786 270 2501 2520 288865 45458
787 271 2501 2520 289589 45533
788 271 2501 2520 290317 45611
789 272 2501 2520 291056 45644
790 275 2501 2520 291696 45759
791 277 2501 2520 292375 45824
792 277 2501 2520 293138 45963
793 279 2501 2520 293838 46046
794 280 2501 2520 294666 46169
795 281 2501 2520 295509 46276
796 282 2501 2520 296301 46376
797 282 2501 2520 297150 46477
798 283 2501 2520 297980 46604
799 283 2501 2520 298848 46745
800 283 2501 2520 299756 46846
801 283 2501 2520 300548 47004
802 284 2501 2520 301359 47053
803 284 2501 2520 302073 47093
804 287 2501 2520 302870 47213
805 287 2501 2520 303640 47311
806 287 2501 2520 304469 47460
807 287 2501 2520 305252 47483
808 287 2501 2520 306046 47553
809 287 2500 2520 306913 47705
810 287 2500 2520 307720 47793
811 287 2500 2520 308406 47875
812 287 2499 2520 309136 47932
813 287 2499 2520 309900 48036
814 288 2499 2520 310632 48123
815 288 2499 2520 311286 48228
816 288 2499 2520 311975 48334
817 290 2499 2520 312652 48445
818 291 2499 2520 313367 48574
819 292 2499 2520 314067 48649
820 292 2499 2520 314780 48763
821 294 2499 2520 315477 48852
822 296 2499 2520 316176 48969
823 296 2499 2520 316911 49100
824 296 2499 2520 317725 49215
825 298 2499 2520 318439 49299
826 299 2499 2520 319081 49404
827 299 2499 2520 319814 49494
828 299 2499 2520 320581 49612
829 300 2499 2520 321291 49703
830 300 2499 2520 321950 49762
831 304 2499 2520 322676 49851
832 304 2499 2520 323408 49899
833 304 2499 2520 324246 49995
834 306 2499 2520 324927 50067
835 308 2499 2520 325716 50122
836 309 2499 2520 326514 50224
837 311 2498 2520 327312 50234
838 311 2498 2520 328123 50330
839 312 2498 2520 328977 50413
840 312 2498 2520 329750 50502
841 313 2498 2520 330626 50578
842 314 2498 2520 331329 50665
843 315 2498 2520 332178 50716
844 316 2498 2520 333011 50820
845 316 2498 2520 333883 50905
846 317 2498 2520 334784 50975
847 317 2498 2520 335588 51055
848 317 2498 2520 336461 51175
849 318 2498 2520 337300 51278
850 319 2498 2520 338122 51370
851 320 2498 2520 338871 51441
852 320 2497 2520 339781 51631
853 321 2497 2520 340671 51749
854 321 2497 2520 341523 51876
855 322 2497 2520 342304 52010
856 323 2497 2520 343159 52145
857 323 2497 2520 343935 52203
858 325 2497 2520 344875 52293
859 325 2497 2520 345740 52418
860 326 2497 2520 346623 52481
861 326 2497 2520 347479 52554
862 327 2497 2520 348310 52701
863 331 2497 2520 349109 52777
864 331 2497 2520 349942 52845
865 332 2497 2520 350865 52953
866 332 2496 2520 351758 53035
867 334 2495 2520 352632 53173
868 334 2494 2520 353586 53243
869 334 2494 2520 354472 53369
870 334 2494 2520 355373 53426
871 335 2493 2520 356146 53530
872 335 2493 2520 357015 53651
873 339 2493 2520 357865 53762
874 339 2493 2520 358718 53835
875 340 2492 2520 359653 53944
876 340 2492 2520 360560 54047
877 340 2492 2520 361348 54102
878 340 2492 2520 362198 54165
879 340 2492 2520 362987 54206
880 340 2492 2520 363869 54306
881 341 2492 2520 364662 54366
882 341 2492 2520 365471 54432
883 341 2492 2520 366198 54474
884 341 2492 2520 366930 54548
885 342 2492 2520 367677 54547
886 342 2491 2520 368357 54663
887 343 2491 2520 369068 54704
888 344 2491 2520 369695 54800
889 345 2491 2520 370376 54855
890 347 2491 2520 371160 54925
891 347 2491 2520 371930 54991
892 349 2491 2520 372642 55032
893 349 2491 2520 373400 55074
894 352 2491 2520 374235 55194
895 353 2491 2520 375117 55301
896 355 2490 2520 375988 55453
897 356 2490 2520 376947 55505
898 357 2490 2520 377924 55601
899 360 2490 2520 378883 55728
900 360 2490 2520 379870 55824
901 360 2490 2520 380869 55948
902 361 2490 2520 381868 55999
903 361 2490 2520 382835 56078
904 361 2490 2520 383774 56195
905 361 2490 2520 384746 56270
906 361 2489 2520 385704 56417
907 361 2489 2520 386639 56530
908 362 2489 2520 387574 56614
909 362 2489 2520 388430 56735
910 362 2489 2520 389362 56834
911 363 2489 2520 390240 56928
912 363 2489 2520 391129 57063
913 363 2489 2520 391930 57129
914 363 2489 2520 392727 57170
915 364 2489 2520 393403 57286
916 365 2489 2520 394173 57384
917 365 2489 2520 394931 57438
918 365 2489 2520 395598 57463
919 365 2488 2520 396314 57561
920 368 2488 2520 397006 57655
921 369 2488 2520 397761 57676
922 371 2488 2520 398559 57755
923 371 2488 2520 399360 57833
924 373 2488 2520 400159 57899
925 373 2488 2520 401001 57956
926 377 2488 2520 401829 58037
927 378 2488 2520 402725 58197
928 380 2488 2520 403659 58294
929 380 2488 2520 404669 58432
930 380 2488 2520 405736 58573
931 380 2488 2520 406735 58639
932 380 2488 2520 407693 58766
933 382 2488 2520 408732 58906
934 385 2488 2520 409783 58986
935 386 2488 2520 410794 59075
936 386 2488 2520 411727 59175
937 386 2488 2520 412736 59259
938 387 2488 2520 413726 59381
939 387 2488 2520 414648 59524
940 388 2488 2520 415615 59642
941 388 2488 2520 416510 59732
942 389 2488 2520 417491 59794
943 390 2487 2520 418434 59905
944 390 2487 2520 419282 59948
945 392 2487 2520 420155 60050
946 393 2487 2520 421093 60141
947 394 2487 2520 422051 60297
948 395 2487 2520 423079 60385
949 396 2486 2520 424001 60502
950 396 2486 2520 424877 60596
951 397 2486 2520 425803 60710
952 398 2486 2520 426658 60769
953 399 2485 2520 427516 60884
954 400 2485 2520 428561 60930
955 401 2485 2520 429451 61026
956 401 2484 2520 430373 61063
957 401 2484 2520 431355 61152
958 403 2484 2520 432312 61219
959 404 2484 2520 433176 61309
960 405 2484 2520 434127 61428
961 407 2484 2520 435127 61510
962 409 2484 2520 436081 61530
963 410 2484 2520 437029 61633
964 411 2483 2520 437955 61702
965 411 2483 2520 438832 61720
966 412 2483 2520 439804 61868
967 413 2483 2520 440740 61964
968 413 2482 2520 441759 62057
969 413 2482 2520 442756 62145
970 413 2482 2520 443839 62275
971 415 2482 2520 444727 62368
972 415 2482 2520 445655 62469
973 418 2482 2520 446540 62596
974 418 2482 2520 447389 62678
975 418 2482 2520 448312 62769
976 419 2482 2520 449157 62883
977 419 2482 2520 450067 62987
978 421 2482 2520 451002 63125
979 421 2482 2520 451878 63237
980 422 2482 2520 452832 63348
981 424 2482 2520 453765 63416
982 425 2481 2520 454723 63472
983 425 2481 2520 455607 63588
984 427 2481 2520 456552 63620
985 427 2481 2520 457494 63760
986 427 2480 2520 458420 63858
987 428 2479 2520 459288 63968
988 431 2479 2520 460152 64061
989 432 2479 2520 461173 64219
990 435 2479 2520 462135 64358
991 436 2479 2520 463154 64448
992 437 2478 2520 464150 64605
993 439 2478 2520 465180 64721
994 439 2478 2520 466143 64859
995 440 2478 2520 467132 64974
996 441 2478 2520 468115 65070
997 442 2478 2520 469157 65181
998 444 2478 2520 470172 65274
999 445 2478 2520 471267 65432
1000 446 2478 2520 472321 65539
