0 1 2519 2520 795 499
1 1 2519 2520 819 515
2 1 2519 2520 855 536
3 1 2519 2520 900 552
4 1 2519 2520 955 590
5 1 2519 2520 998 608
6 1 2519 2520 1028 624
7 1 2519 2520 1069 648
8 1 2519 2520 1101 650
9 1 2519 2520 1131 660
10 1 2519 2520 1158 672
11 1 2519 2520 1178 679
12 1 2519 2520 1201 688
13 1 2519 2520 1223 697
14 1 2519 2520 1244 702
15 1 2519 2520 1264 714
16 1 2519 2520 1282 714
17 1 2519 2520 1298 719
18 1 2519 2520 1317 723
19 1 2519 2520 1329 728
20 2 2519 2520 1333 724
21 2 2519 2520 1365 743
22 2 2519 2520 1464 792
23 2 2519 2520 1561 820
24 2 2519 2520 1671 864
25 2 2519 2520 1763 888
26 2 2519 2520 1847 913
27 2 2519 2520 1943 939
28 2 2519 2520 2037 969
29 2 2519 2520 2095 983
30 2 2519 2520 2159 997
31 2 2519 2520 2235 1024
32 2 2519 2520 2313 1029
33 2 2519 2520 2372 1043
34 2 2519 2520 2429 1060
35 2 2519 2520 2483 1075
36 2 2519 2520 2522 1081
37 2 2519 2520 2555 1093
38 2 2519 2520 2596 1099
39 2 2519 2520 2633 1102
40 3 2519 2520 2660 1115
41 3 2519 2520 2691 1119
42 3 2519 2520 2764 1143
43 4 2519 2520 2860 1175
44 4 2519 2520 2957 1195
45 4 2519 2520 3114 1245
46 4 2519 2520 3267 1288
47 4 2519 2520 3419 1326
48 4 2519 2520 3554 1362
49 4 2519 2520 3690 1391
50 4 2519 2520 3828 1425
51 4 2519 2520 3986 1461
52 4 2519 2520 4136 1493
53 4 2519 2520 4258 1523
54 4 2519 2520 4368 1548
55 4 2519 2520 4483 1570
56 4 2519 2520 4579 1587
57 4 2518 2520 4682 1595
58 4 2518 2520 4801 1628
59 4 2518 2520 4869 1649
60 5 2518 2520 4965 1657
61 5 2518 2520 5074 1705
62 5 2518 2520 5239 1745
63 6 2518 2520 5367 1776
64 6 2518 2520 5509 1801
65 7 2517 2520 5693 1846
66 7 2517 2520 5890 1904
67 8 2517 2520 6109 1937
68 8 2517 2520 6314 1981
69 8 2517 2520 6593 2047
70 8 2517 2520 6861 2097
71 8 2517 2520 7094 2108
72 8 2517 2520 7321 2162
73 8 2517 2520 7543 2210
74 8 2517 2520 7739 2244
75 8 2517 2520 7941 2267
76 8 2517 2520 8159 2284
77 8 2517 2520 8348 2320
78 8 2517 2520 8549 2370
79 8 2517 2520 8704 2406
80 8 2517 2520 8868 2440
81 8 2517 2520 9040 2468
82 8 2517 2520 9167 2481
83 9 2517 2520 9309 2516
84 9 2517 2520 9468 2555
85 9 2517 2520 9617 2587
86 11 2517 2520 9764 2630
87 11 2517 2520 9951 2687
88 12 2517 2520 10195 2723
89 12 2517 2520 10474 2749
90 13 2517 2520 10732 2817
91 13 2517 2520 11082 2879
92 14 2516 2520 11371 2942
93 15 2516 2520 11722 3023
94 15 2516 2520 12098 3089
95 15 2516 2520 12449 3140
96 15 2516 2520 12836 3217
97 15 2516 2520 13149 3262
98 15 2516 2520 13490 3300
99 15 2516 2520 13769 3353
100 16 2515 2520 14087 3396
101 16 2515 2520 14389 3450
102 16 2515 2520 14683 3515
103 17 2515 2520 15023 3571
104 17 2515 2520 15311 3574
105 17 2515 2520 15650 3618
106 17 2515 2520 15982 3685
107 17 2515 2520 16253 3727
108 17 2515 2520 16530 3771
109 17 2515 2520 16816 3833
110 17 2515 2520 17093 3872
111 18 2515 2520 17345 3910
112 18 2515 2520 17603 3935
113 18 2515 2520 17884 3994
114 18 2515 2520 18126 4044
115 19 2515 2520 18400 4082
116 19 2515 2520 18646 4139
117 20 2515 2520 18906 4212
118 20 2515 2520 19135 4251
119 21 2515 2520 19418 4300
120 21 2515 2520 19688 4342
121 21 2515 2520 19979 4394
122 21 2514 2520 20300 4459
123 22 2514 2520 20588 4534
124 23 2514 2520 20908 4579
125 23 2514 2520 21259 4630
126 23 2514 2520 21580 4692
127 24 2514 2520 21927 4766
128 24 2514 2520 22249 4832
129 24 2514 2520 22563 4878
130 25 2514 2520 22929 4948
131 25 2514 2520 23259 4982
132 25 2514 2520 23613 5022
133 25 2514 2520 23959 5083
134 25 2514 2520 24286 5151
135 25 2514 2520 24572 5192
136 25 2514 2520 24862 5230
137 26 2514 2520 25153 5284
138 26 2514 2520 25426 5317
139 26 2514 2520 25709 5373
140 27 2514 2520 25977 5400
141 27 2513 2520 26306 5454
142 27 2513 2520 26609 5525
143 27 2513 2520 26887 5560
144 27 2513 2520 27211 5584
145 27 2513 2520 27501 5631
146 30 2513 2520 27740 5668
147 30 2513 2520 28069 5708
148 30 2513 2520 28422 5754
149 30 2513 2520 28823 5821
150 31 2513 2520 29129 5861
151 32 2513 2520 29438 5904
152 32 2513 2520 29771 5965
153 32 2513 2520 30170 5998
154 32 2513 2520 30525 6052
155 33 2513 2520 30903 6087
156 33 2513 2520 31315 6163
157 34 2513 2520 31635 6201
158 34 2513 2520 31997 6262
159 35 2513 2520 32366 6292
160 35 2513 2520 32764 6337
161 35 2513 2520 33208 6418
162 35 2513 2520 33615 6449
163 35 2513 2520 34002 6512
164 35 2512 2520 34402 6553
165 35 2512 2520 34715 6577
166 35 2512 2520 35048 6623
167 35 2512 2520 35401 6714
168 35 2512 2520 35733 6749
169 36 2512 2520 36067 6785
170 36 2512 2520 36406 6851
171 37 2512 2520 36714 6881
172 37 2512 2520 36994 6956
173 38 2512 2520 37371 6994
174 39 2512 2520 37692 7045
175 39 2511 2520 38040 7099
176 39 2511 2520 38403 7166
177 40 2511 2520 38781 7203
178 41 2511 2520 39192 7272
179 41 2511 2520 39634 7302
180 42 2511 2520 40094 7385
181 42 2511 2520 40540 7459
182 42 2511 2520 40948 7529
183 42 2511 2520 41371 7576
184 42 2511 2520 41797 7654
185 42 2511 2520 42161 7709
186 42 2511 2520 42526 7755
187 43 2511 2520 42888 7836
188 44 2511 2520 43271 7883
189 45 2510 2520 43696 7915
190 45 2510 2520 44143 7962
191 46 2509 2520 44594 8049
192 46 2509 2520 45097 8142
193 46 2509 2520 45523 8195
194 46 2509 2520 45984 8272
195 46 2509 2520 46421 8329
196 46 2508 2520 46832 8374
197 46 2508 2520 47214 8411
198 46 2508 2520 47604 8430
199 46 2508 2520 48008 8512
200 46 2508 2520 48379 8579
201 49 2508 2520 48727 8616
202 50 2508 2520 49131 8683
203 50 2507 2520 49593 8761
204 50 2506 2520 50078 8845
205 50 2506 2520 50583 8913
206 51 2505 2520 51051 8992
207 52 2505 2520 51544 9037
208 52 2505 2520 52082 9128
209 52 2505 2520 52587 9200
210 52 2504 2520 53073 9271
211 53 2504 2520 53474 9337
212 53 2504 2520 53895 9414
213 53 2504 2520 54364 9470
214 55 2502 2520 54837 9547
215 55 2502 2520 55269 9601
216 55 2502 2520 55761 9706
217 56 2502 2520 56263 9780
218 56 2502 2520 56706 9842
219 56 2500 2520 57182 9915
220 56 2500 2520 57735 10000
221 57 2499 2520 58179 10046
222 58 2499 2520 58667 10130
223 59 2499 2520 59111 10199
224 60 2499 2520 59539 10261
225 61 2499 2520 60040 10343
226 62 2499 2520 60556 10449
227 62 2499 2520 61091 10510
228 62 2499 2520 61645 10617
229 62 2497 2520 62193 10668
230 62 2495 2520 62735 10735
231 63 2495 2520 63308 10830
232 64 2495 2520 63840 10893
233 64 2495 2520 64378 10971
234 64 2495 2520 64909 11076
235 64 2495 2520 65420 11153
236 64 2495 2520 65906 11198
237 65 2493 2520 66445 11251
238 67 2493 2520 66981 11311
239 67 2493 2520 67496 11350
240 67 2493 2520 68043 11403
241 67 2493 2520 68644 11496
242 68 2493 2520 69211 11553
243 69 2493 2520 69745 11599
244 69 2491 2520 70277 11654
245 69 2491 2520 70805 11735
246 72 2491 2520 71350 11783
247 72 2490 2520 71923 11828
248 73 2489 2520 72505 11903
249 75 2489 2520 73122 12030
250 75 2489 2520 73806 12096
251 75 2489 2520 74497 12206
252 76 2488 2520 75152 12307
253 77 2487 2520 75798 12419
254 78 2487 2520 76452 12501
255 79 2486 2520 77185 12552
256 80 2486 2520 77886 12647
257 80 2486 2520 78628 12776
258 80 2486 2520 79358 12882
259 80 2486 2520 80071 12976
260 80 2486 2520 80705 13083
261 80 2485 2520 81370 13160
262 81 2485 2520 81963 13238
263 82 2485 2520 82566 13302
264 83 2485 2520 83140 13370
265 84 2485 2520 83765 13429
266 85 2483 2520 84352 13492
267 85 2482 2520 85036 13551
268 85 2482 2520 85678 13617
269 86 2482 2520 86368 13711
270 88 2482 2520 87018 13796
271 88 2482 2519 87664 13854
272 88 2482 2519 88354 13930
273 88 2482 2519 89075 14034
274 88 2481 2519 89727 14092
275 88 2480 2519 90388 14168
276 89 2480 2519 91015 14268
277 90 2479 2519 91628 14353
278 90 2479 2519 92240 14422
279 90 2478 2519 92859 14476
280 92 2477 2519 93442 14591
281 92 2477 2519 94090 14667
282 92 2477 2519 94692 14710
283 92 2475 2519 95256 14783
284 92 2475 2519 95915 14856
285 92 2475 2519 96484 14886
286 93 2475 2519 97110 14973
287 93 2475 2519 97646 15019
288 94 2475 2519 98199 15096
289 95 2474 2519 98680 15157
290 97 2474 2519 99258 15238
291 98 2474 2519 99834 15279
292 98 2474 2519 100390 15350
293 99 2474 2519 101037 15409
294 100 2474 2519 101639 15479
295 100 2474 2519 102263 15577
296 101 2474 2519 102926 15663
297 101 2473 2519 103534 15726
298 101 2473 2519 104227 15772
299 101 2473 2519 104898 15872
300 101 2473 2519 105504 15919
301 101 2473 2519 106145 15988
302 102 2473 2519 106741 16041
303 104 2473 2519 107310 16116
304 105 2472 2519 107901 16203
305 105 2472 2519 108535 16318
306 105 2472 2519 109188 16430
307 106 2472 2519 109803 16507
308 108 2472 2519 110425 16607
309 108 2472 2519 111076 16701
310 108 2472 2519 111733 16799
311 109 2472 2519 112390 16889
312 110 2472 2519 113045 16986
313 110 2472 2519 113678 17022
314 111 2472 2519 114273 17146
315 114 2472 2519 114935 17277
316 114 2472 2519 115552 17357
317 114 2472 2519 116303 17473
318 115 2471 2519 117045 17512
319 116 2471 2519 117787 17591
320 116 2471 2519 118516 17706
321 116 2471 2519 119235 17832
322 116 2471 2519 119927 17916
323 116 2470 2519 120635 17963
324 117 2470 2519 121290 18073
325 118 2470 2519 121971 18142
326 118 2468 2519 122703 18220
327 118 2468 2519 123469 18312
328 118 2468 2519 124215 18411
329 118 2468 2519 124871 18502
330 118 2468 2519 125435 18520
331 118 2468 2519 126047 18565
332 121 2468 2519 126660 18591
333 122 2467 2519 127293 18638
334 122 2467 2519 127970 18697
335 122 2467 2519 128624 18766
336 123 2467 2519 129298 18816
337 124 2467 2519 129929 18878
338 124 2467 2519 130574 18975
339 124 2467 2519 131225 19046
340 126 2467 2519 131866 19111
341 128 2467 2519 132515 19195
342 128 2467 2519 133246 19282
343 131 2467 2519 133959 19358
344 133 2466 2519 134685 19432
345 134 2466 2519 135485 19548
346 135 2465 2519 136287 19627
347 135 2465 2519 137170 19723
348 135 2465 2519 137988 19811
349 135 2464 2519 138808 19911
350 135 2464 2519 139653 20018
351 136 2464 2519 140412 20068
352 136 2463 2519 141233 20134
353 137 2463 2519 141994 20181
354 137 2463 2519 142746 20238
355 138 2463 2519 143511 20354
356 138 2463 2519 144224 20395
357 140 2463 2519 144973 20530
358 140 2463 2519 145701 20616
359 140 2463 2519 146439 20688
360 140 2462 2519 147154 20724
361 141 2462 2519 147869 20810
362 142 2462 2519 148543 20888
363 142 2461 2519 149305 20983
364 145 2461 2519 149994 21068
365 146 2461 2519 150698 21143
366 147 2461 2519 151384 21199
367 147 2461 2519 152138 21275
368 148 2460 2519 152902 21331
369 149 2460 2519 153628 21401
370 151 2459 2519 154425 21495
371 151 2459 2519 155241 21581
372 152 2459 2519 156080 21668
373 154 2459 2519 156933 21789
374 155 2459 2519 157771 21881
375 157 2459 2519 158629 22005
376 157 2459 2519 159495 22107
377 157 2459 2519 160417 22245
378 157 2459 2519 161291 22339
379 157 2458 2519 162160 22385
380 157 2458 2519 162978 22527
381 157 2458 2519 163760 22583
382 157 2458 2519 164538 22659
383 159 2457 2519 165311 22696
384 159 2457 2519 166025 22811
385 161 2457 2519 166758 22902
386 161 2457 2519 167435 22971
387 161 2457 2519 168143 23076
388 161 2457 2519 168816 23158
389 161 2456 2519 169532 23231
390 161 2456 2519 170202 23303
391 162 2456 2519 170908 23369
392 164 2454 2519 171612 23442
393 167 2454 2519 172335 23532
394 169 2454 2519 173079 23618
395 169 2454 2519 173894 23743
396 170 2454 2519 174699 23881
397 171 2454 2519 175584 24034
398 171 2454 2519 176447 24127
399 173 2453 2519 177339 24259
400 175 2453 2519 178117 24306
401 175 2451 2519 179060 24407
402 177 2450 2519 180023 24531
403 178 2450 2519 180986 24631
404 178 2449 2519 181944 24738
405 178 2449 2519 182932 24822
406 178 2448 2519 183893 24930
407 180 2448 2519 184802 25018
408 180 2447 2519 185712 25122
409 181 2447 2519 186653 25198
410 181 2447 2519 187604 25301
411 181 2446 2518 188458 25369
412 181 2446 2518 189307 25466
413 182 2445 2518 190151 25512
414 183 2444 2518 190966 25589
415 184 2443 2518 191838 25672
416 184 2442 2518 192771 25746
417 186 2441 2518 193660 25861
418 186 2440 2518 194544 25967
419 187 2440 2518 195428 26096
420 188 2439 2518 196321 26155
421 189 2436 2518 197252 26258
422 190 2436 2518 198171 26354
423 190 2436 2518 199035 26494
424 191 2435 2518 199936 26584
425 193 2434 2518 200800 26676
426 193 2434 2518 201697 26786
427 194 2434 2518 202566 26904
428 195 2434 2518 203509 26991
429 195 2433 2518 204396 27100
430 195 2433 2518 205285 27171
431 196 2432 2518 206163 27300
432 197 2432 2518 207070 27409
433 197 2432 2518 208000 27487
434 198 2432 2518 208859 27576
435 199 2432 2518 209693 27671
436 200 2431 2518 210558 27770
437 202 2429 2518 211331 27896
438 202 2428 2518 212281 27973
439 203 2427 2518 213192 28049
440 204 2427 2518 214084 28139
441 207 2427 2518 214973 28237
442 208 2424 2518 215853 28327
443 210 2424 2518 216829 28453
444 211 2424 2518 217810 28576
445 213 2424 2518 218858 28726
446 213 2423 2518 219851 28832
447 215 2423 2518 220983 28986
448 217 2423 2518 222181 29123
449 218 2423 2518 223324 29249
450 218 2422 2518 224445 29367
451 218 2421 2518 225574 29476
452 219 2421 2518 226663 29587
453 220 2421 2518 227720 29702
454 221 2421 2518 228786 29807
455 221 2421 2518 229840 29938
456 221 2420 2518 230877 30088
457 222 2420 2518 231864 30175
458 223 2419 2518 232835 30266
459 225 2418 2518 233882 30372
460 226 2418 2518 234918 30484
461 226 2416 2518 235973 30596
462 227 2414 2518 236957 30738
463 228 2414 2518 237991 30840
464 229 2414 2518 238998 31002
465 230 2414 2518 239971 31112
466 234 2414 2518 240980 31257
467 235 2413 2518 242023 31412
468 236 2413 2518 243159 31567
469 237 2413 2518 244303 31705
470 241 2413 2518 245446 31871
471 242 2413 2518 246712 32014
472 246 2413 2518 247957 32203
473 247 2413 2518 249258 32329
474 247 2411 2518 250599 32497
475 247 2409 2518 251894 32667
476 249 2409 2518 253212 32838
477 249 2407 2518 254572 32992
478 249 2407 2518 255949 33107
479 249 2407 2518 257254 33191
480 249 2407 2518 258548 33347
481 249 2407 2518 259723 33482
482 249 2406 2518 260896 33635
483 249 2406 2518 262034 33696
484 250 2406 2518 263113 33812
485 250 2405 2518 264140 33906
486 250 2405 2518 265181 33979
487 253 2405 2518 266130 34117
488 253 2404 2518 267168 34250
489 255 2403 2518 268184 34395
490 255 2402 2518 269207 34541
491 255 2400 2518 270280 34668
492 256 2400 2518 271273 34805
493 258 2400 2518 272375 34924
494 258 2400 2518 273505 35016
495 261 2399 2518 274554 35134
496 263 2399 2518 275566 35261
497 265 2399 2518 276519 35358
498 265 2399 2518 277613 35533
499 267 2398 2518 278754 35696
500 269 2397 2518 279826 35837
501 269 2397 2518 280988 36004
502 271 2397 2518 282148 36122
503 271 2396 2518 283204 36273
504 271 2396 2518 284316 36413
505 273 2395 2518 285399 36521
506 274 2394 2518 286554 36656
507 275 2394 2518 287700 36765
508 276 2394 2518 288865 36933
509 277 2393 2518 290004 37072
510 278 2393 2518 291196 37231
511 278 2393 2518 292401 37380
512 279 2392 2518 293606 37454
513 279 2391 2518 294863 37611
514 280 2390 2518 296022 37753
515 281 2390 2518 297142 37929
516 281 2390 2518 298270 38066
517 281 2390 2518 299350 38196
518 282 2390 2518 300456 38361
519 286 2389 2518 301559 38457
520 286 2389 2518 302611 38532
521 289 2389 2518 303780 38703
522 291 2389 2518 304929 38850
523 291 2389 2518 306129 39019
524 291 2388 2518 307362 39182
525 293 2388 2518 308531 39280
526 293 2388 2518 309702 39428
527 296 2388 2518 310783 39564
528 297 2388 2518 311971 39704
529 301 2387 2518 313033 39868
530 303 2387 2518 314220 39992
531 305 2386 2518 315532 40128
532 307 2384 2518 316847 40283
533 307 2379 2518 318168 40456
534 307 2378 2518 319623 40567
535 307 2376 2518 321010 40658
536 308 2376 2518 322461 40847
537 309 2376 2518 323737 40919
538 313 2376 2518 325052 41065
539 315 2375 2518 326480 41195
540 317 2374 2518 327837 41335
541 317 2373 2518 329175 41470
542 317 2373 2518 330490 41601
543 317 2371 2518 331868 41725
544 318 2370 2518 333200 41824
545 318 2370 2518 334475 41974
546 318 2370 2518 335711 42079
547 319 2369 2518 336952 42156
548 321 2369 2518 338121 42216
549 323 2369 2518 339311 42349
550 323 2369 2518 340537 42453
551 325 2368 2518 341734 42526
552 327 2367 2518 342951 42614
553 330 2365 2518 344061 42759
554 330 2363 2518 345287 42901
555 331 2362 2518 346550 43014
556 332 2361 2518 347711 43101
557 335 2361 2518 348883 43207
558 335 2360 2518 350152 43288
559 337 2360 2518 351435 43417
560 337 2360 2518 352793 43591
561 340 2359 2518 354094 43712
562 340 2359 2518 355467 43875
563 340 2359 2518 356811 44043
564 342 2359 2518 358117 44142
565 343 2359 2518 359450 44232
566 348 2358 2518 360710 44344
567 351 2358 2518 362096 44477
568 352 2356 2518 363468 44610
569 353 2355 2518 364744 44777
570 353 2354 2518 366103 44956
571 354 2352 2518 367405 45146
572 355 2350 2518 368697 45256
573 355 2350 2518 370003 45393
574 356 2348 2518 371264 45452
575 356 2348 2518 372623 45565
576 359 2347 2518 373973 45668
577 363 2347 2518 375304 45802
578 364 2347 2518 376720 45922
579 364 2347 2518 378072 46076
580 364 2347 2518 379467 46257
581 365 2346 2518 380937 46380
582 367 2344 2518 382250 46497
583 367 2343 2518 383660 46564
584 367 2343 2518 385093 46665
585 369 2343 2518 386393 46751
586 369 2341 2518 387742 46818
587 370 2341 2518 389099 46978
588 372 2340 2518 390487 47151
589 373 2340 2518 391783 47314
590 374 2340 2518 393125 47443
591 375 2339 2518 394493 47620
592 375 2338 2518 395762 47702
593 376 2338 2518 397036 47835
594 378 2337 2518 398337 47935
595 380 2337 2518 399512 48038
596 381 2336 2518 400804 48165
597 381 2336 2518 402112 48307
598 385 2336 2518 403344 48405
599 386 2336 2518 404623 48548
600 387 2336 2518 405946 48717
601 391 2336 2517 407318 48824
602 393 2335 2517 408613 48933
603 393 2334 2517 410031 49097
604 394 2334 2517 411405 49232
605 394 2331 2517 412928 49376
606 395 2331 2517 414303 49490
607 395 2331 2517 415773 49640
608 396 2331 2517 417156 49744
609 399 2331 2517 418580 49946
610 399 2331 2517 419900 50094
611 399 2331 2517 421221 50241
612 400 2331 2517 422580 50320
613 401 2331 2517 423902 50445
614 401 2329 2517 425211 50556
615 402 2329 2517 426605 50710
616 405 2328 2517 427872 50865
617 406 2328 2517 429211 50968
618 408 2327 2517 430601 51055
619 409 2326 2517 431981 51236
620 412 2325 2517 433307 51375
621 414 2324 2517 434612 51539
622 415 2324 2517 436030 51679
623 415 2324 2517 437483 51800
624 417 2323 2517 438978 51942
625 418 2323 2517 440483 52064
626 420 2323 2517 441910 52213
627 420 2323 2517 443367 52314
628 422 2323 2517 444898 52508
629 423 2322 2517 446343 52629
630 424 2322 2517 447763 52827
631 426 2320 2517 449152 52977
632 426 2319 2517 450583 53107
633 427 2319 2517 451993 53260
634 429 2319 2517 453310 53386
635 430 2316 2517 454649 53472
636 430 2315 2517 455980 53584
637 433 2314 2517 457327 53728
638 433 2314 2517 458695 53870
639 434 2313 2517 459973 54013
640 435 2313 2517 461241 54079
641 437 2313 2517 462528 54210
642 438 2312 2517 463832 54349
643 438 2312 2517 465265 54530
644 439 2311 2517 466534 54622
645 441 2308 2517 467768 54728
646 441 2308 2517 469064 54845
647 442 2308 2517 470351 54990
648 445 2305 2517 471688 55130
649 445 2305 2517 472978 55308
650 447 2303 2517 474325 55432
651 447 2301 2517 475617 55607
652 449 2301 2517 476901 55683
653 450 2300 2517 478262 55795
654 451 2299 2517 479714 55927
655 452 2298 2517 481062 55999
656 453 2296 2517 482394 56085
657 453 2296 2517 483748 56187
658 454 2295 2517 485122 56302
659 454 2294 2517 486573 56514
660 454 2293 2517 487992 56632
661 456 2293 2517 489409 56771
662 457 2292 2517 490805 56877
663 459 2290 2517 492151 56970
664 461 2289 2517 493434 57142
665 462 2289 2517 494778 57285
666 464 2287 2517 496221 57383
667 468 2287 2517 497472 57500
668 470 2287 2517 498830 57641
669 475 2287 2517 500164 57813
670 477 2286 2517 501583 57987
671 479 2284 2517 503031 58084
672 479 2283 2517 504505 58219
673 480 2280 2517 505990 58344
674 481 2279 2517 507495 58484
675 483 2279 2517 508948 58685
676 485 2279 2517 510487 58844
677 485 2279 2517 511978 58988
678 490 2276 2517 513522 59115
679 491 2273 2517 514995 59254
680 492 2272 2517 516605 59395
681 492 2272 2517 518275 59585
682 493 2272 2517 519873 59714
683 497 2271 2517 521424 59828
684 497 2270 2517 523043 59952
685 497 2270 2517 524585 60134
686 500 2270 2517 526243 60247
687 501 2269 2517 527935 60415
688 504 2268 2517 529554 60619
689 504 2268 2517 531157 60769
690 506 2268 2517 532730 60943
691 508 2268 2517 534459 61056
692 509 2266 2517 536097 61233
693 512 2266 2517 537660 61329
694 515 2264 2517 539233 61489
695 515 2264 2517 540832 61654
696 519 2264 2517 542455 61914
697 520 2262 2517 544076 62061
698 520 2260 2517 545894 62296
699 520 2260 2517 547619 62486
700 521 2260 2517 549251 62641
701 521 2258 2517 550960 62800
702 522 2258 2517 552592 62974
703 522 2256 2517 554116 63167
704 524 2256 2517 555680 63252
705 525 2253 2517 557191 63448
706 526 2253 2517 558700 63550
707 527 2253 2517 560267 63723
708 529 2253 2517 561858 63869
709 530 2251 2517 563401 64047
710 532 2249 2517 565028 64197
711 533 2246 2517 566579 64352
712 534 2246 2517 568162 64502
713 536 2243 2517 569754 64613
714 536 2243 2517 571362 64709
715 537 2243 2517 572955 64874
716 537 2243 2517 574483 65073
717 539 2242 2517 575955 65244
718 546 2242 2517 577535 65394
719 548 2240 2517 579100 65537
720 551 2240 2517 580798 65702
721 551 2239 2517 582616 65876
722 554 2239 2517 584397 66139
723 555 2238 2517 586173 66320
724 556 2238 2517 587917 66607
725 556 2237 2517 589765 66837
726 558 2235 2517 591424 67038
727 559 2235 2517 593127 67224
728 559 2234 2517 594798 67353
729 560 2232 2517 596347 67476
730 561 2232 2517 598026 67635
731 562 2232 2517 599653 67815
732 564 2231 2517 601332 67958
733 566 2230 2517 602909 68110
734 567 2230 2517 604514 68220
735 568 2230 2517 606069 68377
736 570 2229 2517 607606 68514
737 570 2228 2517 609124 68696
738 571 2227 2517 610704 68806
739 571 2227 2517 612278 68958
740 572 2227 2517 613775 69020
741 573 2226 2517 615217 69192
742 574 2226 2517 616732 69364
743 577 2225 2517 618283 69470
744 578 2225 2517 619753 69556
745 579 2223 2517 621169 69671
746 582 2222 2517 622708 69851
747 585 2220 2517 624266 69984
748 586 2220 2517 625852 70109
749 588 2218 2517 627491 70256
750 588 2218 2517 628995 70471
751 590 2217 2517 630546 70605
752 592 2217 2517 632081 70842
753 593 2216 2517 633624 71046
754 597 2214 2517 635231 71211
755 598 2214 2517 636883 71393
756 600 2214 2517 638489 71522
757 602 2213 2517 640176 71702
758 607 2213 2517 641768 71855
759 609 2211 2517 643405 72024
760 612 2211 2517 645142 72183
761 612 2211 2517 646922 72353
762 612 2211 2517 648754 72471
763 612 2211 2517 650588 72627
764 614 2210 2517 652312 72790
765 615 2208 2517 654010 72968
766 615 2207 2517 655761 73145
767 617 2207 2517 657481 73329
768 617 2207 2517 659159 73504
769 617 2205 2517 660820 73647
770 620 2205 2517 662510 73743
771 622 2204 2517 664096 73924
772 626 2204 2517 665637 74116
773 627 2204 2517 667189 74262
774 629 2203 2517 668843 74414
775 630 2202 2517 670500 74539
776 631 2202 2517 672253 74733
777 631 2201 2517 673897 74937
778 632 2201 2517 675590 75155
779 633 2201 2517 677236 75287
780 635 2201 2517 678875 75404
781 635 2201 2517 680486 75565
782 638 2199 2517 682082 75697
783 638 2199 2517 683793 75905
784 639 2195 2517 685532 76157
785 639 2195 2517 687175 76286
786 642 2193 2517 688800 76439
787 643 2193 2517 690421 76609
788 643 2193 2517 692034 76723
789 645 2192 2517 693709 76846
790 648 2192 2517 695251 76973
791 651 2189 2517 696887 77052
792 654 2189 2517 698581 77208
793 656 2187 2517 700295 77426
794 658 2186 2517 702047 77609
795 661 2185 2517 703808 77727
796 661 2185 2517 705557 77892
797 662 2183 2517 707275 78029
798 663 2182 2517 709009 78183
799 664 2180 2517 710695 78328
800 664 2180 2517 712373 78491
801 667 2179 2517 714052 78606
802 670 2178 2517 715757 78784
803 671 2177 2517 717419 78841
804 673 2177 2517 719135 78902
805 675 2175 2517 720880 79079
806 677 2174 2517 722606 79238
807 682 2174 2517 724304 79347
808 682 2173 2517 726124 79515
809 683 2172 2517 727976 79788
810 683 2172 2517 729754 79937
811 685 2172 2517 731511 80039
812 686 2171 2517 733211 80135
813 687 2171 2517 734866 80317
814 687 2170 2517 736529 80463
815 690 2168 2517 738164 80566
816 693 2167 2517 739823 80763
817 693 2166 2517 741550 80914
818 694 2165 2517 743262 81064
819 695 2165 2517 744913 81228
820 698 2163 2517 746575 81384
821 699 2163 2517 748080 81461
822 704 2162 2517 749713 81610
823 705 2161 2517 751393 81716
824 706 2161 2517 753195 81857
825 708 2160 2517 754912 82047
826 709 2158 2517 756571 82289
827 709 2156 2517 758292 82535
828 710 2156 2517 760069 82661
829 714 2155 2517 761838 82844
830 718 2155 2517 763608 82918
831 723 2155 2517 765306 83140
832 724 2155 2517 767067 83165
833 726 2155 2517 768784 83356
834 728 2155 2517 770522 83512
835 728 2154 2517 772390 83642
836 730 2150 2517 774178 83764
837 731 2149 2517 775993 83890
838 732 2146 2517 777871 84018
839 733 2145 2517 779748 84264
840 735 2144 2517 781658 84406
841 736 2143 2517 783550 84583
842 739 2143 2517 785535 84654
843 739 2142 2517 787380 84809
844 742 2139 2517 789227 84940
845 743 2139 2517 791136 85037
846 743 2138 2517 792987 85162
847 746 2137 2517 794763 85265
848 746 2137 2517 796576 85319
849 746 2134 2517 798450 85502
850 746 2132 2517 800094 85631
851 749 2131 2517 801893 85753
852 750 2130 2517 803646 85924
853 753 2129 2517 805464 86067
854 756 2127 2517 807227 86189
855 758 2126 2517 809085 86419
856 761 2125 2517 810887 86635
857 761 2125 2517 812667 86788
858 765 2125 2517 814538 86967
859 766 2125 2517 816312 87116
860 768 2123 2517 818217 87215
861 772 2122 2517 820013 87389
862 772 2121 2517 821910 87553
863 773 2120 2517 823864 87732
864 773 2119 2517 825753 87862
865 774 2119 2517 827604 88052
866 774 2117 2517 829375 88217
867 775 2116 2517 831132 88419
868 778 2114 2517 832938 88534
869 783 2114 2517 834757 88717
870 783 2113 2517 836621 88956
871 786 2112 2517 838559 89073
872 786 2111 2517 840489 89278
873 786 2110 2517 842341 89452
874 786 2109 2517 843994 89572
875 787 2109 2517 845831 89733
876 790 2109 2517 847550 89899
877 790 2109 2517 849258 90052
878 793 2109 2517 850950 90176
879 795 2108 2517 852720 90294
880 798 2108 2517 854638 90463
881 798 2106 2517 856373 90685
882 801 2104 2517 858119 90852
883 803 2102 2517 859890 91018
884 806 2099 2517 861661 91150
885 807 2099 2517 863502 91366
886 809 2097 2517 865300 91553
887 812 2095 2517 867185 91654
888 813 2093 2517 869073 91853
889 815 2093 2517 870913 92064
890 815 2093 2517 872785 92163
891 818 2093 2517 874629 92413
892 819 2092 2517 876560 92596
893 821 2092 2517 878461 92891
894 825 2090 2517 880269 93061
895 827 2089 2517 882184 93170
896 832 2088 2517 884083 93353
897 833 2085 2517 886038 93591
898 833 2084 2517 888071 93768
899 836 2082 2517 890010 93973
900 837 2081 2517 892053 94112
901 837 2080 2517 894013 94313
902 840 2080 2517 895914 94543
903 842 2077 2517 897939 94748
904 845 2076 2517 899970 94997
905 845 2075 2517 902010 95129
906 845 2073 2517 904063 95324
907 845 2073 2517 906126 95533
908 847 2073 2517 908195 95772
909 850 2072 2517 910230 95855
910 853 2072 2517 912221 96053
911 854 2071 2517 914151 96276
912 858 2071 2517 916193 96461
913 861 2070 2517 918145 96627
914 861 2069 2517 920252 96839
915 862 2067 2517 922272 97021
916 865 2067 2517 924378 97247
917 868 2065 2517 926378 97356
918 872 2065 2517 928522 97506
919 872 2064 2517 930695 97707
920 875 2063 2517 932905 97888
921 879 2063 2517 935001 98107
922 880 2063 2517 937232 98273
923 884 2061 2517 939311 98422
924 887 2061 2517 941362 98631
925 888 2060 2517 943534 98845
926 888 2059 2517 945779 99030
927 891 2058 2517 947894 99219
928 894 2058 2517 950089 99402
929 896 2057 2517 952275 99652
930 898 2056 2517 954408 99799
931 901 2055 2517 956620 99922
932 904 2055 2517 958903 100139
933 907 2055 2517 961083 100311
934 909 2053 2517 963291 100527
935 910 2052 2517 965550 100824
936 911 2049 2517 967850 101002
937 912 2049 2517 970194 101233
938 913 2046 2517 972342 101393
939 915 2046 2517 974579 101575
940 919 2044 2517 976844 101836
941 919 2044 2517 979069 102030
942 921 2043 2517 981327 102178
943 922 2042 2517 983639 102480
944 923 2040 2517 985851 102721
945 925 2039 2517 988112 102820
946 926 2037 2517 990294 102951
947 928 2036 2517 992419 103133
948 929 2035 2517 994520 103259
949 933 2034 2517 996546 103499
950 935 2034 2517 998689 103677
951 937 2032 2517 1000894 103915
952 940 2032 2517 1003102 104101
953 943 2029 2517 1005353 104289
954 945 2028 2517 1007505 104470
955 949 2026 2517 1009750 104634
956 954 2023 2517 1011840 104794
957 957 2021 2517 1014166 105007
958 960 2021 2517 1016439 105254
959 961 2021 2517 1018962 105406
960 962 2021 2517 1021464 105664
961 964 2021 2517 1023660 105851
962 966 2020 2517 1025891 106037
963 966 2018 2517 1028173 106200
964 969 2016 2517 1030431 106417
965 971 2015 2517 1032596 106580
966 975 2014 2517 1034895 106715
967 977 2013 2517 1037134 106971
968 981 2011 2517 1039431 107158
969 984 2008 2517 1041699 107355
970 985 2007 2517 1044074 107575
971 986 2007 2517 1046300 107759
972 991 2005 2517 1048493 108009
973 992 2005 2517 1050769 108191
974 994 2004 2517 1053088 108358
975 994 2003 2517 1055459 108560
976 995 2002 2517 1057823 108712
977 997 2001 2517 1060110 108907
978 1001 1998 2517 1062305 109052
979 1004 1997 2517 1064696 109213
980 1005 1997 2517 1067067 109401
981 1006 1996 2517 1069394 109639
982 1009 1996 2517 1071787 109853
983 1016 1994 2517 1073994 109899
984 1017 1994 2517 1076349 110073
985 1018 1993 2517 1078809 110334
986 1021 1991 2517 1081328 110590
987 1022 1988 2517 1083887 110771
988 1025 1987 2517 1086277 110867
989 1028 1987 2517 1088612 111049
990 1030 1986 2517 1090905 111313
991 1033 1985 2517 1093420 111527
992 1034 1984 2517 1095898 111770
993 1034 1984 2517 1098348 111999
994 1035 1983 2517 1100680 112125
995 1037 1982 2517 1103084 112307
996 1038 1981 2517 1105477 112500
997 1040 1980 2517 1107820 112676
998 1045 1979 2517 1110116 112790
999 1047 1978 2517 1112440 112989
1000 1048 1976 2517 1114817 113174
