0 1 2519 2520 798 502
1 1 2519 2520 832 531
2 1 2519 2520 866 552
3 1 2519 2520 900 570
4 1 2519 2520 945 595
5 1 2519 2520 981 611
6 1 2519 2520 1022 628
7 1 2519 2520 1054 633
8 1 2519 2520 1089 650
9 1 2519 2520 1128 661
10 1 2519 2520 1164 675
11 1 2519 2520 1194 689
12 1 2519 2520 1218 691
13 1 2519 2520 1234 690
14 1 2519 2520 1272 698
15 1 2519 2520 1292 704
16 1 2519 2520 1306 710
17 1 2519 2520 1306 709
18 1 2519 2520 1327 718
19 1 2519 2520 1343 723
20 1 2519 2520 1355 720
21 2 2519 2520 1361 720
22 2 2519 2520 1396 730
23 2 2519 2520 1478 764
24 2 2519 2520 1555 797
25 2 2519 2520 1637 821
26 2 2519 2520 1747 867
27 2 2519 2520 1846 906
28 2 2519 2520 1938 930
29 2 2519 2520 2033 967
30 2 2519 2520 2102 997
31 2 2519 2520 2180 1007
32 2 2519 2520 2224 1023
33 2 2519 2520 2284 1039
34 2 2519 2520 2330 1048
35 2 2519 2520 2379 1063
36 2 2519 2520 2432 1088
37 2 2519 2520 2490 1107
38 2 2519 2520 2521 1110
39 2 2519 2520 2560 1121
40 2 2519 2520 2596 1123
41 2 2519 2520 2637 1132
42 3 2519 2520 2644 1138
43 3 2519 2520 2688 1152
44 3 2519 2520 2779 1184
45 3 2519 2520 2865 1213
46 3 2519 2520 2968 1259
47 3 2519 2520 3071 1296
48 4 2519 2520 3176 1339
49 4 2519 2520 3272 1362
50 4 2519 2520 3425 1399
51 4 2519 2520 3589 1446
52 4 2519 2520 3723 1476
53 4 2519 2520 3847 1500
54 4 2519 2520 3988 1539
55 4 2519 2520 4120 1567
56 4 2519 2520 4242 1597
57 4 2519 2520 4355 1619
58 4 2519 2520 4477 1649
59 4 2519 2520 4600 1677
60 4 2519 2520 4696 1700
61 4 2519 2520 4779 1711
62 4 2518 2520 4864 1715
63 4 2518 2520 4946 1734
64 4 2518 2520 5022 1751
65 5 2518 2520 5113 1749
66 5 2518 2520 5221 1771
67 5 2518 2520 5346 1813
68 6 2518 2520 5466 1844
69 8 2518 2520 5603 1871
70 8 2517 2520 5818 1922
71 8 2517 2520 6117 2010
72 8 2517 2520 6406 2080
73 8 2517 2520 6691 2107
74 8 2517 2520 6999 2200
75 8 2517 2520 7287 2214
76 8 2517 2520 7538 2252
77 8 2517 2520 7779 2307
78 8 2517 2520 8006 2348
79 8 2517 2520 8234 2402
80 8 2517 2520 8439 2443
81 8 2517 2520 8623 2464
82 8 2517 2520 8811 2511
83 8 2517 2520 8981 2532
84 8 2517 2520 9146 2545
85 8 2517 2520 9295 2583
86 8 2517 2520 9418 2598
87 9 2517 2520 9536 2628
88 10 2517 2520 9669 2653
89 12 2517 2520 9840 2675
90 12 2517 2520 10060 2722
91 13 2517 2520 10378 2806
92 13 2517 2520 10717 2911
93 13 2516 2520 11062 2971
94 13 2516 2520 11378 3029
95 13 2516 2520 11692 3095
96 13 2515 2520 11968 3160
97 14 2515 2520 12246 3220
98 14 2515 2520 12595 3259
99 14 2515 2520 12900 3286
100 14 2515 2520 13206 3330
101 14 2515 2520 13509 3379
102 14 2515 2520 13802 3409
103 14 2515 2520 14060 3466
104 16 2515 2520 14318 3500
105 16 2515 2520 14574 3539
106 16 2515 2520 14816 3569
107 16 2515 2520 15122 3600
108 16 2515 2520 15443 3671
109 17 2515 2520 15683 3709
110 17 2515 2520 15989 3776
111 18 2515 2520 16287 3837
112 18 2515 2520 16601 3895
113 19 2515 2520 16914 3950
114 19 2515 2520 17265 4009
115 19 2515 2520 17654 4078
116 20 2515 2520 17994 4159
117 21 2515 2520 18366 4240
118 21 2515 2520 18764 4332
119 22 2515 2520 19181 4388
120 22 2515 2520 19581 4467
121 22 2514 2520 19957 4564
122 22 2514 2520 20346 4637
123 22 2514 2520 20736 4664
124 22 2514 2520 21081 4704
125 22 2514 2520 21449 4780
126 22 2514 2520 21807 4823
127 22 2514 2520 22138 4857
128 22 2514 2520 22460 4897
129 22 2514 2520 22751 4951
130 22 2514 2520 23032 5003
131 22 2514 2520 23288 5032
132 24 2514 2520 23536 5060
133 24 2514 2520 23807 5129
134 25 2514 2520 24099 5186
135 25 2514 2520 24367 5252
136 25 2514 2520 24684 5310
137 27 2514 2520 25018 5369
138 27 2513 2520 25353 5437
139 27 2513 2520 25695 5513
140 28 2513 2520 26052 5580
141 28 2513 2520 26412 5628
142 29 2513 2520 26856 5724
143 29 2513 2520 27255 5785
144 29 2513 2520 27708 5837
145 29 2513 2520 28085 5912
146 29 2513 2520 28476 5990
147 29 2513 2520 28836 6028
148 29 2513 2520 29198 6074
149 29 2513 2520 29520 6088
150 30 2513 2520 29860 6135
151 30 2512 2520 30152 6171
152 31 2512 2520 30506 6227
153 31 2512 2520 30846 6250
154 31 2512 2520 31211 6299
155 31 2512 2520 31575 6376
156 31 2512 2520 31957 6413
157 31 2512 2520 32304 6466
158 32 2512 2520 32628 6501
159 33 2512 2520 32926 6528
160 35 2512 2520 33280 6601
161 35 2512 2520 33660 6673
162 36 2512 2520 34014 6762
163 37 2512 2520 34458 6834
164 37 2512 2520 34902 6881
165 37 2512 2520 35377 6940
166 37 2512 2520 35807 6999
167 37 2512 2520 36255 7083
168 37 2511 2520 36733 7149
169 38 2511 2520 37165 7211
170 38 2511 2520 37591 7288
171 38 2511 2520 38000 7353
172 38 2510 2520 38399 7435
173 38 2510 2520 38821 7483
174 38 2510 2520 39173 7535
175 39 2510 2520 39542 7576
176 39 2510 2520 39923 7624
177 39 2510 2520 40298 7665
178 39 2510 2520 40648 7725
179 39 2510 2520 41005 7790
180 39 2510 2520 41325 7824
181 40 2510 2520 41609 7854
182 41 2510 2520 41949 7928
183 42 2510 2520 42298 7975
184 42 2510 2520 42667 8028
185 42 2510 2520 43057 8087
186 45 2510 2520 43442 8133
187 45 2510 2520 43869 8228
188 45 2510 2520 44365 8316
189 45 2510 2520 44832 8399
190 46 2510 2520 45303 8493
191 47 2510 2520 45720 8570
192 48 2510 2520 46175 8649
193 48 2509 2520 46696 8734
194 48 2509 2520 47171 8794
195 48 2509 2520 47617 8882
196 48 2509 2520 48086 8920
197 48 2509 2520 48531 8974
198 48 2509 2520 48933 9022
199 48 2509 2520 49343 9077
200 49 2509 2520 49744 9129
201 49 2509 2520 50129 9173
202 49 2508 2520 50527 9223
203 49 2508 2520 50933 9262
204 50 2507 2520 51311 9295
205 50 2507 2520 51691 9309
206 51 2507 2520 52081 9359
207 51 2507 2520 52415 9393
208 51 2506 2520 52833 9449
209 51 2505 2520 53223 9513
210 53 2505 2520 53605 9577
211 54 2505 2520 53993 9623
212 55 2505 2520 54450 9695
213 55 2505 2520 54906 9755
214 56 2505 2520 55370 9826
215 56 2505 2520 55848 9889
216 56 2505 2520 56357 10003
217 56 2505 2520 56835 10122
218 56 2505 2520 57308 10160
219 56 2504 2520 57838 10267
220 57 2504 2520 58343 10342
221 57 2503 2520 58812 10405
222 58 2502 2520 59276 10453
223 58 2502 2520 59729 10506
224 59 2502 2520 60193 10554
225 59 2500 2520 60627 10578
226 60 2500 2520 61077 10657
227 60 2500 2520 61571 10704
228 60 2500 2520 62047 10779
229 60 2500 2520 62514 10862
230 60 2500 2520 62962 10941
231 61 2500 2520 63363 10986
232 61 2500 2520 63826 11019
233 62 2499 2520 64256 11074
234 62 2499 2520 64732 11151
235 63 2499 2520 65229 11213
236 63 2499 2520 65700 11270
237 63 2499 2520 66224 11355
238 63 2498 2520 66698 11412
239 64 2498 2520 67154 11469
240 65 2498 2520 67653 11558
241 65 2497 2520 68157 11651
242 65 2495 2520 68658 11720
243 66 2495 2520 69076 11758
244 67 2493 2520 69554 11848
245 68 2493 2520 70018 11910
246 68 2493 2520 70543 11992
247 69 2492 2520 71071 12101
248 69 2492 2520 71622 12191
249 69 2492 2520 72207 12254
250 70 2492 2520 72775 12342
251 71 2492 2520 73320 12432
252 71 2492 2520 73851 12521
253 72 2491 2520 74401 12607
254 73 2491 2520 74975 12700
255 75 2490 2520 75581 12763
256 77 2489 2520 76212 12844
257 77 2488 2520 76913 12963
258 78 2487 2520 77518 13089
259 81 2486 2520 78217 13181
260 81 2486 2520 78906 13286
261 81 2485 2520 79649 13361
262 81 2484 2520 80371 13448
263 81 2483 2520 81113 13501
264 81 2482 2520 81809 13591
265 81 2481 2520 82469 13655
266 81 2481 2520 83157 13711
267 82 2479 2520 83799 13754
268 84 2478 2520 84396 13829
269 84 2478 2520 85060 13933
270 85 2477 2520 85707 13978
271 86 2477 2520 86365 14074
272 86 2477 2520 87050 14176
273 87 2477 2520 87748 14288
274 87 2477 2520 88431 14375
275 89 2477 2520 89149 14470
276 90 2477 2520 89900 14608
277 90 2477 2520 90646 14701
278 90 2477 2520 91385 14792
279 90 2477 2520 92185 14962
280 90 2475 2520 92882 15055
281 91 2475 2520 93636 15157
282 91 2475 2520 94319 15255
283 91 2474 2520 94993 15375
284 91 2474 2520 95704 15450
285 93 2474 2520 96365 15542
286 93 2473 2520 97008 15608
287 93 2473 2520 97699 15673
288 93 2473 2520 98373 15735
289 93 2473 2520 99007 15764
290 96 2473 2520 99606 15831
291 98 2473 2520 100251 15908
292 99 2472 2520 100938 16036
293 100 2472 2520 101573 16125
294 100 2471 2520 102334 16215
295 102 2471 2520 103045 16348
296 103 2471 2520 103839 16438
297 103 2470 2520 104668 16538
298 103 2470 2520 105437 16622
299 103 2470 2520 106197 16734
300 103 2470 2520 106974 16804
301 103 2469 2520 107674 16869
302 107 2469 2520 108362 16944
303 107 2469 2520 109071 17036
304 107 2469 2520 109808 17116
305 107 2469 2520 110484 17226
306 107 2468 2520 111230 17316
307 107 2468 2520 111875 17388
308 107 2468 2520 112520 17465
309 108 2468 2520 113161 17516
310 108 2468 2520 113718 17575
311 109 2468 2520 114315 17645
312 109 2467 2520 114883 17698
313 109 2467 2520 115507 17750
314 109 2467 2520 116129 17857
315 110 2467 2520 116679 17943
316 110 2467 2520 117273 18009
317 110 2467 2520 117887 18111
318 110 2467 2520 118450 18211
319 110 2467 2520 118951 18280
320 112 2467 2520 119484 18369
321 115 2466 2520 120065 18442
322 117 2466 2520 120639 18522
323 117 2466 2520 121272 18594
324 120 2466 2520 121939 18695
325 120 2466 2520 122626 18796
326 120 2466 2520 123267 18853
327 121 2466 2520 123985 18879
328 121 2466 2520 124636 18951
329 121 2466 2520 125289 19029
330 122 2466 2520 125917 19088
331 124 2466 2520 126557 19175
332 124 2466 2520 127308 19298
333 127 2466 2520 128021 19394
334 129 2466 2520 128744 19489
335 130 2464 2520 129582 19561
336 131 2462 2520 130373 19680
337 131 2462 2520 131229 19824
338 131 2462 2520 132136 19972
339 133 2462 2520 133001 20076
340 133 2462 2520 133881 20183
341 133 2462 2520 134790 20304
342 134 2462 2520 135610 20405
343 135 2462 2520 136446 20487
344 135 2462 2520 137194 20545
345 135 2461 2520 137949 20643
346 135 2461 2520 138743 20680
347 136 2461 2520 139493 20743
348 137 2461 2520 140242 20851
349 138 2461 2520 140986 20947
350 139 2461 2520 141618 21036
351 140 2461 2520 142331 21151
352 140 2461 2520 143105 21214
353 142 2460 2520 143858 21270
354 142 2460 2520 144708 21350
355 143 2460 2520 145544 21468
356 144 2460 2520 146377 21563
357 144 2460 2520 147167 21684
358 144 2460 2520 148012 21805
359 145 2460 2520 148802 21904
360 146 2460 2520 149612 22014
361 147 2460 2520 150483 22087
362 147 2459 2520 151300 22225
363 147 2459 2520 152168 22325
364 147 2459 2520 152985 22400
365 148 2459 2520 153793 22499
366 149 2459 2520 154498 22599
367 149 2459 2520 155313 22650
368 151 2459 2520 156119 22763
369 151 2459 2520 156937 22856
370 152 2459 2520 157710 22967
371 152 2459 2520 158545 23036
372 152 2459 2520 159306 23112
373 152 2459 2520 160040 23184
374 152 2459 2520 160829 23245
375 153 2459 2520 161528 23370
376 155 2459 2520 162298 23438
377 156 2459 2520 163009 23543
378 157 2459 2520 163725 23661
379 158 2458 2520 164458 23813
380 159 2457 2520 165189 23888
381 159 2457 2520 165974 24021
382 160 2456 2520 166817 24146
383 160 2456 2520 167653 24233
384 160 2456 2520 168502 24311
385 160 2455 2520 169249 24371
386 160 2455 2520 170015 24476
387 160 2455 2520 170855 24593
388 161 2454 2520 171568 24637
389 163 2454 2520 172349 24743
390 163 2453 2520 173044 24765
391 163 2453 2520 173781 24822
392 165 2453 2520 174529 24905
393 167 2452 2520 175246 25040
394 168 2452 2520 175961 25133
395 169 2452 2520 176746 25238
396 169 2451 2520 177471 25312
397 171 2450 2520 178255 25436
398 172 2449 2520 179039 25578
399 173 2446 2520 179848 25669
400 173 2444 2520 180722 25787
401 175 2444 2520 181537 25893
402 176 2444 2520 182380 25958
403 176 2444 2520 183220 25999
404 178 2444 2520 184151 26121
405 179 2443 2520 185021 26230
406 179 2442 2520 185926 26350
407 180 2442 2520 186811 26456
408 181 2442 2520 187684 26583
409 181 2442 2520 188614 26705
410 181 2441 2520 189450 26822
411 182 2441 2520 190280 26945
412 183 2441 2520 191106 27025
413 183 2441 2520 191930 27103
414 184 2441 2520 192683 27219
415 184 2440 2520 193381 27268
416 184 2440 2520 194203 27399
417 184 2440 2520 194925 27468
418 184 2440 2520 195694 27540
419 186 2439 2520 196403 27653
420 186 2438 2520 197133 27718
421 187 2438 2520 197868 27806
422 188 2438 2520 198601 27917
423 189 2438 2520 199384 28017
424 189 2437 2520 200144 28131
425 189 2437 2520 200934 28232
426 191 2436 2520 201678 28342
427 191 2435 2520 202506 28436
428 192 2435 2520 203309 28531
429 195 2435 2520 204060 28619
430 196 2435 2520 204868 28722
431 197 2434 2520 205763 28842
432 197 2434 2520 206588 28939
433 197 2434 2520 207449 29039
434 198 2434 2520 208368 29157
435 199 2434 2520 209280 29213
436 199 2434 2520 210154 29372
437 200 2434 2520 211068 29489
438 202 2434 2520 212040 29527
439 202 2433 2520 212905 29608
440 202 2433 2520 213793 29685
441 202 2433 2520 214788 29822
442 203 2432 2520 215611 29905
443 205 2432 2520 216430 30001
444 206 2431 2520 217286 30097
445 209 2430 2520 218143 30218
446 209 2429 2520 219023 30370
447 210 2428 2520 219956 30462
448 211 2427 2520 220915 30594
449 211 2426 2520 221852 30695
450 212 2425 2520 222887 30852
451 212 2425 2520 223851 30969
452 212 2424 2520 224826 31057
453 213 2424 2520 225707 31126
454 214 2424 2520 226575 31221
455 215 2424 2520 227491 31320
456 216 2424 2520 228415 31404
457 217 2424 2520 229273 31509
458 218 2424 2520 230188 31630
459 219 2423 2520 231110 31723
460 221 2422 2520 231990 31794
461 224 2421 2520 232897 31904
462 225 2420 2520 233851 32004
463 225 2419 2520 234856 32100
464 226 2418 2520 235883 32222
465 226 2417 2520 236856 32340
466 227 2417 2520 237884 32490
467 227 2416 2520 238863 32542
468 232 2416 2520 239955 32699
469 233 2416 2520 241022 32793
470 234 2415 2520 242175 32893
471 235 2415 2520 243406 33023
472 236 2415 2520 244548 33134
473 237 2414 2520 245744 33261
474 237 2414 2520 246925 33407
475 237 2414 2520 248117 33546
476 237 2412 2520 249226 33627
477 237 2410 2520 250344 33748
478 238 2409 2520 251367 33848
479 240 2408 2520 252438 33975
480 240 2406 2520 253522 34056
481 242 2406 2520 254598 34165
482 243 2406 2520 255634 34324
483 243 2405 2520 256766 34411
484 245 2404 2520 257766 34516
485 246 2404 2520 258766 34616
486 247 2404 2520 259752 34702
487 247 2402 2520 260887 34824
488 248 2402 2520 262040 34948
489 250 2402 2520 263074 35070
490 251 2401 2520 264198 35150
491 252 2400 2520 265300 35261
492 252 2400 2520 266403 35374
493 252 2400 2520 267601 35541
494 253 2400 2520 268713 35665
495 253 2400 2520 269797 35824
496 255 2400 2520 270862 35957
497 257 2398 2520 271966 36090
498 258 2398 2520 273027 36173
499 259 2398 2520 274187 36271
500 261 2397 2520 275251 36395
501 261 2396 2520 276377 36524
502 262 2396 2520 277542 36619
503 264 2395 2520 278563 36767
504 267 2393 2520 279659 36835
505 267 2393 2520 280770 36982
506 268 2393 2520 281846 37146
507 268 2392 2520 283002 37271
508 268 2392 2520 284109 37398
509 269 2391 2520 285125 37532
510 270 2391 2520 286208 37643
511 273 2390 2520 287262 37776
512 274 2389 2520 288391 37872
513 275 2389 2520 289492 37995
514 275 2389 2520 290675 38169
515 275 2389 2520 291788 38272
516 276 2388 2520 292839 38409
517 276 2386 2520 293891 38483
518 277 2386 2520 294938 38648
519 278 2384 2520 295906 38776
520 278 2383 2520 296937 38841
521 281 2383 2520 297995 38894
522 282 2383 2520 298999 39032
523 283 2383 2520 300097 39142
524 285 2383 2520 301175 39278
525 288 2383 2520 302214 39354
526 288 2382 2520 303325 39488
527 289 2382 2520 304426 39650
528 290 2381 2520 305628 39800
529 292 2381 2520 306792 39938
530 293 2379 2520 308049 40061
531 294 2379 2520 309293 40244
532 295 2379 2520 310456 40341
533 296 2378 2520 311710 40528
534 297 2378 2520 312926 40659
535 297 2378 2520 314130 40803
536 298 2377 2520 315368 40938
537 299 2377 2520 316550 41058
538 300 2377 2520 317755 41171
539 300 2377 2520 318933 41324
540 300 2376 2520 320060 41439
541 300 2376 2520 321142 41542
542 300 2376 2520 322225 41631
543 300 2376 2520 323217 41746
544 301 2375 2520 324257 41818
545 303 2374 2520 325281 41910
546 305 2374 2520 326250 41974
547 305 2373 2520 327219 42114
548 305 2373 2520 328233 42218
549 306 2372 2520 329197 42281
550 309 2372 2520 330132 42366
551 310 2372 2520 331100 42455
552 313 2371 2520 332048 42508
553 313 2371 2520 333105 42620
554 313 2371 2520 334088 42699
555 314 2371 2520 335097 42823
556 315 2371 2520 336156 42952
557 316 2371 2520 337195 43071
558 318 2371 2520 338146 43145
559 321 2369 2520 339250 43253
560 323 2368 2520 340413 43411
561 324 2367 2520 341506 43503
562 327 2366 2520 342598 43625
563 328 2366 2520 343898 43730
564 329 2366 2520 345156 43881
565 329 2366 2520 346377 44039
566 330 2365 2520 347711 44171
567 333 2365 2520 349004 44289
568 334 2364 2520 350253 44488
569 334 2364 2520 351450 44542
570 335 2364 2520 352718 44647
571 336 2363 2520 354059 44835
572 337 2363 2520 355212 44915
573 338 2361 2520 356427 45052
574 339 2361 2520 357578 45132
575 339 2360 2520 358747 45253
576 339 2358 2520 359942 45402
577 340 2356 2520 361151 45528
578 342 2356 2520 362310 45681
579 343 2354 2520 363492 45834
580 344 2354 2520 364639 45968
581 344 2353 2520 365749 46053
582 345 2352 2519 366898 46168
583 345 2351 2519 368075 46253
584 346 2350 2519 369330 46401
585 348 2348 2519 370498 46467
586 349 2348 2519 371632 46548
587 350 2348 2519 372746 46645
588 351 2347 2519 373837 46746
589 353 2347 2519 375052 46804
590 353 2346 2519 376309 46885
591 354 2346 2519 377552 47047
592 356 2345 2519 378736 47198
593 358 2343 2519 379931 47318
594 362 2341 2519 381228 47399
595 364 2340 2519 382438 47537
596 364 2339 2519 383760 47665
597 364 2338 2519 385096 47825
598 364 2338 2519 386439 47973
599 364 2337 2519 387771 48146
600 366 2337 2519 389074 48328
601 367 2336 2519 390325 48462
602 370 2335 2519 391585 48578
603 370 2335 2519 392903 48718
604 371 2335 2519 394268 48922
605 372 2334 2519 395537 49009
606 373 2334 2519 396837 49160
607 374 2334 2519 398175 49295
608 376 2334 2519 399390 49368
609 377 2334 2519 400655 49468
610 378 2334 2519 401872 49592
611 378 2334 2519 403207 49786
612 381 2333 2519 404455 49907
613 381 2332 2519 405626 50047
614 385 2331 2519 406864 50207
615 385 2329 2519 408183 50345
616 385 2329 2519 409501 50530
617 388 2328 2519 410788 50687
618 388 2328 2519 412106 50829
619 391 2328 2519 413408 51002
620 393 2327 2519 414675 51195
621 396 2326 2519 416124 51338
622 398 2325 2519 417543 51409
623 400 2325 2519 418962 51592
624 400 2325 2519 420305 51804
625 401 2325 2519 421794 51943
626 403 2325 2519 423206 52103
627 406 2323 2519 424586 52266
628 406 2323 2519 425999 52401
629 407 2323 2519 427398 52513
630 409 2321 2519 428726 52656
631 410 2321 2519 430193 52833
632 411 2321 2519 431573 52937
633 411 2320 2519 432965 53077
634 412 2320 2519 434370 53155
635 414 2319 2519 435769 53299
636 415 2319 2519 437216 53420
637 415 2318 2519 438714 53590
638 417 2318 2519 440138 53810
639 417 2317 2519 441543 53888
640 418 2314 2519 442943 54055
641 421 2313 2519 444349 54120
642 423 2312 2519 445736 54217
643 424 2312 2519 447143 54353
644 424 2309 2519 448501 54457
645 424 2307 2519 449948 54597
646 426 2307 2519 451471 54729
647 430 2307 2519 452848 54968
648 431 2307 2519 454305 55155
649 431 2307 2519 455653 55314
650 432 2307 2519 457168 55453
651 433 2307 2519 458581 55566
652 434 2307 2519 459955 55702
653 434 2307 2519 461226 55781
654 435 2306 2519 462531 55954
655 438 2306 2519 463837 56059
656 441 2306 2519 465173 56229
657 442 2306 2519 466517 56383
658 444 2305 2519 468006 56554
659 447 2304 2519 469447 56706
660 448 2304 2519 470874 56825
661 449 2302 2519 472394 57051
662 451 2300 2519 473910 57204
663 452 2299 2519 475447 57393
664 454 2299 2519 476879 57574
665 455 2299 2519 478415 57683
666 456 2298 2519 479997 57903
667 457 2298 2519 481569 57973
668 460 2297 2519 483188 58182
669 460 2297 2519 484830 58393
670 461 2297 2519 486499 58529
671 462 2297 2519 488261 58728
672 462 2295 2519 489893 58931
673 462 2294 2519 491463 59103
674 463 2294 2519 492992 59280
675 463 2293 2519 494549 59380
676 466 2291 2519 496041 59550
677 466 2290 2519 497467 59645
678 470 2290 2519 498960 59781
679 472 2289 2519 500472 59856
680 473 2289 2519 501918 60045
681 475 2286 2519 503379 60118
682 475 2285 2519 504887 60239
683 476 2284 2519 506401 60423
684 477 2284 2519 507822 60535
685 481 2283 2519 509394 60748
686 481 2283 2519 510934 60962
687 484 2283 2519 512596 61084
688 485 2283 2519 514151 61226
689 490 2282 2519 515728 61409
690 492 2282 2519 517363 61548
691 494 2282 2519 519030 61680
692 494 2281 2519 520664 61875
693 494 2281 2519 522313 62133
694 495 2281 2519 523941 62275
695 498 2278 2519 525580 62424
696 499 2277 2519 527113 62568
697 501 2276 2519 528719 62770
698 503 2276 2519 530213 62922
699 504 2275 2519 531813 63093
700 507 2273 2519 533507 63284
701 509 2273 2519 535223 63504
702 510 2271 2519 536902 63657
703 511 2270 2519 538577 63842
704 512 2269 2519 540213 63990
705 514 2269 2519 541921 64200
706 514 2267 2519 543603 64393
707 516 2266 2519 545286 64604
708 520 2263 2519 546974 64739
709 523 2260 2519 548675 64917
710 524 2260 2519 550430 65107
711 525 2259 2519 552207 65260
712 526 2259 2519 553940 65489
713 526 2258 2519 555769 65674
714 526 2254 2519 557619 65866
715 529 2253 2519 559469 66087
716 530 2252 2519 561231 66226
717 532 2250 2519 563059 66436
718 533 2250 2519 564810 66648
719 534 2250 2519 566586 66762
720 536 2248 2519 568392 66935
721 538 2248 2519 570240 67122
722 540 2248 2519 571885 67263
723 540 2244 2519 573660 67389
724 542 2244 2519 575343 67558
725 544 2241 2519 577016 67648
726 550 2240 2519 578733 67784
727 550 2240 2519 580537 67887
728 550 2239 2519 582381 68071
729 553 2237 2519 584190 68373
730 556 2237 2519 585899 68497
731 558 2237 2519 587675 68641
732 559 2237 2519 589464 68735
733 560 2237 2519 591276 68888
734 561 2235 2519 593164 69027
735 564 2233 2519 595026 69234
736 565 2233 2519 596867 69411
737 565 2231 2519 598719 69587
738 567 2230 2519 600529 69712
739 568 2228 2519 602377 69779
740 571 2227 2519 604227 69949
741 571 2225 2519 605935 70121
742 571 2225 2519 607619 70304
743 572 2224 2519 609259 70472
744 573 2224 2519 610868 70652
745 576 2224 2519 612473 70841
746 576 2222 2519 614053 70997
747 579 2221 2519 615699 71160
748 582 2221 2519 617273 71258
749 586 2221 2519 618873 71493
750 590 2219 2519 620578 71677
751 594 2219 2519 622466 71821
752 594 2216 2519 624307 72063
753 595 2215 2519 626317 72325
754 599 2214 2519 628322 72528
755 599 2213 2519 630319 72708
756 601 2210 2519 632275 72939
757 603 2207 2519 634263 73211
758 604 2206 2519 636193 73482
759 605 2204 2519 638091 73607
760 605 2204 2519 639829 73792
761 607 2201 2519 641714 73968
762 608 2200 2519 643697 74140
763 610 2200 2519 645623 74335
764 610 2199 2519 647495 74534
765 611 2198 2519 649425 74692
766 612 2198 2519 651301 74808
767 613 2195 2519 653060 75025
768 618 2195 2519 654835 75211
769 618 2195 2519 656603 75398
770 620 2194 2519 658353 75523
771 621 2194 2519 660069 75684
772 621 2193 2519 661851 75820
773 625 2190 2519 663600 76026
774 630 2188 2519 665390 76127
775 635 2188 2519 667187 76387
776 640 2188 2519 669135 76614
777 641 2186 2519 671105 76798
778 642 2185 2519 673095 76958
779 642 2184 2519 675296 77217
780 644 2184 2519 677384 77413
781 645 2184 2519 679591 77620
782 648 2183 2519 681584 77808
783 648 2183 2519 683715 78046
784 648 2182 2519 685683 78218
785 649 2182 2519 687647 78410
786 651 2180 2519 689590 78551
787 653 2180 2519 691494 78789
788 653 2179 2519 693606 78943
789 653 2178 2519 695624 79059
790 654 2178 2519 697495 79283
791 655 2177 2519 699402 79471
792 655 2175 2519 701201 79618
793 656 2174 2519 702921 79778
794 656 2173 2519 704624 79900
795 657 2173 2519 706249 79962
796 661 2172 2519 707947 80182
797 662 2171 2519 709610 80335
798 664 2171 2519 711293 80487
799 665 2170 2519 712898 80560
800 667 2168 2519 714671 80808
801 669 2167 2519 716342 81013
802 669 2166 2519 718081 81205
803 670 2165 2519 719731 81361
804 673 2165 2519 721406 81525
805 676 2165 2519 723045 81681
806 679 2162 2519 724733 81806
807 685 2162 2519 726444 82008
808 687 2161 2519 728286 82189
809 689 2158 2519 730275 82399
810 691 2156 2519 732268 82615
811 692 2156 2519 734343 82907
812 695 2155 2519 736344 83128
813 697 2155 2519 738520 83328
814 698 2155 2519 740545 83589
815 700 2155 2519 742550 83823
816 701 2155 2519 744626 84038
817 703 2154 2519 746616 84232
818 706 2153 2519 748768 84428
819 706 2151 2519 750792 84553
820 709 2151 2519 752785 84801
821 711 2151 2519 754937 84997
822 713 2149 2519 756910 85220
823 714 2149 2519 758958 85428
824 715 2149 2519 760995 85567
825 715 2147 2519 762982 85761
826 719 2144 2519 765046 85978
827 721 2144 2519 767070 86113
828 723 2144 2519 769134 86297
829 725 2143 2519 770996 86446
830 727 2143 2519 772984 86663
831 730 2138 2519 774953 86834
832 733 2135 2519 776975 86935
833 734 2135 2519 778993 87159
834 734 2135 2519 780923 87362
835 734 2133 2519 783001 87562
836 737 2131 2519 784987 87711
837 739 2131 2519 786967 87894
838 742 2130 2519 789066 88034
839 744 2129 2519 791079 88135
840 747 2129 2519 793182 88307
841 749 2128 2519 795303 88506
842 751 2127 2519 797363 88718
843 754 2127 2519 799501 88919
844 760 2126 2519 801641 89092
845 760 2125 2519 803901 89364
846 767 2124 2519 806207 89608
847 767 2124 2519 808368 89863
848 767 2122 2519 810669 90073
849 769 2121 2519 812959 90282
850 771 2121 2519 815255 90598
851 776 2121 2519 817526 90740
852 777 2121 2519 819778 90989
853 777 2120 2519 822206 91263
854 779 2117 2519 824523 91412
855 781 2114 2519 826812 91690
856 781 2112 2519 829110 91932
857 781 2111 2519 831369 92114
858 783 2111 2519 833566 92320
859 784 2109 2519 835703 92511
860 785 2109 2519 837823 92650
861 786 2108 2519 839896 92751
862 788 2107 2519 841925 92914
863 791 2105 2519 843982 93087
864 795 2105 2519 846033 93259
865 795 2104 2519 848018 93411
866 795 2104 2519 850076 93579
867 797 2104 2519 852166 93863
868 802 2103 2519 854167 94107
869 803 2102 2519 856321 94278
870 805 2102 2519 858467 94467
871 807 2102 2519 860663 94627
872 809 2101 2519 862769 94805
873 811 2100 2519 865012 95031
874 814 2099 2519 867078 95191
875 818 2097 2519 869127 95303
876 820 2096 2519 871407 95464
877 820 2095 2519 873675 95685
878 822 2095 2519 875920 95930
879 824 2095 2519 878205 96107
880 824 2095 2519 880505 96366
881 825 2095 2519 882800 96586
882 826 2094 2519 885000 96779
883 828 2093 2519 887110 96918
884 834 2092 2519 889139 97027
885 835 2092 2519 891128 97291
886 837 2090 2519 893091 97401
887 838 2088 2519 895226 97553
888 840 2087 2519 897205 97798
889 842 2086 2519 899280 97906
890 845 2085 2519 901421 98056
891 847 2084 2519 903516 98254
892 850 2082 2519 905538 98444
893 853 2082 2519 907580 98658
894 855 2081 2519 909661 98904
895 857 2080 2519 911692 99082
896 858 2077 2519 913834 99332
897 861 2076 2519 915948 99537
898 862 2076 2519 918031 99773
899 867 2074 2519 920134 99974
900 868 2074 2519 922295 100096
901 869 2073 2519 924499 100276
902 871 2072 2519 926763 100480
903 872 2070 2519 928973 100711
904 874 2066 2519 931064 100891
905 876 2066 2519 933174 101008
906 877 2065 2519 935373 101152
907 878 2064 2519 937551 101411
908 879 2062 2519 939692 101602
909 883 2061 2519 941820 101821
910 887 2058 2519 943893 101916
911 888 2057 2519 946036 102077
912 890 2056 2519 948191 102258
913 892 2056 2519 950313 102439
914 893 2056 2519 952445 102551
915 893 2056 2519 954514 102770
916 894 2055 2519 956574 102937
917 895 2054 2519 958597 103062
918 898 2054 2519 960571 103181
919 899 2053 2519 962638 103319
920 900 2051 2519 964675 103501
921 903 2051 2519 966797 103694
922 908 2049 2519 968824 103868
923 912 2047 2519 970882 104009
924 913 2046 2519 972946 104173
925 915 2045 2519 975124 104328
926 917 2045 2519 977188 104514
927 919 2045 2519 979272 104703
928 920 2045 2519 981377 104864
929 921 2045 2519 983565 105113
930 923 2044 2519 985686 105209
931 926 2043 2519 987815 105459
932 927 2043 2519 989952 105544
933 929 2041 2519 992081 105726
934 930 2041 2519 994171 105909
935 932 2041 2519 996206 105999
936 932 2040 2519 998247 106224
937 935 2038 2519 1000328 106378
938 939 2037 2519 1002393 106568
939 940 2037 2519 1004468 106752
940 947 2037 2519 1006629 106971
941 947 2035 2519 1008789 107208
942 947 2033 2519 1011049 107354
943 950 2031 2519 1013137 107564
944 955 2029 2519 1015274 107715
945 955 2029 2519 1017435 107891
946 958 2028 2519 1019578 108068
947 961 2028 2519 1021724 108218
948 966 2028 2519 1023857 108432
949 966 2028 2519 1026164 108605
950 968 2027 2519 1028408 108786
951 971 2027 2519 1030642 109028
952 973 2027 2519 1032950 109180
953 975 2026 2519 1035120 109419
954 976 2023 2519 1037390 109626
955 978 2021 2519 1039564 109798
956 978 2021 2519 1041863 109977
957 979 2018 2519 1044146 110177
958 984 2017 2519 1046403 110373
959 987 2017 2519 1048619 110555
960 988 2014 2519 1050884 110636
961 990 2012 2519 1053131 110817
962 991 2010 2519 1055298 110897
963 994 2009 2519 1057494 111102
964 995 2008 2519 1059757 111279
965 996 2007 2519 1062033 111408
966 999 2004 2519 1064240 111482
967 999 2003 2519 1066448 111637
968 1001 2001 2519 1068677 111828
969 1001 2000 2519 1070878 111983
970 1002 1999 2519 1073040 112117
971 1006 1999 2519 1075153 112267
972 1009 1999 2519 1077305 112321
973 1011 1999 2519 1079364 112513
974 1013 1999 2519 1081715 112740
975 1015 1998 2519 1083866 112883
976 1019 1997 2519 1086070 113016
977 1022 1995 2519 1088190 113200
978 1025 1991 2519 1090380 113320
979 1025 1990 2519 1092613 113442
980 1028 1990 2519 1094919 113627
981 1029 1989 2519 1097105 113788
982 1030 1987 2519 1099392 113974
983 1034 1987 2519 1101706 114153
984 1038 1987 2519 1103988 114351
985 1040 1987 2519 1106324 114536
986 1040 1987 2519 1108623 114786
987 1042 1986 2519 1110849 114931
988 1045 1986 2519 1113070 115147
989 1046 1983 2519 1115291 115304
990 1048 1983 2519 1117656 115478
991 1048 1982 2519 1119875 115635
992 1051 1981 2519 1122153 115760
993 1054 1981 2519 1124251 116006
994 1054 1981 2519 1126401 116201
995 1054 1981 2519 1128461 116339
996 1058 1981 2519 1130637 116479
997 1058 1980 2519 1132763 116678
998 1059 1980 2518 1134797 116829
999 1062 1980 2518 1136915 116933
1000 1064 1979 2518 1138973 117079
