0 1 2519 2520 795 498
1 1 2519 2520 822 517
2 1 2519 2520 859 541
3 1 2519 2520 901 566
4 1 2519 2520 930 579
5 1 2519 2520 972 606
6 1 2519 2520 1006 618
7 1 2519 2520 1043 634
8 1 2519 2520 1088 651
9 1 2519 2520 1122 663
10 1 2519 2520 1151 676
11 1 2519 2520 1193 682
12 1 2519 2520 1220 686
13 1 2519 2520 1253 697
14 1 2519 2520 1294 711
15 1 2519 2520 1312 716
16 1 2519 2520 1336 723
17 1 2519 2520 1355 728
18 1 2519 2520 1370 732
19 2 2519 2520 1388 735
20 2 2519 2520 1410 744
21 2 2519 2520 1490 775
22 2 2519 2520 1563 801
23 2 2519 2520 1641 831
24 2 2519 2520 1749 864
25 2 2519 2520 1841 889
26 2 2519 2520 1932 913
27 2 2519 2520 2021 934
28 2 2519 2520 2105 964
29 2 2519 2520 2164 983
30 2 2519 2520 2220 1000
31 2 2519 2520 2271 1013
32 2 2519 2520 2333 1018
33 2 2519 2520 2396 1034
34 2 2519 2520 2443 1042
35 3 2519 2520 2488 1056
36 3 2519 2520 2537 1069
37 3 2519 2520 2633 1096
38 3 2519 2520 2716 1119
39 3 2519 2520 2820 1160
40 3 2519 2520 2916 1181
41 3 2519 2520 3015 1211
42 4 2519 2520 3104 1231
43 4 2519 2520 3215 1271
44 4 2519 2520 3343 1300
45 4 2519 2520 3507 1356
46 4 2519 2520 3690 1385
47 4 2519 2520 3825 1432
48 4 2519 2520 3954 1470
49 4 2519 2520 4076 1484
50 4 2519 2520 4187 1507
51 4 2519 2520 4314 1546
52 5 2519 2520 4441 1564
53 5 2519 2520 4557 1605
54 5 2519 2520 4703 1644
55 5 2519 2520 4877 1694
56 5 2518 2520 5055 1734
57 5 2517 2520 5250 1794
58 5 2517 2520 5419 1801
59 5 2517 2520 5573 1835
60 6 2517 2520 5722 1855
61 6 2517 2520 5917 1902
62 6 2517 2520 6082 1930
63 6 2517 2520 6230 1927
64 6 2517 2520 6400 1982
65 7 2517 2520 6529 2001
66 7 2517 2520 6702 2026
67 7 2517 2520 6902 2062
68 7 2517 2520 7077 2077
69 8 2517 2520 7240 2103
70 8 2517 2520 7406 2134
71 8 2517 2520 7592 2176
72 8 2517 2520 7779 2193
73 8 2517 2520 7979 2244
74 9 2517 2520 8145 2275
75 10 2517 2520 8326 2326
76 10 2517 2520 8567 2391
77 10 2517 2520 8808 2435
78 10 2517 2520 9048 2514
79 10 2517 2520 9325 2552
80 10 2517 2520 9567 2592
81 10 2517 2520 9799 2635
82 10 2517 2520 10020 2679
83 10 2517 2520 10236 2711
84 11 2516 2520 10427 2745
85 11 2516 2520 10650 2793
86 11 2516 2520 10892 2842
87 12 2516 2520 11118 2862
88 12 2516 2520 11374 2903
89 13 2516 2520 11603 2946
90 13 2516 2520 11849 2989
91 13 2516 2520 12122 3038
92 14 2515 2520 12388 3084
93 14 2515 2520 12662 3115
94 15 2515 2520 12980 3161
95 15 2515 2520 13311 3214
96 16 2515 2520 13619 3285
97 16 2515 2520 13941 3328
98 17 2515 2520 14283 3382
99 17 2515 2520 14633 3446
100 17 2515 2520 14987 3522
101 17 2515 2520 15334 3590
102 17 2515 2520 15659 3632
103 17 2515 2520 16004 3709
104 17 2515 2520 16331 3769
105 17 2515 2520 16643 3816
106 18 2515 2520 16956 3851
107 18 2515 2520 17258 3901
108 18 2515 2520 17582 3962
109 18 2515 2520 17896 4014
110 19 2515 2520 18180 4033
111 19 2515 2520 18449 4076
112 19 2515 2520 18707 4120
113 19 2515 2520 19013 4162
114 19 2514 2520 19304 4208
115 20 2514 2520 19539 4233
116 21 2514 2520 19822 4275
117 22 2514 2520 20117 4368
118 22 2514 2520 20427 4428
119 22 2514 2520 20792 4501
120 22 2514 2520 21169 4575
121 24 2514 2520 21490 4629
122 24 2514 2520 21877 4698
123 24 2514 2520 22255 4769
124 24 2514 2520 22622 4822
125 24 2514 2520 23003 4891
126 24 2514 2520 23400 4960
127 24 2513 2520 23778 5018
128 24 2513 2520 24088 5062
129 24 2513 2520 24419 5103
130 24 2513 2520 24754 5157
131 24 2513 2520 25023 5195
132 24 2513 2520 25299 5241
133 26 2513 2520 25590 5288
134 28 2513 2520 25905 5325
135 29 2513 2520 26192 5378
136 29 2513 2520 26587 5428
137 30 2513 2520 26998 5503
138 30 2513 2520 27368 5550
139 30 2513 2520 27783 5606
140 30 2513 2520 28205 5696
141 31 2513 2520 28586 5762
142 31 2513 2520 28952 5827
143 31 2513 2520 29380 5925
144 32 2513 2520 29775 5956
145 32 2513 2520 30162 6021
146 33 2513 2520 30585 6096
147 33 2513 2520 30999 6162
148 33 2513 2520 31456 6250
149 33 2513 2520 31870 6328
150 33 2513 2520 32227 6365
151 34 2513 2520 32587 6440
152 34 2513 2520 32989 6522
153 34 2512 2520 33355 6585
154 34 2512 2520 33749 6640
155 34 2511 2520 34150 6687
156 35 2511 2520 34466 6758
157 35 2511 2520 34806 6837
158 35 2511 2520 35186 6863
159 35 2511 2520 35602 6887
160 35 2511 2520 36005 6947
161 35 2511 2520 36358 6988
162 36 2511 2520 36710 7015
163 36 2511 2520 37060 7057
164 36 2511 2520 37387 7108
165 36 2511 2520 37691 7139
166 36 2511 2520 37988 7176
167 37 2511 2520 38289 7246
168 37 2511 2520 38561 7305
169 37 2511 2520 38885 7382
170 38 2511 2520 39204 7423
171 38 2511 2520 39507 7472
172 40 2511 2520 39858 7519
173 40 2511 2520 40183 7569
174 40 2511 2520 40547 7647
175 41 2511 2520 40924 7716
176 41 2511 2520 41322 7795
177 41 2511 2520 41721 7845
178 41 2511 2520 42128 7908
179 41 2511 2520 42518 7977
180 42 2510 2520 42913 8049
181 43 2510 2520 43324 8119
182 43 2510 2520 43716 8191
183 44 2509 2520 44133 8255
184 44 2509 2520 44551 8280
185 44 2508 2520 44946 8354
186 44 2508 2520 45341 8411
187 44 2508 2520 45706 8470
188 44 2508 2520 46064 8522
189 45 2508 2520 46395 8572
190 45 2508 2520 46789 8593
191 45 2508 2520 47144 8648
192 46 2508 2520 47530 8713
193 47 2508 2520 47879 8740
194 47 2508 2520 48261 8804
195 47 2508 2520 48654 8864
196 47 2508 2520 48993 8910
197 48 2508 2520 49312 8959
198 49 2508 2520 49661 9024
199 49 2508 2520 50046 9109
200 49 2507 2520 50387 9178
201 51 2507 2520 50799 9220
202 52 2507 2520 51227 9297
203 52 2507 2520 51678 9374
204 53 2506 2520 52126 9457
205 53 2506 2520 52609 9513
206 53 2506 2520 53057 9610
207 54 2505 2520 53553 9700
208 54 2505 2520 54036 9797
209 55 2505 2520 54531 9845
210 55 2505 2520 55058 9901
211 55 2505 2520 55536 9992
212 55 2503 2520 56039 10083
213 55 2502 2520 56560 10138
214 55 2502 2520 57079 10208
215 55 2502 2520 57561 10259
216 55 2502 2520 58025 10311
217 56 2501 2520 58477 10408
218 56 2501 2520 58876 10486
219 56 2501 2520 59264 10559
220 58 2501 2520 59648 10611
221 58 2500 2520 60046 10600
222 59 2500 2520 60511 10651
223 59 2500 2520 60978 10698
224 59 2500 2520 61455 10772
225 60 2500 2520 61941 10841
226 61 2499 2520 62405 10906
227 62 2499 2520 62909 10962
228 62 2498 2520 63425 11057
229 63 2498 2520 63958 11148
230 63 2498 2520 64492 11215
231 63 2498 2520 64954 11291
232 63 2498 2520 65421 11364
233 64 2498 2520 65920 11419
234 64 2498 2520 66371 11425
235 65 2497 2520 66819 11469
236 67 2497 2520 67237 11495
237 67 2495 2520 67738 11599
238 67 2494 2520 68294 11664
239 67 2494 2520 68866 11732
240 67 2493 2520 69378 11808
241 68 2493 2520 69898 11888
242 68 2492 2520 70451 11958
243 68 2492 2520 70988 11997
244 68 2491 2520 71485 12049
245 69 2491 2520 71928 12108
246 69 2491 2520 72449 12140
247 70 2490 2520 72972 12176
248 71 2490 2520 73499 12243
249 73 2490 2520 74009 12326
250 74 2490 2520 74580 12453
251 75 2490 2520 75104 12487
252 79 2489 2520 75730 12583
253 79 2488 2520 76405 12646
254 79 2488 2520 77160 12756
255 79 2487 2520 77813 12868
256 81 2486 2520 78493 12965
257 82 2485 2520 79206 13055
258 82 2485 2520 79908 13142
259 82 2485 2520 80638 13201
260 82 2484 2520 81355 13299
261 83 2484 2520 82050 13354
262 84 2484 2520 82718 13445
263 84 2484 2520 83378 13523
264 84 2484 2520 84057 13614
265 84 2484 2520 84681 13677
266 84 2484 2520 85324 13717
267 84 2483 2520 85949 13820
268 85 2482 2520 86581 13877
269 85 2480 2520 87226 13945
270 85 2479 2520 87875 14040
271 86 2479 2520 88522 14162
272 86 2479 2520 89156 14180
273 86 2478 2520 89863 14245
274 87 2478 2520 90415 14298
275 87 2478 2520 90989 14369
276 87 2478 2520 91608 14436
277 87 2478 2520 92211 14517
278 91 2478 2520 92727 14561
279 91 2478 2520 93284 14645
280 91 2477 2520 93925 14729
281 91 2477 2520 94535 14810
282 91 2477 2520 95140 14906
283 91 2477 2520 95747 15002
284 94 2477 2520 96391 15051
285 94 2477 2520 97015 15078
286 95 2477 2520 97693 15143
287 95 2477 2520 98363 15241
288 95 2477 2520 99013 15328
289 96 2477 2520 99708 15464
290 96 2476 2520 100393 15552
291 96 2476 2520 101025 15642
292 98 2476 2520 101589 15717
293 98 2476 2520 102177 15796
294 98 2476 2520 102737 15877
295 98 2476 2520 103293 15991
296 102 2476 2520 103927 16061
297 102 2475 2520 104520 16151
298 102 2473 2520 105206 16229
299 103 2473 2520 105872 16316
300 103 2473 2520 106567 16407
301 105 2472 2520 107243 16493
302 106 2472 2520 107867 16552
303 108 2472 2520 108562 16677
304 108 2471 2520 109241 16800
305 108 2471 2520 109977 16897
306 109 2471 2520 110644 17003
307 109 2470 2520 111341 17101
308 109 2470 2520 112041 17162
309 109 2470 2520 112756 17243
310 109 2470 2520 113465 17333
311 109 2470 2520 114043 17408
312 111 2470 2520 114654 17488
313 111 2470 2520 115328 17518
314 111 2469 2520 115925 17598
315 111 2469 2520 116519 17662
316 112 2469 2520 117075 17728
317 113 2469 2520 117679 17726
318 113 2469 2520 118255 17800
319 113 2469 2520 118770 17891
320 113 2469 2520 119342 17947
321 113 2469 2520 119903 17995
322 115 2469 2520 120451 18079
323 119 2469 2520 121006 18153
324 119 2469 2520 121592 18251
325 119 2469 2520 122242 18363
326 119 2469 2520 122908 18467
327 120 2469 2520 123555 18540
328 120 2468 2520 124229 18653
329 121 2468 2520 124890 18713
330 124 2468 2520 125541 18752
331 124 2468 2520 126235 18821
332 124 2468 2520 126941 18860
333 124 2468 2520 127679 18940
334 124 2468 2520 128416 18995
335 124 2468 2520 129116 19058
336 125 2468 2520 129820 19151
337 126 2468 2519 130503 19272
338 126 2468 2519 131231 19374
339 126 2468 2519 131952 19427
340 126 2468 2519 132635 19497
341 126 2468 2519 133275 19552
342 127 2468 2519 133896 19616
343 127 2468 2519 134490 19690
344 128 2468 2519 135104 19750
345 130 2468 2519 135718 19800
346 130 2468 2519 136355 19907
347 131 2468 2519 137040 20008
348 132 2467 2519 137674 20122
349 132 2464 2519 138383 20254
350 133 2464 2519 139056 20362
351 133 2464 2519 139810 20484
352 133 2463 2519 140527 20613
353 135 2463 2519 141263 20735
354 136 2463 2519 141929 20828
355 137 2463 2519 142656 20910
356 137 2461 2519 143387 21005
357 137 2461 2519 144090 21096
358 140 2461 2519 144769 21107
359 140 2461 2519 145440 21157
360 141 2461 2519 146181 21206
361 141 2461 2519 146905 21264
362 143 2461 2519 147640 21351
363 145 2461 2519 148389 21454
364 145 2461 2519 149136 21548
365 145 2461 2519 149887 21629
366 145 2461 2519 150662 21733
367 145 2461 2519 151397 21848
368 145 2461 2519 152056 21932
369 149 2460 2519 152772 22025
370 149 2460 2519 153553 22097
371 150 2460 2519 154339 22231
372 151 2459 2519 155131 22328
373 151 2458 2519 155981 22430
374 151 2458 2519 156743 22530
375 151 2458 2519 157577 22695
376 153 2456 2519 158301 22767
377 153 2456 2519 159110 22864
378 155 2456 2519 159926 22972
379 155 2456 2519 160685 23062
380 155 2456 2519 161520 23123
381 158 2456 2519 162236 23205
382 160 2456 2519 162982 23286
383 161 2455 2519 163753 23368
384 161 2455 2519 164574 23456
385 161 2455 2519 165462 23550
386 162 2455 2519 166225 23611
387 162 2454 2519 167021 23678
388 163 2454 2519 167809 23755
389 165 2454 2519 168594 23813
390 165 2454 2519 169394 23931
391 166 2453 2519 170239 24062
392 167 2450 2519 171114 24179
393 170 2449 2519 171944 24266
394 171 2449 2519 172887 24416
395 172 2449 2519 173806 24492
396 172 2448 2519 174677 24636
397 172 2448 2519 175581 24742
398 172 2448 2519 176473 24828
399 172 2448 2519 177327 24942
400 173 2447 2519 178186 25050
401 174 2446 2519 179028 25158
402 175 2446 2519 179809 25247
403 175 2445 2519 180798 25369
404 176 2443 2519 181699 25455
405 177 2442 2519 182655 25579
406 177 2442 2519 183620 25685
407 177 2442 2519 184510 25812
408 178 2442 2519 185437 25937
409 179 2442 2519 186343 26026
410 180 2442 2519 187225 26175
411 182 2442 2519 188124 26306
412 183 2442 2519 189080 26455
413 184 2442 2519 190066 26543
414 185 2440 2519 191026 26705
415 185 2438 2519 191987 26818
416 185 2438 2519 193056 26975
417 186 2438 2519 194038 27073
418 186 2437 2519 194960 27170
419 186 2437 2519 195951 27298
420 187 2436 2519 196833 27379
421 188 2436 2519 197768 27465
422 190 2436 2519 198639 27604
423 191 2434 2519 199629 27657
424 192 2434 2519 200654 27770
425 193 2434 2519 201611 27878
426 194 2432 2519 202556 28026
427 194 2431 2519 203492 28099
428 196 2429 2519 204541 28182
429 196 2428 2519 205532 28313
430 197 2428 2519 206545 28413
431 198 2428 2519 207640 28474
432 198 2427 2519 208653 28550
433 199 2425 2519 209604 28658
434 201 2425 2519 210585 28807
435 202 2425 2519 211536 28920
436 203 2424 2519 212583 28996
437 206 2424 2519 213646 29104
438 206 2424 2519 214663 29228
439 207 2423 2519 215757 29367
440 209 2422 2519 216915 29508
441 209 2421 2519 218035 29689
442 210 2420 2519 219123 29803
443 211 2420 2519 220169 29916
444 211 2420 2519 221283 30062
445 212 2420 2519 222352 30155
446 212 2420 2519 223439 30244
447 213 2420 2519 224482 30328
448 214 2418 2519 225572 30439
449 216 2418 2519 226593 30532
450 218 2418 2519 227706 30701
451 219 2417 2519 228832 30802
452 220 2416 2519 229840 30895
453 221 2415 2519 230945 31017
454 223 2415 2519 231941 31130
455 226 2414 2519 232955 31205
456 227 2412 2519 233981 31359
457 227 2411 2519 235020 31470
458 227 2411 2519 236119 31602
459 228 2410 2519 237180 31744
460 229 2410 2519 238266 31818
461 231 2410 2519 239324 31881
462 232 2410 2519 240431 32020
463 233 2409 2519 241613 32089
464 234 2409 2519 242764 32222
465 235 2407 2519 243833 32336
466 236 2406 2519 244996 32454
467 236 2406 2519 246286 32645
468 238 2406 2519 247457 32772
469 238 2406 2519 248586 32878
470 240 2405 2519 249782 33024
471 240 2405 2519 250915 33145
472 240 2403 2519 252060 33227
473 241 2403 2519 253214 33418
474 241 2402 2519 254252 33508
475 241 2402 2519 255180 33590
476 241 2402 2519 256149 33756
477 242 2402 2519 257124 33857
478 243 2401 2519 258109 33986
479 246 2401 2519 258974 34056
480 247 2401 2519 259924 34195
481 248 2401 2519 260849 34274
482 248 2401 2519 261822 34401
483 249 2400 2519 262777 34478
484 250 2399 2519 263784 34665
485 251 2398 2519 264772 34753
486 252 2397 2519 265730 34854
487 253 2397 2519 266776 34905
488 256 2397 2519 267764 35021
489 256 2397 2519 268801 35148
490 257 2397 2519 269941 35255
491 260 2397 2519 270997 35331
492 261 2397 2519 272120 35471
493 261 2396 2519 273234 35589
494 263 2396 2519 274430 35721
495 263 2396 2519 275576 35858
496 264 2395 2519 276605 35958
497 265 2395 2519 277826 36086
498 266 2394 2519 278949 36222
499 266 2394 2519 280038 36398
500 267 2392 2519 281146 36531
501 267 2391 2519 282192 36660
502 267 2391 2519 283260 36768
503 269 2391 2519 284318 36893
504 269 2391 2519 285389 36989
505 270 2391 2519 286451 37134
506 270 2389 2519 287463 37258
507 271 2389 2519 288472 37394
508 274 2389 2519 289426 37473
509 277 2389 2519 290516 37587
510 278 2389 2519 291603 37686
511 278 2388 2519 292735 37851
512 281 2388 2519 293783 37954
513 282 2388 2519 294937 38056
514 285 2388 2519 296011 38153
515 285 2387 2519 297103 38315
516 286 2387 2519 298270 38426
517 287 2386 2519 299472 38552
518 287 2386 2519 300640 38698
519 289 2386 2519 301759 38836
520 290 2385 2519 302931 38958
521 290 2383 2519 304062 39118
522 290 2382 2519 305122 39263
523 294 2382 2519 306278 39370
524 295 2381 2519 307405 39456
525 295 2381 2519 308511 39618
526 295 2380 2519 309705 39734
527 297 2380 2519 310799 39873
528 298 2378 2519 311925 40014
529 298 2378 2519 313117 40101
530 298 2378 2519 314206 40278
531 298 2378 2519 315253 40363
532 298 2377 2519 316316 40408
533 299 2377 2519 317396 40539
534 301 2377 2519 318411 40595
535 304 2377 2519 319412 40699
536 305 2377 2519 320528 40820
537 306 2377 2519 321651 40908
538 306 2377 2519 322719 41029
539 306 2377 2519 323806 41189
540 309 2376 2519 324858 41290
541 311 2376 2519 325869 41389
542 312 2376 2519 326946 41588
543 313 2376 2519 328071 41717
544 314 2374 2519 329159 41913
545 314 2374 2519 330233 42002
546 315 2372 2519 331329 42158
547 317 2372 2519 332465 42268
548 318 2372 2519 333592 42393
549 319 2371 2519 334812 42561
550 319 2369 2519 335961 42737
551 321 2368 2519 337189 42893
552 321 2368 2519 338286 42979
553 322 2367 2519 339450 43097
554 324 2364 2519 340582 43210
555 328 2363 2519 341788 43343
556 328 2363 2519 343060 43453
557 328 2361 2519 344330 43614
558 328 2359 2519 345595 43746
559 329 2357 2519 346894 43852
560 330 2356 2519 348204 43948
561 331 2356 2519 349512 44093
562 333 2356 2519 350788 44213
563 334 2356 2519 352027 44284
564 336 2354 2519 353336 44449
565 337 2354 2519 354682 44572
566 340 2354 2519 356039 44734
567 342 2354 2519 357386 44868
568 345 2353 2519 358737 45028
569 347 2352 2519 360196 45219
570 349 2352 2519 361666 45392
571 350 2352 2519 363113 45605
572 350 2352 2519 364641 45757
573 352 2351 2519 366187 45912
574 352 2351 2519 367628 46083
575 352 2350 2519 369175 46170
576 353 2350 2519 370541 46292
577 355 2350 2519 371996 46414
578 356 2348 2519 373427 46530
579 356 2348 2519 374822 46698
580 356 2347 2519 376179 46830
581 356 2346 2519 377476 46970
582 357 2344 2519 378757 47066
583 358 2343 2519 379953 47187
584 360 2343 2519 381213 47287
585 361 2342 2519 382390 47456
586 362 2341 2519 383592 47563
587 363 2341 2519 384767 47663
588 364 2341 2519 386108 47802
589 365 2341 2519 387295 47891
590 365 2341 2519 388533 48013
591 366 2339 2519 389781 48137
592 368 2339 2519 391002 48241
593 369 2339 2519 392247 48377
594 369 2338 2519 393494 48493
595 374 2337 2519 394770 48632
596 376 2337 2519 396065 48765
597 377 2337 2519 397519 48863
598 377 2336 2519 398905 49057
599 378 2335 2519 400129 49204
600 381 2335 2519 401491 49351
601 382 2334 2519 402847 49486
602 384 2334 2519 404319 49600
603 385 2334 2519 405672 49752
604 386 2331 2519 407010 49851
605 387 2328 2519 408380 50002
606 387 2328 2519 409849 50170
607 387 2328 2519 411264 50301
608 389 2327 2519 412712 50432
609 390 2327 2519 414055 50537
610 391 2325 2519 415500 50713
611 391 2325 2519 416812 50827
612 392 2325 2519 418135 50974
613 393 2324 2519 419557 51130
614 393 2323 2519 420841 51237
615 397 2322 2519 422078 51387
616 401 2322 2519 423393 51517
617 401 2322 2519 424736 51710
618 401 2321 2519 426144 51844
619 404 2321 2519 427480 51980
620 406 2321 2519 428793 52136
621 407 2319 2519 430084 52300
622 408 2319 2519 431485 52509
623 409 2319 2519 432990 52719
624 410 2318 2519 434502 52896
625 411 2318 2519 435887 53043
626 411 2317 2519 437244 53179
627 415 2316 2519 438628 53315
628 415 2316 2519 440035 53457
629 416 2313 2519 441607 53606
630 418 2312 2519 442970 53724
631 418 2311 2519 444442 53836
632 419 2310 2519 445834 53957
633 419 2308 2519 447350 54184
634 421 2307 2519 448850 54301
635 422 2306 2519 450257 54468
636 423 2306 2519 451672 54615
637 425 2306 2519 453063 54762
638 425 2305 2519 454459 54819
639 427 2305 2519 455838 54920
640 428 2304 2519 457130 55028
641 431 2304 2519 458514 55147
642 433 2303 2519 459987 55288
643 435 2301 2519 461403 55441
644 436 2300 2519 462863 55613
645 437 2300 2519 464326 55758
646 440 2300 2519 465854 55977
647 442 2299 2519 467243 56089
648 446 2299 2519 468768 56269
649 448 2297 2519 470361 56453
650 449 2296 2519 471958 56657
651 450 2296 2519 473578 56805
652 451 2296 2519 475253 56976
653 451 2295 2519 476917 57122
654 456 2293 2519 478623 57278
655 458 2293 2519 480267 57450
656 460 2292 2519 481864 57534
657 461 2292 2519 483470 57697
658 464 2291 2519 484944 57895
659 465 2290 2519 486583 58063
660 465 2290 2519 488237 58205
661 467 2289 2519 489914 58377
662 468 2289 2519 491540 58583
663 468 2289 2519 493209 58768
664 469 2287 2519 494743 58909
665 470 2286 2519 496292 59038
666 472 2285 2519 497777 59129
667 473 2284 2519 499250 59329
668 474 2284 2519 500770 59420
669 477 2282 2519 502313 59552
670 480 2282 2519 503967 59682
671 483 2282 2519 505558 59837
672 485 2281 2519 507257 59975
673 486 2280 2518 508981 60143
674 486 2279 2518 510722 60276
675 486 2278 2518 512393 60478
676 487 2277 2518 514184 60627
677 487 2277 2518 515873 60814
678 488 2277 2518 517494 60979
679 492 2277 2518 519158 61182
680 494 2277 2518 520816 61316
681 495 2277 2518 522377 61476
682 496 2275 2518 523941 61676
683 498 2274 2518 525573 61938
684 500 2272 2518 527272 62107
685 503 2268 2518 528914 62279
686 506 2267 2518 530482 62456
687 507 2266 2518 532096 62602
688 507 2265 2518 533718 62770
689 508 2265 2518 535411 62950
690 509 2265 2518 537035 63132
691 511 2264 2518 538759 63268
692 514 2264 2518 540442 63404
693 515 2264 2518 542084 63511
694 519 2263 2518 543782 63708
695 519 2263 2518 545544 63907
696 520 2263 2518 547353 64067
697 521 2263 2518 549037 64256
698 524 2263 2518 550776 64499
699 527 2263 2518 552482 64717
700 527 2262 2518 554261 64865
701 528 2261 2518 555959 65066
702 530 2261 2518 557720 65230
703 531 2260 2518 559474 65365
704 534 2259 2518 561171 65560
705 535 2259 2518 562876 65690
706 535 2259 2518 564679 65809
707 536 2259 2518 566333 66016
708 538 2259 2518 567983 66179
709 539 2257 2518 569701 66309
710 541 2256 2518 571473 66515
711 543 2255 2518 573190 66653
712 545 2254 2518 574920 66812
713 545 2252 2518 576616 67022
714 546 2252 2518 578302 67199
715 548 2252 2518 580035 67376
716 550 2252 2518 581729 67617
717 550 2252 2518 583460 67820
718 551 2252 2518 585125 68009
719 552 2250 2518 586774 68192
720 556 2249 2518 588528 68348
721 557 2248 2518 590180 68535
722 559 2248 2518 591904 68672
723 562 2247 2518 593690 68937
724 563 2247 2518 595420 69080
725 566 2244 2518 597181 69232
726 567 2242 2518 598958 69446
727 569 2240 2518 600814 69587
728 572 2238 2518 602618 69682
729 576 2236 2518 604485 69874
730 577 2234 2518 606304 70072
731 578 2233 2518 608244 70319
732 580 2233 2518 610178 70481
733 580 2231 2518 611959 70610
734 580 2230 2518 613815 70780
735 582 2229 2518 615679 70943
736 584 2227 2518 617633 71124
737 584 2226 2518 619493 71218
738 586 2225 2518 621443 71407
739 591 2224 2518 623227 71544
740 591 2222 2518 625172 71723
741 591 2220 2518 627015 71947
742 596 2220 2518 628873 72161
743 598 2220 2518 630758 72335
744 599 2219 2518 632699 72546
745 600 2218 2518 634637 72711
746 603 2217 2518 636508 72862
747 603 2217 2518 638441 73062
748 607 2215 2518 640383 73277
749 608 2215 2518 642388 73511
750 609 2215 2518 644264 73638
751 610 2213 2518 646162 73854
752 611 2213 2518 647906 74024
753 615 2212 2518 649750 74185
754 616 2210 2518 651639 74312
755 618 2209 2518 653523 74491
756 621 2209 2518 655477 74658
757 621 2208 2518 657416 74816
758 621 2206 2518 659348 74999
759 622 2206 2518 661284 75222
760 624 2205 2518 663202 75379
761 627 2203 2518 665012 75613
762 628 2203 2518 666853 75812
763 631 2201 2518 668765 76006
764 633 2200 2518 670663 76216
765 636 2199 2518 672729 76452
766 642 2197 2518 674648 76549
767 642 2197 2518 676662 76718
768 645 2195 2518 678659 76855
769 650 2194 2518 680753 77081
770 652 2193 2518 682840 77288
771 653 2192 2518 684982 77469
772 653 2187 2518 687064 77729
773 654 2187 2518 689173 77914
774 656 2185 2518 691251 78082
775 656 2185 2518 693330 78258
776 657 2182 2518 695483 78475
777 659 2180 2518 697560 78632
778 659 2179 2518 699613 78850
779 660 2179 2518 701625 78991
780 663 2179 2518 703548 79091
781 664 2177 2518 705428 79222
782 665 2177 2518 707379 79485
783 666 2177 2518 709263 79641
784 668 2175 2518 711105 79850
785 668 2174 2518 712906 80014
786 670 2172 2518 714703 80196
787 672 2172 2518 716439 80346
788 674 2170 2518 718293 80406
789 675 2168 2518 720002 80614
790 679 2165 2518 721727 80759
791 679 2164 2518 723530 80884
792 682 2163 2518 725367 81003
793 685 2162 2518 727220 81155
794 687 2162 2518 729151 81345
795 692 2162 2518 731104 81545
796 694 2161 2518 733105 81762
797 695 2161 2518 735163 82004
798 696 2160 2518 737205 82275
799 697 2160 2518 739328 82473
800 700 2158 2518 741260 82622
801 700 2156 2518 743234 82838
802 700 2155 2518 745291 82987
803 701 2155 2518 747191 83177
804 703 2153 2518 749051 83306
805 705 2153 2518 750944 83474
806 705 2153 2518 752777 83613
807 707 2152 2518 754548 83719
808 709 2152 2518 756407 83871
809 711 2151 2518 758237 83995
810 715 2150 2518 760042 84216
811 716 2149 2518 761864 84316
812 717 2148 2518 763686 84453
813 719 2148 2518 765525 84593
814 722 2147 2518 767391 84706
815 723 2146 2518 769339 84882
816 725 2145 2518 771305 85085
817 725 2142 2518 773268 85192
818 728 2142 2518 775269 85393
819 731 2142 2518 777277 85626
820 734 2141 2518 779315 85816
821 736 2141 2518 781279 86049
822 736 2140 2518 783333 86287
823 738 2140 2518 785393 86435
824 739 2139 2518 787488 86588
825 741 2139 2518 789639 86914
826 745 2139 2518 791637 87113
827 747 2139 2518 793631 87289
828 747 2139 2518 795769 87518
829 750 2138 2518 797871 87814
830 751 2137 2518 799989 87984
831 754 2135 2518 802158 88164
832 754 2135 2518 804304 88385
833 756 2134 2518 806415 88561
834 757 2134 2518 808467 88768
835 760 2134 2518 810535 88916
836 762 2131 2518 812599 89047
837 764 2129 2518 814622 89234
838 765 2126 2518 816635 89389
839 767 2125 2518 818610 89531
840 769 2124 2518 820685 89584
841 772 2124 2518 822673 89718
842 773 2123 2518 824666 89874
843 775 2123 2518 826687 90109
844 775 2123 2518 828773 90311
845 777 2123 2518 830840 90505
846 779 2122 2518 832775 90713
847 780 2121 2518 834901 90895
848 782 2120 2518 836887 91073
849 784 2120 2518 838883 91298
850 788 2120 2518 840882 91409
851 790 2119 2518 842885 91563
852 792 2117 2518 844967 91720
853 794 2116 2518 847035 91906
854 797 2116 2518 849085 92157
855 798 2116 2518 851138 92349
856 798 2115 2518 853295 92544
857 798 2114 2518 855443 92759
858 801 2114 2518 857560 93011
859 802 2113 2518 859631 93148
860 805 2112 2518 861650 93320
861 809 2112 2518 863711 93485
862 812 2111 2518 865688 93748
863 815 2108 2518 867849 93955
864 819 2106 2518 869925 94204
865 824 2105 2518 872124 94339
866 827 2104 2518 874366 94562
867 830 2102 2518 876456 94684
868 832 2102 2518 878692 94788
869 835 2102 2518 880896 94932
870 836 2102 2518 883087 95036
871 837 2102 2518 885396 95234
872 838 2102 2518 887531 95414
873 840 2102 2518 889720 95564
874 840 2102 2518 891849 95714
875 842 2101 2518 893962 95761
876 845 2099 2518 896082 95939
877 846 2094 2518 898153 96089
878 850 2092 2518 900304 96264
879 852 2091 2518 902463 96438
880 853 2091 2518 904714 96692
881 854 2089 2518 906993 96858
882 854 2088 2518 909194 97084
883 859 2087 2518 911382 97256
884 861 2086 2518 913577 97480
885 864 2083 2518 915762 97662
886 864 2083 2518 918108 97888
887 864 2083 2518 920409 98038
888 866 2083 2518 922580 98276
889 866 2082 2518 924756 98444
890 867 2081 2518 926814 98562
891 867 2081 2518 928995 98759
892 867 2079 2518 931098 98920
893 869 2079 2518 933128 99021
894 870 2078 2518 935132 99113
895 873 2076 2518 937177 99329
896 878 2075 2518 939141 99559
897 880 2074 2518 941386 99805
898 880 2073 2518 943584 99979
899 880 2070 2518 945631 100132
900 880 2070 2518 947702 100336
901 883 2069 2518 949696 100409
902 885 2066 2518 951700 100530
903 890 2065 2518 953642 100648
904 892 2063 2518 955715 100819
905 895 2061 2518 957805 101016
906 899 2061 2518 959799 101230
907 899 2059 2518 961942 101496
908 901 2058 2518 964200 101705
909 906 2057 2518 966340 101895
910 908 2056 2518 968508 102056
911 910 2056 2518 970728 102266
912 911 2055 2518 972891 102513
913 913 2054 2518 975098 102716
914 917 2052 2518 977267 102904
915 918 2050 2518 979396 103045
916 920 2050 2518 981565 103240
917 923 2048 2518 983774 103419
918 927 2048 2518 985956 103531
919 929 2046 2518 988053 103685
920 932 2045 2518 990171 103856
921 934 2043 2518 992298 104027
922 936 2043 2518 994512 104089
923 939 2041 2518 996822 104291
924 942 2039 2518 999133 104491
925 945 2038 2518 1001391 104749
926 947 2037 2518 1003762 104893
927 947 2035 2518 1006271 105056
928 948 2032 2518 1008674 105187
929 948 2031 2518 1011028 105434
930 952 2028 2518 1013443 105493
931 953 2028 2518 1015787 105701
932 956 2025 2518 1018208 105927
933 957 2023 2518 1020597 106097
934 958 2022 2518 1022897 106404
935 960 2022 2518 1025179 106548
936 962 2019 2518 1027443 106710
937 964 2019 2518 1029739 106942
938 966 2017 2518 1031938 107050
939 968 2017 2518 1034109 107132
940 968 2016 2518 1036354 107313
941 968 2016 2518 1038456 107487
942 969 2014 2518 1040712 107693
943 973 2014 2518 1042722 107860
944 976 2014 2518 1044694 108017
945 979 2013 2518 1046912 108197
946 982 2012 2518 1049060 108425
947 984 2011 2518 1051212 108595
948 989 2009 2518 1053377 108805
949 991 2009 2518 1055573 108947
950 992 2007 2518 1057795 109133
951 997 2005 2518 1060084 109362
952 1000 2005 2518 1062464 109512
953 1005 2002 2518 1064866 109670
954 1007 1999 2518 1067242 109920
955 1007 1997 2518 1069835 110249
956 1007 1993 2518 1072344 110413
957 1008 1993 2518 1074830 110584
958 1012 1992 2518 1077313 110718
959 1013 1991 2518 1079865 110876
960 1016 1989 2518 1082258 111091
961 1019 1988 2518 1084737 111336
962 1021 1987 2518 1087318 111524
963 1021 1987 2518 1089705 111785
964 1021 1986 2518 1092114 111996
965 1022 1986 2518 1094447 112127
966 1025 1985 2518 1096674 112262
967 1027 1983 2518 1099094 112435
968 1028 1982 2518 1101270 112618
969 1030 1982 2518 1103391 112747
970 1031 1982 2518 1105560 112906
971 1033 1981 2518 1107825 113076
972 1036 1981 2518 1109963 113172
973 1039 1978 2518 1112156 113394
974 1042 1978 2518 1114460 113458
975 1044 1977 2518 1116706 113581
976 1048 1976 2518 1118890 113718
977 1049 1976 2518 1121263 113905
978 1051 1975 2518 1123430 114091
979 1055 1975 2518 1125619 114228
980 1056 1975 2518 1127866 114413
981 1056 1973 2518 1130124 114546
982 1060 1971 2518 1132308 114700
983 1062 1968 2518 1134601 114897
984 1069 1967 2518 1136841 115073
985 1071 1964 2518 1139232 115269
986 1073 1964 2518 1141622 115462
987 1076 1964 2518 1144080 115592
988 1076 1962 2518 1146552 115780
989 1077 1961 2518 1148917 115984
990 1078 1959 2518 1151344 116118
991 1079 1959 2518 1153710 116305
992 1080 1958 2518 1156018 116472
993 1083 1958 2518 1158273 116535
994 1087 1957 2518 1160537 116727
995 1090 1957 2518 1162894 116891
996 1094 1956 2518 1165326 116983
997 1098 1955 2518 1167663 117197
998 1100 1953 2518 1170141 117397
999 1101 1952 2518 1172512 117551
1000 1104 1951 2518 1175013 117708
