0 1 2519 2520 797 501
1 1 2519 2520 833 522
2 1 2519 2520 858 533
3 1 2519 2520 886 546
4 1 2519 2520 915 563
5 1 2519 2520 934 576
6 1 2519 2520 974 601
7 1 2519 2520 1010 618
8 1 2519 2520 1042 628
9 1 2519 2520 1077 652
10 1 2519 2520 1107 661
11 1 2519 2520 1133 672
12 1 2519 2520 1159 678
13 1 2519 2520 1190 683
14 1 2519 2520 1221 687
15 1 2519 2520 1247 696
16 2 2519 2520 1263 700
17 2 2519 2520 1310 717
18 2 2519 2520 1421 759
19 2 2519 2520 1519 791
20 2 2519 2520 1625 840
21 2 2519 2520 1716 868
22 2 2519 2520 1812 890
23 2 2519 2520 1902 917
24 2 2519 2520 2005 949
25 2 2519 2520 2083 972
26 2 2519 2520 2143 986
27 2 2519 2520 2217 1010
28 2 2519 2520 2278 1029
29 2 2519 2520 2316 1032
30 2 2519 2520 2361 1050
31 2 2519 2520 2391 1058
32 2 2519 2520 2441 1080
33 2 2519 2520 2464 1081
34 3 2519 2520 2487 1089
35 4 2519 2520 2529 1108
36 4 2519 2520 2646 1151
37 4 2519 2520 2780 1213
38 4 2519 2520 2952 1285
39 4 2519 2520 3138 1339
40 4 2519 2520 3302 1386
41 4 2519 2520 3457 1432
42 4 2519 2520 3604 1468
43 4 2519 2520 3728 1491
44 4 2519 2520 3876 1519
45 4 2519 2520 4040 1555
46 4 2519 2520 4170 1589
47 4 2519 2520 4284 1624
48 4 2519 2520 4375 1649
49 4 2519 2520 4467 1681
50 5 2519 2520 4547 1705
51 5 2519 2520 4655 1729
52 5 2519 2520 4791 1768
53 5 2519 2520 4917 1799
54 5 2519 2520 5042 1842
55 5 2519 2520 5179 1862
56 5 2519 2520 5263 1883
57 5 2519 2520 5392 1932
58 6 2519 2520 5479 1964
59 6 2519 2520 5592 1972
60 7 2519 2520 5707 2001
61 8 2519 2520 5876 2040
62 8 2519 2520 6082 2094
63 8 2519 2520 6274 2154
64 8 2519 2520 6500 2209
65 8 2519 2520 6711 2246
66 8 2519 2520 6927 2302
67 8 2518 2520 7124 2331
68 8 2518 2520 7368 2390
69 8 2518 2520 7626 2428
70 8 2518 2520 7849 2482
71 9 2518 2520 8026 2520
72 9 2518 2520 8240 2563
73 9 2518 2520 8443 2623
74 9 2517 2520 8640 2648
75 9 2517 2520 8825 2679
76 9 2517 2520 9029 2719
77 9 2517 2520 9216 2728
78 10 2517 2520 9416 2774
79 10 2517 2520 9631 2818
80 10 2517 2520 9831 2840
81 10 2517 2520 10018 2889
82 11 2517 2520 10218 2903
83 11 2517 2520 10411 2950
84 11 2517 2520 10611 2994
85 12 2517 2520 10811 3027
86 12 2517 2520 11022 3056
87 12 2517 2520 11196 3105
88 12 2517 2520 11382 3155
89 13 2517 2520 11578 3184
90 13 2517 2520 11789 3228
91 13 2517 2520 12029 3276
92 14 2517 2520 12262 3331
93 14 2517 2520 12508 3386
94 14 2517 2520 12756 3448
95 14 2517 2520 13027 3506
96 15 2517 2520 13281 3558
97 15 2517 2520 13541 3595
98 15 2517 2520 13822 3628
99 15 2517 2520 14060 3681
100 15 2516 2520 14299 3718
101 15 2516 2520 14542 3727
102 15 2516 2520 14787 3791
103 15 2516 2520 14997 3805
104 15 2516 2520 15250 3836
105 15 2516 2520 15477 3885
106 16 2516 2520 15681 3916
107 16 2516 2520 15886 3945
108 16 2516 2520 16070 3947
109 17 2516 2520 16269 3978
110 17 2516 2520 16469 4024
111 17 2516 2520 16666 4068
112 17 2516 2520 16852 4089
113 17 2516 2520 17079 4130
114 18 2515 2520 17276 4174
115 18 2515 2520 17496 4223
116 18 2515 2520 17729 4270
117 18 2515 2520 17980 4330
118 18 2515 2520 18175 4356
119 18 2515 2520 18391 4382
120 19 2515 2520 18594 4411
121 19 2515 2520 18831 4454
122 22 2515 2520 19070 4536
123 22 2515 2520 19330 4608
124 22 2515 2520 19613 4660
125 22 2515 2520 19903 4691
126 23 2515 2520 20186 4758
127 23 2515 2520 20464 4774
128 23 2515 2520 20737 4822
129 23 2515 2520 21039 4879
130 23 2515 2520 21345 4932
131 23 2515 2520 21662 4996
132 23 2515 2520 21920 5038
133 23 2515 2520 22182 5088
134 23 2515 2520 22466 5149
135 23 2515 2520 22722 5177
136 23 2515 2520 22975 5216
137 24 2515 2520 23221 5269
138 24 2515 2520 23460 5332
139 24 2515 2520 23728 5401
140 24 2515 2520 23927 5436
141 24 2515 2520 24150 5478
142 24 2515 2520 24344 5515
143 26 2515 2520 24577 5549
144 26 2515 2520 24848 5573
145 26 2515 2520 25109 5613
146 26 2515 2520 25382 5649
147 26 2515 2520 25642 5720
148 26 2515 2520 25908 5780
149 28 2515 2520 26146 5808
150 28 2515 2520 26433 5874
151 28 2515 2520 26787 5957
152 28 2515 2520 27089 5978
153 28 2515 2520 27403 6030
154 28 2515 2520 27678 6074
155 28 2515 2520 27956 6126
156 28 2515 2520 28199 6162
157 28 2515 2520 28444 6204
158 28 2515 2520 28693 6280
159 28 2515 2520 28957 6329
160 29 2515 2520 29190 6361
161 29 2515 2520 29371 6385
162 29 2515 2520 29595 6452
163 29 2515 2520 29782 6477
164 29 2515 2520 29999 6528
165 29 2515 2520 30157 6562
166 29 2515 2520 30373 6596
167 29 2515 2520 30550 6640
168 29 2515 2520 30723 6683
169 30 2515 2520 30882 6719
170 31 2515 2520 31064 6750
171 32 2515 2520 31307 6796
172 32 2514 2520 31537 6851
173 32 2514 2520 31808 6900
174 32 2514 2520 32107 6942
175 32 2514 2520 32383 6980
176 32 2514 2520 32598 7006
177 32 2514 2520 32859 7060
178 32 2514 2520 33110 7099
179 33 2514 2520 33333 7126
180 33 2514 2520 33544 7148
181 33 2514 2520 33747 7170
182 33 2514 2520 33985 7225
183 33 2514 2520 34200 7247
184 33 2514 2520 34414 7260
185 33 2514 2520 34601 7247
186 33 2514 2520 34801 7292
187 33 2514 2520 34984 7317
188 33 2514 2520 35162 7358
189 34 2514 2520 35320 7388
190 36 2514 2520 35487 7423
191 37 2514 2520 35712 7462
192 37 2514 2520 36008 7513
193 37 2514 2520 36306 7563
194 37 2514 2520 36573 7598
195 37 2514 2520 36849 7656
196 37 2514 2520 37141 7706
197 37 2514 2520 37423 7765
198 38 2514 2520 37695 7801
199 38 2514 2520 37986 7858
200 38 2514 2520 38223 7898
201 39 2514 2520 38536 7955
202 39 2514 2520 38819 8004
203 40 2514 2520 39117 8026
204 40 2514 2520 39400 8079
205 40 2514 2520 39679 8140
206 40 2514 2520 39973 8210
207 40 2514 2520 40272 8263
208 40 2514 2520 40562 8333
209 40 2514 2520 40823 8356
210 40 2514 2520 41102 8422
211 40 2514 2520 41340 8466
212 40 2514 2520 41590 8501
213 40 2514 2520 41816 8542
214 40 2514 2520 42052 8584
215 41 2514 2520 42282 8610
216 42 2514 2520 42528 8661
217 42 2514 2520 42807 8700
218 43 2514 2520 43123 8774
219 43 2514 2520 43426 8818
220 43 2514 2520 43769 8888
221 44 2514 2520 44106 8951
222 44 2514 2520 44397 8989
223 44 2514 2520 44704 9042
224 44 2514 2520 44996 9085
225 44 2514 2520 45238 9117
226 44 2514 2520 45533 9169
227 44 2514 2520 45832 9238
228 44 2514 2520 46147 9286
229 44 2514 2520 46422 9320
230 44 2514 2520 46686 9384
231 44 2514 2520 46917 9408
232 44 2514 2520 47142 9441
233 45 2514 2520 47362 9492
234 45 2514 2520 47601 9523
235 45 2514 2520 47852 9567
236 45 2514 2520 48102 9589
237 45 2514 2520 48332 9628
238 45 2514 2520 48576 9669
239 45 2514 2520 48809 9726
240 45 2514 2520 49000 9765
241 45 2514 2520 49188 9784
242 47 2514 2520 49374 9829
243 48 2514 2520 49624 9842
244 48 2514 2520 49923 9894
245 50 2514 2520 50162 9914
246 50 2514 2520 50468 10006
247 50 2514 2520 50804 10062
248 51 2514 2520 51064 10102
249 52 2514 2520 51388 10153
250 52 2514 2520 51764 10217
251 52 2514 2520 52101 10287
252 52 2514 2520 52447 10373
253 52 2514 2520 52830 10429
254 52 2514 2520 53152 10485
255 52 2514 2520 53513 10573
256 53 2514 2520 53860 10624
257 53 2514 2520 54221 10716
258 53 2514 2520 54490 10755
259 53 2514 2520 54816 10842
260 53 2514 2520 55136 10887
261 53 2514 2520 55406 10925
262 54 2513 2520 55657 10956
263 54 2513 2520 55939 10994
264 54 2513 2520 56261 11008
265 55 2513 2520 56561 11027
266 55 2513 2520 56859 11064
267 55 2513 2520 57141 11126
268 56 2513 2520 57389 11159
269 56 2513 2520 57649 11165
270 56 2513 2520 57938 11235
271 56 2513 2520 58273 11306
272 57 2513 2520 58512 11324
273 57 2513 2520 58749 11354
274 58 2513 2520 59039 11412
275 58 2513 2520 59367 11443
276 59 2513 2520 59656 11496
277 60 2513 2520 59968 11552
278 60 2513 2520 60319 11600
279 61 2513 2520 60682 11696
280 62 2513 2520 61047 11718
281 62 2513 2520 61414 11772
282 62 2513 2520 61789 11867
283 62 2513 2520 62144 11930
284 62 2513 2520 62524 11995
285 62 2513 2520 62865 12057
286 62 2513 2520 63284 12105
287 62 2513 2520 63614 12165
288 62 2513 2520 63967 12232
289 64 2513 2520 64229 12288
290 64 2513 2520 64566 12338
291 64 2513 2520 64935 12404
292 64 2512 2520 65275 12469
293 64 2512 2520 65609 12519
294 64 2512 2520 65950 12570
295 64 2512 2520 66326 12648
296 64 2512 2520 66696 12709
297 64 2512 2520 67054 12761
298 64 2512 2520 67398 12813
299 66 2512 2520 67731 12859
300 66 2512 2520 68120 12927
301 66 2512 2520 68469 12994
302 66 2512 2520 68824 13061
303 67 2512 2520 69177 13101
304 67 2512 2520 69520 13165
305 67 2512 2520 69909 13215
306 67 2512 2520 70243 13264
307 67 2512 2520 70574 13317
308 67 2512 2520 70925 13383
309 67 2512 2520 71204 13425
310 67 2512 2520 71499 13443
311 67 2512 2520 71809 13488
312 67 2512 2520 72109 13521
313 67 2512 2520 72417 13558
314 67 2512 2520 72713 13612
315 67 2512 2520 73020 13662
316 68 2512 2520 73329 13715
317 68 2512 2520 73607 13750
318 70 2512 2520 73899 13805
319 72 2512 2520 74243 13872
320 73 2512 2520 74568 13950
321 73 2512 2520 74940 14030
322 73 2512 2520 75356 14126
323 73 2512 2520 75795 14191
324 74 2512 2520 76266 14293
325 74 2512 2520 76677 14347
326 75 2512 2520 77113 14423
327 75 2512 2520 77569 14504
328 75 2512 2520 77980 14550
329 75 2512 2520 78421 14624
330 75 2512 2520 78809 14675
331 75 2512 2520 79266 14722
332 75 2512 2520 79633 14782
333 75 2512 2520 79998 14798
334 76 2512 2520 80367 14840
335 76 2512 2520 80743 14930
336 76 2512 2520 81078 15014
337 77 2512 2520 81423 15074
338 78 2512 2520 81766 15120
339 80 2512 2520 82179 15219
340 80 2512 2520 82540 15269
341 80 2512 2520 82879 15335
342 80 2512 2520 83239 15385
343 80 2512 2520 83584 15429
344 81 2512 2520 83981 15491
345 82 2512 2520 84345 15560
346 82 2512 2520 84702 15622
347 82 2512 2520 85147 15714
348 82 2512 2520 85586 15779
349 82 2512 2520 86023 15840
350 82 2512 2520 86426 15914
351 82 2512 2520 86844 15965
352 83 2512 2520 87230 16005
353 83 2512 2520 87603 16045
354 84 2512 2520 87968 16114
355 85 2512 2520 88352 16161
356 85 2512 2520 88736 16210
357 85 2512 2520 89151 16287
358 85 2512 2520 89579 16335
359 85 2512 2520 89999 16416
360 85 2512 2520 90363 16474
361 85 2512 2520 90766 16534
362 86 2512 2520 91134 16571
363 87 2512 2520 91484 16602
364 88 2512 2520 91869 16648
365 88 2512 2520 92330 16716
366 88 2512 2520 92730 16766
367 88 2512 2520 93138 16831
368 89 2512 2520 93532 16885
369 89 2512 2520 93942 16931
370 91 2512 2520 94328 16988
371 91 2512 2520 94726 17059
372 91 2512 2520 95165 17121
373 91 2512 2520 95608 17171
374 91 2512 2520 96017 17260
375 91 2512 2520 96447 17330
376 92 2512 2520 96820 17394
377 92 2512 2520 97271 17455
378 93 2512 2520 97633 17472
379 93 2512 2520 98019 17531
380 93 2512 2520 98474 17593
381 93 2512 2520 98876 17694
382 93 2512 2520 99237 17766
383 93 2512 2520 99661 17823
384 93 2512 2520 100035 17861
385 93 2512 2520 100405 17936
386 93 2512 2520 100694 17982
387 94 2512 2520 101036 18051
388 94 2512 2520 101424 18114
389 95 2512 2520 101826 18191
390 96 2512 2520 102182 18239
391 97 2512 2520 102560 18296
392 98 2512 2520 102980 18349
393 99 2512 2520 103376 18413
394 99 2512 2520 103779 18464
395 99 2512 2520 104196 18520
396 100 2512 2520 104635 18568
397 103 2512 2520 105082 18641
398 103 2512 2520 105558 18717
399 103 2512 2520 106068 18790
400 103 2512 2520 106542 18868
401 103 2512 2520 107023 18935
402 103 2512 2520 107518 19009
403 103 2512 2520 107960 19070
404 104 2512 2520 108415 19100
405 104 2512 2520 108876 19185
406 104 2512 2520 109324 19268
407 104 2512 2520 109769 19320
408 105 2512 2520 110266 19377
409 106 2512 2520 110681 19420
410 106 2512 2520 111141 19475
411 106 2512 2520 111585 19534
412 106 2512 2520 112036 19601
413 106 2512 2520 112498 19688
414 107 2512 2520 112932 19769
415 108 2512 2520 113365 19832
416 108 2512 2520 113809 19866
417 108 2512 2520 114234 19940
418 108 2512 2520 114673 19992
419 109 2512 2520 115077 20027
420 109 2512 2520 115493 20116
421 110 2512 2520 115910 20174
422 110 2512 2520 116379 20239
423 111 2512 2520 116824 20298
424 112 2512 2520 117317 20374
425 113 2512 2520 117802 20430
426 113 2512 2520 118341 20488
427 113 2512 2520 118852 20563
428 114 2512 2520 119277 20630
429 114 2512 2520 119761 20663
430 117 2512 2520 120271 20767
431 118 2512 2520 120802 20852
432 119 2512 2520 121298 20897
433 120 2512 2520 121910 21013
434 120 2512 2520 122524 21064
435 120 2512 2520 123155 21142
436 121 2512 2520 123787 21230
437 121 2512 2520 124371 21295
438 121 2512 2520 124998 21371
439 121 2512 2520 125553 21454
440 121 2512 2520 126082 21505
441 122 2512 2520 126665 21573
442 122 2512 2520 127232 21630
443 123 2512 2520 127790 21683
444 123 2512 2520 128407 21763
445 123 2512 2520 128919 21810
446 123 2512 2520 129453 21876
447 123 2512 2520 129955 21910
448 123 2512 2520 130439 21967
449 124 2512 2520 130832 22063
450 124 2512 2520 131406 22139
451 125 2512 2520 131871 22195
452 125 2512 2520 132400 22270
453 125 2512 2520 132878 22323
454 125 2512 2520 133372 22414
455 125 2512 2520 133825 22489
456 125 2512 2520 134262 22561
457 125 2512 2520 134669 22637
458 125 2512 2520 135096 22720
459 127 2511 2520 135588 22797
460 127 2511 2520 135993 22847
461 128 2511 2520 136422 22891
462 130 2511 2520 136851 22960
463 130 2511 2520 137284 22997
464 130 2511 2520 137760 23067
465 130 2511 2520 138202 23099
466 130 2511 2520 138645 23141
467 130 2511 2520 139084 23216
468 130 2511 2520 139545 23290
469 130 2511 2520 140038 23343
470 130 2511 2520 140489 23421
471 130 2511 2520 140968 23482
472 130 2511 2520 141417 23558
473 132 2511 2520 141831 23601
474 132 2511 2520 142301 23704
475 133 2511 2520 142748 23763
476 133 2511 2520 143191 23842
477 134 2511 2520 143613 23915
478 134 2511 2520 144062 23988
479 135 2511 2520 144550 24026
480 135 2511 2520 145088 24081
481 138 2511 2520 145594 24172
482 140 2511 2520 146094 24222
483 140 2511 2520 146652 24371
484 140 2511 2520 147215 24447
485 140 2511 2520 147769 24514
486 140 2511 2520 148295 24551
487 140 2511 2520 148850 24603
488 140 2511 2520 149344 24678
489 140 2511 2520 149859 24732
490 140 2511 2520 150378 24822
491 141 2511 2520 150873 24895
492 141 2511 2520 151348 24929
493 141 2511 2520 151873 25055
494 142 2511 2520 152385 25114
495 143 2511 2520 152896 25162
496 145 2511 2520 153404 25230
497 145 2511 2520 153965 25308
498 147 2511 2520 154544 25380
499 147 2511 2520 155091 25489
500 147 2511 2520 155712 25582
501 147 2511 2520 156310 25661
502 149 2511 2520 156894 25723
503 150 2511 2520 157438 25821
504 150 2511 2520 157990 25887
505 150 2511 2520 158549 25916
506 150 2511 2520 159150 25996
507 150 2511 2520 159746 26112
508 150 2511 2520 160315 26180
509 150 2511 2520 160833 26249
510 151 2511 2520 161307 26306
511 152 2511 2520 161764 26345
512 152 2511 2520 162239 26407
513 152 2511 2520 162652 26446
514 153 2511 2520 163090 26474
515 153 2511 2520 163534 26543
516 154 2511 2520 163927 26634
517 154 2511 2520 164404 26692
518 154 2511 2520 164843 26790
519 155 2511 2520 165268 26877
520 155 2511 2520 165663 26918
521 157 2511 2520 166081 26959
522 157 2511 2520 166590 27013
523 157 2511 2520 167073 27073
524 157 2511 2520 167600 27144
525 157 2511 2520 168063 27191
526 157 2511 2520 168487 27254
527 157 2511 2520 168934 27255
528 157 2511 2520 169392 27334
529 157 2511 2520 169769 27407
530 157 2511 2520 170197 27426
531 157 2511 2520 170600 27467
532 157 2511 2520 171031 27474
533 159 2511 2520 171432 27550
534 160 2511 2520 171853 27593
535 160 2511 2520 172250 27625
536 160 2511 2520 172693 27692
537 161 2511 2520 173112 27753
538 163 2511 2520 173542 27825
539 163 2511 2520 174016 27884
540 163 2511 2520 174500 27967
541 164 2511 2520 174941 28006
542 164 2511 2520 175449 28029
543 164 2511 2520 175930 28095
544 164 2511 2520 176433 28157
545 166 2511 2520 176919 28232
546 167 2511 2520 177375 28294
547 169 2511 2520 177947 28387
548 169 2511 2520 178522 28475
549 170 2511 2520 179072 28544
550 172 2511 2520 179667 28623
551 173 2511 2520 180259 28719
552 174 2511 2520 180865 28796
553 174 2511 2520 181457 28880
554 174 2511 2520 182121 28983
555 175 2511 2520 182755 29050
556 175 2511 2520 183376 29125
557 176 2511 2520 184080 29208
558 176 2511 2520 184714 29306
559 176 2511 2520 185384 29386
560 176 2511 2520 185989 29468
561 177 2511 2520 186600 29574
562 177 2511 2520 187216 29652
563 178 2511 2520 187866 29755
564 178 2511 2520 188404 29842
565 178 2510 2520 188939 29929
566 179 2510 2520 189429 29980
567 180 2510 2520 189985 30047
568 181 2510 2520 190558 30117
569 183 2510 2520 191118 30184
570 183 2510 2520 191687 30249
571 183 2510 2520 192268 30332
572 184 2510 2520 192901 30440
573 184 2510 2520 193507 30530
574 185 2510 2520 194129 30576
575 185 2510 2520 194736 30671
576 187 2510 2520 195340 30738
577 188 2510 2520 195968 30838
578 188 2510 2520 196599 30918
579 188 2510 2520 197255 30992
580 189 2510 2520 197839 31060
581 189 2510 2520 198490 31166
582 189 2510 2520 199065 31222
583 189 2510 2520 199708 31332
584 190 2510 2520 200329 31421
585 190 2510 2520 200937 31507
586 191 2510 2520 201518 31579
587 192 2510 2520 202103 31679
588 192 2510 2520 202687 31764
589 193 2510 2520 203306 31850
590 193 2510 2520 203934 31920
591 193 2510 2520 204495 32010
592 193 2510 2520 205122 32099
593 193 2510 2520 205707 32183
594 193 2510 2520 206282 32269
595 194 2510 2520 206841 32391
596 194 2510 2520 207445 32456
597 196 2510 2520 207992 32522
598 197 2510 2520 208586 32611
599 198 2510 2520 209224 32675
600 198 2510 2520 209837 32776
601 199 2510 2520 210514 32895
602 199 2510 2520 211158 33030
603 199 2509 2520 211844 33122
604 201 2509 2520 212548 33203
605 201 2509 2520 213200 33285
606 203 2509 2520 213877 33358
607 204 2509 2520 214577 33432
608 206 2509 2520 215248 33518
609 206 2509 2520 215933 33637
610 207 2509 2520 216619 33720
611 207 2509 2520 217249 33817
612 207 2509 2520 217863 33887
613 208 2509 2520 218547 33914
614 209 2509 2520 219295 34023
615 210 2509 2520 219956 34100
616 210 2509 2520 220577 34162
617 211 2509 2520 221235 34230
618 212 2509 2520 221857 34274
619 212 2509 2520 222538 34362
620 212 2509 2520 223229 34449
621 213 2509 2520 223939 34548
622 214 2509 2520 224662 34676
623 214 2509 2520 225397 34756
624 215 2509 2520 226115 34829
625 215 2509 2520 226830 34927
626 215 2509 2520 227527 34999
627 216 2509 2520 228219 35083
628 216 2509 2520 228911 35209
629 217 2509 2520 229600 35245
630 218 2509 2520 230251 35381
631 218 2509 2520 230880 35474
632 219 2509 2520 231611 35567
633 222 2509 2520 232377 35668
634 222 2509 2520 233130 35780
635 222 2509 2520 233872 35883
636 223 2509 2520 234628 35992
637 224 2509 2520 235400 36063
638 224 2509 2520 236163 36154
639 224 2509 2520 236960 36270
640 224 2509 2520 237663 36332
641 224 2509 2520 238321 36401
642 224 2509 2520 239025 36464
643 224 2509 2520 239679 36536
644 225 2509 2520 240429 36583
645 225 2509 2520 241097 36656
646 227 2509 2520 241709 36752
647 228 2509 2520 242358 36808
648 228 2509 2520 243106 36891
649 229 2509 2520 243801 37014
650 230 2509 2520 244508 37056
651 232 2509 2520 245235 37129
652 232 2509 2520 246006 37212
653 233 2509 2520 246782 37293
654 235 2509 2520 247539 37369
655 236 2509 2520 248189 37437
656 238 2509 2520 248970 37561
657 239 2509 2520 249794 37642
658 241 2509 2520 250577 37785
659 241 2509 2520 251439 37900
660 242 2509 2520 252354 38024
661 243 2509 2520 253226 38119
662 243 2509 2520 254048 38255
663 244 2509 2520 254883 38362
664 244 2509 2520 255743 38501
665 245 2509 2520 256579 38628
666 245 2509 2520 257419 38691
667 245 2509 2520 258295 38790
668 245 2509 2520 259151 38899
669 246 2509 2520 259972 39033
670 246 2509 2520 260700 39080
671 247 2509 2520 261453 39163
672 247 2509 2520 262260 39275
673 248 2509 2520 263025 39394
674 248 2508 2520 263739 39472
675 249 2508 2520 264591 39548
676 249 2507 2520 265380 39641
677 249 2507 2520 266223 39769
678 250 2507 2520 267013 39870
679 250 2507 2520 267725 39965
680 251 2507 2520 268429 40054
681 251 2507 2520 269156 40163
682 252 2507 2520 269891 40241
683 254 2507 2520 270537 40319
684 254 2507 2520 271263 40412
685 255 2507 2520 271949 40490
686 256 2507 2520 272578 40570
687 257 2507 2520 273240 40650
688 258 2507 2520 273889 40738
689 258 2507 2520 274670 40841
690 260 2507 2520 275419 40922
691 261 2505 2520 276152 40964
692 261 2505 2520 276845 41066
693 262 2505 2520 277634 41157
694 262 2505 2520 278411 41240
695 262 2504 2520 279177 41326
696 262 2504 2520 279896 41437
697 262 2504 2520 280636 41504
698 262 2504 2520 281294 41604
699 262 2504 2520 281994 41712
700 264 2504 2520 282625 41788
701 265 2504 2520 283273 41908
702 266 2504 2520 283913 41945
703 267 2504 2520 284619 42054
704 268 2504 2520 285296 42131
705 268 2504 2520 285984 42153
706 268 2504 2520 286628 42243
707 270 2504 2520 287320 42326
708 271 2504 2520 288044 42429
709 271 2504 2520 288760 42525
710 272 2504 2520 289501 42620
711 274 2504 2520 290259 42769
712 274 2504 2520 291070 42858
713 274 2504 2520 291840 42971
714 275 2504 2520 292577 43045
715 277 2504 2520 293308 43159
716 277 2504 2520 294038 43284
717 277 2504 2520 294804 43341
718 279 2504 2520 295559 43460
719 281 2504 2520 296268 43568
720 283 2504 2520 296980 43660
721 285 2504 2520 297732 43698
722 286 2504 2520 298555 43785
723 286 2504 2520 299399 43870
724 286 2504 2520 300221 43958
725 287 2504 2520 301049 44046
726 288 2504 2520 301916 44158
727 288 2504 2520 302750 44244
728 289 2504 2520 303541 44322
729 289 2504 2520 304444 44456
730 289 2504 2520 305293 44546
731 292 2504 2520 306158 44684
732 295 2504 2520 306988 44779
733 295 2503 2520 307808 44891
734 295 2503 2520 308687 44994
735 296 2503 2520 309551 45153
736 296 2503 2520 310379 45173
737 297 2503 2520 311203 45262
738 297 2503 2520 312011 45376
739 297 2502 2520 312871 45493
740 299 2502 2520 313755 45614
741 299 2502 2520 314680 45748
742 299 2502 2520 315583 45875
743 300 2502 2520 316447 45984
744 300 2502 2520 317314 46064
745 300 2502 2520 318156 46153
746 300 2502 2520 318971 46241
747 300 2502 2520 319816 46336
748 302 2502 2520 320646 46446
749 302 2502 2520 321415 46536
750 302 2502 2520 322307 46638
751 303 2502 2520 323115 46712
752 303 2502 2520 323825 46769
753 304 2502 2520 324571 46847
754 304 2502 2520 325305 46955
755 304 2502 2520 325952 47045
756 305 2502 2520 326674 47105
757 307 2502 2520 327336 47195
758 308 2502 2520 328103 47248
759 309 2502 2520 328886 47366
760 310 2502 2520 329638 47487
761 311 2502 2520 330443 47588
762 312 2502 2520 331258 47663
763 312 2502 2520 331951 47783
764 312 2502 2520 332766 47879
765 313 2502 2520 333492 48028
766 313 2502 2520 334268 48099
767 313 2502 2520 335070 48197
768 313 2502 2520 335904 48300
769 313 2502 2520 336636 48440
770 316 2502 2520 337394 48538
771 316 2502 2520 338089 48641
772 316 2502 2520 338874 48766
773 316 2502 2520 339523 48845
774 316 2502 2520 340194 48925
775 316 2502 2520 340927 48990
776 317 2502 2520 341586 49138
777 318 2502 2520 342212 49237
778 318 2502 2520 342980 49280
779 318 2502 2520 343776 49427
780 320 2502 2520 344430 49517
781 322 2502 2520 345045 49560
782 322 2500 2520 345781 49655
783 322 2500 2520 346472 49720
784 324 2499 2520 347269 49856
785 325 2499 2520 347983 49912
786 326 2499 2520 348752 50010
787 327 2499 2520 349514 50064
788 330 2499 2520 350321 50173
789 331 2499 2520 351217 50282
790 332 2499 2520 352098 50340
791 334 2499 2520 352965 50453
792 334 2499 2520 353856 50610
793 334 2499 2520 354902 50720
794 334 2499 2520 355848 50832
795 334 2499 2520 356747 50974
796 335 2499 2520 357644 51064
797 337 2499 2520 358494 51141
798 337 2499 2520 359412 51246
799 337 2499 2520 360317 51321
800 339 2499 2520 361101 51391
801 341 2499 2520 362007 51470
802 341 2499 2520 362915 51534
803 341 2499 2520 363790 51691
804 343 2499 2520 364665 51795
805 344 2499 2520 365491 51902
806 344 2499 2520 366318 52010
807 344 2499 2520 367183 52092
808 346 2499 2520 368018 52203
809 348 2499 2520 368872 52290
810 349 2499 2520 369682 52407
811 350 2499 2520 370517 52498
812 352 2499 2520 371412 52586
813 352 2499 2520 372358 52656
814 352 2499 2520 373345 52793
815 353 2499 2520 374238 52906
816 356 2499 2520 375065 53014
817 357 2499 2520 375949 53162
818 359 2499 2520 376977 53284
819 360 2499 2520 377948 53362
820 361 2499 2520 378903 53492
821 362 2499 2520 379814 53586
822 363 2499 2520 380789 53723
823 365 2499 2520 381782 53840
824 369 2499 2520 382802 53979
825 369 2499 2520 383830 54092
826 370 2499 2520 384807 54197
827 370 2499 2520 385934 54333
828 370 2499 2520 387091 54438
829 370 2499 2520 388131 54584
830 370 2499 2520 389200 54716
831 370 2499 2520 390183 54796
832 371 2499 2520 391148 54900
833 372 2499 2520 392128 55005
834 372 2498 2520 393128 55104
835 373 2498 2520 394112 55229
836 374 2498 2520 395008 55296
837 375 2498 2520 395929 55405
838 375 2498 2520 396888 55479
839 375 2497 2520 397887 55570
840 375 2497 2520 398852 55654
841 377 2497 2520 399770 55730
842 378 2497 2520 400636 55870
843 378 2497 2520 401574 55991
844 378 2497 2520 402396 56071
845 379 2497 2520 403298 56172
846 381 2497 2520 404158 56254
847 383 2497 2520 405012 56397
848 384 2497 2520 405906 56448
849 386 2497 2520 406896 56581
850 386 2497 2520 407891 56699
851 386 2497 2520 408860 56827
852 387 2497 2520 409881 56950
853 389 2497 2520 410862 57092
854 389 2497 2520 411787 57223
855 390 2497 2520 412834 57345
856 390 2497 2520 413780 57439
857 392 2497 2520 414760 57559
858 392 2497 2520 415715 57680
859 393 2497 2520 416683 57860
860 393 2497 2520 417655 57957
861 394 2497 2520 418592 58064
862 396 2497 2520 419456 58148
863 396 2496 2520 420468 58235
864 396 2496 2520 421403 58361
865 397 2495 2520 422329 58463
866 398 2495 2520 423275 58536
867 398 2495 2520 424210 58635
868 399 2494 2520 425126 58750
869 401 2494 2520 426100 58816
870 401 2494 2520 426964 58897
871 402 2493 2520 427934 59004
872 404 2493 2520 428869 59160
873 404 2493 2520 429862 59277
874 406 2493 2520 430827 59371
875 406 2493 2520 431683 59460
876 407 2493 2520 432650 59599
877 408 2493 2520 433552 59753
878 409 2492 2520 434610 59898
879 410 2492 2520 435604 59992
880 411 2492 2520 436644 60119
881 411 2492 2520 437640 60245
882 414 2492 2520 438804 60359
883 415 2492 2520 439904 60519
884 418 2492 2520 441008 60655
885 418 2492 2520 442170 60795
886 420 2492 2520 443245 60942
887 422 2492 2520 444302 61108
888 422 2492 2520 445504 61235
889 423 2492 2520 446608 61386
890 424 2492 2520 447769 61538
891 424 2492 2520 448858 61664
892 424 2492 2520 449938 61845
893 424 2492 2520 451049 61940
894 426 2492 2520 452195 62065
895 427 2491 2520 453255 62219
896 428 2491 2520 454285 62319
897 430 2491 2520 455333 62439
898 431 2491 2520 456409 62549
899 431 2491 2520 457340 62615
900 431 2491 2520 458335 62730
901 432 2491 2520 459328 62795
902 433 2491 2520 460289 62845
903 435 2491 2520 461210 62962
904 435 2491 2520 462360 63105
905 436 2491 2520 463447 63226
906 436 2491 2520 464426 63322
907 436 2491 2520 465547 63460
908 438 2490 2520 466569 63597
909 441 2490 2520 467584 63695
910 441 2489 2520 468663 63825
911 442 2489 2520 469769 63931
912 443 2489 2520 470761 64120
913 443 2489 2520 471758 64234
914 444 2489 2520 472811 64352
915 444 2489 2520 473889 64447
916 444 2489 2520 474907 64605
917 446 2488 2520 475953 64712
918 446 2488 2520 476973 64829
919 446 2488 2520 478032 64971
920 446 2488 2520 479002 65153
921 447 2488 2520 479961 65286
922 447 2488 2520 480910 65342
923 449 2488 2520 481818 65416
924 449 2488 2520 482736 65523
925 449 2488 2520 483571 65593
926 450 2488 2520 484439 65654
927 451 2488 2520 485248 65751
928 453 2488 2520 486086 65810
929 454 2488 2520 487021 65891
930 455 2488 2520 487860 65960
931 456 2488 2520 488751 66012
932 458 2488 2520 489688 66130
933 460 2488 2520 490628 66219
934 461 2488 2520 491643 66316
935 465 2488 2520 492695 66462
936 467 2488 2520 493794 66568
937 468 2488 2520 494920 66764
938 471 2487 2520 496079 66928
939 472 2487 2520 497215 67051
940 473 2487 2520 498408 67171
941 474 2487 2520 499708 67412
942 475 2487 2520 500901 67522
943 476 2487 2520 502158 67621
944 477 2487 2520 503440 67767
945 479 2487 2520 504656 67890
946 482 2487 2520 505927 67977
947 483 2487 2520 507211 68088
948 484 2486 2520 508548 68262
949 484 2486 2520 509837 68401
950 484 2486 2520 511162 68551
951 484 2486 2520 512444 68605
952 485 2486 2520 513781 68852
953 487 2486 2520 514954 68997
954 487 2486 2520 516217 69132
955 488 2486 2520 517484 69229
956 491 2486 2520 518726 69440
957 491 2486 2520 519927 69541
958 492 2486 2520 521080 69678
959 493 2486 2520 522202 69782
960 493 2486 2520 523371 69871
961 496 2486 2520 524556 69981
962 496 2486 2520 525697 70139
963 496 2486 2520 526827 70302
964 498 2486 2520 527972 70480
965 500 2486 2520 529211 70587
966 500 2486 2520 530394 70740
967 500 2486 2520 531595 70916
968 500 2484 2520 532851 71034
969 501 2484 2520 534030 71143
970 501 2484 2520 535155 71274
971 501 2484 2520 536156 71378
972 501 2484 2520 537210 71478
973 502 2484 2520 538280 71582
974 506 2484 2520 539232 71711
975 506 2484 2520 540252 71830
976 508 2484 2520 541315 71938
977 508 2484 2520 542330 72060
978 508 2484 2520 543337 72167
979 511 2484 2520 544364 72236
980 512 2484 2520 545400 72363
981 513 2484 2520 546547 72513
982 514 2484 2520 547577 72619
983 514 2484 2520 548681 72711
984 514 2484 2520 549775 72869
985 514 2484 2520 550807 72975
986 515 2484 2520 551848 73087
987 517 2484 2520 552906 73195
988 518 2484 2520 554006 73309
989 519 2484 2520 555047 73391
990 520 2484 2520 556123 73493
991 522 2484 2520 557214 73614
992 524 2484 2520 558354 73788
993 525 2484 2520 559507 73923
994 525 2484 2520 560700 74095
995 526 2484 2520 561875 74157
996 527 2484 2520 563030 74325
997 527 2484 2520 564161 74449
998 527 2484 2520 565349 74577
999 527 2484 2520 566483 74679
1000 530 2484 2520 567482 74758
