0 1 2519 2520 797 501
1 1 2519 2520 820 518
2 1 2519 2520 844 530
3 1 2519 2520 866 542
4 1 2519 2520 899 564
5 1 2519 2520 938 588
6 1 2519 2520 978 609
7 1 2519 2520 1005 616
8 1 2519 2520 1022 622
9 1 2519 2520 1063 644
10 1 2519 2520 1090 653
11 1 2519 2520 1134 665
12 1 2519 2520 1179 681
13 1 2519 2520 1212 690
14 1 2519 2520 1245 707
15 1 2519 2520 1266 715
16 1 2519 2520 1288 712
17 1 2519 2520 1301 715
18 1 2519 2520 1312 717
19 1 2519 2520 1323 719
20 1 2519 2520 1331 722
21 1 2519 2520 1342 720
22 2 2519 2520 1357 722
23 2 2519 2520 1389 735
24 2 2519 2520 1468 770
25 2 2519 2520 1554 792
26 2 2519 2520 1654 828
27 2 2519 2520 1732 850
28 2 2519 2520 1810 877
29 2 2519 2520 1884 898
30 2 2519 2520 1952 917
31 2 2519 2520 2009 934
32 2 2519 2520 2082 959
33 2 2519 2520 2139 978
34 2 2519 2520 2185 990
35 2 2519 2520 2211 993
36 2 2519 2520 2238 998
37 2 2519 2520 2288 1013
38 2 2519 2520 2337 1027
39 2 2519 2520 2366 1047
40 2 2519 2520 2397 1056
41 2 2519 2520 2443 1062
42 2 2519 2520 2478 1072
43 3 2519 2520 2496 1078
44 4 2519 2520 2551 1096
45 4 2519 2520 2634 1111
46 4 2519 2520 2752 1144
47 4 2519 2520 2868 1192
48 4 2519 2520 2991 1237
49 4 2519 2520 3137 1302
50 4 2519 2520 3287 1349
51 4 2519 2520 3430 1396
52 4 2519 2520 3574 1423
53 4 2519 2520 3719 1465
54 4 2519 2520 3819 1479
55 4 2519 2520 3954 1507
56 4 2519 2520 4078 1553
57 4 2519 2520 4170 1582
58 4 2519 2520 4290 1605
59 4 2519 2520 4385 1630
60 5 2519 2520 4490 1653
61 5 2519 2520 4593 1685
62 5 2519 2520 4723 1726
63 5 2519 2520 4843 1752
64 5 2519 2520 4965 1779
65 6 2519 2520 5107 1796
66 6 2519 2520 5257 1847
67 6 2519 2520 5436 1896
68 6 2519 2520 5609 1935
69 6 2519 2520 5771 1967
70 6 2519 2520 5932 2011
71 7 2519 2520 6099 2032
72 7 2519 2520 6247 2075
73 7 2519 2520 6404 2124
74 7 2519 2520 6552 2145
75 8 2519 2520 6711 2178
76 8 2519 2520 6914 2226
77 8 2519 2520 7135 2313
78 8 2518 2520 7301 2357
79 8 2518 2520 7483 2385
80 8 2518 2520 7669 2425
81 9 2518 2520 7866 2452
82 9 2518 2520 8072 2466
83 9 2518 2520 8268 2493
84 10 2518 2520 8473 2549
85 10 2518 2520 8694 2593
86 11 2518 2520 8949 2660
87 11 2518 2520 9168 2703
88 11 2517 2520 9406 2764
89 11 2517 2520 9657 2788
90 11 2517 2520 9898 2844
91 12 2517 2520 10132 2859
92 12 2517 2520 10408 2912
93 12 2517 2520 10703 2956
94 12 2517 2520 10947 2990
95 12 2517 2520 11177 3017
96 12 2517 2520 11395 3072
97 12 2517 2520 11626 3100
98 12 2517 2520 11845 3119
99 12 2517 2520 12069 3170
100 12 2517 2520 12259 3221
101 12 2517 2520 12443 3236
102 13 2517 2520 12599 3264
103 13 2517 2520 12790 3285
104 13 2517 2520 13013 3337
105 13 2517 2520 13189 3379
106 13 2516 2520 13367 3428
107 13 2516 2520 13557 3492
108 14 2516 2520 13777 3528
109 14 2516 2520 13988 3553
110 14 2516 2520 14223 3584
111 14 2516 2520 14418 3613
112 14 2516 2520 14594 3655
113 14 2516 2520 14785 3676
114 15 2516 2520 14945 3722
115 16 2516 2520 15119 3772
116 17 2516 2520 15313 3805
117 17 2516 2520 15545 3864
118 17 2516 2520 15819 3915
119 17 2516 2520 16033 3958
120 17 2516 2520 16283 4014
121 17 2516 2520 16563 4066
122 17 2516 2520 16776 4094
123 17 2516 2520 17033 4153
124 17 2516 2520 17257 4198
125 17 2516 2520 17452 4235
126 17 2516 2520 17644 4263
127 17 2516 2520 17817 4271
128 18 2516 2520 18014 4304
129 18 2516 2520 18219 4331
130 18 2516 2520 18458 4397
131 19 2516 2520 18649 4442
132 19 2516 2520 18832 4469
133 19 2516 2520 19048 4510
134 19 2516 2520 19271 4553
135 19 2516 2520 19479 4595
136 20 2516 2520 19657 4634
137 20 2516 2520 19823 4679
138 20 2516 2520 20036 4705
139 20 2516 2520 20227 4711
140 21 2516 2520 20444 4772
141 21 2516 2520 20661 4801
142 21 2516 2520 20890 4858
143 22 2516 2520 21139 4908
144 23 2516 2520 21393 4993
145 23 2516 2520 21644 5056
146 23 2516 2520 21902 5109
147 23 2516 2520 22170 5148
148 24 2516 2520 22399 5189
149 24 2516 2520 22642 5223
150 24 2515 2520 22904 5274
151 24 2515 2520 23173 5336
152 24 2515 2520 23426 5405
153 24 2515 2520 23658 5481
154 25 2515 2520 23892 5518
155 25 2515 2520 24165 5554
156 25 2515 2520 24410 5594
157 25 2515 2520 24628 5617
158 25 2515 2520 24909 5691
159 25 2515 2520 25141 5749
160 25 2515 2520 25350 5795
161 25 2515 2520 25575 5858
162 25 2515 2520 25786 5892
163 25 2515 2520 26015 5932
164 25 2515 2520 26199 5963
165 25 2515 2520 26380 5974
166 25 2515 2520 26542 6003
167 25 2515 2520 26714 6058
168 25 2515 2520 26862 6065
169 26 2515 2520 27003 6095
170 27 2515 2520 27184 6122
171 27 2515 2520 27389 6181
172 27 2515 2520 27590 6229
173 27 2515 2520 27833 6275
174 27 2515 2520 28039 6334
175 27 2515 2520 28255 6370
176 28 2515 2520 28479 6403
177 28 2515 2520 28692 6487
178 28 2515 2520 28971 6522
179 28 2515 2520 29172 6546
180 28 2515 2520 29405 6619
181 28 2515 2520 29634 6671
182 29 2515 2520 29870 6715
183 29 2515 2520 30110 6766
184 29 2515 2520 30353 6792
185 30 2515 2520 30580 6822
186 30 2515 2520 30766 6863
187 30 2515 2520 31020 6903
188 30 2515 2520 31300 6950
189 30 2515 2520 31523 6984
190 30 2515 2520 31722 7031
191 30 2515 2520 31953 7065
192 30 2515 2520 32160 7102
193 30 2515 2520 32339 7142
194 30 2515 2520 32563 7190
195 30 2515 2520 32763 7220
196 31 2515 2520 32934 7217
197 31 2515 2520 33125 7268
198 32 2515 2520 33331 7320
199 33 2515 2520 33552 7403
200 34 2515 2520 33795 7454
201 34 2515 2520 34071 7504
202 34 2515 2520 34353 7566
203 34 2515 2520 34686 7603
204 34 2515 2520 34969 7671
205 34 2515 2520 35254 7687
206 36 2515 2520 35495 7744
207 37 2515 2520 35804 7831
208 37 2515 2520 36159 7873
209 37 2514 2520 36466 7943
210 37 2514 2520 36818 7994
211 37 2514 2520 37178 8066
212 37 2514 2520 37520 8112
213 37 2514 2520 37865 8176
214 37 2514 2520 38186 8249
215 37 2514 2520 38474 8268
216 37 2514 2520 38788 8293
217 37 2514 2520 39053 8333
218 38 2514 2520 39293 8385
219 39 2514 2520 39528 8420
220 40 2514 2520 39821 8483
221 40 2514 2520 40121 8536
222 41 2514 2520 40406 8606
223 41 2514 2520 40722 8635
224 41 2514 2520 41038 8716
225 41 2514 2520 41342 8781
226 41 2514 2520 41663 8845
227 41 2514 2520 41972 8905
228 41 2514 2520 42302 8974
229 41 2514 2520 42549 9030
230 42 2514 2520 42885 9058
231 42 2514 2520 43253 9151
232 43 2514 2520 43531 9222
233 43 2514 2520 43837 9292
234 43 2514 2520 44142 9359
235 44 2514 2520 44427 9409
236 44 2514 2520 44766 9481
237 44 2514 2520 45052 9514
238 44 2514 2520 45371 9563
239 44 2514 2520 45650 9603
240 45 2514 2520 45940 9635
241 45 2514 2520 46214 9699
242 45 2514 2520 46529 9765
243 45 2514 2520 46824 9821
244 45 2514 2520 47104 9851
245 45 2514 2520 47443 9906
246 45 2514 2520 47719 9932
247 46 2514 2520 48013 9993
248 46 2514 2520 48272 10031
249 47 2514 2520 48543 10065
250 47 2514 2520 48860 10090
251 47 2514 2520 49130 10144
252 47 2514 2520 49467 10200
253 47 2514 2520 49729 10240
254 47 2514 2520 50004 10284
255 48 2514 2520 50307 10323
256 49 2514 2520 50629 10414
257 51 2514 2520 50938 10480
258 52 2514 2520 51282 10553
259 52 2514 2520 51683 10621
260 52 2514 2520 52062 10693
261 52 2514 2520 52472 10762
262 52 2514 2520 52836 10811
263 52 2514 2520 53229 10884
264 53 2514 2520 53580 10948
265 53 2514 2520 53912 10989
266 53 2514 2520 54278 11004
267 53 2514 2520 54590 11037
268 53 2514 2520 54923 11107
269 53 2514 2520 55229 11170
270 53 2514 2520 55543 11188
271 53 2514 2520 55833 11227
272 53 2513 2520 56141 11261
273 53 2513 2520 56420 11296
274 57 2513 2520 56718 11326
275 57 2513 2520 57073 11367
276 57 2513 2520 57447 11433
277 57 2513 2520 57842 11493
278 57 2513 2520 58213 11549
279 58 2513 2520 58587 11608
280 58 2513 2520 58962 11686
281 58 2513 2520 59346 11726
282 58 2513 2520 59761 11802
283 58 2513 2520 60122 11859
284 58 2513 2520 60440 11932
285 58 2513 2520 60749 11972
286 58 2513 2520 61095 12036
287 59 2512 2520 61382 12088
288 59 2512 2520 61736 12201
289 59 2512 2520 62035 12234
290 59 2512 2520 62344 12301
291 60 2512 2520 62663 12367
292 60 2512 2520 62928 12392
293 60 2512 2520 63293 12455
294 61 2512 2520 63602 12481
295 61 2512 2520 63905 12533
296 62 2512 2520 64221 12568
297 62 2512 2520 64598 12627
298 62 2512 2520 64959 12712
299 63 2512 2520 65347 12786
300 64 2512 2520 65690 12839
301 65 2512 2520 66035 12901
302 65 2512 2520 66438 12968
303 65 2512 2520 66809 13029
304 65 2512 2520 67209 13075
305 65 2512 2520 67627 13162
306 65 2512 2520 67977 13218
307 65 2512 2520 68348 13258
308 66 2512 2520 68700 13296
309 66 2512 2520 69141 13356
310 66 2512 2520 69540 13439
311 66 2512 2520 69951 13488
312 66 2512 2520 70321 13560
313 66 2512 2520 70637 13607
314 66 2512 2520 71013 13645
315 67 2512 2520 71325 13730
316 67 2512 2520 71630 13794
317 68 2512 2520 71913 13860
318 69 2512 2520 72197 13907
319 71 2512 2520 72531 13954
320 72 2512 2520 72929 14050
321 72 2512 2520 73351 14147
322 72 2512 2520 73776 14216
323 74 2512 2520 74225 14327
324 74 2512 2520 74657 14393
325 75 2512 2520 75103 14484
326 75 2512 2520 75629 14605
327 75 2512 2520 76156 14706
328 75 2512 2520 76603 14754
329 75 2512 2520 77071 14851
330 75 2512 2520 77599 14936
331 75 2512 2520 78046 15018
332 75 2512 2520 78498 15089
333 76 2512 2520 78868 15164
334 76 2512 2520 79235 15217
335 77 2512 2520 79603 15271
336 77 2512 2520 79998 15326
337 78 2512 2520 80383 15375
338 78 2512 2520 80741 15457
339 78 2512 2520 81141 15503
340 78 2512 2520 81492 15564
341 80 2512 2520 81867 15639
342 80 2512 2520 82256 15659
343 81 2512 2520 82643 15711
344 81 2512 2520 83102 15765
345 82 2512 2520 83560 15859
346 82 2512 2520 84028 15919
347 83 2512 2520 84548 16019
348 84 2512 2520 85032 16131
349 84 2512 2520 85493 16211
350 84 2512 2520 85993 16319
351 84 2512 2520 86461 16416
352 84 2512 2520 86925 16521
353 85 2512 2520 87365 16570
354 85 2512 2520 87841 16630
355 85 2512 2520 88346 16694
356 85 2512 2520 88812 16786
357 85 2512 2520 89214 16841
358 85 2512 2520 89648 16915
359 85 2512 2520 90049 16996
360 85 2512 2520 90394 17042
361 85 2512 2520 90802 17105
362 86 2512 2520 91163 17178
363 88 2512 2520 91537 17231
364 88 2512 2520 91881 17286
365 88 2512 2520 92319 17356
366 88 2512 2520 92728 17422
367 88 2512 2520 93128 17470
368 90 2512 2520 93556 17559
369 92 2512 2520 93994 17626
370 92 2512 2520 94462 17743
371 92 2512 2520 95017 17817
372 92 2512 2520 95488 17899
373 92 2512 2520 95964 17978
374 92 2512 2520 96482 18048
375 92 2512 2520 96968 18116
376 92 2512 2520 97449 18148
377 93 2512 2520 97961 18249
378 94 2512 2520 98365 18314
379 94 2512 2520 98825 18402
380 95 2512 2520 99259 18497
381 95 2512 2520 99749 18568
382 95 2512 2520 100222 18623
383 95 2512 2520 100708 18727
384 96 2512 2520 101126 18800
385 96 2512 2520 101541 18883
386 96 2512 2520 101992 18979
387 96 2512 2520 102385 19031
388 96 2512 2520 102792 19119
389 96 2512 2520 103168 19183
390 97 2512 2520 103589 19202
391 97 2512 2520 104019 19278
392 99 2512 2520 104438 19394
393 100 2512 2520 104858 19461
394 101 2512 2520 105325 19536
395 101 2512 2520 105810 19620
396 101 2512 2520 106284 19733
397 102 2512 2520 106710 19790
398 102 2512 2520 107239 19842
399 104 2512 2520 107743 19903
400 104 2512 2520 108323 20014
401 105 2512 2520 108918 20114
402 106 2512 2520 109481 20209
403 106 2512 2520 110052 20305
404 107 2511 2520 110683 20419
405 107 2511 2520 111247 20478
406 107 2511 2520 111899 20578
407 107 2511 2520 112399 20643
408 108 2511 2520 112934 20738
409 108 2511 2520 113466 20827
410 108 2511 2520 113944 20920
411 108 2511 2520 114454 21033
412 110 2511 2520 114914 21118
413 111 2511 2520 115418 21179
414 111 2511 2520 115936 21229
415 111 2511 2520 116501 21332
416 112 2511 2520 117017 21401
417 112 2510 2520 117550 21509
418 112 2510 2520 118097 21610
419 114 2510 2520 118627 21733
420 115 2510 2520 119145 21783
421 115 2510 2520 119741 21906
422 115 2510 2520 120318 22009
423 115 2510 2520 120924 22083
424 116 2510 2520 121454 22181
425 116 2510 2520 121952 22278
426 117 2510 2520 122594 22383
427 117 2510 2520 123170 22458
428 117 2510 2520 123765 22571
429 117 2510 2520 124278 22639
430 117 2510 2520 124769 22702
431 117 2510 2520 125225 22775
432 117 2510 2520 125732 22832
433 118 2510 2520 126210 22861
434 118 2510 2520 126713 22972
435 119 2510 2520 127164 23043
436 120 2510 2520 127634 23080
437 120 2510 2520 128093 23148
438 120 2509 2520 128570 23213
439 120 2509 2520 129030 23256
440 122 2509 2520 129448 23270
441 123 2509 2520 129936 23373
442 124 2509 2520 130422 23433
443 125 2509 2520 130958 23532
444 126 2509 2520 131566 23613
445 127 2509 2520 132132 23693
446 127 2509 2520 132740 23818
447 127 2509 2520 133309 23914
448 128 2509 2520 133927 24009
449 128 2509 2520 134496 24104
450 128 2509 2520 135119 24212
451 129 2509 2520 135721 24270
452 129 2509 2520 136341 24366
453 129 2509 2520 136922 24474
454 129 2509 2520 137472 24566
455 129 2509 2520 138063 24651
456 130 2509 2520 138609 24707
457 130 2509 2520 139115 24782
458 131 2509 2520 139649 24883
459 131 2509 2520 140165 24933
460 132 2509 2520 140769 24995
461 132 2509 2520 141319 25053
462 132 2509 2520 141877 25103
463 132 2509 2520 142366 25170
464 132 2509 2520 142885 25244
465 132 2509 2520 143381 25291
466 132 2509 2520 143885 25379
467 132 2509 2520 144380 25447
468 132 2509 2520 144786 25496
469 133 2509 2520 145174 25566
470 133 2509 2520 145563 25618
471 136 2509 2520 145995 25691
472 137 2509 2520 146397 25734
473 138 2509 2520 146857 25831
474 140 2509 2520 147469 25977
475 140 2508 2520 148065 26068
476 141 2508 2520 148656 26167
477 141 2508 2520 149282 26253
478 141 2508 2520 149882 26372
479 141 2508 2520 150599 26502
480 142 2508 2520 151192 26598
481 142 2508 2520 151800 26692
482 143 2508 2520 152391 26775
483 143 2508 2520 152942 26865
484 143 2508 2520 153531 26945
485 144 2508 2520 154064 27051
486 144 2508 2520 154623 27155
487 144 2508 2520 155162 27228
488 144 2508 2520 155653 27265
489 144 2508 2520 156110 27345
490 145 2508 2520 156580 27401
491 146 2508 2520 157050 27474
492 146 2508 2520 157562 27527
493 147 2508 2520 158070 27581
494 147 2508 2520 158592 27669
495 147 2508 2520 159011 27708
496 149 2508 2520 159483 27746
497 150 2508 2520 160038 27788
498 150 2508 2520 160572 27881
499 150 2508 2520 161088 27934
500 152 2508 2520 161648 27963
501 152 2508 2520 162163 28032
502 152 2508 2520 162741 28126
503 152 2508 2520 163281 28197
504 152 2508 2520 163867 28284
505 153 2508 2520 164429 28342
506 155 2508 2520 165047 28385
507 155 2508 2520 165575 28452
508 155 2508 2520 166152 28550
509 155 2508 2520 166766 28636
510 156 2508 2520 167332 28714
511 156 2508 2520 167855 28824
512 157 2508 2520 168430 28901
513 159 2508 2520 169038 28961
514 160 2508 2520 169613 29035
515 160 2508 2520 170175 29124
516 160 2508 2520 170742 29194
517 160 2508 2520 171293 29255
518 162 2508 2520 171842 29323
519 163 2508 2520 172425 29375
520 165 2508 2520 173071 29494
521 167 2508 2520 173709 29568
522 168 2508 2520 174342 29676
523 169 2508 2520 175016 29733
524 169 2508 2520 175704 29838
525 169 2508 2520 176390 29931
526 171 2508 2520 177057 30037
527 171 2508 2520 177801 30150
528 172 2508 2520 178534 30250
529 172 2508 2520 179234 30279
530 172 2508 2520 179980 30381
531 173 2507 2520 180663 30455
532 173 2507 2520 181369 30496
533 173 2507 2520 182080 30566
534 175 2507 2520 182681 30633
535 175 2507 2520 183381 30718
536 175 2507 2520 184056 30827
537 175 2507 2520 184743 30940
538 175 2507 2520 185424 31036
539 175 2507 2520 186054 31128
540 175 2507 2520 186702 31196
541 175 2507 2520 187323 31231
542 175 2507 2520 187951 31343
543 175 2507 2520 188526 31456
544 176 2507 2520 189110 31558
545 176 2507 2520 189632 31625
546 177 2507 2520 190114 31678
547 178 2506 2520 190654 31754
548 178 2506 2520 191154 31831
549 178 2506 2520 191663 31893
550 179 2506 2520 192185 31989
551 180 2506 2520 192672 32070
552 180 2506 2520 193169 32129
553 182 2506 2520 193716 32158
554 183 2506 2520 194282 32230
555 183 2506 2520 194789 32267
556 184 2506 2520 195338 32335
557 185 2506 2520 195888 32457
558 186 2506 2520 196417 32525
559 186 2506 2520 196968 32594
560 187 2506 2520 197567 32665
561 189 2506 2520 198163 32776
562 190 2506 2520 198865 32874
563 193 2506 2520 199542 32964
564 194 2506 2520 200261 33073
565 194 2506 2520 201108 33155
566 194 2506 2520 201900 33298
567 194 2506 2520 202671 33405
568 195 2506 2520 203450 33534
569 195 2506 2520 204206 33620
570 195 2506 2520 204981 33713
571 195 2506 2520 205764 33839
572 196 2506 2520 206502 33950
573 197 2506 2520 207201 34034
574 197 2506 2520 207907 34091
575 197 2506 2520 208624 34219
576 198 2506 2520 209316 34306
577 199 2506 2520 210096 34406
578 200 2505 2520 210802 34546
579 200 2505 2520 211480 34668
580 201 2505 2520 212196 34801
581 202 2505 2520 212868 34888
582 202 2505 2520 213582 34961
583 202 2505 2520 214273 35083
584 203 2505 2520 214947 35206
585 205 2505 2520 215642 35291
586 205 2505 2520 216289 35371
587 205 2505 2520 216972 35473
588 205 2505 2520 217731 35588
589 206 2505 2520 218391 35679
590 206 2505 2520 219066 35766
591 207 2505 2520 219733 35862
592 207 2505 2520 220319 35955
593 208 2505 2520 220997 36009
594 209 2505 2520 221661 36045
595 209 2505 2520 222321 36147
596 211 2505 2520 222964 36200
597 211 2505 2520 223590 36248
598 213 2505 2520 224280 36354
599 213 2504 2520 224974 36438
600 214 2504 2520 225758 36578
601 218 2504 2520 226461 36655
602 218 2504 2520 227251 36740
603 219 2504 2520 228018 36837
604 219 2504 2520 228774 36928
605 220 2504 2520 229584 37059
606 221 2504 2520 230357 37132
607 225 2504 2520 231098 37289
608 225 2504 2520 231862 37352
609 226 2504 2520 232715 37441
610 226 2504 2520 233598 37573
611 227 2504 2520 234430 37642
612 227 2504 2520 235284 37766
613 227 2504 2520 236169 37843
614 227 2504 2520 237029 37937
615 227 2504 2520 237878 38056
616 227 2504 2520 238737 38204
617 228 2504 2520 239610 38259
618 230 2504 2520 240484 38395
619 230 2504 2520 241341 38533
620 232 2504 2520 242084 38584
621 232 2504 2520 242868 38693
622 232 2504 2520 243652 38780
623 232 2504 2520 244471 38839
624 232 2504 2520 245179 38940
625 234 2504 2520 245888 39050
626 236 2504 2520 246689 39156
627 236 2504 2520 247495 39286
628 236 2503 2520 248307 39375
629 236 2503 2520 249162 39473
630 237 2503 2520 249945 39541
631 237 2503 2520 250771 39633
632 238 2503 2520 251585 39743
633 238 2503 2520 252305 39837
634 239 2503 2520 253079 39929
635 240 2503 2520 253867 40039
636 241 2503 2520 254682 40115
637 242 2503 2520 255507 40233
638 242 2503 2520 256283 40343
639 243 2503 2520 257085 40455
640 245 2503 2520 257849 40554
641 245 2503 2520 258696 40613
642 246 2503 2520 259575 40770
643 247 2503 2520 260344 40844
644 247 2503 2520 261254 40971
645 247 2503 2520 262063 41072
646 247 2503 2520 262964 41192
647 248 2503 2520 263851 41289
648 249 2503 2520 264619 41396
649 251 2503 2520 265518 41540
650 251 2503 2520 266415 41646
651 254 2503 2520 267296 41828
652 254 2503 2520 268197 41983
653 255 2503 2520 269092 42099
654 256 2502 2520 270011 42228
655 256 2502 2520 270979 42342
656 257 2502 2520 271885 42425
657 259 2502 2520 272805 42553
658 259 2502 2520 273749 42679
659 260 2502 2520 274652 42824
660 261 2502 2520 275544 42942
661 261 2502 2520 276380 43072
662 261 2502 2520 277259 43209
663 262 2502 2520 278160 43306
664 264 2502 2520 279046 43391
665 265 2502 2520 279951 43515
666 266 2502 2520 280850 43640
667 266 2502 2520 281736 43728
668 267 2502 2520 282602 43867
669 267 2502 2520 283520 44009
670 268 2502 2520 284367 44066
671 268 2502 2520 285184 44178
672 269 2502 2520 286058 44338
673 271 2502 2520 286914 44419
674 271 2502 2520 287878 44591
675 273 2502 2520 288830 44749
676 273 2502 2520 289796 44882
677 278 2502 2520 290731 45032
678 278 2502 2520 291618 45146
679 279 2502 2520 292614 45312
680 279 2502 2520 293633 45437
681 279 2501 2520 294609 45514
682 279 2501 2520 295621 45647
683 280 2501 2520 296510 45774
684 280 2501 2520 297429 45920
685 281 2501 2520 298351 46026
686 281 2501 2520 299275 46140
687 282 2501 2520 300210 46271
688 284 2501 2520 301016 46375
689 285 2500 2520 301906 46498
690 286 2500 2520 302892 46644
691 286 2500 2520 303792 46754
692 288 2499 2520 304670 46903
693 291 2498 2520 305639 47001
694 291 2498 2520 306709 47154
695 293 2498 2520 307726 47234
696 293 2498 2520 308783 47402
697 293 2498 2520 309858 47490
698 295 2498 2520 310872 47624
699 295 2498 2520 311912 47743
700 296 2498 2520 312867 47835
701 296 2498 2520 313835 47926
702 298 2498 2520 314727 47987
703 298 2498 2520 315731 48107
704 298 2497 2520 316661 48199
705 298 2497 2520 317528 48342
706 299 2497 2520 318404 48423
707 303 2497 2520 319276 48488
708 304 2497 2520 320179 48603
709 304 2497 2520 321198 48712
710 304 2497 2520 322175 48807
711 304 2497 2520 322987 48963
712 304 2497 2520 323951 49100
713 306 2497 2520 324892 49179
714 307 2497 2520 325785 49309
715 308 2497 2520 326708 49418
716 308 2497 2520 327575 49545
717 309 2497 2520 328492 49664
718 311 2497 2520 329406 49743
719 312 2497 2520 330350 49822
720 313 2497 2520 331334 49939
721 313 2497 2520 332335 50093
722 314 2497 2520 333262 50203
723 315 2497 2520 334294 50340
724 317 2497 2520 335208 50433
725 318 2497 2520 336109 50532
726 319 2497 2520 337028 50572
727 320 2496 2520 338084 50659
728 320 2496 2520 338963 50731
729 320 2496 2520 339985 50823
730 320 2496 2520 341057 50992
731 321 2496 2520 341981 51118
732 322 2496 2520 342926 51237
733 322 2496 2520 343879 51368
734 323 2495 2520 344863 51484
735 324 2495 2520 345805 51594
736 324 2495 2520 346728 51715
737 324 2495 2520 347620 51770
738 324 2495 2520 348575 51850
739 325 2495 2520 349445 51969
740 325 2495 2520 350311 52056
741 325 2495 2520 351261 52182
742 326 2495 2520 352105 52244
743 327 2495 2520 352936 52299
744 329 2495 2520 353768 52382
745 330 2495 2520 354620 52460
746 330 2495 2520 355443 52546
747 330 2495 2520 356230 52636
748 332 2495 2520 357094 52728
749 333 2495 2520 357868 52842
750 333 2495 2520 358683 52937
751 335 2495 2520 359514 53083
752 337 2495 2520 360417 53207
753 337 2495 2520 361344 53364
754 337 2495 2520 362252 53500
755 337 2495 2520 363081 53573
756 338 2495 2520 363951 53713
757 340 2495 2520 364856 53772
758 343 2495 2520 365786 53867
759 346 2495 2520 366741 53988
760 346 2495 2520 367761 54111
761 350 2495 2520 368777 54208
762 353 2494 2520 369767 54348
763 354 2494 2520 370860 54468
764 357 2494 2520 372062 54612
765 357 2494 2520 373176 54694
766 358 2494 2520 374404 54814
767 358 2494 2520 375657 54918
768 359 2494 2520 376837 55023
769 360 2494 2520 378017 55158
770 360 2494 2520 379232 55293
771 362 2494 2520 380355 55472
772 362 2494 2520 381428 55587
773 362 2494 2520 382458 55662
774 362 2494 2520 383509 55764
775 364 2494 2520 384577 55860
776 365 2494 2520 385615 55981
777 365 2494 2520 386750 56064
778 365 2494 2520 387777 56193
779 365 2494 2520 388820 56248
780 366 2494 2520 389802 56392
781 367 2494 2520 390754 56481
782 368 2494 2520 391712 56612
783 370 2494 2520 392764 56689
784 372 2494 2520 393787 56743
785 372 2494 2520 394768 56876
786 373 2494 2520 395878 56982
787 376 2494 2520 396968 57127
788 378 2494 2520 398061 57257
789 380 2494 2520 399255 57365
790 381 2494 2520 400373 57535
791 381 2494 2520 401520 57694
792 382 2493 2520 402671 57874
793 384 2493 2520 403837 58026
794 385 2493 2520 405006 58161
795 386 2493 2520 406228 58342
796 387 2493 2520 407529 58597
797 387 2493 2520 408726 58751
798 388 2493 2520 409862 58909
799 388 2493 2520 411018 59051
800 389 2493 2520 412216 59174
801 390 2493 2520 413390 59284
802 391 2493 2520 414596 59425
803 391 2493 2520 415804 59592
804 391 2493 2520 416950 59717
805 391 2492 2520 418104 59818
806 392 2492 2520 419169 59886
807 392 2492 2520 420170 60000
808 394 2492 2520 421182 60108
809 395 2492 2520 422217 60193
810 395 2491 2520 423269 60328
811 396 2491 2520 424338 60415
812 396 2491 2520 425412 60532
813 396 2491 2520 426424 60633
814 397 2491 2520 427357 60726
815 397 2491 2520 428292 60834
816 397 2491 2520 429241 60985
817 399 2491 2520 430135 61102
818 399 2491 2520 431034 61228
819 399 2491 2520 431958 61316
820 399 2491 2520 432879 61428
821 401 2491 2520 433743 61490
822 401 2491 2520 434674 61573
823 403 2491 2520 435541 61680
824 406 2491 2520 436435 61808
825 407 2491 2520 437402 61966
826 409 2491 2520 438411 62093
827 409 2491 2520 439411 62234
828 412 2491 2520 440399 62405
829 414 2491 2520 441508 62549
830 414 2491 2520 442624 62707
831 415 2491 2520 443704 62818
832 415 2491 2520 444786 62939
833 416 2491 2520 445927 63085
834 418 2491 2520 447034 63197
835 418 2491 2520 448153 63375
836 418 2491 2520 449328 63499
837 419 2491 2520 450377 63634
838 422 2491 2520 451416 63770
839 424 2491 2520 452485 63886
840 424 2491 2520 453559 64016
841 427 2491 2520 454673 64142
842 427 2491 2520 455747 64254
843 428 2491 2520 456907 64374
844 430 2491 2520 458141 64481
845 432 2491 2520 459275 64608
846 433 2491 2520 460468 64755
847 436 2491 2520 461628 64867
848 441 2491 2520 462764 64964
849 441 2490 2520 463981 65120
850 444 2490 2520 465170 65251
851 446 2490 2520 466412 65410
852 448 2490 2520 467654 65555
853 448 2490 2520 468978 65701
854 451 2490 2520 470332 65846
855 451 2490 2520 471670 65971
856 451 2489 2520 472935 66116
857 453 2489 2520 474350 66248
858 453 2489 2520 475661 66428
859 454 2488 2520 476962 66597
860 454 2488 2520 478228 66691
861 455 2488 2520 479505 66856
862 455 2488 2520 480860 66982
863 455 2488 2520 482104 67100
864 457 2488 2520 483285 67200
865 458 2488 2520 484532 67291
866 460 2487 2520 485756 67412
867 462 2487 2520 486919 67490
868 463 2487 2520 488080 67611
869 463 2487 2520 489313 67747
870 464 2487 2520 490565 67837
871 468 2487 2520 491799 67976
872 469 2487 2520 493075 68075
873 469 2487 2520 494368 68182
874 470 2487 2520 495665 68345
875 471 2487 2520 497094 68457
876 471 2486 2520 498398 68638
877 474 2486 2520 499634 68769
878 474 2486 2520 500904 68892
879 474 2486 2520 502255 69064
880 475 2485 2520 503493 69186
881 475 2484 2520 504765 69344
882 477 2484 2520 506023 69461
883 478 2484 2520 507225 69598
884 478 2483 2520 508516 69739
885 480 2483 2520 509771 69867
886 480 2483 2520 510963 69977
887 482 2482 2520 512139 70135
888 483 2482 2520 513383 70223
889 483 2482 2520 514607 70335
890 484 2482 2520 515838 70434
891 485 2482 2520 516881 70512
892 485 2481 2520 518092 70615
893 486 2481 2520 519325 70677
894 486 2481 2520 520428 70781
895 488 2481 2520 521517 70884
896 490 2481 2520 522651 70937
897 492 2481 2520 523782 71106
898 495 2481 2520 524960 71222
899 497 2481 2520 526172 71317
900 498 2481 2520 527385 71472
901 498 2481 2520 528686 71560
902 499 2481 2520 529928 71697
903 499 2481 2520 531187 71873
904 501 2481 2520 532465 72034
905 501 2481 2520 533723 72179
906 501 2481 2520 534961 72320
907 502 2481 2520 536177 72498
908 502 2481 2520 537329 72582
909 502 2481 2520 538562 72671
910 504 2481 2520 539757 72799
911 506 2481 2520 540945 72942
912 510 2481 2520 542069 73054
913 511 2481 2520 543247 73160
914 511 2481 2520 544442 73316
915 511 2481 2520 545783 73450
916 511 2480 2520 547086 73593
917 513 2480 2520 548371 73770
918 516 2480 2520 549536 73902
919 516 2480 2520 550670 73988
920 517 2480 2520 551950 74043
921 520 2480 2520 553235 74200
922 524 2480 2520 554417 74327
923 524 2480 2520 555740 74449
924 524 2480 2520 557025 74602
925 524 2480 2520 558291 74702
926 526 2480 2520 559520 74849
927 526 2480 2520 560833 74979
928 526 2480 2520 562152 75092
929 526 2480 2520 563437 75218
930 530 2480 2520 564649 75395
931 531 2480 2520 565962 75530
932 533 2480 2520 567260 75679
933 535 2480 2520 568605 75806
934 535 2480 2520 569991 75905
935 537 2480 2520 571323 75987
936 537 2480 2520 572684 76145
937 538 2480 2520 573959 76283
938 539 2480 2520 575240 76446
939 540 2480 2520 576480 76564
940 540 2480 2520 577768 76648
941 540 2480 2520 579004 76704
942 542 2480 2520 580115 76792
943 543 2480 2520 581380 76938
944 543 2480 2520 582616 77050
945 545 2480 2520 583813 77153
946 545 2480 2520 585064 77321
947 546 2480 2520 586236 77397
948 549 2480 2520 587468 77511
949 549 2480 2520 588622 77635
950 551 2479 2520 589831 77741
951 555 2479 2520 591001 77832
952 558 2479 2520 592161 78044
953 559 2479 2520 593489 78197
954 560 2479 2520 594805 78327
955 562 2479 2520 596002 78479
956 562 2478 2520 597359 78586
957 563 2478 2520 598666 78715
958 564 2477 2520 599957 78781
959 566 2477 2520 601334 78902
960 566 2477 2520 602649 79019
961 567 2477 2520 604052 79174
962 567 2476 2520 605349 79306
963 568 2476 2520 606648 79413
964 569 2476 2520 607922 79612
965 569 2476 2520 609227 79668
966 570 2476 2520 610538 79814
967 571 2476 2520 611845 79898
968 572 2476 2520 613102 79996
969 573 2476 2520 614226 80058
970 574 2476 2520 615405 80203
971 575 2476 2520 616623 80263
972 575 2476 2520 617872 80421
973 576 2476 2520 619054 80487
974 578 2476 2520 620262 80602
975 580 2476 2520 621406 80675
976 580 2476 2520 622664 80839
977 581 2476 2520 623858 80982
978 581 2476 2520 625168 81145
979 582 2476 2520 626449 81297
980 583 2476 2520 627580 81423
981 584 2476 2520 628787 81507
982 585 2476 2520 630046 81646
983 586 2476 2520 631286 81746
984 587 2476 2520 632423 81849
985 587 2476 2520 633578 81968
986 590 2476 2520 634708 82085
987 594 2476 2520 635944 82202
988 598 2476 2520 637183 82304
989 598 2476 2520 638509 82396
990 602 2476 2520 639765 82547
991 603 2476 2520 641275 82641
992 605 2476 2520 642606 82766
993 605 2476 2520 643986 82865
994 607 2476 2520 645354 83037
995 609 2476 2520 646745 83129
996 610 2475 2520 648178 83236
997 610 2475 2520 649641 83407
998 612 2475 2520 650975 83502
999 614 2475 2520 652227 83556
1000 614 2475 2520 653622 83713
