0 1 2519 2520 795 498
1 1 2519 2520 814 511
2 1 2519 2520 847 537
3 1 2519 2520 882 556
4 1 2519 2520 909 571
5 1 2519 2520 945 590
6 1 2519 2520 975 609
7 1 2519 2520 1022 635
8 1 2519 2520 1053 654
9 1 2519 2520 1090 671
10 1 2519 2520 1121 682
11 1 2519 2520 1156 695
12 1 2519 2520 1190 703
13 1 2519 2520 1209 705
14 1 2519 2520 1226 709
15 1 2519 2520 1247 719
16 1 2519 2520 1264 721
17 1 2519 2520 1278 723
18 2 2519 2520 1287 730
19 2 2519 2520 1340 753
20 2 2519 2520 1430 796
21 2 2519 2520 1542 839
22 2 2519 2520 1649 867
23 2 2519 2520 1742 902
24 2 2519 2520 1835 932
25 2 2519 2520 1945 964
26 2 2519 2520 2023 989
27 2 2519 2520 2107 1024
28 2 2519 2520 2195 1039
29 2 2519 2520 2269 1058
30 2 2519 2520 2330 1073
31 2 2519 2520 2387 1082
32 2 2519 2520 2427 1102
33 2 2519 2520 2459 1099
34 2 2519 2520 2501 1109
35 2 2519 2520 2532 1117
36 2 2519 2520 2567 1131
37 2 2519 2520 2606 1141
38 2 2519 2520 2634 1153
39 4 2519 2520 2655 1155
40 4 2519 2520 2717 1174
41 4 2519 2520 2883 1223
42 4 2519 2520 3041 1280
43 4 2519 2520 3195 1334
44 4 2519 2520 3346 1372
45 4 2519 2520 3498 1428
46 4 2519 2520 3632 1460
47 4 2519 2520 3787 1493
48 4 2519 2520 3887 1507
49 4 2519 2520 4008 1540
50 4 2519 2520 4112 1573
51 4 2519 2520 4214 1601
52 4 2519 2520 4317 1616
53 4 2519 2520 4421 1637
54 4 2519 2520 4515 1660
55 4 2519 2520 4585 1692
56 4 2519 2520 4649 1729
57 5 2519 2520 4737 1759
58 6 2519 2520 4827 1778
59 6 2519 2520 4979 1828
60 6 2519 2520 5166 1893
61 6 2519 2520 5347 1956
62 7 2519 2520 5518 1998
63 7 2519 2520 5698 2044
64 8 2519 2520 5901 2089
65 8 2519 2520 6107 2141
66 8 2519 2520 6349 2214
67 8 2519 2520 6582 2279
68 8 2518 2520 6838 2351
69 8 2518 2520 7078 2385
70 8 2518 2520 7328 2414
71 8 2518 2520 7547 2467
72 8 2518 2520 7769 2516
73 8 2518 2520 8003 2547
74 8 2518 2520 8189 2560
75 8 2518 2520 8379 2589
76 8 2518 2520 8533 2612
77 8 2518 2520 8671 2640
78 8 2518 2520 8827 2681
79 9 2518 2520 8967 2718
80 9 2517 2520 9124 2772
81 9 2517 2520 9281 2808
82 10 2517 2520 9487 2848
83 10 2517 2520 9668 2883
84 10 2517 2520 9906 2932
85 11 2517 2520 10130 2986
86 11 2517 2520 10344 3039
87 12 2517 2520 10548 3078
88 12 2517 2520 10766 3119
89 14 2517 2520 10987 3159
90 14 2517 2520 11243 3218
91 14 2517 2520 11543 3285
92 14 2517 2520 11830 3335
93 14 2517 2520 12104 3411
94 14 2517 2520 12372 3453
95 14 2517 2520 12635 3531
96 15 2517 2520 12907 3605
97 15 2517 2520 13185 3663
98 15 2517 2520 13432 3726
99 15 2517 2520 13661 3757
100 15 2517 2520 13891 3804
101 15 2517 2520 14111 3836
102 15 2517 2520 14339 3891
103 15 2517 2520 14559 3887
104 15 2517 2520 14825 3933
105 16 2517 2520 15023 3955
106 16 2517 2520 15283 3993
107 16 2517 2520 15520 4058
108 16 2516 2520 15752 4116
109 17 2516 2520 15945 4146
110 18 2516 2520 16191 4207
111 18 2516 2520 16524 4271
112 18 2515 2520 16863 4309
113 18 2515 2520 17169 4344
114 18 2515 2520 17467 4428
115 18 2515 2520 17747 4441
116 18 2515 2520 18026 4496
117 18 2515 2520 18287 4523
118 18 2515 2520 18509 4532
119 20 2515 2520 18749 4594
120 21 2515 2520 18998 4630
121 21 2515 2520 19275 4670
122 22 2515 2520 19542 4726
123 23 2515 2520 19818 4779
124 23 2515 2520 20106 4827
125 23 2515 2520 20403 4898
126 23 2515 2520 20702 4937
127 23 2515 2520 20985 4998
128 24 2515 2520 21237 5021
129 24 2515 2520 21488 5051
130 24 2515 2520 21807 5136
131 24 2515 2520 22105 5201
132 24 2515 2520 22427 5270
133 24 2515 2520 22736 5332
134 25 2515 2520 22974 5356
135 25 2515 2520 23249 5435
136 25 2515 2520 23570 5472
137 25 2515 2520 23840 5549
138 25 2515 2520 24089 5587
139 25 2515 2520 24358 5635
140 25 2515 2520 24619 5702
141 25 2515 2520 24863 5732
142 25 2515 2520 25097 5796
143 25 2515 2520 25329 5807
144 25 2515 2520 25535 5833
145 25 2515 2520 25766 5844
146 25 2515 2520 25983 5858
147 25 2515 2520 26182 5874
148 25 2515 2520 26373 5908
149 25 2515 2520 26596 5952
150 25 2515 2520 26773 6002
151 27 2515 2520 26910 6020
152 27 2515 2520 27097 6059
153 27 2515 2520 27357 6125
154 28 2515 2520 27611 6171
155 29 2515 2520 27838 6222
156 29 2515 2520 28154 6293
157 29 2515 2520 28449 6366
158 29 2515 2520 28713 6426
159 29 2515 2520 29009 6473
160 30 2515 2520 29229 6508
161 30 2515 2520 29528 6566
162 30 2514 2520 29833 6627
163 31 2514 2520 30139 6678
164 32 2514 2520 30391 6714
165 32 2514 2520 30710 6739
166 32 2514 2520 31012 6759
167 32 2514 2520 31306 6790
168 32 2514 2520 31621 6835
169 32 2514 2520 31927 6867
170 32 2514 2520 32138 6925
171 32 2514 2520 32418 6957
172 32 2514 2520 32673 7008
173 32 2514 2520 32909 7081
174 32 2514 2520 33116 7113
175 32 2514 2520 33337 7155
176 33 2514 2520 33528 7172
177 34 2513 2520 33764 7185
178 34 2513 2520 34038 7241
179 35 2513 2520 34340 7287
180 35 2513 2520 34617 7336
181 35 2513 2520 34914 7383
182 35 2513 2520 35176 7446
183 35 2513 2520 35462 7458
184 35 2513 2520 35752 7474
185 35 2513 2520 36023 7514
186 35 2513 2520 36348 7559
187 35 2513 2520 36566 7587
188 36 2513 2520 36772 7640
189 37 2513 2520 37002 7671
190 37 2513 2520 37238 7720
191 38 2513 2520 37474 7774
192 38 2513 2520 37709 7816
193 38 2513 2520 37983 7871
194 38 2513 2520 38235 7938
195 38 2513 2520 38488 7978
196 38 2513 2520 38763 8013
197 39 2513 2520 39004 8065
198 39 2513 2520 39283 8079
199 39 2513 2520 39573 8148
200 39 2513 2520 39815 8180
201 40 2513 2520 40078 8214
202 40 2513 2520 40344 8240
203 40 2513 2520 40660 8302
204 40 2513 2520 40941 8360
205 40 2513 2520 41175 8396
206 40 2513 2520 41401 8419
207 40 2513 2520 41619 8464
208 40 2513 2520 41861 8512
209 41 2513 2520 42086 8531
210 41 2513 2520 42330 8588
211 41 2513 2520 42550 8627
212 41 2513 2520 42783 8663
213 42 2513 2520 43003 8691
214 42 2513 2520 43257 8752
215 42 2513 2520 43532 8800
216 42 2513 2520 43791 8859
217 42 2513 2520 44020 8881
218 42 2513 2520 44237 8908
219 43 2513 2520 44497 8942
220 43 2513 2520 44712 8978
221 43 2513 2520 44970 9042
222 43 2513 2520 45198 9053
223 44 2513 2520 45395 9118
224 46 2513 2520 45641 9165
225 46 2513 2520 45884 9224
226 46 2513 2520 46173 9303
227 46 2513 2520 46523 9361
228 46 2513 2520 46811 9413
229 46 2513 2520 47085 9482
230 46 2513 2520 47380 9542
231 46 2513 2520 47687 9618
232 47 2513 2520 47944 9643
233 48 2513 2520 48225 9696
234 49 2513 2520 48526 9732
235 49 2513 2520 48814 9769
236 49 2513 2520 49090 9833
237 49 2513 2520 49443 9890
238 49 2513 2520 49771 9958
239 50 2513 2520 50094 10011
240 50 2513 2520 50399 10062
241 50 2513 2520 50741 10104
242 50 2513 2520 51077 10168
243 50 2513 2520 51422 10209
244 50 2513 2520 51742 10256
245 50 2513 2520 52087 10306
246 50 2513 2520 52348 10355
247 50 2513 2520 52650 10392
248 50 2513 2520 52942 10459
249 50 2513 2520 53164 10469
250 52 2513 2520 53389 10521
251 52 2513 2520 53598 10536
252 52 2513 2520 53888 10601
253 52 2513 2520 54126 10657
254 52 2513 2520 54416 10726
255 52 2513 2520 54688 10794
256 52 2513 2520 54948 10824
257 52 2513 2520 55202 10896
258 53 2513 2520 55420 10955
259 53 2513 2520 55641 10964
260 53 2513 2520 55927 11012
261 54 2513 2520 56166 11079
262 55 2513 2520 56378 11130
263 56 2513 2520 56642 11176
264 56 2513 2520 56934 11231
265 56 2513 2520 57205 11278
266 56 2513 2520 57498 11310
267 56 2513 2520 57766 11373
268 57 2512 2520 58012 11430
269 57 2512 2520 58309 11467
270 57 2512 2520 58665 11520
271 57 2512 2520 58996 11581
272 57 2512 2520 59288 11610
273 57 2512 2520 59618 11657
274 57 2512 2520 59973 11723
275 57 2512 2520 60286 11782
276 57 2512 2520 60577 11827
277 57 2512 2520 60892 11887
278 57 2512 2520 61125 11927
279 57 2511 2520 61345 11970
280 57 2511 2520 61600 11990
281 58 2511 2520 61843 12043
282 61 2511 2520 62095 12092
283 61 2511 2520 62379 12124
284 61 2511 2520 62649 12177
285 62 2511 2520 62974 12250
286 62 2511 2520 63277 12317
287 63 2511 2520 63616 12378
288 63 2511 2520 63947 12411
289 63 2511 2520 64289 12446
290 63 2511 2520 64603 12483
291 65 2511 2520 64923 12532
292 66 2511 2520 65259 12590
293 66 2511 2520 65613 12639
294 67 2511 2520 65976 12694
295 67 2511 2520 66333 12727
296 67 2511 2520 66708 12789
297 67 2511 2520 67121 12860
298 67 2510 2520 67510 12913
299 67 2510 2520 67877 12952
300 67 2510 2520 68192 13009
301 67 2510 2520 68550 13065
302 67 2510 2520 68918 13092
303 67 2510 2520 69219 13106
304 67 2510 2520 69517 13134
305 67 2510 2520 69800 13154
306 68 2510 2520 70140 13194
307 68 2510 2520 70471 13236
308 69 2510 2520 70802 13278
309 69 2510 2520 71122 13331
310 70 2510 2520 71434 13363
311 70 2510 2520 71764 13416
312 70 2510 2520 72090 13467
313 70 2510 2520 72404 13507
314 70 2510 2520 72699 13588
315 70 2510 2520 72947 13608
316 70 2510 2520 73302 13659
317 70 2510 2520 73623 13688
318 70 2510 2520 73921 13741
319 70 2510 2520 74199 13791
320 70 2510 2520 74510 13809
321 71 2510 2520 74732 13822
322 73 2510 2520 74965 13835
323 73 2510 2520 75302 13885
324 73 2510 2520 75593 13939
325 73 2510 2520 75918 13956
326 75 2510 2520 76216 14011
327 75 2510 2520 76539 14060
328 75 2510 2520 76924 14136
329 76 2510 2520 77264 14152
330 77 2510 2520 77655 14206
331 77 2510 2520 78077 14262
332 77 2510 2520 78527 14348
333 77 2510 2520 78918 14426
334 77 2510 2520 79318 14493
335 77 2510 2520 79656 14563
336 77 2510 2520 80020 14617
337 77 2510 2520 80408 14680
338 79 2510 2520 80751 14792
339 79 2510 2520 81156 14851
340 79 2510 2520 81565 14907
341 79 2510 2520 81969 14998
342 79 2510 2520 82336 15028
343 79 2510 2520 82723 15100
344 80 2510 2520 83075 15171
345 81 2510 2520 83457 15281
346 82 2510 2520 83839 15373
347 83 2509 2520 84228 15446
348 83 2509 2520 84645 15536
349 83 2509 2520 85081 15591
350 83 2509 2520 85502 15658
351 83 2509 2520 85949 15786
352 83 2509 2520 86373 15828
353 83 2509 2520 86826 15877
354 83 2509 2520 87219 15911
355 83 2509 2520 87549 15944
356 83 2509 2520 87932 15995
357 83 2509 2520 88260 16033
358 83 2509 2520 88596 16091
359 84 2509 2520 88960 16148
360 85 2509 2520 89324 16209
361 85 2509 2520 89657 16278
362 85 2509 2520 90014 16347
363 85 2509 2520 90393 16430
364 85 2509 2520 90749 16511
365 85 2509 2520 91079 16578
366 85 2509 2520 91441 16638
367 85 2509 2520 91756 16694
368 86 2509 2520 92103 16746
369 86 2509 2520 92396 16810
370 86 2509 2520 92741 16868
371 86 2509 2520 93057 16911
372 86 2509 2520 93360 16939
373 86 2509 2520 93626 16946
374 86 2509 2520 93948 16979
375 86 2509 2520 94259 17015
376 88 2509 2520 94573 17050
377 89 2509 2520 94857 17118
378 90 2509 2520 95182 17154
379 90 2509 2520 95539 17251
380 90 2509 2520 95898 17323
381 91 2509 2520 96214 17369
382 92 2509 2520 96603 17419
383 92 2509 2520 96999 17485
384 92 2509 2520 97412 17532
385 93 2509 2520 97739 17579
386 94 2509 2520 98139 17640
387 95 2509 2520 98531 17696
388 95 2509 2520 98966 17767
389 96 2509 2520 99433 17845
390 96 2509 2520 99927 17941
391 97 2509 2520 100380 18005
392 97 2509 2520 100845 18070
393 97 2509 2520 101323 18156
394 97 2509 2520 101821 18209
395 97 2509 2520 102342 18291
396 97 2509 2520 102793 18369
397 97 2508 2520 103221 18450
398 97 2508 2520 103656 18510
399 97 2508 2520 104035 18535
400 97 2508 2520 104417 18591
401 98 2508 2520 104796 18650
402 100 2508 2520 105199 18708
403 100 2508 2520 105619 18757
404 102 2508 2520 106080 18832
405 102 2508 2520 106522 18884
406 102 2508 2520 107008 18965
407 102 2508 2520 107464 19010
408 102 2508 2520 107959 19088
409 102 2508 2520 108410 19166
410 103 2508 2520 108901 19260
411 103 2508 2520 109371 19349
412 103 2508 2520 109806 19407
413 104 2508 2520 110259 19474
414 105 2508 2520 110709 19541
415 105 2508 2520 111188 19606
416 105 2508 2520 111575 19678
417 106 2508 2520 111989 19739
418 106 2508 2520 112417 19829
419 109 2508 2520 112835 19877
420 111 2508 2520 113288 19964
421 113 2508 2520 113758 20044
422 113 2508 2520 114311 20070
423 113 2508 2520 114860 20153
424 113 2508 2520 115386 20233
425 113 2508 2520 115921 20326
426 113 2508 2520 116429 20433
427 113 2508 2520 117022 20538
428 113 2508 2520 117585 20624
429 114 2508 2520 118099 20678
430 114 2508 2520 118614 20738
431 114 2508 2520 119108 20785
432 114 2508 2520 119647 20890
433 114 2508 2520 120146 20961
434 114 2508 2520 120660 21045
435 115 2508 2520 121067 21117
436 115 2508 2520 121491 21198
437 115 2508 2520 121907 21279
438 115 2508 2520 122427 21370
439 116 2508 2520 122855 21437
440 116 2508 2520 123346 21519
441 116 2508 2520 123778 21583
442 116 2508 2520 124197 21687
443 116 2508 2520 124677 21729
444 116 2508 2520 125082 21778
445 117 2508 2520 125475 21859
446 117 2508 2520 125878 21921
447 117 2508 2520 126325 21957
448 117 2508 2520 126656 22020
449 118 2508 2520 127071 22062
450 119 2508 2520 127456 22127
451 121 2508 2520 127890 22208
452 122 2508 2520 128326 22270
453 123 2508 2520 128791 22330
454 126 2508 2520 129241 22408
455 127 2508 2520 129751 22488
456 127 2508 2520 130336 22554
457 127 2508 2520 130892 22664
458 127 2508 2520 131475 22709
459 127 2508 2520 132064 22759
460 127 2508 2520 132648 22871
461 127 2508 2520 133264 22968
462 127 2508 2520 133788 23046
463 128 2508 2520 134345 23116
464 128 2508 2520 134805 23165
465 128 2508 2520 135343 23244
466 128 2508 2520 135838 23308
467 129 2508 2520 136287 23340
468 130 2508 2520 136797 23424
469 130 2508 2520 137276 23510
470 130 2508 2520 137744 23584
471 130 2508 2520 138182 23650
472 131 2508 2520 138703 23735
473 132 2508 2520 139133 23800
474 132 2508 2520 139538 23833
475 132 2508 2520 140006 23897
476 133 2508 2520 140491 23976
477 133 2508 2520 140961 24041
478 133 2508 2520 141415 24063
479 134 2508 2520 141911 24152
480 135 2508 2520 142385 24218
481 136 2508 2520 142874 24276
482 137 2507 2520 143448 24371
483 137 2507 2520 144000 24452
484 137 2507 2520 144521 24540
485 137 2507 2520 145051 24636
486 138 2507 2520 145581 24733
487 138 2507 2520 146167 24857
488 138 2507 2520 146676 24937
489 138 2507 2520 147214 24962
490 138 2507 2520 147772 25025
491 138 2507 2520 148304 25117
492 138 2507 2520 148842 25196
493 138 2507 2520 149303 25237
494 138 2507 2520 149728 25314
495 138 2507 2520 150157 25343
496 143 2507 2520 150596 25388
497 145 2507 2520 150971 25426
498 146 2507 2520 151501 25513
499 146 2507 2520 152046 25588
500 147 2507 2520 152618 25637
501 147 2507 2520 153214 25744
502 147 2507 2520 153858 25806
503 148 2507 2520 154420 25888
504 149 2507 2520 155012 25993
505 149 2507 2520 155564 26057
506 149 2507 2520 156163 26141
507 150 2507 2520 156772 26271
508 151 2507 2520 157350 26369
509 152 2507 2520 157960 26450
510 153 2507 2520 158645 26523
511 153 2507 2520 159231 26612
512 153 2506 2520 159773 26675
513 154 2506 2520 160432 26749
514 154 2506 2520 161058 26822
515 155 2506 2520 161595 26912
516 155 2506 2520 162214 26993
517 155 2506 2520 162763 27024
518 156 2506 2520 163228 27104
519 156 2506 2520 163792 27133
520 156 2506 2520 164349 27223
521 156 2506 2520 164882 27339
522 156 2506 2520 165409 27370
523 157 2506 2520 165933 27420
524 158 2506 2520 166503 27494
525 159 2506 2520 167064 27545
526 159 2506 2520 167618 27636
527 160 2506 2520 168182 27729
528 160 2506 2520 168699 27823
529 160 2506 2520 169241 27915
530 162 2506 2520 169789 27979
531 163 2506 2520 170343 28061
532 163 2506 2520 170895 28180
533 163 2506 2520 171454 28268
534 164 2506 2520 172030 28340
535 164 2506 2520 172617 28418
536 165 2506 2520 173175 28503
537 165 2506 2520 173756 28593
538 165 2506 2520 174393 28681
539 165 2506 2520 175011 28745
540 165 2506 2520 175583 28822
541 165 2506 2520 176142 28895
542 166 2506 2520 176707 28993
543 166 2506 2520 177242 29083
544 166 2506 2520 177814 29213
545 166 2506 2520 178286 29251
546 167 2506 2520 178790 29318
547 167 2506 2520 179284 29395
548 169 2506 2520 179825 29464
549 169 2506 2520 180320 29540
550 169 2506 2520 180875 29643
551 169 2506 2520 181371 29710
552 169 2506 2520 181855 29772
553 169 2506 2520 182375 29831
554 169 2506 2520 182886 29919
555 172 2506 2520 183358 30009
556 173 2506 2520 183882 30085
557 174 2506 2520 184429 30176
558 175 2506 2520 184983 30273
559 178 2506 2520 185541 30381
560 178 2506 2520 186154 30500
561 178 2506 2520 186767 30585
562 179 2506 2520 187482 30700
563 181 2506 2520 188207 30812
564 181 2506 2520 188910 30906
565 182 2506 2520 189610 30991
566 183 2506 2520 190342 31087
567 183 2506 2520 191062 31255
568 183 2506 2520 191699 31350
569 183 2506 2520 192418 31392
570 184 2506 2520 193108 31454
571 184 2506 2520 193727 31546
572 184 2506 2520 194390 31630
573 184 2506 2520 195050 31712
574 184 2506 2520 195762 31778
575 184 2506 2520 196341 31834
576 184 2506 2520 196984 31934
577 184 2506 2520 197579 32024
578 184 2505 2520 198139 32091
579 185 2505 2520 198738 32173
580 185 2505 2520 199294 32296
581 188 2505 2520 199823 32406
582 189 2505 2520 200364 32492
583 189 2505 2520 200990 32610
584 189 2504 2520 201648 32721
585 189 2504 2520 202243 32769
586 190 2504 2520 202811 32856
587 191 2504 2520 203443 32955
588 192 2504 2520 204100 33017
589 192 2504 2520 204674 33102
590 192 2504 2520 205330 33176
591 193 2504 2520 205967 33274
592 193 2504 2520 206606 33371
593 195 2504 2520 207260 33495
594 196 2504 2520 207852 33578
595 196 2504 2520 208512 33674
596 197 2504 2520 209139 33734
597 197 2504 2520 209741 33846
598 197 2504 2520 210404 33909
599 197 2504 2520 211075 33986
600 197 2504 2520 211631 34057
601 197 2504 2520 212238 34150
602 197 2503 2520 212818 34267
603 198 2503 2520 213398 34341
604 198 2503 2520 214033 34430
605 198 2503 2520 214630 34520
606 199 2503 2520 215204 34584
607 200 2503 2520 215803 34715
608 201 2503 2520 216394 34755
609 201 2503 2520 217047 34834
610 202 2503 2520 217684 34905
611 203 2503 2520 218223 35018
612 204 2503 2520 218849 35088
613 207 2503 2520 219457 35183
614 207 2503 2520 220060 35306
615 207 2503 2520 220736 35400
616 208 2503 2520 221356 35489
617 209 2503 2520 222067 35558
618 209 2503 2520 222772 35627
619 209 2503 2520 223443 35738
620 209 2503 2520 224093 35788
621 211 2503 2520 224761 35845
622 211 2503 2520 225480 35944
623 211 2503 2520 226176 36009
624 212 2503 2520 226829 36064
625 213 2503 2520 227449 36149
626 214 2503 2520 228099 36232
627 215 2503 2520 228782 36349
628 216 2503 2520 229383 36424
629 217 2503 2520 230005 36538
630 219 2503 2520 230716 36620
631 221 2503 2520 231402 36667
632 222 2503 2520 232122 36788
633 222 2503 2520 232918 36903
634 222 2503 2520 233632 37012
635 222 2503 2520 234368 37091
636 224 2503 2520 235019 37140
637 225 2503 2520 235690 37208
638 226 2503 2520 236408 37289
639 226 2503 2520 237067 37379
640 227 2503 2520 237770 37465
641 227 2503 2520 238541 37527
642 228 2503 2520 239222 37586
643 230 2503 2520 239968 37713
644 230 2502 2520 240738 37798
645 230 2502 2520 241437 37865
646 230 2502 2520 242178 37967
647 230 2502 2520 242926 38058
648 230 2502 2520 243709 38151
649 230 2502 2520 244474 38198
650 230 2502 2520 245107 38228
651 230 2502 2520 245808 38283
652 230 2502 2520 246424 38357
653 232 2502 2520 247005 38418
654 234 2502 2520 247649 38475
655 234 2502 2520 248368 38534
656 235 2502 2520 248959 38608
657 235 2502 2520 249631 38708
658 236 2502 2520 250277 38747
659 236 2502 2520 250861 38842
660 236 2502 2520 251574 38914
661 238 2502 2520 252203 39003
662 239 2502 2520 252855 39097
663 240 2502 2520 253564 39189
664 241 2502 2520 254237 39269
665 241 2502 2520 254907 39386
666 242 2502 2520 255627 39453
667 245 2502 2520 256380 39552
668 246 2502 2520 257079 39695
669 246 2502 2520 257877 39774
670 247 2502 2520 258659 39884
671 247 2502 2520 259382 39973
672 249 2502 2520 260174 40112
673 249 2502 2520 260905 40232
674 250 2502 2520 261648 40360
675 250 2502 2520 262375 40479
676 250 2502 2520 263134 40571
677 253 2501 2520 263843 40690
678 253 2501 2520 264550 40790
679 254 2501 2520 265364 40840
680 254 2501 2520 266168 40943
681 254 2501 2520 266928 41025
682 254 2501 2520 267701 41086
683 254 2501 2520 268493 41172
684 254 2501 2520 269237 41234
685 257 2501 2520 269974 41309
686 257 2501 2520 270646 41342
687 258 2501 2520 271419 41462
688 259 2501 2520 272182 41538
689 260 2501 2520 272966 41629
690 260 2501 2520 273752 41708
691 260 2501 2520 274561 41808
692 262 2501 2520 275312 41886
693 263 2501 2520 276052 41984
694 263 2500 2520 276811 42070
695 263 2500 2520 277637 42148
696 263 2500 2520 278448 42272
697 264 2500 2520 279153 42378
698 264 2500 2520 279959 42435
699 264 2500 2520 280632 42505
700 264 2500 2520 281339 42538
701 264 2500 2520 282045 42614
702 264 2500 2520 282733 42748
703 265 2500 2520 283489 42817
704 268 2500 2520 284150 42903
705 268 2500 2520 284844 42964
706 268 2500 2520 285594 43021
707 269 2500 2520 286331 43147
708 270 2500 2520 287001 43247
709 272 2500 2520 287702 43386
710 272 2500 2520 288410 43464
711 272 2500 2520 289186 43528
712 273 2500 2520 289910 43622
713 273 2500 2520 290602 43697
714 274 2500 2520 291327 43808
715 275 2500 2520 292094 43926
716 277 2500 2520 292851 44042
717 280 2500 2520 293611 44117
718 280 2500 2520 294385 44219
719 280 2500 2520 295169 44328
720 280 2500 2520 296159 44479
721 280 2500 2520 297003 44607
722 280 2500 2520 297872 44725
723 281 2500 2520 298669 44855
724 281 2499 2520 299493 45028
725 281 2499 2520 300305 45167
726 283 2499 2520 301085 45260
727 284 2499 2520 301802 45376
728 284 2499 2520 302594 45459
729 286 2499 2520 303333 45556
730 286 2499 2520 304154 45638
731 286 2499 2520 304972 45753
732 286 2499 2520 305759 45871
733 286 2499 2520 306466 45978
734 287 2499 2520 307205 46053
735 287 2499 2520 307993 46133
736 287 2499 2520 308748 46278
737 289 2499 2520 309478 46338
738 291 2499 2520 310237 46408
739 291 2499 2520 311021 46486
740 292 2498 2520 311768 46560
741 292 2498 2520 312558 46666
742 293 2498 2520 313309 46795
743 293 2498 2520 314064 46913
744 293 2498 2520 314841 47021
745 295 2498 2520 315514 47090
746 296 2498 2520 316298 47169
747 296 2498 2520 316993 47260
748 297 2498 2520 317658 47311
749 297 2498 2520 318344 47382
750 298 2498 2520 319089 47465
751 300 2498 2520 319815 47576
752 300 2498 2520 320543 47680
753 301 2498 2520 321309 47781
754 303 2498 2520 322065 47860
755 303 2498 2520 322869 47935
756 305 2498 2520 323616 48001
757 305 2498 2520 324451 48095
758 305 2498 2520 325192 48184
759 305 2498 2520 325950 48256
760 305 2498 2520 326698 48329
761 307 2498 2520 327525 48441
762 309 2498 2520 328353 48541
763 311 2498 2520 329188 48646
764 312 2498 2520 330066 48768
765 312 2498 2520 330902 48883
766 313 2498 2520 331859 49016
767 314 2498 2520 332751 49134
768 314 2498 2520 333674 49269
769 314 2498 2520 334509 49396
770 315 2497 2520 335458 49500
771 315 2497 2520 336268 49614
772 319 2497 2520 337103 49685
773 321 2497 2520 337981 49810
774 323 2497 2520 338932 49924
775 323 2497 2520 339874 50034
776 324 2497 2520 340791 50150
777 324 2497 2520 341760 50199
778 324 2497 2520 342631 50290
779 326 2497 2520 343581 50405
780 327 2497 2520 344532 50504
781 329 2497 2520 345489 50581
782 329 2497 2520 346439 50702
783 329 2497 2520 347323 50806
784 329 2497 2520 348295 50893
785 329 2497 2520 349308 51026
786 330 2497 2520 350230 51106
787 331 2497 2520 351139 51172
788 333 2497 2520 351978 51266
789 335 2497 2520 352916 51376
790 335 2497 2520 353763 51481
791 338 2497 2520 354734 51577
792 339 2497 2520 355675 51667
793 339 2497 2520 356656 51789
794 339 2497 2520 357692 51889
795 340 2497 2520 358622 52014
796 342 2497 2520 359652 52176
797 342 2497 2520 360728 52368
798 342 2497 2520 361742 52439
799 342 2497 2520 362697 52511
800 343 2496 2520 363782 52670
801 344 2496 2520 364723 52817
802 344 2496 2520 365693 52909
803 346 2496 2520 366573 53001
804 346 2495 2520 367460 53135
805 346 2495 2520 368360 53240
806 346 2494 2520 369368 53318
807 346 2494 2520 370244 53424
808 346 2494 2520 371166 53492
809 347 2494 2520 371970 53540
810 349 2494 2520 372882 53650
811 350 2494 2520 373694 53686
812 350 2494 2520 374640 53786
813 351 2494 2520 375476 53818
814 353 2494 2520 376407 53902
815 354 2494 2520 377366 54061
816 355 2494 2520 378282 54210
817 357 2494 2520 379194 54347
818 357 2494 2520 380103 54459
819 359 2494 2520 380990 54541
820 360 2494 2520 381943 54703
821 361 2494 2520 382928 54869
822 362 2494 2520 383928 54994
823 364 2494 2520 384869 55081
824 366 2494 2520 385839 55191
825 366 2494 2520 386839 55337
826 367 2494 2520 387828 55409
827 367 2494 2520 388807 55535
828 368 2494 2520 389847 55657
829 369 2494 2520 390871 55741
830 369 2494 2520 391897 55891
831 371 2493 2520 392908 56002
832 372 2493 2520 393978 56153
833 374 2493 2520 395019 56289
834 374 2493 2520 395989 56414
835 375 2493 2520 396955 56528
836 376 2493 2520 397850 56643
837 377 2493 2520 398839 56760
838 379 2493 2520 399853 56887
839 379 2493 2520 400870 56976
840 380 2493 2520 401986 57192
841 380 2493 2520 402940 57291
842 382 2493 2520 403980 57407
843 383 2493 2520 404962 57506
844 384 2493 2520 405993 57637
845 384 2493 2520 407107 57740
846 385 2493 2520 408096 57839
847 385 2493 2520 409123 57970
848 385 2493 2520 410126 58025
849 385 2493 2520 411136 58152
850 385 2493 2520 412051 58232
851 386 2492 2520 412908 58307
852 387 2492 2520 413774 58380
853 387 2492 2520 414644 58519
854 388 2492 2520 415590 58619
855 389 2492 2520 416486 58680
856 390 2492 2520 417324 58819
857 390 2492 2520 418194 58861
858 392 2492 2520 419100 58988
859 392 2492 2520 420006 59097
860 394 2492 2520 420839 59190
861 394 2492 2520 421744 59261
862 395 2492 2520 422601 59326
863 398 2492 2520 423458 59422
864 398 2492 2520 424350 59510
865 398 2492 2520 425267 59632
866 400 2492 2520 426162 59740
867 400 2492 2520 427079 59808
868 401 2492 2520 428001 59825
869 401 2492 2520 428890 59898
870 401 2492 2520 429850 60030
871 402 2492 2520 430767 60099
872 402 2492 2520 431646 60212
873 404 2492 2520 432625 60309
874 406 2492 2520 433517 60431
875 406 2492 2520 434452 60496
876 406 2492 2520 435431 60610
877 406 2492 2520 436406 60752
878 406 2492 2520 437286 60845
879 406 2492 2520 438247 60892
880 408 2492 2520 439197 60953
881 409 2492 2520 440099 61076
882 409 2492 2520 441029 61203
883 412 2492 2520 441947 61315
884 415 2492 2520 442929 61455
885 416 2492 2520 443929 61567
886 417 2492 2520 445102 61715
887 420 2492 2520 446054 61865
888 421 2491 2520 447140 61970
889 423 2491 2520 448227 62130
890 423 2491 2520 449339 62245
891 424 2491 2520 450559 62297
892 425 2491 2520 451598 62452
893 425 2491 2520 452665 62569
894 426 2491 2520 453753 62702
895 427 2491 2520 454894 62825
896 429 2491 2520 455993 62940
897 430 2491 2520 457119 63096
898 430 2491 2520 458242 63187
899 433 2491 2520 459332 63338
900 433 2491 2520 460423 63414
901 434 2491 2520 461528 63530
902 435 2491 2520 462682 63656
903 435 2491 2520 463726 63704
904 436 2491 2520 464821 63831
905 438 2491 2520 465901 63971
906 438 2491 2520 467064 64129
907 438 2491 2520 468199 64276
908 440 2491 2520 469333 64388
909 440 2491 2520 470394 64479
910 441 2491 2520 471487 64590
911 441 2491 2520 472581 64712
912 442 2491 2520 473635 64918
913 442 2491 2520 474728 65065
914 442 2491 2520 475789 65187
915 443 2491 2520 476789 65322
916 444 2491 2520 477782 65447
917 444 2491 2520 478814 65524
918 446 2491 2520 479837 65632
919 446 2491 2520 480811 65745
920 447 2491 2520 481825 65832
921 447 2491 2520 482835 66029
922 447 2491 2520 483750 66109
923 447 2491 2520 484620 66227
924 448 2491 2520 485538 66284
925 450 2491 2520 486467 66339
926 450 2491 2520 487321 66441
927 453 2491 2520 488285 66566
928 454 2491 2520 489230 66740
929 454 2491 2520 490237 66917
930 455 2491 2520 491183 67014
931 456 2491 2520 492200 67113
932 457 2491 2520 493212 67249
933 459 2491 2520 494277 67387
934 460 2491 2520 495283 67541
935 462 2491 2520 496322 67638
936 464 2491 2520 497350 67703
937 466 2491 2520 498449 67833
938 467 2491 2520 499566 67957
939 468 2491 2520 500604 68092
940 470 2491 2520 501625 68208
941 471 2491 2520 502651 68320
942 471 2491 2520 503725 68400
943 472 2491 2520 504801 68502
944 472 2491 2520 505860 68622
945 474 2491 2520 506952 68709
946 476 2491 2520 508020 68835
947 476 2491 2520 509163 68923
948 476 2491 2520 510320 69041
949 478 2491 2520 511372 69097
950 480 2491 2520 512440 69187
951 481 2491 2520 513580 69322
952 482 2491 2520 514746 69424
953 484 2491 2520 515861 69625
954 486 2491 2520 517027 69706
955 489 2491 2520 518225 69817
956 490 2491 2520 519478 69954
957 490 2491 2520 520676 70097
958 490 2491 2520 521983 70216
959 490 2491 2520 523173 70394
960 490 2491 2520 524381 70501
961 491 2491 2520 525532 70604
962 491 2491 2520 526718 70748
963 492 2491 2520 527895 70848
964 492 2491 2520 528964 70934
965 493 2491 2520 530087 70993
966 494 2491 2520 531185 71133
967 495 2491 2520 532241 71187
968 496 2491 2520 533256 71321
969 497 2491 2520 534342 71420
970 500 2491 2520 535440 71486
971 501 2491 2520 536523 71582
972 502 2491 2520 537587 71707
973 502 2491 2520 538630 71810
974 504 2491 2520 539735 71894
975 505 2491 2520 540753 71991
976 508 2491 2520 541925 72147
977 510 2491 2520 543060 72243
978 511 2491 2520 544291 72340
979 513 2491 2520 545518 72455
980 514 2491 2520 546779 72653
981 516 2491 2520 548023 72806
982 516 2491 2520 549258 72908
983 518 2491 2520 550484 72963
984 518 2491 2520 551803 73131
985 518 2491 2520 553059 73263
986 518 2491 2520 554186 73412
987 520 2491 2520 555389 73555
988 522 2491 2520 556636 73696
989 523 2491 2520 557846 73779
990 524 2490 2520 559122 73895
991 525 2490 2520 560323 74016
992 526 2490 2520 561590 74109
993 528 2490 2520 562850 74220
994 529 2490 2520 564096 74284
995 530 2490 2520 565272 74377
996 531 2490 2520 566439 74516
997 532 2490 2520 567676 74598
998 532 2490 2520 568853 74701
999 532 2490 2520 570073 74836
1000 535 2490 2520 571262 74885
