0 1 2519 2520 796 500
1 1 2519 2520 822 518
2 1 2519 2520 845 534
3 1 2519 2520 864 545
4 1 2519 2520 887 564
5 1 2519 2520 921 584
6 1 2519 2520 955 599
7 1 2519 2520 1001 626
8 1 2519 2520 1038 643
9 1 2519 2520 1089 674
10 1 2519 2520 1124 691
11 1 2519 2520 1165 712
12 1 2519 2520 1196 720
13 1 2519 2520 1244 739
14 1 2519 2520 1278 746
15 1 2519 2520 1302 746
16 1 2519 2520 1323 751
17 1 2519 2520 1340 754
18 1 2519 2520 1356 756
19 1 2519 2520 1367 758
20 2 2519 2520 1374 757
21 2 2519 2520 1400 764
22 2 2519 2520 1489 794
23 2 2519 2520 1605 838
24 2 2519 2520 1705 869
25 2 2519 2520 1824 916
26 2 2519 2520 1909 957
27 2 2519 2520 1999 989
28 2 2519 2520 2084 1014
29 2 2519 2520 2141 1033
30 2 2519 2520 2227 1058
31 2 2519 2520 2297 1083
32 2 2519 2520 2357 1106
33 2 2519 2520 2388 1115
34 2 2519 2520 2444 1128
35 2 2519 2520 2479 1139
36 2 2519 2520 2524 1148
37 2 2519 2520 2548 1150
38 2 2519 2520 2574 1142
39 2 2519 2520 2612 1152
40 2 2519 2520 2646 1164
41 3 2519 2520 2668 1163
42 3 2519 2520 2704 1180
43 4 2519 2520 2785 1212
44 4 2519 2520 2880 1242
45 4 2519 2520 3023 1304
46 4 2519 2520 3168 1346
47 4 2519 2520 3309 1398
48 4 2519 2520 3468 1439
49 4 2519 2520 3615 1486
50 4 2519 2520 3748 1514
51 4 2519 2520 3874 1526
52 4 2519 2520 3985 1539
53 4 2519 2520 4106 1571
54 4 2519 2520 4195 1595
55 4 2519 2520 4330 1626
56 4 2519 2520 4427 1645
57 4 2519 2520 4507 1661
58 4 2519 2520 4600 1701
59 4 2519 2520 4684 1720
60 4 2519 2520 4760 1727
61 4 2519 2520 4826 1740
62 6 2519 2520 4903 1765
63 7 2519 2520 4988 1778
64 7 2519 2520 5164 1841
65 7 2519 2520 5358 1891
66 7 2519 2520 5571 1966
67 7 2519 2520 5819 2034
68 8 2519 2520 6046 2088
69 8 2519 2520 6258 2139
70 8 2519 2520 6505 2201
71 8 2519 2520 6751 2269
72 8 2519 2520 6969 2320
73 8 2519 2520 7183 2349
74 8 2518 2520 7424 2381
75 8 2518 2520 7654 2443
76 8 2518 2520 7846 2482
77 8 2518 2520 8052 2531
78 8 2518 2520 8226 2555
79 8 2518 2520 8394 2575
80 8 2518 2520 8565 2610
81 8 2518 2520 8678 2623
82 8 2518 2520 8812 2660
83 8 2517 2520 8935 2677
84 8 2517 2520 9076 2721
85 8 2517 2520 9188 2729
86 8 2517 2520 9307 2736
87 11 2517 2520 9395 2761
88 11 2517 2520 9540 2784
89 12 2517 2520 9721 2810
90 12 2517 2520 9946 2870
91 13 2517 2520 10187 2918
92 13 2517 2520 10452 2954
93 13 2517 2520 10761 3009
94 13 2517 2520 11060 3045
95 13 2517 2520 11330 3093
96 13 2517 2520 11606 3145
97 13 2517 2520 11869 3193
98 13 2517 2520 12130 3247
99 14 2517 2520 12367 3286
100 14 2517 2520 12603 3337
101 14 2517 2520 12832 3367
102 14 2517 2520 13045 3416
103 14 2517 2520 13260 3447
104 14 2517 2520 13465 3486
105 14 2517 2520 13677 3513
106 14 2517 2520 13845 3541
107 14 2517 2520 14040 3559
108 14 2517 2520 14216 3591
109 14 2517 2520 14416 3623
110 14 2517 2520 14596 3660
111 14 2517 2520 14774 3691
112 14 2517 2520 14898 3714
113 14 2517 2520 15042 3743
114 15 2517 2520 15203 3788
115 16 2517 2520 15356 3827
116 17 2517 2520 15519 3872
117 17 2517 2520 15691 3919
118 17 2517 2520 15916 3992
119 17 2517 2520 16120 4065
120 17 2517 2520 16344 4130
121 17 2517 2520 16560 4177
122 17 2517 2520 16762 4216
123 17 2517 2520 17002 4264
124 18 2517 2520 17189 4310
125 18 2517 2520 17392 4363
126 18 2517 2520 17615 4406
127 18 2517 2520 17837 4445
128 18 2517 2520 18059 4502
129 18 2517 2520 18269 4567
130 19 2517 2520 18482 4583
131 20 2517 2520 18692 4659
132 20 2517 2520 18914 4695
133 20 2517 2520 19167 4750
134 20 2517 2520 19401 4791
135 20 2517 2520 19601 4820
136 20 2517 2520 19798 4864
137 20 2517 2520 19989 4888
138 21 2517 2520 20175 4930
139 21 2517 2520 20329 4967
140 21 2517 2520 20567 4997
141 21 2517 2520 20769 5007
142 21 2517 2520 20985 5042
143 21 2516 2520 21226 5065
144 22 2516 2520 21436 5092
145 22 2516 2520 21699 5123
146 22 2516 2520 21920 5147
147 22 2516 2520 22151 5171
148 22 2516 2520 22407 5193
149 22 2516 2520 22620 5229
150 23 2516 2520 22833 5272
151 24 2516 2520 23042 5280
152 25 2516 2520 23283 5311
153 25 2516 2520 23555 5372
154 25 2516 2520 23791 5416
155 25 2516 2520 24069 5472
156 25 2516 2520 24321 5518
157 25 2516 2520 24566 5563
158 25 2516 2520 24826 5605
159 25 2516 2520 25093 5665
160 25 2516 2520 25329 5686
161 26 2516 2520 25584 5727
162 26 2516 2520 25811 5770
163 27 2516 2520 26084 5844
164 27 2516 2520 26346 5908
165 27 2516 2520 26608 5944
166 27 2516 2520 26858 5996
167 27 2516 2520 27119 6052
168 27 2516 2520 27388 6100
169 27 2516 2520 27619 6160
170 28 2516 2520 27876 6202
171 28 2516 2520 28118 6258
172 28 2516 2520 28353 6300
173 28 2515 2520 28575 6333
174 28 2515 2520 28803 6372
175 28 2515 2520 29014 6407
176 29 2515 2520 29207 6429
177 29 2515 2520 29435 6451
178 30 2515 2520 29688 6481
179 30 2515 2520 29913 6541
180 30 2515 2520 30206 6572
181 31 2515 2520 30449 6596
182 31 2515 2520 30689 6664
183 31 2515 2520 30943 6714
184 32 2515 2520 31196 6765
185 33 2515 2520 31432 6804
186 33 2515 2520 31711 6864
187 33 2515 2520 32014 6934
188 34 2515 2520 32320 6992
189 34 2515 2520 32609 7047
190 34 2515 2520 32950 7111
191 34 2515 2520 33278 7207
192 34 2515 2520 33595 7253
193 34 2515 2520 33924 7319
194 34 2515 2520 34225 7389
195 34 2515 2520 34451 7419
196 34 2515 2520 34756 7454
197 34 2515 2520 35053 7525
198 34 2515 2520 35346 7555
199 34 2515 2520 35575 7603
200 34 2515 2520 35779 7649
201 34 2515 2520 35995 7671
202 34 2515 2520 36220 7723
203 35 2515 2520 36408 7777
204 35 2515 2520 36617 7828
205 35 2515 2520 36827 7862
206 35 2515 2520 37068 7902
207 35 2515 2520 37272 7943
208 35 2515 2520 37449 7956
209 35 2515 2520 37648 7989
210 35 2515 2520 37853 8023
211 36 2515 2520 38017 8047
212 36 2515 2520 38187 8090
213 37 2515 2520 38405 8124
214 37 2515 2520 38634 8176
215 38 2515 2520 38897 8224
216 38 2515 2520 39192 8280
217 39 2515 2520 39481 8334
218 39 2515 2520 39801 8374
219 39 2515 2520 40053 8433
220 39 2515 2520 40336 8514
221 39 2515 2520 40644 8555
222 41 2515 2520 40944 8594
223 42 2515 2520 41223 8651
224 42 2515 2520 41524 8698
225 42 2515 2520 41864 8752
226 42 2515 2520 42189 8798
227 42 2515 2520 42463 8838
228 42 2515 2520 42813 8928
229 42 2515 2520 43107 9000
230 43 2515 2520 43374 9057
231 44 2515 2520 43714 9112
232 44 2515 2520 44032 9134
233 44 2515 2520 44342 9204
234 44 2515 2520 44634 9258
235 44 2515 2520 44937 9295
236 44 2515 2520 45253 9378
237 44 2515 2520 45481 9421
238 45 2515 2520 45776 9460
239 46 2514 2520 46050 9506
240 46 2514 2520 46393 9565
241 47 2514 2520 46767 9626
242 47 2514 2520 47121 9694
243 48 2514 2520 47492 9776
244 48 2514 2520 47853 9796
245 48 2514 2520 48209 9824
246 48 2514 2520 48544 9863
247 48 2514 2520 48906 9920
248 48 2514 2520 49225 9932
249 48 2513 2520 49552 9960
250 48 2513 2520 49871 10006
251 49 2513 2520 50155 10038
252 50 2513 2520 50444 10071
253 51 2513 2520 50764 10114
254 52 2513 2520 51098 10176
255 52 2513 2520 51466 10229
256 53 2513 2520 51826 10313
257 53 2513 2520 52236 10399
258 53 2513 2520 52620 10448
259 54 2513 2520 53039 10507
260 54 2513 2520 53440 10536
261 54 2513 2520 53850 10583
262 54 2513 2520 54191 10665
263 54 2513 2520 54550 10715
264 55 2513 2520 54917 10774
265 55 2513 2520 55264 10804
266 55 2513 2520 55660 10859
267 56 2513 2520 56034 10926
268 56 2513 2520 56400 10979
269 56 2513 2520 56781 11030
270 58 2513 2520 57138 11134
271 58 2513 2520 57486 11204
272 59 2513 2520 57849 11275
273 59 2513 2520 58272 11328
274 59 2513 2520 58695 11399
275 59 2513 2520 59096 11453
276 60 2513 2520 59515 11508
277 60 2513 2520 59876 11558
278 60 2513 2520 60243 11616
279 60 2513 2520 60634 11648
280 61 2513 2520 61047 11743
281 61 2513 2520 61400 11799
282 61 2513 2520 61729 11843
283 61 2513 2520 62105 11906
284 61 2513 2520 62465 11954
285 61 2513 2520 62794 12007
286 61 2513 2520 63095 12053
287 61 2513 2520 63440 12144
288 61 2513 2520 63727 12153
289 62 2513 2520 64002 12192
290 63 2513 2520 64268 12232
291 63 2513 2520 64576 12308
292 64 2513 2520 64883 12368
293 64 2513 2520 65199 12401
294 64 2513 2520 65517 12444
295 64 2513 2520 65803 12475
296 64 2513 2520 66109 12532
297 64 2513 2520 66385 12578
298 64 2513 2520 66675 12613
299 64 2513 2520 67009 12666
300 64 2513 2520 67299 12724
301 64 2513 2520 67561 12780
302 64 2513 2520 67871 12827
303 64 2513 2520 68157 12858
304 64 2513 2520 68404 12919
305 64 2513 2520 68676 12927
306 64 2513 2520 68894 12949
307 64 2513 2520 69101 12981
308 64 2513 2520 69318 13027
309 64 2513 2520 69542 13064
310 65 2513 2520 69780 13111
311 66 2513 2520 70038 13169
312 68 2513 2520 70301 13179
313 71 2513 2520 70640 13257
314 72 2513 2520 70957 13320
315 72 2513 2520 71295 13341
316 72 2513 2520 71703 13465
317 73 2513 2520 72118 13531
318 73 2513 2520 72509 13594
319 73 2513 2520 72965 13637
320 74 2513 2520 73417 13752
321 74 2513 2520 73867 13824
322 74 2513 2520 74337 13924
323 75 2513 2520 74784 13987
324 75 2513 2520 75270 14088
325 75 2513 2520 75683 14150
326 75 2513 2520 76092 14203
327 76 2513 2520 76496 14248
328 76 2513 2520 76904 14318
329 76 2513 2520 77317 14389
330 76 2513 2520 77683 14463
331 76 2513 2520 78049 14525
332 77 2513 2520 78423 14587
333 77 2513 2520 78844 14644
334 77 2513 2520 79198 14695
335 77 2513 2520 79598 14749
336 77 2513 2520 79995 14802
337 77 2513 2520 80360 14850
338 77 2513 2520 80694 14873
339 78 2513 2520 81025 14947
340 79 2513 2520 81372 15003
341 79 2513 2520 81745 15038
342 80 2513 2520 82091 15121
343 80 2513 2520 82478 15217
344 80 2513 2520 82901 15314
345 80 2513 2520 83296 15381
346 80 2513 2520 83656 15428
347 81 2513 2520 84016 15509
348 82 2513 2520 84432 15586
349 82 2513 2520 84802 15663
350 82 2513 2520 85230 15739
351 83 2513 2520 85641 15818
352 83 2513 2520 86011 15871
353 83 2513 2520 86385 15937
354 83 2513 2520 86817 15988
355 83 2513 2520 87136 16052
356 84 2513 2520 87465 16093
357 85 2513 2520 87818 16146
358 85 2513 2520 88216 16222
359 86 2513 2520 88587 16272
360 86 2513 2520 88921 16359
361 86 2513 2520 89268 16428
362 86 2513 2520 89654 16475
363 86 2513 2520 90031 16570
364 86 2513 2520 90348 16631
365 86 2513 2520 90703 16698
366 86 2513 2520 91042 16761
367 87 2513 2520 91343 16797
368 87 2513 2520 91653 16856
369 87 2513 2520 91995 16909
370 89 2512 2520 92348 16971
371 91 2512 2520 92764 17036
372 92 2512 2520 93179 17121
373 93 2512 2520 93623 17179
374 93 2512 2520 94138 17274
375 93 2512 2520 94666 17339
376 94 2512 2520 95080 17419
377 94 2512 2520 95616 17504
378 94 2512 2520 96141 17559
379 94 2512 2520 96639 17632
380 94 2512 2520 97144 17699
381 94 2512 2520 97638 17768
382 96 2512 2520 98127 17816
383 96 2512 2520 98594 17887
384 96 2512 2520 99044 17962
385 96 2512 2520 99519 18017
386 96 2512 2520 99976 18039
387 96 2512 2520 100425 18086
388 96 2512 2520 100848 18159
389 96 2511 2520 101217 18206
390 96 2511 2520 101616 18303
391 96 2511 2520 101992 18365
392 96 2511 2520 102383 18425
393 97 2511 2520 102782 18503
394 97 2511 2520 103105 18524
395 99 2511 2520 103489 18556
396 100 2510 2520 103906 18608
397 100 2510 2520 104336 18680
398 100 2510 2520 104799 18739
399 100 2510 2520 105186 18789
400 100 2510 2520 105659 18843
401 100 2510 2520 106109 18910
402 101 2510 2520 106546 18974
403 101 2509 2520 106927 19029
404 103 2509 2520 107387 19087
405 103 2509 2520 107810 19124
406 103 2509 2520 108258 19175
407 103 2509 2520 108640 19255
408 103 2509 2520 109090 19329
409 104 2509 2520 109528 19362
410 104 2509 2520 109918 19388
411 104 2509 2520 110349 19462
412 104 2509 2520 110734 19534
413 105 2509 2520 111121 19563
414 105 2509 2520 111529 19627
415 105 2509 2520 111886 19673
416 106 2509 2520 112227 19694
417 106 2509 2520 112606 19716
418 107 2509 2520 113020 19763
419 107 2509 2520 113414 19789
420 107 2509 2520 113795 19851
421 108 2509 2520 114202 19931
422 109 2509 2520 114627 19968
423 111 2509 2520 115042 20038
424 111 2509 2520 115464 20093
425 111 2509 2520 115944 20116
426 111 2509 2520 116392 20165
427 111 2509 2520 116903 20252
428 112 2509 2520 117365 20339
429 113 2509 2520 117813 20373
430 113 2509 2520 118285 20467
431 113 2509 2520 118747 20529
432 113 2509 2520 119203 20606
433 113 2509 2520 119694 20690
434 113 2509 2520 120139 20749
435 113 2509 2520 120579 20803
436 113 2508 2520 120978 20869
437 114 2508 2520 121362 20924
438 114 2508 2520 121782 20976
439 114 2508 2520 122171 21024
440 114 2508 2520 122568 21088
441 115 2508 2520 122962 21208
442 115 2508 2520 123379 21236
443 115 2508 2520 123739 21277
444 115 2508 2520 124043 21330
445 116 2508 2520 124358 21350
446 117 2508 2520 124699 21383
447 118 2508 2520 125050 21443
448 118 2508 2520 125434 21506
449 118 2508 2520 125860 21561
450 118 2508 2520 126278 21650
451 118 2508 2520 126678 21689
452 118 2508 2520 127066 21764
453 119 2508 2520 127440 21783
454 119 2508 2520 127757 21828
455 119 2508 2520 128126 21921
456 119 2508 2520 128461 21966
457 120 2508 2520 128791 22014
458 121 2508 2520 129183 22072
459 122 2508 2520 129575 22126
460 123 2508 2520 129955 22192
461 124 2508 2520 130385 22271
462 124 2508 2520 130836 22349
463 124 2508 2520 131302 22385
464 124 2508 2520 131734 22420
465 124 2508 2520 132161 22504
466 124 2508 2520 132611 22580
467 124 2508 2520 133029 22647
468 124 2508 2520 133465 22706
469 126 2508 2520 133862 22759
470 127 2508 2520 134244 22838
471 128 2508 2520 134696 22888
472 128 2508 2520 135130 22981
473 128 2508 2520 135522 23044
474 128 2508 2520 135896 23117
475 129 2508 2520 136259 23132
476 129 2508 2520 136622 23181
477 129 2508 2520 137063 23260
478 129 2508 2520 137452 23318
479 130 2508 2520 137858 23406
480 130 2508 2520 138259 23486
481 130 2508 2520 138653 23548
482 131 2508 2520 139069 23600
483 131 2508 2520 139451 23672
484 132 2508 2520 139856 23717
485 132 2508 2520 140276 23795
486 135 2508 2520 140767 23863
487 135 2507 2520 141186 23910
488 135 2507 2520 141679 23978
489 136 2507 2520 142204 24080
490 137 2507 2520 142711 24162
491 138 2507 2520 143237 24225
492 138 2507 2520 143780 24260
493 138 2507 2520 144338 24341
494 139 2507 2520 144861 24428
495 139 2507 2520 145425 24492
496 139 2507 2520 145991 24580
497 139 2507 2520 146478 24615
498 140 2507 2520 146986 24681
499 140 2507 2520 147493 24764
500 140 2507 2520 147937 24823
501 140 2507 2520 148450 24902
502 140 2507 2520 148954 24924
503 140 2507 2520 149441 25007
504 141 2507 2520 149859 25065
505 141 2507 2520 150283 25124
506 141 2507 2520 150752 25183
507 142 2507 2520 151142 25245
508 143 2507 2520 151577 25342
509 144 2507 2520 152056 25419
510 145 2507 2520 152437 25475
511 145 2507 2520 152913 25583
512 145 2507 2520 153422 25666
513 145 2507 2520 153881 25728
514 146 2507 2520 154382 25815
515 147 2507 2520 154859 25861
516 149 2507 2520 155374 25976
517 149 2507 2520 155952 26045
518 150 2507 2520 156543 26152
519 151 2507 2520 157110 26205
520 151 2507 2520 157696 26284
521 152 2507 2520 158319 26402
522 152 2507 2520 158931 26520
523 152 2507 2520 159555 26567
524 152 2507 2520 160203 26647
525 152 2507 2520 160720 26712
526 152 2507 2520 161259 26814
527 152 2507 2520 161817 26907
528 152 2507 2520 162367 26951
529 152 2507 2520 162909 27029
530 152 2507 2520 163392 27088
531 152 2507 2520 163889 27193
532 153 2507 2520 164364 27219
533 154 2507 2520 164848 27310
534 154 2507 2520 165326 27385
535 154 2506 2520 165840 27455
536 155 2506 2520 166289 27516
537 155 2506 2520 166823 27623
538 155 2506 2520 167336 27683
539 156 2506 2520 167814 27794
540 156 2506 2520 168302 27845
541 156 2506 2520 168819 27895
542 156 2506 2520 169298 27941
543 157 2506 2520 169768 28023
544 158 2506 2520 170258 28110
545 158 2506 2520 170773 28198
546 160 2506 2520 171220 28255
547 163 2506 2520 171773 28349
548 163 2506 2520 172358 28413
549 163 2506 2520 172951 28516
550 164 2506 2520 173548 28611
551 165 2506 2520 174170 28678
552 166 2506 2520 174757 28784
553 166 2506 2520 175375 28853
554 167 2506 2520 176026 28952
555 167 2506 2520 176701 29086
556 167 2506 2520 177339 29147
557 167 2506 2520 177950 29235
558 167 2506 2520 178518 29307
559 167 2506 2520 179138 29369
560 167 2506 2520 179708 29429
561 167 2506 2520 180259 29488
562 167 2506 2520 180796 29537
563 170 2506 2520 181249 29614
564 171 2506 2520 181795 29657
565 173 2506 2520 182341 29763
566 173 2506 2520 182970 29871
567 176 2506 2520 183606 29946
568 177 2506 2520 184154 30070
569 177 2506 2520 184740 30186
570 178 2506 2520 185399 30282
571 179 2506 2520 186056 30390
572 179 2506 2520 186736 30486
573 179 2506 2520 187442 30612
574 179 2506 2520 188088 30717
575 180 2506 2520 188747 30824
576 181 2506 2520 189427 30900
577 182 2506 2520 190072 31024
578 182 2506 2520 190677 31111
579 183 2506 2520 191350 31191
580 183 2506 2520 191928 31300
581 183 2506 2520 192562 31407
582 184 2506 2520 193268 31503
583 184 2506 2520 193969 31593
584 185 2506 2520 194560 31630
585 185 2506 2520 195247 31761
586 185 2506 2520 195898 31856
587 185 2506 2520 196527 31957
588 185 2506 2520 197097 32048
589 185 2506 2520 197670 32127
590 186 2505 2520 198224 32209
591 187 2505 2520 198818 32347
592 188 2505 2520 199369 32444
593 188 2505 2520 199983 32511
594 188 2505 2520 200575 32588
595 188 2504 2520 201224 32707
596 189 2504 2520 201767 32761
597 189 2504 2520 202357 32855
598 189 2504 2520 202925 32941
599 190 2504 2520 203475 33027
600 190 2504 2520 204117 33153
601 192 2504 2520 204752 33235
602 193 2504 2520 205338 33306
603 194 2504 2520 205951 33384
604 194 2504 2520 206623 33485
605 194 2504 2520 207229 33599
606 194 2504 2520 207761 33672
607 195 2504 2520 208403 33757
608 196 2504 2520 209015 33860
609 198 2504 2520 209657 33939
610 198 2504 2520 210303 34058
611 198 2504 2520 210908 34098
612 198 2504 2520 211500 34191
613 199 2503 2520 212097 34263
614 200 2503 2520 212694 34319
615 202 2503 2520 213305 34350
616 202 2503 2520 213979 34493
617 203 2503 2520 214575 34578
618 203 2503 2520 215234 34698
619 203 2503 2520 215840 34805
620 203 2503 2520 216502 34919
621 203 2502 2520 217051 35011
622 203 2502 2520 217757 35098
623 205 2502 2520 218399 35165
624 206 2502 2520 219042 35218
625 207 2502 2520 219650 35295
626 207 2502 2520 220286 35342
627 207 2502 2520 220948 35409
628 207 2502 2520 221558 35512
629 208 2502 2520 222216 35635
630 210 2502 2520 222822 35691
631 210 2502 2520 223486 35812
632 211 2502 2520 224116 35863
633 211 2502 2520 224733 35928
634 213 2502 2520 225364 36034
635 214 2502 2520 226040 36157
636 216 2502 2520 226754 36293
637 216 2502 2520 227514 36429
638 216 2502 2520 228321 36524
639 216 2501 2520 229140 36674
640 216 2501 2520 229939 36769
641 216 2501 2520 230640 36881
642 217 2501 2520 231400 37011
643 217 2501 2520 232100 37147
644 217 2501 2520 232777 37236
645 217 2501 2520 233456 37301
646 218 2501 2520 234203 37329
647 218 2501 2520 234871 37397
648 218 2501 2520 235516 37473
649 219 2501 2520 236227 37558
650 219 2501 2520 236893 37673
651 220 2501 2520 237568 37753
652 222 2501 2520 238212 37846
653 222 2500 2520 238801 37932
654 222 2500 2520 239454 38011
655 223 2500 2520 240054 38081
656 225 2500 2520 240740 38147
657 225 2500 2520 241435 38287
658 227 2500 2520 242145 38376
659 228 2500 2520 242830 38459
660 228 2500 2520 243595 38570
661 228 2500 2520 244240 38655
662 228 2500 2520 244917 38740
663 229 2500 2520 245560 38772
664 230 2500 2520 246283 38883
665 230 2500 2520 246979 38986
666 230 2500 2520 247676 39108
667 230 2500 2520 248327 39211
668 230 2500 2520 248960 39276
669 232 2500 2520 249645 39362
670 235 2500 2520 250264 39413
671 235 2500 2520 250952 39495
672 236 2500 2520 251622 39555
673 237 2500 2520 252340 39659
674 237 2500 2520 252977 39769
675 238 2500 2520 253703 39874
676 240 2500 2520 254423 39966
677 240 2500 2520 255130 40075
678 240 2500 2520 255898 40144
679 240 2500 2520 256741 40233
680 241 2500 2520 257511 40352
681 242 2500 2520 258211 40460
682 242 2500 2520 258925 40554
683 243 2500 2520 259708 40631
684 243 2500 2520 260382 40700
685 244 2499 2520 261162 40842
686 246 2499 2520 261953 40925
687 246 2499 2520 262685 41044
688 248 2499 2520 263437 41122
689 248 2499 2520 264157 41199
690 248 2499 2520 264960 41289
691 249 2499 2520 265722 41383
692 250 2499 2520 266531 41468
693 252 2499 2520 267309 41566
694 252 2499 2520 268116 41673
695 252 2499 2520 268933 41776
696 253 2499 2520 269651 41821
697 253 2499 2520 270381 41907
698 254 2499 2520 271023 41979
699 256 2498 2520 271792 42054
700 258 2498 2520 272573 42148
701 259 2498 2520 273420 42250
702 259 2498 2520 274300 42316
703 259 2498 2520 275132 42411
704 260 2498 2520 276029 42524
705 261 2498 2520 276874 42694
706 262 2496 2520 277740 42780
707 264 2494 2520 278628 42896
708 266 2494 2520 279614 43019
709 267 2494 2520 280580 43155
710 268 2494 2520 281610 43364
711 268 2494 2520 282507 43458
712 270 2494 2520 283448 43530
713 271 2494 2520 284454 43632
714 272 2494 2520 285457 43722
715 272 2494 2520 286495 43819
716 272 2494 2520 287534 43911
717 272 2494 2520 288512 44054
718 272 2494 2520 289433 44102
719 273 2494 2520 290307 44228
720 276 2494 2520 291297 44338
721 277 2494 2520 292163 44459
722 278 2494 2520 293103 44601
723 279 2494 2520 294069 44757
724 280 2494 2520 294968 44911
725 282 2494 2520 295855 44931
726 282 2494 2520 296801 45072
727 282 2494 2520 297716 45214
728 283 2494 2520 298737 45312
729 283 2494 2520 299700 45378
730 283 2494 2520 300652 45488
731 283 2494 2520 301629 45587
732 284 2494 2520 302553 45684
733 285 2494 2520 303493 45745
734 285 2494 2520 304439 45892
735 286 2494 2520 305282 46023
736 287 2494 2520 306131 46125
737 288 2494 2520 307063 46241
738 288 2494 2520 307921 46314
739 289 2494 2520 308759 46451
740 291 2494 2520 309658 46560
741 291 2494 2520 310508 46688
742 292 2494 2520 311448 46802
743 293 2494 2520 312303 46888
744 294 2494 2520 313235 46989
745 294 2494 2520 314229 47105
746 295 2494 2520 315169 47247
747 296 2494 2520 316138 47389
748 296 2494 2520 317120 47485
749 298 2493 2520 318163 47610
750 298 2493 2520 319137 47697
751 299 2493 2520 320034 47803
752 299 2493 2520 321015 47954
753 301 2493 2520 322000 48075
754 301 2493 2520 323027 48159
755 302 2493 2520 323942 48281
756 303 2493 2520 324786 48402
757 303 2493 2520 325719 48450
758 305 2493 2520 326708 48597
759 305 2493 2520 327560 48672
760 310 2493 2520 328511 48834
761 312 2493 2520 329457 48993
762 313 2493 2520 330487 49136
763 314 2493 2520 331520 49284
764 314 2493 2520 332541 49369
765 314 2493 2520 333617 49487
766 316 2493 2520 334651 49612
767 316 2493 2520 335683 49711
768 318 2493 2520 336741 49888
769 318 2493 2520 337775 49970
770 320 2493 2520 338868 50108
771 321 2493 2520 339879 50203
772 321 2493 2520 340982 50330
773 321 2493 2520 342031 50428
774 323 2493 2520 342963 50522
775 324 2493 2520 343968 50683
776 325 2493 2520 344867 50810
777 325 2493 2520 345833 50955
778 326 2493 2520 346825 51086
779 327 2493 2520 347756 51221
780 328 2493 2520 348724 51336
781 328 2493 2520 349625 51438
782 331 2493 2520 350518 51545
783 332 2493 2520 351431 51686
784 334 2493 2520 352352 51737
785 335 2493 2520 353333 51813
786 339 2493 2520 354395 51955
787 339 2493 2520 355361 52108
788 339 2493 2520 356514 52286
789 341 2492 2520 357679 52451
790 341 2492 2520 358767 52526
791 342 2492 2520 359834 52701
792 342 2492 2520 360865 52723
793 342 2492 2520 361957 52841
794 343 2492 2520 363004 52952
795 344 2492 2520 363973 53011
796 344 2492 2520 364968 53168
797 345 2492 2520 366002 53302
798 345 2492 2520 366987 53397
799 346 2492 2520 367992 53494
800 346 2492 2520 369025 53556
801 346 2492 2520 370072 53679
802 348 2492 2520 371008 53762
803 349 2492 2520 372044 53893
804 349 2492 2520 373002 54021
805 349 2491 2520 373879 54106
806 351 2491 2520 374743 54202
807 353 2491 2520 375671 54337
808 355 2491 2520 376546 54418
809 355 2491 2520 377507 54526
810 356 2491 2520 378465 54626
811 356 2491 2520 379427 54715
812 358 2491 2520 380409 54781
813 358 2491 2520 381423 54901
814 360 2491 2520 382357 54982
815 360 2491 2520 383425 55130
816 361 2491 2520 384509 55230
817 362 2491 2520 385534 55313
818 362 2491 2520 386525 55418
819 362 2491 2520 387507 55529
820 362 2491 2520 388560 55615
821 363 2491 2520 389487 55696
822 363 2491 2520 390391 55807
823 366 2491 2520 391353 55958
824 367 2491 2520 392211 56124
825 367 2491 2520 393205 56260
826 368 2491 2520 394070 56362
827 369 2491 2520 395062 56491
828 370 2491 2520 395951 56597
829 370 2491 2520 396959 56703
830 371 2491 2520 397937 56839
831 374 2491 2520 398856 56935
832 375 2491 2520 399844 57084
833 377 2491 2520 400740 57193
834 378 2491 2520 401733 57274
835 379 2491 2520 402687 57302
836 381 2491 2520 403710 57425
837 381 2491 2520 404689 57512
838 382 2491 2520 405779 57616
839 382 2491 2520 406806 57713
840 382 2491 2520 407846 57840
841 385 2490 2520 408767 57961
842 385 2490 2520 409758 58067
843 387 2490 2520 410727 58172
844 389 2490 2520 411798 58257
845 389 2490 2520 412884 58335
846 390 2490 2520 414028 58506
847 392 2490 2520 415032 58598
848 393 2490 2520 416029 58786
849 394 2490 2520 417108 58909
850 395 2490 2520 418177 59060
851 395 2490 2520 419300 59213
852 395 2490 2520 420342 59326
853 397 2489 2520 421364 59426
854 400 2489 2520 422425 59602
855 400 2489 2520 423455 59682
856 400 2489 2520 424510 59796
857 400 2489 2520 425487 59890
858 400 2489 2520 426494 59998
859 401 2489 2520 427435 60092
860 401 2489 2520 428412 60223
861 403 2489 2520 429412 60305
862 404 2489 2520 430441 60383
863 404 2489 2520 431393 60549
864 405 2488 2520 432308 60660
865 406 2488 2520 433270 60765
866 407 2488 2520 434258 60832
867 407 2488 2520 435303 60978
868 408 2488 2520 436271 61116
869 411 2488 2520 437250 61270
870 414 2488 2520 438258 61410
871 415 2488 2520 439354 61598
872 416 2488 2520 440379 61735
873 416 2488 2520 441427 61848
874 417 2487 2520 442501 61964
875 418 2487 2520 443542 62057
876 418 2487 2520 444571 62201
877 418 2487 2520 445585 62311
878 418 2487 2520 446605 62438
879 419 2487 2520 447617 62536
880 419 2487 2520 448603 62640
881 420 2487 2520 449542 62721
882 421 2486 2520 450469 62874
883 425 2486 2520 451413 63024
884 425 2486 2520 452418 63139
885 425 2486 2520 453429 63217
886 426 2486 2520 454423 63353
887 427 2486 2520 455483 63495
888 428 2486 2520 456458 63635
889 430 2486 2520 457448 63722
890 431 2486 2520 458356 63835
891 431 2486 2520 459316 63905
892 433 2486 2520 460268 64025
893 433 2486 2520 461246 64132
894 434 2486 2520 462236 64293
895 434 2486 2520 463112 64436
896 435 2485 2520 464036 64553
897 436 2485 2520 464981 64621
898 436 2484 2520 465880 64710
899 438 2484 2520 466868 64842
900 438 2484 2520 467905 64899
901 439 2484 2520 468949 65035
902 439 2484 2520 469842 65164
903 439 2484 2520 470784 65305
904 440 2484 2520 471703 65413
905 442 2484 2520 472638 65524
906 443 2484 2520 473559 65595
907 444 2484 2520 474523 65725
908 444 2484 2520 475474 65868
909 444 2484 2520 476451 65991
910 445 2484 2520 477452 66121
911 446 2484 2520 478455 66226
912 447 2484 2520 479412 66293
913 448 2484 2520 480342 66428
914 450 2484 2520 481222 66422
915 452 2484 2520 482154 66550
916 454 2483 2520 483055 66670
917 454 2482 2520 484012 66732
918 456 2482 2520 485011 66867
919 457 2482 2520 486085 67021
920 457 2482 2520 487158 67102
921 459 2482 2520 488215 67243
922 460 2482 2520 489324 67431
923 461 2482 2520 490404 67537
924 461 2482 2520 491399 67695
925 461 2482 2520 492387 67788
926 465 2482 2520 493443 67938
927 467 2482 2520 494535 68056
928 471 2481 2520 495641 68168
929 471 2481 2520 496851 68275
930 472 2481 2520 498061 68389
931 472 2481 2520 499262 68530
932 473 2481 2520 500486 68647
933 474 2481 2520 501655 68681
934 477 2481 2520 502749 68786
935 478 2481 2520 503891 68935
936 479 2481 2520 505079 69050
937 479 2481 2520 506314 69167
938 479 2481 2520 507499 69243
939 480 2481 2520 508600 69331
940 481 2481 2520 509650 69480
941 482 2481 2520 510823 69597
942 483 2481 2520 511929 69649
943 484 2481 2520 513080 69765
944 485 2481 2520 514188 69851
945 485 2481 2520 515281 69897
946 485 2481 2520 516401 70006
947 485 2481 2520 517447 70154
948 487 2481 2520 518520 70284
949 487 2481 2520 519633 70370
950 489 2481 2520 520716 70454
951 490 2480 2520 521875 70559
952 490 2480 2520 522963 70671
953 490 2480 2520 524015 70789
954 493 2480 2520 525047 70937
955 493 2480 2520 526081 71064
956 494 2480 2520 527091 71113
957 495 2480 2520 528129 71204
958 495 2480 2520 529184 71346
959 495 2480 2520 530184 71422
960 496 2479 2520 531220 71471
961 497 2479 2520 532192 71567
962 499 2478 2520 533185 71664
963 503 2478 2520 534208 71739
964 503 2478 2520 535339 71845
965 505 2478 2520 536477 71991
966 506 2478 2520 537624 72124
967 508 2478 2520 538685 72277
968 512 2478 2520 539862 72398
969 512 2478 2520 541130 72523
970 512 2478 2520 542317 72603
971 515 2478 2520 543559 72738
972 515 2478 2520 544812 72863
973 516 2478 2520 546093 72981
974 517 2478 2520 547344 73140
975 517 2478 2520 548628 73265
976 517 2478 2520 549866 73353
977 517 2478 2520 551082 73478
978 517 2478 2520 552332 73668
979 519 2478 2520 553433 73802
980 520 2478 2520 554587 73985
981 521 2478 2520 555685 74043
982 523 2478 2520 556726 74077
983 525 2478 2520 557782 74215
984 528 2478 2520 558933 74378
985 528 2478 2520 560008 74455
986 529 2478 2520 561116 74501
987 530 2478 2520 562340 74665
988 530 2478 2520 563511 74794
989 530 2478 2520 564537 74840
990 530 2478 2520 565662 74969
991 532 2478 2520 566755 75066
992 532 2478 2520 567797 75113
993 532 2478 2520 568843 75228
994 536 2478 2520 569898 75344
995 537 2478 2520 570993 75438
996 538 2478 2520 572053 75518
997 539 2478 2520 573243 75643
998 539 2478 2520 574432 75852
999 539 2478 2520 575634 75932
1000 540 2478 2520 576708 76074
