0 1 2519 2520 797 501
1 1 2519 2520 823 522
2 1 2519 2520 867 553
3 1 2519 2520 912 578
4 1 2519 2520 955 597
5 1 2519 2520 987 613
6 1 2519 2520 1026 628
7 1 2519 2520 1068 647
8 1 2519 2520 1101 659
9 1 2519 2520 1136 670
10 1 2519 2520 1177 684
11 1 2519 2520 1214 698
12 1 2519 2520 1252 706
13 1 2519 2520 1261 710
14 1 2519 2520 1288 712
15 1 2519 2520 1315 721
16 1 2519 2520 1336 731
17 1 2519 2520 1349 730
18 1 2519 2520 1360 727
19 2 2519 2520 1366 726
20 2 2519 2520 1390 734
21 2 2519 2520 1460 766
22 2 2519 2520 1559 811
23 2 2519 2520 1648 842
24 2 2519 2520 1723 867
25 2 2519 2520 1813 904
26 2 2519 2520 1907 941
27 2 2519 2520 1967 959
28 2 2519 2520 2048 980
29 2 2519 2520 2140 1007
30 2 2519 2520 2201 1018
31 2 2519 2520 2265 1030
32 2 2519 2520 2339 1056
33 2 2519 2520 2368 1064
34 2 2519 2520 2421 1089
35 3 2519 2520 2451 1085
36 3 2519 2520 2526 1109
37 3 2519 2520 2616 1148
38 3 2519 2520 2724 1193
39 3 2519 2520 2822 1231
40 3 2519 2520 2911 1255
41 3 2519 2520 3018 1274
42 4 2519 2520 3122 1307
43 4 2519 2520 3239 1341
44 4 2519 2520 3390 1368
45 4 2519 2520 3509 1405
46 4 2519 2520 3631 1443
47 4 2519 2520 3776 1466
48 4 2519 2520 3913 1499
49 4 2519 2520 4003 1519
50 4 2519 2520 4145 1556
51 4 2519 2520 4258 1589
52 4 2519 2520 4364 1617
53 5 2519 2520 4442 1642
54 5 2519 2520 4531 1669
55 5 2519 2520 4659 1708
56 5 2519 2520 4772 1752
57 5 2519 2520 4876 1778
58 5 2519 2520 4994 1809
59 5 2519 2520 5119 1832
60 6 2519 2520 5231 1874
61 6 2519 2520 5372 1910
62 6 2519 2520 5517 1933
63 6 2519 2520 5644 1959
64 7 2519 2520 5787 1979
65 7 2519 2520 5941 2009
66 8 2519 2520 6181 2080
67 8 2519 2520 6389 2123
68 8 2518 2520 6604 2160
69 8 2518 2520 6843 2215
70 8 2518 2520 7080 2260
71 8 2518 2520 7295 2309
72 8 2518 2520 7501 2354
73 8 2518 2520 7691 2397
74 8 2518 2520 7849 2414
75 8 2517 2520 8008 2456
76 8 2517 2520 8205 2479
77 9 2517 2520 8372 2474
78 9 2517 2520 8556 2501
79 9 2517 2520 8749 2543
80 9 2517 2520 8921 2585
81 10 2517 2520 9110 2625
82 11 2517 2520 9297 2656
83 11 2517 2520 9532 2731
84 11 2517 2520 9783 2780
85 11 2517 2520 9994 2829
86 11 2517 2520 10205 2861
87 11 2517 2520 10452 2919
88 11 2517 2520 10658 2982
89 11 2517 2520 10860 3022
90 12 2517 2520 11097 3071
91 12 2517 2520 11286 3113
92 12 2517 2520 11530 3146
93 13 2517 2520 11778 3202
94 13 2517 2520 12007 3257
95 13 2517 2520 12264 3287
96 13 2517 2520 12510 3347
97 13 2517 2520 12743 3408
98 13 2517 2520 12963 3478
99 13 2517 2520 13181 3517
100 13 2517 2520 13368 3528
101 13 2517 2520 13581 3576
102 14 2517 2520 13771 3617
103 14 2517 2520 13968 3691
104 14 2517 2520 14182 3753
105 15 2517 2520 14404 3805
106 15 2517 2520 14586 3853
107 15 2517 2520 14819 3898
108 15 2517 2520 15060 3971
109 15 2516 2520 15281 4022
110 15 2516 2520 15463 4060
111 15 2516 2520 15686 4088
112 15 2516 2520 15882 4111
113 15 2516 2520 16062 4099
114 15 2516 2520 16241 4107
115 15 2516 2520 16402 4113
116 15 2516 2520 16516 4124
117 15 2516 2520 16644 4130
118 16 2516 2520 16763 4147
119 17 2516 2520 16911 4171
120 17 2516 2520 17086 4206
121 17 2516 2520 17259 4238
122 17 2516 2520 17443 4303
123 19 2516 2520 17629 4306
124 19 2516 2520 17851 4358
125 20 2516 2520 18073 4426
126 20 2516 2520 18296 4474
127 20 2516 2520 18547 4531
128 20 2516 2520 18799 4589
129 20 2516 2520 19018 4628
130 21 2516 2520 19234 4675
131 21 2516 2520 19477 4719
132 21 2516 2520 19711 4755
133 21 2516 2520 19969 4794
134 21 2516 2520 20205 4860
135 21 2516 2520 20413 4897
136 21 2516 2520 20616 4936
137 21 2516 2520 20815 4965
138 21 2516 2520 20997 5012
139 21 2516 2520 21198 5052
140 22 2516 2520 21400 5089
141 22 2516 2520 21582 5141
142 23 2516 2520 21848 5191
143 23 2516 2520 22094 5278
144 23 2516 2520 22383 5325
145 23 2516 2520 22639 5373
146 23 2516 2520 22858 5410
147 24 2516 2520 23094 5476
148 24 2516 2520 23310 5495
149 25 2516 2520 23610 5554
150 25 2516 2520 23890 5608
151 26 2516 2520 24158 5634
152 26 2516 2520 24452 5687
153 26 2516 2520 24754 5749
154 26 2516 2520 25078 5805
155 26 2516 2520 25380 5865
156 26 2516 2520 25678 5915
157 26 2516 2520 25995 5973
158 26 2516 2520 26262 6027
159 26 2516 2520 26527 6068
160 26 2516 2520 26810 6156
161 27 2516 2520 27030 6178
162 27 2516 2520 27266 6209
163 28 2516 2520 27530 6217
164 28 2516 2520 27775 6259
165 28 2516 2520 28056 6312
166 28 2516 2520 28318 6387
167 28 2516 2520 28578 6435
168 28 2516 2520 28849 6473
169 28 2516 2520 29136 6553
170 28 2516 2520 29355 6598
171 29 2516 2520 29587 6630
172 29 2516 2520 29832 6661
173 29 2516 2520 30082 6705
174 30 2516 2520 30343 6765
175 30 2516 2520 30580 6800
176 30 2516 2520 30833 6875
177 31 2516 2520 31073 6902
178 31 2516 2520 31301 6942
179 31 2516 2520 31576 6996
180 31 2516 2520 31848 7053
181 31 2516 2520 32118 7119
182 31 2516 2520 32344 7153
183 32 2515 2520 32569 7211
184 32 2515 2520 32838 7255
185 32 2515 2520 33068 7281
186 32 2515 2520 33313 7326
187 33 2515 2520 33549 7366
188 33 2515 2520 33865 7418
189 34 2515 2520 34140 7464
190 34 2515 2520 34388 7527
191 35 2515 2520 34651 7541
192 35 2515 2520 34922 7589
193 35 2515 2520 35207 7626
194 35 2515 2520 35524 7687
195 36 2515 2520 35771 7724
196 36 2515 2520 36093 7796
197 37 2515 2520 36434 7866
198 37 2515 2520 36753 7918
199 37 2515 2520 37107 7950
200 37 2514 2520 37427 7994
201 38 2514 2520 37776 8029
202 38 2514 2520 38146 8100
203 38 2514 2520 38484 8161
204 38 2514 2520 38845 8204
205 38 2514 2520 39148 8237
206 38 2514 2520 39458 8284
207 38 2514 2520 39749 8307
208 38 2514 2520 40048 8324
209 39 2514 2520 40333 8371
210 40 2514 2520 40616 8418
211 40 2514 2520 40905 8452
212 40 2514 2520 41169 8496
213 41 2513 2520 41435 8543
214 41 2513 2520 41725 8594
215 41 2513 2520 42034 8627
216 41 2513 2520 42339 8656
217 41 2513 2520 42665 8711
218 41 2513 2520 42980 8733
219 41 2513 2520 43245 8777
220 41 2513 2520 43535 8819
221 42 2513 2520 43815 8855
222 42 2513 2520 44048 8879
223 42 2513 2520 44317 8936
224 42 2513 2520 44600 8984
225 42 2513 2520 44882 9042
226 42 2513 2520 45142 9099
227 42 2513 2520 45437 9143
228 42 2513 2520 45660 9210
229 43 2513 2520 45908 9259
230 44 2513 2520 46148 9291
231 44 2513 2520 46401 9337
232 45 2513 2520 46674 9412
233 46 2513 2520 46918 9432
234 46 2513 2520 47199 9473
235 46 2513 2520 47505 9533
236 48 2513 2520 47843 9590
237 48 2513 2520 48161 9632
238 49 2513 2520 48563 9699
239 49 2513 2520 48929 9769
240 50 2513 2520 49300 9847
241 50 2513 2520 49679 9930
242 50 2513 2520 50086 10005
243 50 2513 2520 50476 10062
244 50 2513 2520 50904 10150
245 50 2513 2520 51288 10240
246 50 2513 2520 51619 10292
247 52 2513 2520 51945 10309
248 52 2513 2520 52334 10386
249 52 2513 2520 52690 10445
250 52 2513 2520 53075 10499
251 53 2513 2520 53423 10550
252 53 2513 2520 53840 10615
253 53 2513 2520 54266 10685
254 53 2513 2520 54611 10720
255 54 2513 2520 54956 10791
256 55 2512 2520 55305 10848
257 55 2512 2520 55643 10905
258 55 2512 2520 56020 10970
259 56 2512 2520 56370 11047
260 56 2512 2520 56757 11083
261 56 2512 2520 57133 11165
262 57 2512 2520 57510 11240
263 58 2512 2520 57897 11323
264 58 2512 2520 58292 11377
265 58 2512 2520 58711 11430
266 59 2512 2520 59115 11474
267 60 2512 2520 59522 11548
268 60 2512 2520 60006 11623
269 60 2512 2520 60434 11716
270 60 2512 2520 60833 11793
271 60 2512 2520 61227 11853
272 60 2512 2520 61633 11931
273 60 2512 2520 62056 12002
274 60 2512 2520 62363 12060
275 60 2512 2520 62711 12118
276 60 2512 2520 63055 12158
277 60 2512 2520 63389 12196
278 60 2512 2520 63742 12234
279 60 2512 2520 64050 12281
280 61 2512 2520 64360 12345
281 62 2512 2520 64647 12412
282 62 2512 2520 64973 12496
283 62 2512 2520 65297 12543
284 62 2512 2520 65555 12589
285 62 2512 2520 65794 12640
286 62 2512 2520 66083 12688
287 62 2512 2520 66338 12734
288 63 2512 2520 66632 12762
289 65 2512 2520 66908 12789
290 65 2512 2520 67244 12859
291 65 2512 2520 67590 12956
292 65 2512 2520 67946 13037
293 66 2512 2520 68297 13107
294 67 2512 2520 68695 13171
295 67 2512 2520 69024 13241
296 67 2512 2520 69364 13296
297 67 2512 2520 69687 13336
298 68 2512 2520 70034 13401
299 68 2512 2520 70411 13465
300 68 2512 2520 70772 13553
301 68 2512 2520 71117 13585
302 68 2512 2520 71417 13605
303 68 2512 2520 71746 13674
304 68 2512 2520 72085 13728
305 68 2512 2520 72393 13762
306 68 2512 2520 72694 13809
307 68 2512 2520 73012 13858
308 70 2512 2520 73334 13892
309 70 2512 2520 73670 13945
310 70 2512 2520 73999 14007
311 70 2512 2520 74332 14065
312 70 2512 2520 74664 14105
313 70 2512 2520 74946 14152
314 70 2512 2520 75249 14213
315 72 2512 2520 75550 14247
316 73 2512 2520 75882 14313
317 73 2512 2520 76257 14414
318 73 2512 2520 76555 14459
319 74 2512 2520 76896 14505
320 74 2512 2520 77226 14580
321 74 2512 2520 77611 14674
322 75 2512 2520 77995 14727
323 76 2512 2520 78386 14812
324 76 2512 2520 78782 14908
325 76 2512 2520 79137 14960
326 77 2512 2520 79521 14999
327 77 2512 2520 79917 15041
328 77 2512 2520 80326 15110
329 77 2511 2520 80724 15179
330 77 2511 2520 81124 15243
331 77 2511 2520 81461 15287
332 78 2511 2520 81882 15325
333 78 2511 2520 82252 15407
334 78 2511 2520 82691 15485
335 79 2511 2520 83047 15536
336 79 2511 2520 83450 15613
337 79 2511 2520 83841 15669
338 79 2511 2520 84268 15754
339 79 2511 2520 84655 15814
340 79 2511 2520 85010 15855
341 79 2511 2520 85324 15902
342 79 2511 2520 85610 15961
343 80 2511 2520 85910 16000
344 80 2511 2520 86242 16044
345 80 2511 2520 86537 16098
346 81 2511 2520 86841 16148
347 82 2511 2520 87216 16225
348 82 2511 2520 87558 16333
349 82 2510 2520 87947 16387
350 82 2510 2520 88229 16416
351 84 2510 2520 88562 16460
352 86 2510 2520 88944 16525
353 87 2510 2520 89317 16531
354 87 2510 2520 89703 16616
355 87 2510 2520 90074 16695
356 87 2510 2520 90474 16725
357 87 2510 2520 90891 16818
358 87 2510 2520 91347 16878
359 87 2510 2520 91719 16942
360 87 2510 2520 92079 16960
361 87 2510 2520 92450 17008
362 88 2510 2520 92809 17065
363 89 2510 2520 93183 17147
364 89 2510 2520 93601 17227
365 89 2510 2520 94012 17307
366 89 2510 2520 94409 17366
367 90 2510 2520 94772 17430
368 92 2510 2520 95191 17532
369 92 2510 2520 95582 17572
370 93 2510 2520 95977 17649
371 93 2510 2520 96358 17734
372 93 2510 2520 96778 17795
373 93 2510 2520 97179 17856
374 93 2510 2520 97572 17911
375 93 2510 2520 97963 18002
376 94 2510 2520 98346 18057
377 95 2510 2520 98742 18102
378 95 2510 2520 99138 18172
379 95 2510 2520 99585 18249
380 95 2510 2520 100043 18316
381 96 2510 2520 100470 18400
382 96 2510 2520 100852 18471
383 96 2510 2520 101350 18546
384 96 2510 2520 101758 18622
385 97 2510 2520 102178 18688
386 99 2510 2520 102596 18727
387 99 2510 2520 103046 18811
388 101 2510 2520 103480 18872
389 101 2510 2520 103962 18975
390 102 2510 2520 104418 19073
391 103 2510 2520 104947 19158
392 103 2510 2520 105516 19245
393 103 2510 2520 106024 19304
394 103 2510 2520 106593 19379
395 104 2510 2520 107109 19428
396 104 2510 2520 107661 19489
397 104 2509 2520 108174 19585
398 105 2509 2520 108734 19653
399 105 2509 2520 109269 19749
400 108 2509 2520 109759 19849
401 109 2509 2520 110330 19935
402 109 2509 2520 110904 20023
403 111 2509 2520 111561 20127
404 112 2509 2520 112112 20214
405 112 2509 2520 112720 20339
406 112 2509 2520 113344 20405
407 112 2509 2520 113944 20459
408 112 2509 2520 114513 20573
409 112 2509 2520 115104 20676
410 114 2509 2520 115625 20723
411 115 2509 2520 116164 20799
412 115 2509 2520 116775 20927
413 115 2509 2520 117384 21065
414 116 2509 2520 117989 21157
415 116 2509 2520 118564 21274
416 117 2509 2520 119159 21389
417 117 2509 2520 119703 21461
418 117 2509 2520 120273 21536
419 117 2509 2520 120790 21608
420 117 2509 2520 121306 21701
421 117 2509 2520 121814 21785
422 117 2509 2520 122336 21907
423 118 2509 2520 122821 21986
424 119 2509 2520 123298 22082
425 119 2509 2520 123784 22170
426 119 2509 2520 124323 22260
427 120 2509 2520 124801 22328
428 120 2509 2520 125273 22401
429 120 2509 2520 125866 22501
430 120 2509 2520 126333 22558
431 120 2509 2520 126800 22629
432 120 2509 2520 127353 22726
433 120 2509 2520 127811 22792
434 120 2509 2520 128316 22891
435 120 2509 2520 128761 22922
436 122 2509 2520 129177 23039
437 122 2509 2520 129602 23092
438 123 2509 2520 130070 23153
439 123 2509 2520 130488 23214
440 124 2509 2520 130960 23280
441 124 2508 2520 131455 23370
442 124 2508 2520 131986 23446
443 126 2508 2520 132512 23530
444 127 2508 2520 133118 23650
445 127 2508 2520 133696 23764
446 127 2508 2520 134272 23827
447 128 2508 2520 134764 23940
448 128 2508 2520 135353 24074
449 128 2508 2520 135905 24124
450 129 2508 2520 136477 24225
451 129 2508 2520 137030 24338
452 130 2508 2520 137657 24420
453 130 2508 2520 138191 24499
454 130 2507 2520 138753 24563
455 130 2507 2520 139266 24634
456 131 2507 2520 139762 24752
457 131 2507 2520 140279 24845
458 131 2507 2520 140772 24876
459 133 2507 2520 141276 24984
460 134 2507 2520 141768 25066
461 136 2507 2520 142388 25105
462 137 2507 2520 142949 25201
463 140 2507 2520 143518 25303
464 141 2507 2520 144152 25341
465 141 2507 2520 144815 25411
466 142 2507 2520 145525 25545
467 143 2507 2520 146268 25697
468 143 2507 2520 146939 25804
469 143 2507 2520 147615 25881
470 143 2507 2520 148303 25963
471 144 2507 2520 148982 26027
472 144 2507 2520 149685 26131
473 144 2507 2520 150341 26219
474 145 2507 2520 150923 26322
475 145 2507 2520 151574 26386
476 145 2507 2520 152232 26517
477 145 2507 2520 152798 26591
478 145 2507 2520 153361 26645
479 145 2507 2520 154007 26710
480 146 2507 2520 154574 26799
481 147 2507 2520 155074 26840
482 147 2507 2520 155618 26872
483 147 2507 2520 156109 26972
484 147 2507 2520 156650 27057
485 148 2507 2520 157171 27099
486 148 2506 2520 157707 27188
487 150 2506 2520 158262 27291
488 150 2506 2520 158819 27402
489 150 2506 2520 159375 27490
490 150 2506 2520 159946 27610
491 151 2506 2520 160497 27690
492 153 2506 2520 161072 27760
493 155 2506 2520 161637 27825
494 155 2506 2520 162207 27918
495 155 2506 2520 162891 28015
496 156 2506 2520 163434 28164
497 156 2506 2520 163998 28214
498 156 2506 2520 164493 28274
499 156 2506 2520 165041 28369
500 156 2506 2520 165596 28477
501 159 2505 2520 166146 28520
502 160 2505 2520 166733 28609
503 160 2505 2520 167329 28672
504 160 2505 2520 167964 28737
505 160 2505 2520 168548 28819
506 160 2505 2520 169129 28932
507 162 2504 2520 169710 28972
508 162 2504 2520 170344 29059
509 162 2503 2520 170964 29204
510 163 2503 2520 171581 29229
511 163 2503 2520 172233 29329
512 163 2503 2520 172840 29394
513 165 2503 2520 173541 29477
514 166 2503 2520 174181 29544
515 166 2503 2520 174810 29601
516 166 2503 2520 175427 29669
517 166 2503 2520 176104 29709
518 166 2503 2520 176709 29786
519 167 2503 2520 177331 29828
520 167 2503 2520 177949 29959
521 168 2503 2520 178550 30016
522 169 2503 2520 179117 30111
523 169 2502 2520 179696 30155
524 170 2502 2520 180228 30246
525 170 2502 2520 180824 30359
526 171 2502 2520 181466 30482
527 171 2502 2520 182101 30549
528 171 2502 2520 182731 30617
529 173 2502 2520 183298 30684
530 175 2502 2520 183906 30755
531 175 2502 2520 184517 30860
532 175 2502 2520 185179 30968
533 176 2502 2520 185814 31075
534 178 2502 2520 186466 31122
535 178 2502 2520 187119 31187
536 178 2502 2520 187814 31274
537 179 2501 2520 188459 31363
538 180 2501 2520 189104 31440
539 180 2501 2520 189792 31559
540 180 2501 2520 190574 31715
541 182 2501 2520 191210 31791
542 182 2501 2520 191890 31871
543 182 2501 2520 192603 31963
544 183 2501 2520 193279 32022
545 184 2499 2520 193910 32077
546 185 2499 2520 194560 32168
547 187 2499 2520 195212 32260
548 187 2499 2520 195910 32357
549 187 2499 2520 196649 32474
550 188 2499 2520 197379 32570
551 188 2499 2520 198123 32685
552 189 2499 2520 198829 32770
553 190 2499 2520 199509 32869
554 190 2499 2520 200258 33018
555 190 2499 2520 200968 33111
556 190 2499 2520 201662 33204
557 190 2499 2520 202387 33299
558 191 2499 2520 203099 33406
559 192 2498 2520 203788 33504
560 193 2498 2520 204496 33629
561 193 2498 2520 205190 33720
562 193 2498 2520 205860 33785
563 193 2498 2520 206497 33852
564 193 2498 2520 207133 33986
565 193 2498 2520 207779 34134
566 194 2498 2520 208395 34259
567 194 2498 2520 209010 34335
568 194 2498 2520 209582 34429
569 195 2498 2520 210149 34511
570 195 2498 2520 210699 34548
571 195 2498 2520 211252 34652
572 196 2498 2520 211772 34737
573 196 2498 2520 212361 34825
574 196 2498 2520 212957 34866
575 197 2498 2520 213466 34951
576 197 2498 2520 213962 35017
577 200 2498 2520 214483 35143
578 203 2498 2520 215013 35199
579 205 2498 2520 215629 35313
580 209 2498 2520 216240 35407
581 210 2498 2520 216958 35444
582 211 2498 2520 217702 35559
583 212 2498 2520 218485 35703
584 212 2498 2520 219281 35760
585 212 2498 2520 220083 35844
586 213 2498 2520 220915 35953
587 214 2498 2520 221668 36026
588 215 2497 2520 222561 36129
589 216 2497 2520 223407 36279
590 217 2497 2520 224264 36376
591 220 2497 2520 225191 36528
592 220 2497 2520 226020 36597
593 220 2497 2520 226957 36694
594 222 2497 2520 227825 36752
595 222 2497 2520 228741 36899
596 223 2497 2520 229549 37015
597 223 2497 2520 230515 37121
598 223 2497 2520 231409 37243
599 224 2497 2520 232302 37349
600 225 2497 2520 233154 37437
601 225 2497 2520 234053 37561
602 226 2497 2520 234887 37683
603 226 2497 2520 235758 37811
604 226 2497 2520 236553 37875
605 227 2497 2520 237375 37956
606 227 2497 2520 238239 38034
607 227 2497 2520 238930 38150
608 227 2496 2520 239726 38209
609 229 2496 2520 240534 38328
610 231 2496 2520 241342 38427
611 232 2496 2520 242096 38526
612 232 2496 2520 242874 38625
613 232 2496 2520 243736 38795
614 232 2496 2520 244557 38870
615 234 2496 2520 245376 39001
616 234 2494 2520 246171 39098
617 234 2494 2520 247095 39170
618 235 2494 2520 247851 39209
619 237 2494 2520 248689 39332
620 238 2493 2520 249516 39443
621 240 2493 2520 250371 39537
622 241 2493 2520 251250 39635
623 241 2493 2520 252121 39741
624 242 2493 2520 253002 39850
625 243 2493 2520 253894 39978
626 244 2493 2520 254828 40070
627 245 2493 2520 255783 40122
628 245 2493 2520 256781 40257
629 246 2493 2520 257642 40348
630 246 2493 2520 258601 40485
631 247 2493 2520 259541 40581
632 248 2493 2520 260446 40766
633 248 2493 2520 261318 40902
634 248 2493 2520 262190 40977
635 249 2493 2520 263098 41092
636 249 2493 2520 264000 41253
637 249 2493 2520 264850 41352
638 249 2493 2520 265697 41479
639 249 2493 2520 266563 41552
640 249 2493 2520 267364 41598
641 249 2493 2520 268084 41751
642 249 2493 2520 268880 41846
643 249 2493 2520 269639 41918
644 250 2493 2520 270333 42021
645 251 2493 2520 271115 42129
646 253 2493 2520 271831 42213
647 253 2493 2520 272521 42300
648 254 2493 2520 273298 42415
649 255 2492 2520 274018 42519
650 257 2492 2520 274810 42580
651 258 2492 2520 275563 42685
652 258 2492 2520 276421 42798
653 258 2492 2520 277185 42911
654 258 2492 2520 278005 43041
655 260 2492 2520 278803 43180
656 262 2492 2520 279745 43309
657 263 2492 2520 280662 43411
658 264 2492 2520 281511 43497
659 266 2492 2520 282367 43624
660 266 2492 2520 283218 43749
661 268 2492 2520 284110 43867
662 270 2492 2520 285009 44025
663 272 2492 2520 285910 44128
664 272 2492 2520 286845 44220
665 274 2492 2520 287869 44347
666 275 2492 2520 288817 44495
667 275 2492 2520 289746 44625
668 275 2492 2520 290644 44763
669 275 2492 2520 291596 44902
670 275 2492 2520 292563 45047
671 275 2492 2520 293515 45157
672 277 2492 2520 294460 45265
673 277 2492 2520 295335 45381
674 277 2492 2520 296120 45475
675 278 2492 2520 297004 45651
676 280 2492 2520 297815 45779
677 282 2492 2520 298660 45866
678 283 2492 2520 299510 45960
679 287 2492 2520 300386 46097
680 288 2492 2520 301321 46214
681 288 2492 2520 302274 46342
682 288 2492 2520 303257 46463
683 288 2492 2520 304270 46550
684 288 2492 2520 305212 46645
685 289 2492 2520 306181 46799
686 290 2492 2520 307123 46873
687 290 2492 2520 308057 46993
688 291 2492 2520 308992 47082
689 291 2492 2520 309927 47211
690 291 2492 2520 310772 47268
691 292 2492 2520 311697 47363
692 295 2492 2520 312556 47459
693 296 2492 2520 313423 47518
694 296 2492 2520 314331 47647
695 296 2492 2520 315253 47734
696 297 2492 2520 316040 47807
697 299 2492 2520 316883 47864
698 300 2492 2520 317800 47970
699 303 2492 2520 318687 48091
700 303 2492 2520 319669 48245
701 304 2492 2520 320702 48360
702 304 2492 2520 321700 48517
703 305 2492 2520 322692 48689
704 308 2492 2520 323689 48820
705 309 2492 2520 324741 48980
706 309 2492 2520 325780 49125
707 313 2492 2520 326803 49210
708 314 2492 2520 327819 49365
709 315 2492 2520 328916 49459
710 315 2492 2520 330055 49591
711 315 2492 2520 331135 49727
712 316 2492 2520 332136 49864
713 317 2492 2520 333233 49965
714 319 2492 2520 334184 50055
715 319 2492 2520 335304 50219
716 319 2492 2520 336330 50351
717 319 2492 2520 337318 50518
718 321 2492 2520 338354 50617
719 321 2492 2520 339303 50725
720 322 2492 2520 340288 50829
721 322 2492 2520 341268 50951
722 323 2492 2520 342265 51048
723 324 2492 2520 343246 51128
724 325 2492 2520 344209 51194
725 326 2492 2520 345195 51308
726 327 2492 2520 346259 51496
727 327 2492 2520 347188 51613
728 327 2492 2520 348168 51706
729 328 2492 2520 349137 51901
730 328 2492 2520 350103 52023
731 330 2492 2520 351011 52056
732 330 2491 2520 352050 52243
733 332 2491 2520 353017 52387
734 334 2491 2520 354054 52470
735 339 2490 2520 355101 52606
736 340 2490 2520 356196 52750
737 340 2490 2520 357302 52852
738 340 2490 2520 358512 53020
739 341 2490 2520 359731 53188
740 342 2490 2520 360967 53360
741 342 2490 2520 362171 53519
742 342 2490 2520 363329 53575
743 343 2490 2520 364433 53688
744 345 2490 2520 365543 53799
745 345 2490 2520 366722 53910
746 345 2489 2520 367779 54033
747 346 2489 2520 368822 54178
748 347 2489 2520 369849 54326
749 348 2489 2520 370847 54478
750 349 2489 2520 371885 54620
751 349 2489 2520 372932 54766
752 349 2489 2520 373991 54915
753 349 2489 2520 374938 55036
754 349 2488 2520 375962 55171
755 349 2488 2520 376899 55254
756 350 2488 2520 377854 55401
757 351 2488 2520 378802 55498
758 353 2488 2520 379741 55633
759 355 2488 2520 380611 55699
760 356 2488 2520 381582 55835
761 358 2488 2520 382591 55941
762 358 2488 2520 383524 56055
763 358 2488 2520 384576 56205
764 359 2488 2520 385553 56351
765 362 2488 2520 386536 56423
766 363 2488 2520 387544 56524
767 363 2488 2520 388657 56652
768 364 2488 2520 389680 56769
769 366 2488 2520 390782 56879
770 366 2488 2520 391855 56958
771 366 2488 2520 392897 57080
772 366 2488 2520 394035 57207
773 368 2488 2520 395072 57373
774 370 2487 2520 396200 57591
775 371 2487 2520 397319 57752
776 372 2487 2520 398448 57864
777 375 2487 2520 399450 57970
778 375 2487 2520 400559 58101
779 375 2487 2520 401719 58270
780 376 2487 2520 402883 58400
781 377 2487 2520 404015 58582
782 377 2487 2520 404989 58693
783 378 2487 2520 406090 58810
784 380 2487 2520 407085 58901
785 380 2487 2520 408141 59038
786 381 2487 2520 409174 59176
787 382 2487 2520 410061 59261
788 383 2487 2520 411106 59336
789 385 2487 2520 412068 59478
790 385 2487 2520 413032 59626
791 387 2487 2520 414065 59759
792 388 2487 2520 415126 59844
793 390 2487 2520 416100 59957
794 391 2487 2520 417180 60097
795 393 2487 2520 418291 60257
796 393 2487 2520 419383 60367
797 395 2487 2520 420480 60478
798 398 2487 2520 421612 60639
799 401 2487 2520 422723 60791
800 401 2487 2520 423949 60945
801 404 2487 2520 425105 61086
802 404 2487 2520 426339 61242
803 404 2487 2520 427630 61391
804 405 2487 2520 428952 61580
805 405 2487 2520 430221 61724
806 406 2487 2520 431410 61876
807 407 2487 2520 432613 62019
808 410 2487 2520 433852 62217
809 411 2487 2520 435151 62395
810 411 2487 2520 436427 62504
811 411 2487 2520 437591 62668
812 412 2487 2520 438745 62760
813 412 2487 2520 439984 62902
814 413 2487 2520 441142 63048
815 413 2487 2520 442269 63139
816 413 2487 2520 443386 63224
817 413 2487 2520 444470 63339
818 416 2487 2520 445536 63540
819 417 2486 2520 446466 63639
820 418 2486 2520 447694 63833
821 419 2486 2520 448803 63953
822 422 2486 2520 449958 64091
823 424 2486 2520 451218 64230
824 425 2486 2520 452502 64393
825 426 2486 2520 453753 64546
826 428 2486 2520 454966 64691
827 428 2486 2520 456143 64860
828 430 2486 2520 457425 65035
829 430 2486 2520 458658 65162
830 430 2486 2520 460008 65294
831 430 2486 2520 461300 65454
832 433 2485 2520 462528 65584
833 437 2485 2520 463870 65734
834 439 2485 2520 465186 65881
835 441 2485 2520 466524 65967
836 441 2485 2520 467892 66153
837 441 2485 2520 469253 66321
838 441 2485 2520 470687 66429
839 442 2485 2520 472087 66544
840 442 2485 2520 473424 66653
841 442 2485 2520 474637 66746
842 443 2485 2520 475847 66824
843 443 2484 2520 477140 66902
844 445 2484 2520 478383 67006
845 448 2484 2520 479575 67179
846 448 2484 2520 480777 67313
847 449 2484 2520 481920 67438
848 449 2484 2520 483120 67565
849 450 2484 2520 484358 67723
850 453 2484 2520 485565 67761
851 455 2484 2520 486806 67930
852 459 2484 2520 488055 68088
853 461 2483 2520 489473 68235
854 462 2483 2520 490804 68394
855 462 2483 2520 492139 68532
856 462 2483 2520 493522 68699
857 462 2483 2520 494871 68833
858 464 2483 2520 496279 68966
859 465 2483 2520 497620 69060
860 468 2483 2520 499008 69276
861 469 2483 2520 500351 69440
862 472 2483 2520 501713 69562
863 475 2483 2520 503065 69748
864 477 2483 2520 504421 69876
865 477 2483 2520 505913 70104
866 479 2483 2520 507367 70239
867 479 2483 2520 508767 70360
868 480 2483 2520 510271 70509
869 481 2483 2520 511673 70609
870 482 2483 2520 513185 70762
871 482 2483 2520 514524 70928
872 484 2483 2520 515942 71049
873 485 2483 2520 517399 71150
874 485 2483 2520 518714 71246
875 487 2483 2520 520100 71405
876 490 2483 2520 521440 71565
877 492 2483 2520 522803 71717
878 493 2482 2520 524200 71868
879 493 2482 2520 525558 71997
880 493 2482 2520 526934 72118
881 493 2482 2520 528241 72233
882 494 2482 2520 529482 72346
883 495 2482 2520 530788 72435
884 498 2482 2520 532153 72569
885 501 2482 2520 533436 72630
886 503 2482 2520 534782 72804
887 504 2482 2520 536158 72965
888 505 2482 2520 537592 73071
889 505 2482 2520 538860 73256
890 508 2482 2520 540118 73431
891 510 2482 2520 541425 73524
892 511 2482 2520 542834 73641
893 512 2482 2520 544048 73802
894 513 2481 2520 545374 73941
895 516 2481 2520 546678 74062
896 517 2481 2520 547936 74128
897 517 2481 2520 549194 74242
898 517 2481 2520 550553 74422
899 518 2480 2520 551821 74542
900 520 2480 2520 553068 74696
901 522 2480 2520 554359 74821
902 523 2480 2520 555698 74935
903 525 2480 2520 556988 75029
904 525 2480 2520 558237 75178
905 526 2480 2520 559658 75271
906 528 2480 2520 561043 75442
907 530 2480 2520 562448 75601
908 531 2480 2520 563876 75713
909 531 2480 2520 565251 75887
910 533 2480 2520 566609 75970
911 535 2480 2520 568067 76130
912 537 2480 2520 569448 76237
913 539 2480 2520 570865 76443
914 539 2480 2520 572187 76523
915 540 2480 2520 573497 76686
916 541 2480 2520 574824 76778
917 542 2480 2520 576202 76921
918 543 2480 2520 577468 76971
919 543 2480 2520 578788 77075
920 545 2480 2520 580149 77235
921 547 2480 2520 581474 77372
922 547 2480 2520 582895 77527
923 549 2480 2520 584240 77685
924 550 2480 2520 585673 77781
925 550 2480 2520 586996 77847
926 551 2480 2520 588306 77968
927 553 2480 2520 589523 78076
928 553 2480 2520 590873 78193
929 555 2480 2520 592125 78341
930 556 2480 2520 593491 78477
931 557 2480 2520 594779 78597
932 559 2480 2520 596104 78749
933 560 2480 2520 597343 78853
934 560 2480 2520 598626 78968
935 562 2480 2520 599861 79114
936 564 2480 2520 601095 79191
937 564 2480 2520 602368 79319
938 564 2480 2520 603737 79483
939 564 2480 2520 605039 79576
940 565 2480 2520 606343 79696
941 566 2480 2520 607662 79810
942 567 2480 2520 608867 79893
943 568 2480 2520 610070 79975
944 568 2480 2520 611240 80134
945 570 2480 2520 612467 80240
946 572 2480 2520 613692 80380
947 574 2480 2520 614894 80474
948 575 2480 2520 616093 80576
949 575 2480 2520 617335 80593
950 575 2480 2520 618548 80763
951 577 2480 2520 619736 80890
952 577 2480 2520 621009 81050
953 580 2480 2520 622130 81120
954 580 2480 2520 623337 81186
955 581 2480 2520 624617 81285
956 582 2480 2520 625767 81383
957 585 2480 2520 627000 81528
958 590 2480 2520 628223 81638
959 591 2480 2520 629523 81796
960 591 2480 2520 630806 81931
961 592 2480 2520 631993 82039
962 593 2480 2520 633235 82154
963 597 2479 2520 634475 82264
964 597 2479 2520 635757 82425
965 598 2479 2520 637089 82536
966 598 2479 2520 638292 82640
967 599 2478 2520 639548 82723
968 600 2478 2520 640811 82786
969 603 2478 2520 642099 82905
970 603 2478 2520 643344 83016
971 604 2478 2520 644662 83121
972 605 2478 2520 645915 83220
973 607 2478 2520 647143 83324
974 609 2478 2520 648435 83494
975 609 2478 2520 649851 83603
976 610 2478 2520 651237 83747
977 610 2478 2520 652566 83845
978 611 2478 2520 653921 83973
979 611 2478 2520 655264 84100
980 612 2477 2520 656526 84236
981 614 2477 2520 657739 84371
982 615 2477 2520 659089 84494
983 615 2477 2520 660368 84640
984 617 2477 2520 661667 84754
985 618 2477 2520 662981 84896
986 622 2477 2520 664256 85032
987 622 2477 2520 665477 85173
988 625 2477 2520 666777 85325
989 625 2477 2520 668139 85415
990 625 2477 2520 669497 85558
991 625 2477 2520 670825 85707
992 627 2477 2520 672087 85798
993 628 2476 2520 673349 85919
994 628 2476 2520 674673 86058
995 631 2476 2520 675928 86141
996 633 2476 2520 677238 86254
997 633 2476 2520 678543 86296
998 636 2476 2520 679819 86412
999 636 2476 2520 681149 86491
1000 639 2476 2520 682440 86623
