0 1 2519 2520 798 502
1 1 2519 2520 820 516
2 1 2519 2520 855 539
3 1 2519 2520 889 560
4 1 2519 2520 913 571
5 1 2519 2520 950 595
6 1 2519 2520 969 604
7 1 2519 2520 1005 617
8 1 2519 2520 1032 626
9 1 2519 2520 1066 635
10 1 2519 2520 1107 646
11 1 2519 2520 1141 660
12 1 2519 2520 1159 663
13 1 2519 2520 1183 671
14 1 2519 2520 1216 684
15 1 2519 2520 1232 688
16 1 2519 2520 1251 691
17 1 2519 2520 1273 695
18 1 2519 2520 1301 704
19 2 2519 2520 1310 704
20 2 2519 2520 1345 717
21 2 2519 2520 1423 753
22 2 2519 2520 1511 786
23 2 2519 2520 1616 829
24 2 2519 2520 1708 864
25 2 2519 2520 1808 894
26 2 2519 2520 1874 907
27 2 2519 2520 1942 932
28 2 2519 2520 2020 963
29 2 2519 2520 2090 982
30 2 2519 2520 2166 998
31 2 2519 2520 2237 1023
32 2 2519 2520 2311 1044
33 2 2519 2520 2352 1057
34 2 2519 2520 2400 1068
35 2 2519 2520 2460 1079
36 2 2519 2520 2487 1081
37 2 2519 2520 2508 1079
38 2 2519 2520 2533 1084
39 2 2519 2520 2559 1091
40 3 2519 2520 2592 1105
41 4 2519 2520 2632 1125
42 4 2519 2520 2743 1165
43 4 2519 2520 2903 1214
44 4 2519 2520 3045 1259
45 4 2519 2520 3187 1302
46 4 2519 2520 3334 1350
47 4 2519 2520 3494 1396
48 4 2519 2520 3616 1435
49 4 2519 2520 3756 1478
50 4 2519 2520 3903 1502
51 4 2519 2520 4024 1542
52 4 2519 2520 4126 1573
53 4 2519 2520 4221 1592
54 4 2519 2520 4305 1621
55 4 2519 2520 4394 1630
56 4 2519 2520 4484 1659
57 4 2519 2520 4541 1678
58 4 2519 2520 4603 1699
59 4 2519 2520 4662 1710
60 4 2519 2520 4722 1721
61 5 2519 2520 4773 1739
62 5 2519 2520 4833 1757
63 6 2519 2520 4950 1798
64 6 2519 2520 5087 1827
65 6 2519 2520 5211 1851
66 6 2519 2520 5344 1886
67 6 2519 2520 5498 1913
68 8 2519 2520 5642 1934
69 8 2519 2520 5837 1998
70 8 2519 2520 6098 2048
71 8 2519 2520 6328 2110
72 8 2519 2520 6570 2189
73 8 2519 2520 6810 2263
74 8 2519 2520 7052 2308
75 8 2518 2520 7288 2359
76 8 2518 2520 7477 2395
77 8 2518 2520 7698 2426
78 8 2518 2520 7868 2450
79 8 2518 2520 8031 2472
80 8 2517 2520 8209 2490
81 8 2517 2520 8381 2497
82 8 2517 2520 8535 2528
83 8 2517 2520 8694 2577
84 8 2517 2520 8850 2596
85 8 2517 2520 8999 2587
86 8 2517 2520 9110 2609
87 8 2517 2520 9255 2612
88 9 2517 2520 9359 2630
89 12 2517 2520 9459 2648
90 12 2517 2520 9666 2696
91 12 2517 2520 9920 2762
92 12 2517 2520 10188 2837
93 12 2517 2520 10437 2879
94 12 2517 2520 10664 2939
95 12 2517 2520 10873 2972
96 13 2517 2520 11120 3048
97 14 2517 2520 11326 3100
98 14 2517 2520 11567 3149
99 14 2517 2520 11847 3198
100 14 2517 2520 12102 3252
101 14 2517 2520 12358 3300
102 14 2517 2520 12612 3334
103 14 2517 2520 12843 3371
104 14 2517 2520 13089 3420
105 14 2517 2520 13342 3478
106 14 2517 2520 13555 3525
107 14 2517 2520 13749 3562
108 14 2517 2520 13917 3584
109 14 2517 2520 14094 3625
110 14 2517 2520 14290 3666
111 15 2517 2520 14484 3703
112 15 2517 2520 14700 3737
113 15 2517 2520 14931 3777
114 16 2517 2520 15164 3838
115 16 2517 2520 15376 3897
116 16 2516 2520 15609 3951
117 16 2516 2520 15860 3970
118 16 2516 2520 16099 4037
119 16 2516 2520 16298 4070
120 16 2516 2520 16493 4111
121 16 2516 2520 16707 4176
122 16 2516 2520 16937 4203
123 17 2516 2520 17119 4222
124 17 2516 2520 17299 4249
125 17 2516 2520 17498 4299
126 17 2516 2520 17726 4365
127 17 2516 2520 17922 4377
128 17 2516 2520 18091 4413
129 17 2516 2520 18267 4436
130 17 2516 2520 18417 4468
131 17 2516 2520 18562 4512
132 18 2516 2520 18695 4522
133 18 2516 2520 18872 4547
134 19 2516 2520 19038 4589
135 20 2516 2520 19229 4628
136 21 2516 2520 19441 4677
137 21 2516 2520 19689 4744
138 22 2516 2520 19954 4772
139 22 2516 2520 20201 4837
140 22 2516 2520 20486 4892
141 22 2516 2520 20789 4961
142 22 2516 2520 21073 5018
143 22 2516 2520 21373 5089
144 22 2516 2520 21648 5147
145 22 2516 2520 21932 5215
146 22 2516 2520 22185 5267
147 22 2516 2520 22419 5319
148 23 2516 2520 22636 5370
149 23 2516 2520 22864 5403
150 23 2516 2520 23098 5461
151 23 2516 2520 23332 5499
152 23 2516 2520 23548 5565
153 23 2516 2520 23773 5618
154 23 2516 2520 23943 5633
155 23 2516 2520 24115 5684
156 23 2516 2520 24301 5713
157 23 2516 2520 24490 5777
158 23 2516 2520 24644 5817
159 23 2516 2520 24838 5850
160 23 2516 2520 24991 5879
161 24 2516 2520 25147 5927
162 26 2516 2520 25276 5944
163 26 2516 2520 25479 5976
164 26 2516 2520 25711 6050
165 26 2516 2520 25962 6083
166 27 2516 2520 26167 6152
167 27 2516 2520 26446 6222
168 27 2516 2520 26716 6276
169 27 2516 2520 26989 6314
170 27 2516 2520 27278 6370
171 27 2516 2520 27536 6375
172 27 2516 2520 27815 6426
173 28 2516 2520 28044 6497
174 28 2516 2520 28309 6531
175 28 2516 2520 28528 6578
176 28 2516 2520 28724 6620
177 28 2516 2520 28906 6672
178 29 2516 2520 29069 6711
179 29 2516 2520 29212 6736
180 29 2516 2520 29398 6789
181 29 2516 2520 29585 6805
182 29 2516 2520 29753 6839
183 29 2516 2520 29948 6867
184 29 2516 2520 30148 6904
185 30 2516 2520 30350 6939
186 30 2516 2520 30529 6957
187 31 2516 2520 30730 6992
188 32 2516 2520 30969 7034
189 32 2516 2520 31257 7081
190 33 2516 2520 31539 7153
191 33 2516 2520 31812 7227
192 34 2516 2520 32111 7277
193 34 2516 2520 32454 7349
194 34 2516 2520 32801 7420
195 34 2516 2520 33110 7465
196 34 2516 2520 33406 7504
197 34 2516 2520 33694 7557
198 34 2516 2520 34006 7634
199 34 2516 2520 34276 7694
200 34 2516 2520 34563 7755
201 34 2516 2520 34851 7814
202 34 2516 2520 35102 7857
203 34 2516 2520 35351 7901
204 34 2516 2520 35609 7948
205 34 2516 2520 35823 7998
206 34 2516 2520 36044 8037
207 34 2516 2520 36280 8078
208 34 2516 2520 36452 8139
209 34 2516 2520 36627 8180
210 35 2516 2520 36850 8239
211 35 2516 2520 37034 8254
212 35 2516 2520 37259 8309
213 35 2516 2520 37431 8336
214 36 2516 2520 37631 8344
215 36 2516 2520 37870 8381
216 36 2516 2520 38114 8415
217 38 2516 2520 38354 8460
218 39 2516 2520 38624 8535
219 40 2516 2520 38917 8635
220 40 2516 2520 39206 8697
221 40 2516 2520 39491 8741
222 40 2516 2520 39802 8790
223 40 2516 2520 40146 8858
224 40 2516 2520 40488 8929
225 40 2516 2520 40832 8983
226 40 2516 2520 41166 9028
227 40 2516 2520 41483 9051
228 40 2516 2520 41741 9102
229 40 2516 2520 42052 9157
230 40 2516 2520 42298 9175
231 40 2516 2520 42544 9203
232 41 2516 2520 42791 9245
233 41 2516 2520 42995 9290
234 41 2516 2520 43272 9350
235 42 2516 2520 43485 9361
236 43 2516 2520 43726 9395
237 43 2516 2520 43967 9460
238 43 2516 2520 44218 9521
239 43 2516 2520 44482 9579
240 44 2516 2520 44734 9613
241 44 2516 2520 44976 9668
242 45 2516 2520 45235 9731
243 45 2516 2520 45562 9804
244 45 2516 2520 45872 9896
245 45 2516 2520 46130 9955
246 45 2516 2520 46446 10014
247 45 2516 2520 46735 10080
248 45 2516 2520 46996 10109
249 45 2516 2520 47247 10150
250 45 2516 2520 47528 10209
251 45 2516 2520 47814 10258
252 45 2516 2520 48022 10253
253 45 2516 2520 48255 10290
254 46 2516 2520 48431 10325
255 46 2516 2520 48633 10342
256 46 2516 2520 48833 10366
257 47 2516 2520 49082 10381
258 47 2516 2520 49317 10421
259 47 2516 2520 49584 10488
260 48 2516 2520 49818 10522
261 48 2516 2520 50071 10587
262 49 2516 2520 50377 10654
263 50 2516 2520 50663 10705
264 50 2516 2520 50995 10796
265 50 2516 2520 51325 10858
266 50 2516 2520 51659 10917
267 50 2516 2520 52018 11014
268 50 2516 2520 52328 11050
269 50 2516 2520 52668 11110
270 51 2516 2520 52984 11133
271 51 2516 2520 53306 11185
272 52 2516 2520 53590 11202
273 52 2516 2520 53917 11282
274 52 2516 2520 54222 11328
275 55 2516 2520 54594 11389
276 55 2516 2520 54904 11441
277 55 2516 2520 55250 11510
278 55 2516 2520 55647 11594
279 55 2516 2520 56006 11667
280 55 2516 2520 56372 11693
281 56 2516 2520 56717 11752
282 57 2516 2520 57080 11793
283 58 2516 2520 57448 11893
284 58 2515 2520 57826 11940
285 58 2515 2520 58207 11972
286 58 2515 2520 58607 12031
287 58 2515 2520 59011 12090
288 58 2515 2520 59418 12171
289 58 2515 2520 59788 12234
290 58 2515 2520 60126 12273
291 58 2515 2520 60487 12314
292 58 2515 2520 60842 12340
293 58 2515 2520 61175 12406
294 58 2515 2520 61456 12447
295 59 2515 2520 61776 12517
296 59 2515 2520 62045 12561
297 59 2515 2520 62310 12598
298 61 2515 2520 62556 12652
299 62 2515 2520 62857 12654
300 62 2515 2520 63246 12709
301 62 2515 2520 63598 12798
302 62 2515 2520 63941 12818
303 63 2515 2520 64291 12915
304 64 2515 2520 64647 12977
305 64 2515 2520 65002 13047
306 64 2515 2520 65337 13139
307 64 2515 2520 65713 13224
308 64 2515 2520 66052 13304
309 64 2515 2520 66370 13340
310 64 2515 2520 66755 13412
311 64 2515 2520 67097 13470
312 64 2515 2520 67403 13504
313 64 2515 2520 67720 13558
314 64 2515 2520 68033 13593
315 64 2515 2520 68390 13630
316 64 2515 2520 68688 13663
317 64 2515 2520 68996 13708
318 64 2515 2520 69261 13758
319 65 2515 2520 69516 13781
320 67 2515 2520 69775 13832
321 67 2515 2520 70093 13911
322 67 2515 2520 70353 13957
323 67 2515 2520 70686 13990
324 67 2515 2520 71020 14032
325 68 2515 2520 71313 14083
326 68 2515 2520 71641 14140
327 68 2515 2520 71956 14225
328 68 2515 2520 72304 14249
329 68 2515 2520 72669 14330
330 69 2515 2520 72969 14339
331 69 2515 2520 73262 14396
332 70 2515 2520 73592 14441
333 70 2515 2520 73888 14485
334 72 2515 2520 74232 14506
335 72 2515 2520 74554 14565
336 72 2515 2520 74916 14618
337 73 2515 2520 75247 14693
338 73 2515 2520 75587 14749
339 74 2515 2520 75980 14834
340 74 2515 2520 76328 14874
341 75 2515 2520 76744 14965
342 75 2515 2520 77173 15004
343 76 2515 2520 77577 15060
344 76 2515 2520 78011 15160
345 77 2515 2520 78418 15198
346 77 2515 2520 78816 15254
347 77 2515 2520 79187 15306
348 77 2515 2520 79622 15401
349 77 2515 2520 80007 15436
350 78 2515 2520 80410 15491
351 78 2515 2520 80784 15565
352 78 2515 2520 81220 15638
353 78 2515 2520 81641 15665
354 78 2515 2520 81986 15738
355 78 2515 2520 82318 15812
356 78 2515 2520 82606 15841
357 78 2515 2520 82913 15906
358 78 2515 2520 83268 15978
359 79 2515 2520 83584 16003
360 80 2515 2520 83954 16059
361 80 2515 2520 84267 16083
362 80 2515 2520 84606 16153
363 80 2515 2520 84958 16177
364 80 2515 2520 85295 16215
365 80 2515 2520 85572 16259
366 81 2515 2520 85886 16270
367 81 2515 2520 86199 16317
368 81 2515 2520 86529 16359
369 81 2515 2520 86851 16394
370 81 2515 2520 87189 16477
371 81 2515 2520 87488 16517
372 81 2515 2520 87801 16561
373 82 2515 2520 88088 16617
374 84 2515 2520 88437 16698
375 86 2515 2520 88760 16728
376 86 2515 2520 89121 16803
377 86 2515 2520 89500 16891
378 86 2515 2520 89853 16954
379 86 2515 2520 90218 17036
380 87 2515 2520 90612 17072
381 88 2514 2520 91049 17130
382 88 2514 2520 91497 17184
383 88 2514 2520 91926 17276
384 88 2514 2520 92346 17357
385 88 2514 2520 92718 17401
386 88 2514 2520 93167 17485
387 88 2514 2520 93541 17524
388 89 2514 2520 93920 17607
389 89 2514 2520 94316 17658
390 89 2514 2520 94661 17690
391 90 2514 2520 95037 17745
392 92 2514 2520 95362 17824
393 92 2514 2520 95738 17892
394 93 2514 2520 96097 17946
395 93 2514 2520 96460 18010
396 93 2514 2520 96845 18046
397 93 2514 2520 97221 18134
398 93 2514 2520 97613 18184
399 93 2514 2520 97988 18247
400 93 2514 2520 98308 18282
401 93 2514 2520 98699 18351
402 93 2514 2520 99049 18417
403 93 2514 2520 99408 18450
404 93 2514 2520 99725 18473
405 95 2514 2520 100057 18536
406 95 2514 2520 100426 18543
407 97 2514 2520 100794 18598
408 97 2514 2520 101124 18670
409 98 2514 2520 101525 18740
410 98 2514 2520 101930 18788
411 98 2514 2520 102339 18864
412 99 2514 2520 102712 18922
413 99 2514 2520 103167 19023
414 99 2514 2520 103566 19093
415 100 2514 2520 103953 19145
416 100 2514 2520 104326 19180
417 100 2514 2520 104764 19256
418 101 2514 2520 105182 19301
419 101 2514 2520 105608 19363
420 101 2514 2520 106021 19441
421 102 2514 2520 106505 19522
422 102 2514 2520 106962 19590
423 103 2514 2520 107360 19682
424 103 2514 2520 107780 19735
425 104 2514 2520 108191 19790
426 104 2514 2520 108623 19830
427 104 2514 2520 109066 19906
428 104 2514 2520 109496 19948
429 104 2514 2520 109940 20047
430 104 2514 2520 110386 20072
431 105 2514 2520 110785 20109
432 105 2514 2520 111152 20170
433 106 2514 2520 111557 20235
434 106 2514 2520 111918 20317
435 106 2514 2520 112342 20402
436 106 2514 2520 112774 20489
437 106 2514 2520 113179 20532
438 106 2514 2520 113547 20606
439 106 2514 2520 113910 20680
440 106 2514 2520 114294 20695
441 107 2514 2520 114717 20765
442 109 2514 2520 115137 20847
443 110 2514 2520 115562 20877
444 110 2514 2520 116000 20940
445 112 2514 2520 116430 21012
446 115 2514 2520 116933 21092
447 115 2514 2520 117487 21177
448 115 2514 2520 118026 21253
449 115 2514 2520 118586 21325
450 116 2514 2520 119172 21410
451 116 2514 2520 119700 21478
452 117 2514 2520 120253 21550
453 118 2514 2520 120794 21618
454 119 2514 2520 121417 21700
455 119 2514 2520 122023 21798
456 120 2514 2520 122633 21865
457 120 2514 2520 123223 21953
458 120 2514 2520 123806 22047
459 120 2514 2520 124338 22147
460 120 2513 2520 124890 22207
461 120 2513 2520 125423 22279
462 120 2513 2520 125935 22377
463 120 2513 2520 126448 22427
464 120 2513 2520 126909 22454
465 121 2513 2520 127369 22505
466 121 2512 2520 127797 22560
467 121 2512 2520 128300 22620
468 121 2512 2520 128726 22631
469 121 2512 2520 129157 22709
470 121 2512 2520 129586 22752
471 121 2512 2520 129982 22787
472 122 2512 2520 130378 22876
473 123 2512 2520 130788 22866
474 124 2512 2520 131126 22921
475 124 2512 2520 131537 22953
476 126 2512 2520 131947 22975
477 126 2512 2520 132415 23014
478 126 2512 2520 132915 23092
479 126 2512 2520 133408 23194
480 126 2512 2520 133861 23263
481 128 2512 2520 134306 23329
482 128 2512 2520 134706 23400
483 128 2512 2520 135213 23448
484 129 2512 2520 135782 23543
485 129 2512 2520 136292 23615
486 129 2512 2520 136811 23725
487 129 2512 2520 137309 23756
488 130 2512 2520 137816 23846
489 130 2512 2520 138287 23865
490 131 2512 2520 138807 23963
491 131 2512 2520 139256 23988
492 131 2512 2520 139699 24057
493 131 2512 2520 140169 24139
494 131 2512 2520 140596 24189
495 131 2512 2520 141032 24240
496 131 2512 2520 141473 24273
497 131 2512 2520 141969 24340
498 134 2511 2520 142429 24409
499 135 2511 2520 142816 24472
500 135 2511 2520 143324 24509
501 137 2511 2520 143799 24584
502 137 2511 2520 144348 24665
503 137 2511 2520 144891 24773
504 137 2511 2520 145388 24840
505 138 2511 2520 145897 24933
506 138 2511 2520 146375 24957
507 138 2511 2520 146865 24989
508 138 2511 2520 147368 25060
509 138 2511 2520 147876 25145
510 138 2511 2520 148378 25216
511 138 2511 2520 148817 25248
512 139 2511 2520 149261 25282
513 139 2511 2520 149727 25361
514 139 2511 2520 150142 25415
515 139 2511 2520 150586 25478
516 140 2511 2520 150978 25536
517 142 2511 2520 151335 25590
518 145 2511 2520 151766 25656
519 146 2511 2520 152267 25733
520 148 2511 2520 152742 25786
521 149 2511 2520 153247 25862
522 149 2511 2520 153735 25917
523 149 2511 2520 154230 26026
524 149 2511 2520 154759 26061
525 149 2511 2520 155345 26134
526 149 2511 2520 155877 26208
527 151 2511 2520 156419 26285
528 152 2511 2520 156996 26348
529 152 2511 2520 157642 26455
530 152 2511 2520 158204 26504
531 154 2511 2520 158754 26571
532 154 2511 2520 159404 26681
533 154 2511 2520 160013 26727
534 154 2511 2520 160672 26805
535 154 2511 2520 161293 26881
536 154 2511 2520 161825 26932
537 155 2511 2520 162414 26958
538 155 2511 2520 163037 27079
539 155 2511 2520 163591 27168
540 155 2511 2520 164082 27189
541 155 2511 2520 164596 27212
542 156 2511 2520 165073 27293
543 157 2511 2520 165548 27374
544 157 2511 2520 166003 27445
545 159 2511 2520 166519 27503
546 160 2511 2520 167025 27563
547 160 2511 2520 167611 27653
548 160 2511 2520 168191 27688
549 161 2511 2520 168751 27807
550 161 2511 2520 169320 27893
551 161 2511 2520 169794 27991
552 161 2511 2520 170334 28075
553 161 2511 2520 170848 28158
554 161 2511 2520 171327 28229
555 161 2511 2520 171830 28301
556 161 2511 2520 172376 28362
557 162 2511 2520 172824 28428
558 163 2511 2520 173261 28547
559 163 2511 2520 173750 28631
560 164 2511 2520 174228 28703
561 166 2511 2520 174694 28766
562 166 2510 2520 175202 28824
563 166 2510 2520 175776 28909
564 168 2510 2520 176325 28965
565 168 2510 2520 176876 28999
566 170 2510 2520 177455 29010
567 171 2510 2520 178053 29055
568 171 2510 2520 178649 29112
569 172 2510 2520 179319 29179
570 172 2510 2520 179937 29244
571 172 2510 2520 180553 29251
572 172 2510 2520 181158 29333
573 172 2510 2520 181770 29382
574 173 2510 2520 182363 29479
575 174 2510 2520 182915 29560
576 174 2510 2520 183545 29666
577 175 2510 2520 184165 29759
578 175 2510 2520 184753 29866
579 175 2510 2520 185364 29943
580 177 2510 2520 185956 30015
581 178 2509 2520 186583 30063
582 178 2509 2520 187220 30092
583 178 2509 2520 187875 30157
584 178 2509 2520 188524 30243
585 179 2509 2520 189085 30315
586 180 2509 2520 189640 30437
587 181 2509 2520 190213 30526
588 182 2509 2520 190797 30562
589 182 2509 2520 191324 30625
590 183 2509 2520 191955 30695
591 183 2509 2520 192589 30777
592 184 2508 2520 193265 30853
593 184 2508 2520 193853 30949
594 184 2508 2520 194496 31028
595 185 2508 2520 195093 31112
596 187 2508 2520 195667 31219
597 187 2508 2520 196365 31282
598 187 2508 2520 197012 31407
599 187 2508 2520 197666 31462
600 187 2508 2520 198301 31510
601 187 2508 2520 198954 31595
602 189 2508 2520 199542 31717
603 189 2507 2520 200123 31715
604 189 2507 2520 200754 31796
605 189 2507 2520 201371 31863
606 189 2507 2520 201963 31925
607 189 2507 2520 202520 31946
608 190 2507 2520 203180 32014
609 192 2506 2520 203760 32081
610 193 2506 2520 204373 32172
611 193 2506 2520 205033 32265
612 193 2506 2520 205649 32329
613 194 2506 2520 206236 32411
614 196 2506 2520 206840 32446
615 197 2506 2520 207431 32517
616 197 2506 2520 208158 32586
617 197 2506 2520 208814 32693
618 197 2506 2520 209475 32782
619 199 2506 2520 210118 32867
620 202 2506 2520 210804 32952
621 204 2506 2520 211504 33024
622 204 2506 2520 212303 33112
623 204 2506 2520 213124 33235
624 204 2506 2520 213981 33372
625 204 2506 2520 214757 33469
626 204 2506 2520 215586 33573
627 206 2506 2520 216386 33704
628 206 2506 2520 217135 33785
629 207 2506 2520 217896 33884
630 207 2506 2520 218661 34012
631 208 2506 2520 219374 34049
632 208 2506 2520 220117 34130
633 208 2506 2520 220882 34259
634 208 2506 2520 221592 34368
635 209 2506 2520 222237 34440
636 210 2506 2520 222913 34550
637 211 2506 2520 223578 34605
638 211 2506 2520 224222 34702
639 213 2506 2520 224920 34795
640 214 2506 2520 225600 34884
641 214 2505 2520 226282 34989
642 215 2505 2520 227004 35054
643 218 2505 2520 227755 35177
644 218 2504 2520 228488 35260
645 219 2504 2520 229253 35397
646 220 2504 2520 230004 35538
647 222 2504 2520 230816 35639
648 223 2504 2520 231646 35786
649 224 2504 2520 232455 35902
650 224 2504 2520 233314 35972
651 224 2504 2520 234282 36080
652 227 2504 2520 235137 36203
653 228 2504 2520 236109 36339
654 228 2504 2520 237068 36461
655 229 2504 2520 238022 36595
656 229 2504 2520 238837 36631
657 230 2504 2520 239689 36753
658 231 2504 2520 240578 36876
659 231 2504 2520 241397 36938
660 231 2504 2520 242246 36996
661 231 2504 2520 242991 37074
662 232 2504 2520 243770 37173
663 232 2504 2520 244533 37236
664 233 2504 2520 245337 37296
665 233 2504 2520 246092 37395
666 233 2504 2520 246777 37508
667 234 2504 2520 247437 37604
668 235 2504 2520 248162 37670
669 236 2504 2520 248923 37755
670 238 2504 2520 249647 37843
671 238 2504 2520 250401 37964
672 239 2504 2520 251088 38130
673 241 2504 2520 251771 38215
674 243 2504 2520 252547 38338
675 243 2504 2520 253373 38454
676 243 2504 2520 254208 38602
677 243 2504 2520 254992 38704
678 244 2504 2520 255810 38840
679 245 2504 2520 256609 38945
680 247 2504 2520 257385 39033
681 247 2504 2520 258209 39179
682 247 2504 2520 259056 39322
683 247 2504 2520 259898 39443
684 248 2504 2520 260843 39595
685 248 2504 2520 261672 39695
686 248 2504 2520 262470 39818
687 248 2504 2520 263242 39918
688 250 2504 2520 263994 40030
689 250 2504 2520 264779 40119
690 250 2504 2520 265606 40238
691 252 2504 2520 266358 40265
692 253 2504 2520 267092 40379
693 253 2504 2520 267886 40469
694 254 2504 2520 268712 40582
695 254 2504 2520 269473 40672
696 254 2504 2520 270288 40799
697 255 2504 2520 271118 40927
698 256 2503 2520 271927 41064
699 256 2503 2520 272725 41159
700 257 2503 2520 273486 41255
701 258 2503 2520 274259 41360
702 258 2503 2520 275015 41468
703 260 2503 2520 275765 41548
704 260 2503 2520 276539 41699
705 261 2503 2520 277279 41777
706 261 2503 2520 278059 41909
707 262 2503 2520 278808 42018
708 262 2503 2520 279474 42097
709 264 2503 2520 280151 42207
710 264 2503 2520 280828 42320
711 265 2503 2520 281548 42419
712 267 2503 2520 282219 42492
713 268 2503 2520 282966 42566
714 269 2503 2520 283757 42695
715 269 2503 2520 284532 42812
716 269 2503 2520 285329 42915
717 270 2503 2520 286115 43008
718 270 2503 2520 286800 43085
719 270 2503 2520 287481 43181
720 271 2503 2520 288315 43246
721 271 2503 2520 289043 43352
722 271 2503 2520 289752 43431
723 273 2503 2520 290438 43571
724 274 2503 2520 291168 43701
725 274 2503 2520 291995 43815
726 274 2503 2520 292720 43857
727 274 2503 2520 293379 43884
728 274 2503 2520 294123 43980
729 275 2503 2520 294853 44075
730 275 2503 2520 295565 44166
731 278 2503 2520 296261 44290
732 278 2503 2520 297021 44372
733 279 2503 2520 297838 44455
734 279 2503 2520 298506 44513
735 279 2503 2520 299210 44607
736 279 2503 2520 299970 44711
737 281 2503 2520 300699 44841
738 281 2503 2520 301464 44931
739 282 2503 2520 302203 44988
740 283 2503 2520 302949 45072
741 283 2503 2520 303717 45203
742 285 2503 2520 304491 45306
743 287 2503 2520 305256 45380
744 287 2503 2520 305939 45466
745 287 2503 2520 306748 45616
746 288 2502 2520 307511 45707
747 289 2501 2520 308236 45795
748 289 2501 2520 309018 45864
749 292 2501 2520 309876 45944
750 293 2501 2520 310717 46034
751 294 2501 2520 311566 46169
752 295 2501 2520 312419 46261
753 298 2501 2520 313329 46353
754 299 2500 2520 314127 46455
755 300 2500 2520 315016 46556
756 303 2500 2520 315942 46681
757 303 2500 2520 316904 46758
758 304 2500 2520 317853 46874
759 304 2500 2520 318809 47006
760 305 2500 2520 319761 47097
761 305 2500 2520 320753 47226
762 306 2500 2520 321676 47329
763 306 2500 2520 322629 47458
764 307 2500 2520 323547 47563
765 308 2500 2520 324408 47649
766 308 2500 2520 325286 47806
767 308 2500 2520 326214 47879
768 309 2500 2520 327129 47993
769 310 2499 2520 328063 48089
770 311 2499 2520 328991 48201
771 312 2499 2520 329915 48337
772 312 2499 2520 330853 48409
773 312 2499 2520 331687 48512
774 313 2499 2520 332581 48626
775 313 2499 2520 333477 48726
776 315 2498 2520 334377 48768
777 315 2498 2520 335225 48919
778 315 2497 2520 336122 49035
779 316 2497 2520 336954 49101
780 319 2497 2520 337731 49199
781 319 2497 2520 338560 49270
782 319 2497 2520 339411 49383
783 319 2497 2520 340309 49503
784 320 2497 2520 341090 49617
785 320 2497 2520 341907 49692
786 320 2497 2520 342742 49752
787 322 2497 2520 343567 49826
788 324 2497 2520 344397 49914
789 325 2497 2520 345246 50060
790 327 2497 2520 346123 50167
791 328 2497 2520 347006 50319
792 329 2497 2520 347980 50441
793 330 2497 2520 348829 50556
794 330 2497 2520 349753 50676
795 332 2497 2520 350719 50778
796 335 2497 2520 351661 50891
797 335 2497 2520 352719 51038
798 335 2496 2520 353743 51149
799 335 2496 2520 354749 51277
800 336 2496 2520 355822 51439
801 338 2496 2520 356866 51579
802 338 2496 2520 357842 51708
803 338 2496 2520 358872 51799
804 339 2496 2520 359888 51884
805 340 2495 2520 360856 52025
806 341 2495 2520 361817 52102
807 341 2495 2520 362856 52257
808 341 2495 2520 363843 52347
809 341 2495 2520 364847 52452
810 342 2494 2520 365838 52599
811 343 2494 2520 366803 52722
812 344 2494 2520 367696 52870
813 345 2494 2520 368661 52954
814 345 2494 2520 369608 53085
815 345 2494 2520 370495 53209
816 345 2494 2520 371322 53309
817 347 2494 2520 372224 53399
818 350 2494 2520 373059 53501
819 351 2494 2520 374013 53652
820 351 2494 2520 375037 53820
821 352 2494 2520 376021 54008
822 352 2493 2520 377000 54113
823 352 2493 2520 377981 54220
824 353 2493 2520 378936 54340
825 356 2493 2520 379896 54474
826 356 2493 2520 380868 54602
827 356 2493 2520 381823 54734
828 356 2493 2520 382747 54870
829 356 2492 2520 383611 54975
830 356 2492 2520 384496 55057
831 356 2492 2520 385375 55201
832 357 2492 2520 386300 55274
833 357 2492 2520 387118 55340
834 361 2492 2520 387921 55470
835 361 2492 2520 388798 55547
836 362 2492 2520 389679 55669
837 362 2492 2520 390539 55730
838 364 2492 2520 391324 55799
839 364 2492 2520 392133 55921
840 367 2492 2520 392975 55973
841 367 2492 2520 393913 56142
842 368 2492 2520 394771 56262
843 368 2492 2520 395649 56369
844 370 2492 2520 396597 56463
845 370 2492 2520 397491 56595
846 371 2492 2520 398378 56710
847 372 2492 2520 399261 56840
848 373 2492 2520 400163 56919
849 374 2492 2520 401060 57040
850 375 2492 2520 402017 57115
851 375 2492 2520 403011 57278
852 378 2492 2520 403931 57369
853 379 2492 2520 404825 57501
854 379 2492 2520 405791 57641
855 380 2492 2520 406704 57730
856 382 2492 2520 407655 57887
857 383 2492 2520 408556 58025
858 383 2492 2520 409542 58156
859 384 2492 2520 410488 58289
860 384 2492 2520 411491 58406
861 385 2492 2520 412532 58579
862 385 2492 2520 413483 58672
863 387 2492 2520 414459 58809
864 388 2492 2520 415353 58918
865 389 2492 2520 416275 59008
866 390 2492 2520 417218 59120
867 390 2492 2520 418246 59294
868 391 2491 2520 419229 59414
869 393 2491 2520 420090 59532
870 394 2491 2520 420992 59687
871 395 2491 2520 421982 59818
872 395 2491 2520 422929 59916
873 395 2491 2520 423943 60032
874 395 2491 2520 424902 60151
875 397 2491 2520 425874 60293
876 399 2491 2520 426773 60444
877 399 2491 2520 427733 60567
878 399 2491 2520 428721 60749
879 399 2491 2520 429633 60799
880 400 2491 2520 430610 60885
881 403 2491 2520 431532 61007
882 404 2491 2520 432397 61138
883 405 2491 2520 433361 61265
884 405 2491 2520 434287 61359
885 406 2491 2520 435233 61459
886 406 2491 2520 436238 61552
887 406 2491 2520 437192 61644
888 407 2491 2520 438135 61739
889 408 2490 2520 439055 61843
890 408 2490 2520 439977 61999
891 409 2490 2520 440901 62130
892 411 2489 2520 441879 62261
893 412 2489 2520 442828 62389
894 414 2489 2520 443711 62500
895 414 2489 2520 444656 62657
896 415 2489 2520 445648 62733
897 417 2488 2520 446669 62813
898 421 2488 2520 447659 62952
899 422 2488 2520 448711 63134
900 424 2488 2520 449780 63248
901 425 2488 2520 450856 63354
902 425 2488 2520 451919 63500
903 425 2488 2520 453097 63669
904 427 2488 2520 454195 63781
905 428 2488 2520 455239 63956
906 429 2488 2520 456274 64072
907 430 2488 2520 457321 64196
908 430 2488 2520 458406 64279
909 430 2488 2520 459500 64407
910 430 2488 2520 460566 64576
911 432 2487 2520 461639 64679
912 432 2487 2520 462595 64738
913 432 2487 2520 463610 64863
914 433 2487 2520 464645 64977
915 435 2487 2520 465589 65094
916 435 2487 2520 466614 65197
917 436 2487 2520 467547 65335
918 437 2487 2520 468558 65465
919 438 2487 2520 469466 65537
920 438 2487 2520 470485 65621
921 439 2487 2520 471479 65690
922 441 2487 2520 472381 65786
923 442 2486 2520 473305 65861
924 442 2486 2520 474255 66007
925 445 2486 2520 475215 66140
926 445 2486 2520 476285 66246
927 446 2486 2520 477252 66337
928 448 2486 2520 478308 66450
929 451 2486 2520 479432 66566
930 451 2486 2520 480437 66693
931 452 2486 2520 481539 66825
932 453 2485 2520 482618 66973
933 453 2485 2520 483703 67083
934 456 2484 2520 484764 67191
935 457 2484 2520 485835 67219
936 457 2484 2520 486962 67312
937 459 2484 2520 488108 67435
938 459 2484 2520 489180 67540
939 461 2484 2520 490328 67737
940 463 2484 2520 491528 67833
941 464 2484 2520 492636 67961
942 465 2484 2520 493813 68107
943 466 2483 2520 495035 68172
944 466 2483 2520 496181 68243
945 466 2483 2520 497309 68405
946 466 2483 2520 498474 68564
947 467 2483 2520 499468 68648
948 467 2483 2520 500556 68769
949 467 2483 2520 501572 68852
950 469 2483 2520 502675 68951
951 469 2483 2520 503682 69030
952 469 2483 2520 504794 69142
953 470 2483 2520 505811 69278
954 470 2483 2520 506807 69395
955 471 2483 2520 507739 69482
956 474 2483 2520 508730 69593
957 477 2483 2520 509709 69733
958 478 2483 2520 510792 69894
959 479 2482 2520 511801 70014
960 480 2482 2520 512885 70161
961 480 2480 2520 514008 70279
962 481 2480 2520 515110 70443
963 482 2480 2520 516230 70547
964 482 2479 2520 517305 70696
965 482 2479 2520 518447 70873
966 482 2478 2520 519567 70946
967 485 2478 2520 520646 71062
968 487 2478 2520 521748 71148
969 488 2478 2520 522762 71217
970 489 2478 2520 523818 71368
971 490 2477 2520 524889 71449
972 490 2477 2520 525900 71480
973 490 2477 2520 526973 71567
974 490 2477 2520 528066 71706
975 490 2477 2520 529062 71818
976 494 2477 2520 530013 71884
977 495 2477 2520 530972 72004
978 497 2477 2520 532037 72150
979 497 2477 2520 533099 72302
980 498 2477 2520 534209 72495
981 498 2477 2520 535377 72667
982 499 2477 2520 536502 72813
983 502 2477 2520 537522 72915
984 502 2477 2520 538615 72993
985 503 2477 2520 539655 73079
986 504 2477 2520 540727 73203
987 507 2476 2520 541760 73247
988 508 2476 2520 542908 73344
989 508 2476 2520 544001 73469
990 509 2476 2520 545203 73633
991 511 2476 2520 546261 73808
992 512 2475 2520 547333 73925
993 514 2475 2520 548495 74068
994 514 2475 2520 549681 74167
995 516 2475 2520 550780 74288
996 516 2475 2520 551945 74404
997 516 2474 2520 553102 74525
998 516 2474 2520 554217 74660
999 516 2474 2520 555412 74807
1000 517 2474 2520 556536 74984
