0 1 2519 2520 796 500
1 1 2519 2520 831 522
2 1 2519 2520 855 538
3 1 2519 2520 887 552
4 1 2519 2520 915 565
5 1 2519 2520 960 591
6 1 2519 2520 1004 607
7 1 2519 2520 1032 621
8 1 2519 2520 1067 640
9 1 2519 2520 1085 646
10 1 2519 2520 1115 652
11 1 2519 2520 1139 661
12 1 2519 2520 1166 673
13 1 2519 2520 1185 678
14 1 2519 2520 1207 687
15 1 2519 2520 1215 688
16 1 2519 2520 1241 701
17 2 2519 2520 1262 704
18 2 2519 2520 1313 724
19 2 2519 2520 1393 760
20 2 2519 2520 1490 794
21 2 2519 2520 1572 834
22 2 2519 2520 1686 870
23 2 2519 2520 1768 892
24 2 2519 2520 1882 929
25 2 2519 2520 1964 945
26 2 2519 2520 2020 956
27 2 2519 2520 2098 977
28 2 2519 2520 2165 993
29 2 2519 2520 2227 1017
30 2 2519 2520 2281 1031
31 2 2519 2520 2319 1048
32 2 2519 2520 2357 1056
33 2 2519 2520 2402 1064
34 2 2519 2520 2447 1067
35 2 2519 2520 2486 1085
36 2 2519 2520 2533 1107
37 3 2519 2520 2556 1111
38 3 2519 2520 2607 1125
39 4 2519 2520 2686 1153
40 4 2519 2520 2801 1198
41 4 2519 2520 2936 1247
42 4 2519 2520 3090 1311
43 4 2519 2520 3226 1348
44 4 2519 2520 3359 1391
45 4 2519 2520 3518 1439
46 4 2519 2520 3703 1487
47 4 2519 2520 3817 1506
48 4 2519 2520 3967 1542
49 4 2519 2520 4068 1574
50 4 2519 2520 4190 1597
51 4 2519 2520 4307 1637
52 4 2519 2520 4395 1652
53 4 2519 2520 4500 1684
54 4 2519 2520 4598 1707
55 4 2519 2520 4668 1722
56 4 2519 2520 4729 1741
57 5 2519 2520 4787 1764
58 6 2519 2520 4889 1793
59 7 2519 2520 5038 1846
60 8 2519 2520 5243 1910
61 8 2519 2520 5505 1960
62 8 2519 2520 5762 2019
63 8 2519 2520 6033 2070
64 8 2519 2520 6308 2151
65 8 2518 2520 6534 2181
66 8 2518 2520 6791 2235
67 8 2518 2520 7071 2309
68 8 2518 2520 7298 2372
69 8 2518 2520 7556 2436
70 8 2518 2520 7770 2451
71 8 2518 2520 7989 2477
72 8 2518 2520 8143 2470
73 8 2518 2520 8318 2522
74 8 2518 2520 8469 2545
75 8 2518 2520 8618 2574
76 8 2517 2520 8759 2602
77 8 2517 2520 8879 2612
78 8 2517 2520 9015 2635
79 9 2517 2520 9104 2651
80 9 2517 2520 9236 2666
81 10 2517 2520 9400 2696
82 10 2517 2520 9564 2730
83 10 2517 2520 9768 2785
84 10 2517 2520 9978 2826
85 12 2517 2520 10159 2871
86 14 2517 2520 10356 2897
87 14 2517 2520 10610 2945
88 14 2517 2520 10929 3014
89 15 2517 2520 11214 3073
90 15 2517 2520 11537 3156
91 15 2517 2520 11858 3204
92 15 2517 2520 12202 3259
93 15 2517 2520 12554 3333
94 15 2517 2520 12852 3392
95 15 2517 2520 13119 3433
96 15 2517 2520 13349 3469
97 15 2517 2520 13614 3513
98 15 2517 2520 13887 3577
99 15 2517 2520 14153 3635
100 15 2517 2520 14351 3679
101 15 2517 2520 14560 3724
102 16 2516 2520 14772 3768
103 16 2516 2520 14998 3803
104 16 2516 2520 15267 3824
105 16 2516 2520 15458 3843
106 16 2516 2520 15699 3883
107 16 2516 2520 15918 3930
108 16 2516 2520 16147 3965
109 16 2516 2520 16374 3998
110 16 2516 2520 16583 4017
111 16 2516 2520 16800 4059
112 16 2516 2520 16966 4078
113 16 2516 2520 17101 4124
114 17 2516 2520 17255 4138
115 17 2516 2520 17415 4155
116 17 2516 2520 17581 4198
117 17 2516 2520 17752 4227
118 18 2516 2520 17918 4275
119 19 2515 2520 18085 4313
120 19 2515 2520 18294 4367
121 19 2515 2520 18547 4434
122 19 2515 2520 18754 4473
123 19 2515 2520 19029 4534
124 19 2515 2520 19272 4591
125 19 2515 2520 19502 4626
126 19 2515 2520 19715 4657
127 20 2515 2520 19922 4694
128 21 2515 2520 20130 4737
129 21 2515 2520 20390 4779
130 22 2515 2520 20642 4833
131 22 2515 2520 20929 4904
132 22 2515 2520 21163 4945
133 22 2515 2520 21413 5003
134 22 2515 2520 21681 5050
135 22 2515 2520 21927 5119
136 22 2515 2520 22186 5180
137 22 2515 2520 22427 5242
138 22 2515 2520 22658 5286
139 22 2515 2520 22886 5330
140 23 2515 2520 23148 5342
141 23 2515 2520 23390 5376
142 23 2515 2520 23591 5436
143 24 2515 2520 23826 5454
144 25 2515 2520 24089 5543
145 25 2515 2520 24329 5581
146 25 2515 2520 24581 5625
147 26 2515 2520 24817 5663
148 26 2515 2520 25082 5700
149 26 2515 2520 25375 5749
150 26 2515 2520 25656 5817
151 27 2515 2520 25912 5872
152 28 2515 2520 26216 5923
153 28 2515 2520 26512 5970
154 28 2515 2520 26833 6068
155 28 2515 2520 27163 6120
156 28 2515 2520 27497 6181
157 28 2515 2520 27804 6233
158 28 2515 2520 28079 6300
159 28 2515 2520 28365 6331
160 28 2515 2520 28582 6375
161 28 2515 2520 28808 6406
162 28 2515 2520 28998 6440
163 29 2515 2520 29239 6490
164 29 2515 2520 29464 6552
165 29 2515 2520 29719 6626
166 29 2515 2520 29959 6668
167 29 2515 2520 30205 6717
168 29 2515 2520 30450 6773
169 29 2515 2520 30652 6841
170 30 2515 2520 30859 6873
171 30 2515 2520 31091 6908
172 30 2515 2520 31290 6927
173 31 2515 2520 31465 6970
174 31 2515 2520 31697 7010
175 31 2515 2520 31942 7056
176 32 2515 2520 32166 7106
177 32 2515 2520 32422 7156
178 32 2515 2520 32664 7208
179 34 2515 2520 32904 7237
180 35 2515 2520 33199 7283
181 35 2515 2520 33544 7364
182 35 2515 2520 33885 7428
183 35 2515 2520 34226 7527
184 35 2515 2520 34552 7561
185 35 2515 2520 34927 7616
186 35 2515 2520 35221 7647
187 35 2515 2520 35523 7699
188 35 2515 2520 35827 7759
189 35 2515 2520 36122 7821
190 35 2515 2520 36404 7894
191 35 2515 2520 36643 7951
192 35 2515 2520 36895 7968
193 35 2515 2520 37139 8049
194 35 2515 2520 37357 8102
195 36 2515 2520 37535 8149
196 37 2515 2520 37741 8191
197 37 2515 2520 37967 8248
198 37 2515 2520 38235 8301
199 37 2515 2520 38478 8353
200 37 2515 2520 38714 8411
201 37 2515 2520 39039 8499
202 37 2515 2520 39298 8548
203 38 2515 2520 39566 8589
204 39 2515 2520 39808 8649
205 39 2515 2520 40061 8713
206 40 2515 2520 40305 8754
207 40 2515 2520 40543 8801
208 40 2515 2520 40857 8870
209 40 2515 2520 41142 8928
210 41 2515 2520 41436 8983
211 41 2515 2520 41773 9063
212 41 2515 2520 42089 9097
213 41 2515 2520 42391 9159
214 41 2515 2520 42697 9207
215 41 2515 2520 42970 9258
216 41 2515 2520 43184 9325
217 41 2515 2520 43456 9370
218 42 2515 2520 43699 9431
219 43 2515 2520 43967 9502
220 43 2515 2520 44247 9572
221 44 2515 2520 44602 9636
222 44 2515 2520 44916 9724
223 44 2515 2520 45178 9786
224 45 2515 2520 45509 9854
225 45 2515 2520 45857 9921
226 45 2515 2520 46175 9996
227 45 2515 2520 46434 10036
228 45 2514 2520 46738 10075
229 45 2514 2520 47079 10139
230 45 2514 2520 47390 10184
231 46 2514 2520 47674 10284
232 46 2514 2520 47973 10355
233 46 2514 2520 48292 10371
234 46 2514 2520 48593 10424
235 46 2514 2520 48884 10473
236 46 2514 2520 49216 10538
237 46 2514 2520 49488 10579
238 47 2514 2520 49789 10639
239 47 2514 2520 50024 10661
240 48 2514 2520 50259 10704
241 48 2514 2520 50516 10751
242 49 2514 2520 50802 10796
243 49 2514 2520 51104 10858
244 50 2514 2520 51401 10916
245 50 2514 2520 51695 10987
246 50 2514 2520 51989 11047
247 50 2514 2520 52303 11107
248 50 2514 2520 52661 11168
249 51 2514 2520 52985 11222
250 52 2514 2520 53291 11254
251 52 2514 2520 53579 11320
252 53 2514 2520 53925 11399
253 53 2514 2520 54302 11483
254 53 2514 2520 54650 11531
255 54 2514 2520 54994 11589
256 55 2514 2520 55384 11659
257 55 2514 2520 55755 11753
258 55 2514 2520 56148 11832
259 55 2514 2520 56518 11935
260 55 2514 2520 56932 12009
261 55 2514 2520 57241 12054
262 56 2514 2520 57629 12118
263 56 2514 2520 57991 12183
264 56 2514 2520 58401 12252
265 56 2514 2520 58754 12311
266 56 2514 2520 59080 12384
267 56 2514 2520 59370 12422
268 56 2514 2520 59654 12454
269 58 2514 2520 59939 12518
270 59 2514 2520 60260 12565
271 59 2514 2520 60610 12625
272 59 2514 2520 60975 12673
273 59 2514 2520 61356 12761
274 59 2514 2520 61738 12821
275 59 2514 2520 62051 12873
276 60 2514 2520 62422 12938
277 60 2514 2520 62820 13016
278 61 2514 2520 63183 13064
279 61 2514 2520 63537 13104
280 61 2514 2520 63933 13181
281 62 2514 2520 64287 13267
282 62 2514 2520 64596 13302
283 62 2513 2520 64958 13372
284 63 2513 2520 65253 13393
285 63 2513 2520 65620 13460
286 63 2513 2520 66038 13529
287 63 2513 2520 66425 13615
288 63 2513 2520 66756 13630
289 63 2513 2520 67084 13675
290 63 2513 2520 67424 13726
291 65 2513 2520 67736 13760
292 66 2513 2520 68043 13826
293 66 2513 2520 68437 13885
294 66 2513 2520 68832 13979
295 66 2513 2520 69230 14031
296 66 2513 2520 69630 14081
297 66 2513 2520 70073 14152
298 67 2513 2520 70476 14216
299 67 2513 2520 70879 14248
300 67 2513 2520 71296 14318
301 67 2513 2520 71709 14366
302 67 2513 2520 72097 14446
303 69 2513 2520 72473 14548
304 69 2513 2520 72880 14624
305 69 2513 2520 73255 14682
306 70 2513 2520 73695 14762
307 70 2513 2520 74031 14826
308 71 2513 2520 74411 14894
309 71 2513 2520 74793 14986
310 71 2513 2520 75235 15041
311 72 2513 2520 75595 15087
312 72 2513 2520 76030 15193
313 72 2513 2520 76426 15235
314 72 2513 2520 76792 15286
315 73 2512 2520 77145 15337
316 75 2512 2520 77582 15383
317 75 2512 2520 77982 15435
318 76 2512 2520 78497 15516
319 77 2512 2520 78955 15582
320 77 2512 2520 79472 15667
321 78 2512 2520 79989 15744
322 79 2511 2520 80473 15789
323 79 2511 2520 80971 15839
324 79 2511 2520 81541 15892
325 79 2511 2520 82075 15925
326 79 2511 2520 82548 15978
327 79 2511 2520 83077 16019
328 79 2511 2520 83527 16059
329 80 2511 2520 83970 16071
330 81 2511 2520 84403 16121
331 82 2511 2520 84874 16181
332 83 2511 2520 85304 16192
333 84 2511 2520 85755 16255
334 84 2511 2520 86221 16285
335 84 2511 2520 86760 16334
336 84 2511 2520 87261 16417
337 84 2511 2520 87783 16506
338 84 2511 2520 88249 16571
339 86 2511 2520 88709 16633
340 87 2511 2520 89149 16691
341 88 2511 2520 89551 16740
342 89 2511 2520 89997 16796
343 89 2511 2520 90540 16878
344 90 2511 2520 91056 16935
345 91 2511 2520 91585 17002
346 91 2511 2520 92143 17086
347 91 2511 2520 92692 17169
348 91 2511 2520 93275 17254
349 91 2511 2520 93806 17310
350 91 2511 2520 94303 17393
351 92 2511 2520 94739 17422
352 93 2511 2520 95276 17481
353 93 2511 2520 95800 17545
354 93 2511 2520 96340 17603
355 93 2511 2520 96841 17666
356 94 2511 2520 97340 17755
357 95 2511 2520 97843 17822
358 95 2511 2520 98405 17904
359 95 2511 2520 98926 17983
360 96 2511 2520 99438 18071
361 97 2511 2520 99941 18174
362 97 2511 2520 100472 18281
363 97 2511 2520 101003 18367
364 97 2511 2520 101433 18418
365 98 2511 2520 101932 18512
366 98 2511 2520 102366 18576
367 100 2511 2520 102866 18625
368 100 2511 2520 103367 18716
369 101 2511 2520 103819 18765
370 101 2511 2520 104280 18851
371 101 2510 2520 104813 18926
372 101 2510 2520 105357 18984
373 101 2510 2520 105873 19062
374 101 2510 2520 106378 19157
375 101 2510 2520 106832 19226
376 101 2510 2520 107301 19278
377 102 2510 2520 107803 19361
378 102 2510 2520 108199 19379
379 102 2510 2520 108685 19436
380 103 2510 2520 109105 19522
381 103 2510 2520 109533 19575
382 104 2510 2520 109926 19660
383 104 2510 2520 110327 19697
384 104 2510 2520 110780 19787
385 104 2510 2520 111203 19851
386 106 2510 2520 111639 19902
387 106 2510 2520 112081 19998
388 106 2510 2520 112543 20079
389 107 2510 2520 113001 20177
390 107 2510 2520 113461 20233
391 109 2510 2520 113904 20288
392 109 2510 2520 114381 20374
393 110 2510 2520 114831 20507
394 110 2510 2520 115286 20580
395 110 2510 2520 115775 20650
396 111 2510 2520 116232 20679
397 111 2510 2520 116749 20762
398 111 2510 2520 117249 20827
399 111 2510 2520 117761 20902
400 112 2510 2520 118223 20988
401 113 2510 2520 118707 21073
402 114 2510 2520 119165 21163
403 114 2510 2520 119691 21249
404 114 2510 2520 120224 21317
405 114 2510 2520 120688 21377
406 114 2510 2520 121145 21431
407 114 2510 2520 121591 21469
408 114 2510 2520 122076 21538
409 115 2510 2520 122538 21598
410 115 2510 2520 122936 21686
411 116 2510 2520 123278 21723
412 116 2510 2520 123756 21833
413 116 2510 2520 124220 21884
414 119 2510 2520 124655 21921
415 120 2510 2520 125145 22031
416 121 2510 2520 125672 22133
417 121 2510 2520 126167 22189
418 121 2510 2520 126677 22301
419 123 2510 2520 127266 22371
420 123 2510 2520 127789 22474
421 123 2510 2520 128369 22540
422 124 2510 2520 128895 22646
423 124 2510 2520 129484 22722
424 124 2510 2520 130074 22802
425 124 2510 2520 130642 22869
426 126 2510 2520 131219 22942
427 126 2510 2520 131817 23048
428 127 2510 2520 132451 23130
429 127 2510 2520 133093 23211
430 127 2510 2520 133680 23297
431 127 2510 2520 134266 23373
432 127 2510 2520 134848 23482
433 127 2510 2520 135342 23534
434 127 2510 2520 135849 23616
435 128 2510 2520 136361 23690
436 128 2510 2520 136910 23761
437 128 2510 2520 137432 23850
438 130 2510 2520 137898 23920
439 130 2510 2520 138425 23997
440 131 2510 2520 138908 24098
441 131 2510 2520 139439 24192
442 132 2510 2520 139950 24246
443 133 2510 2520 140439 24318
444 134 2510 2520 140980 24429
445 135 2510 2520 141546 24526
446 136 2510 2520 142041 24626
447 136 2510 2520 142602 24726
448 136 2510 2520 143239 24848
449 136 2510 2520 143786 24936
450 136 2510 2520 144329 25011
451 137 2510 2520 144990 25119
452 138 2510 2520 145544 25235
453 140 2509 2520 146164 25340
454 140 2509 2520 146804 25449
455 140 2509 2520 147440 25534
456 140 2509 2520 148116 25656
457 140 2509 2520 148786 25742
458 140 2509 2520 149392 25872
459 140 2509 2520 149949 25964
460 141 2509 2520 150515 26019
461 141 2509 2520 151099 26077
462 142 2509 2520 151701 26184
463 143 2509 2520 152295 26277
464 143 2509 2520 152935 26375
465 144 2509 2520 153481 26479
466 145 2509 2520 154072 26603
467 145 2509 2520 154665 26692
468 145 2509 2520 155218 26746
469 145 2509 2520 155737 26836
470 146 2509 2520 156237 26897
471 148 2509 2520 156807 26987
472 149 2509 2520 157372 27087
473 150 2509 2520 157929 27211
474 150 2509 2520 158587 27338
475 152 2509 2520 159151 27464
476 152 2509 2520 159698 27556
477 152 2509 2520 160367 27649
478 154 2509 2520 160940 27761
479 154 2509 2520 161648 27874
480 154 2509 2520 162216 27971
481 155 2509 2520 162859 28033
482 155 2509 2520 163476 28150
483 156 2509 2520 164059 28273
484 156 2509 2520 164668 28374
485 158 2509 2520 165265 28487
486 158 2509 2520 165899 28533
487 159 2509 2520 166538 28675
488 160 2509 2520 167194 28800
489 160 2509 2520 167878 28932
490 160 2509 2520 168550 29028
491 160 2509 2520 169156 29120
492 160 2509 2520 169775 29193
493 160 2509 2520 170371 29281
494 161 2509 2520 170983 29352
495 161 2509 2520 171577 29456
496 162 2509 2520 172196 29529
497 164 2509 2520 172776 29612
498 166 2509 2520 173398 29710
499 166 2509 2520 174124 29790
500 167 2509 2520 174808 29874
501 168 2509 2520 175504 30007
502 169 2509 2520 176178 30150
503 169 2509 2520 176835 30236
504 169 2509 2520 177533 30305
505 169 2509 2520 178181 30371
506 169 2509 2520 178898 30476
507 171 2509 2520 179590 30563
508 171 2509 2520 180214 30652
509 172 2509 2520 180920 30747
510 172 2509 2520 181609 30843
511 172 2509 2520 182284 30945
512 173 2509 2520 182911 31014
513 173 2509 2520 183625 31121
514 173 2509 2520 184311 31226
515 175 2509 2520 184948 31345
516 175 2509 2520 185607 31385
517 176 2509 2520 186277 31527
518 176 2509 2520 186987 31628
519 176 2509 2520 187685 31738
520 177 2509 2520 188244 31821
521 177 2509 2520 188935 31957
522 179 2509 2520 189537 32045
523 180 2509 2520 190301 32170
524 181 2509 2520 190987 32274
525 182 2509 2520 191688 32332
526 183 2509 2520 192366 32437
527 183 2509 2520 193078 32551
528 183 2509 2520 193776 32660
529 183 2509 2520 194494 32769
530 183 2509 2520 195161 32866
531 184 2509 2520 195773 32965
532 184 2509 2520 196379 32999
533 184 2509 2520 197049 33087
534 184 2509 2520 197733 33175
535 186 2509 2520 198321 33253
536 187 2509 2520 198937 33327
537 188 2509 2520 199609 33414
538 188 2509 2520 200270 33481
539 189 2508 2520 200925 33581
540 189 2508 2520 201596 33670
541 190 2508 2520 202273 33772
542 190 2508 2520 202972 33859
543 192 2508 2520 203661 33931
544 194 2508 2520 204418 34033
545 194 2508 2520 205152 34094
546 194 2508 2520 205958 34200
547 196 2508 2520 206699 34257
548 196 2508 2520 207478 34333
549 196 2508 2520 208203 34457
550 196 2508 2520 208897 34583
551 197 2508 2520 209614 34693
552 198 2508 2520 210294 34780
553 198 2508 2520 210948 34837
554 199 2508 2520 211583 34910
555 199 2508 2520 212224 34980
556 201 2508 2520 212933 35047
557 202 2508 2520 213585 35132
558 202 2508 2520 214224 35220
559 205 2508 2520 214859 35287
560 205 2507 2520 215569 35385
561 205 2507 2520 216316 35515
562 205 2507 2520 216968 35610
563 206 2507 2520 217624 35683
564 206 2507 2520 218309 35789
565 206 2507 2520 218982 35892
566 207 2507 2520 219604 36012
567 210 2507 2520 220336 36066
568 212 2507 2520 220995 36148
569 214 2507 2520 221774 36257
570 214 2506 2520 222566 36345
571 214 2505 2520 223448 36493
572 214 2505 2520 224248 36615
573 215 2505 2520 225072 36698
574 215 2504 2520 225818 36852
575 215 2504 2520 226667 36960
576 215 2504 2520 227454 37071
577 215 2504 2520 228221 37239
578 217 2504 2520 228957 37344
579 218 2504 2520 229676 37402
580 218 2503 2520 230430 37538
581 218 2503 2520 231167 37648
582 219 2503 2520 231873 37760
583 219 2503 2520 232468 37850
584 219 2503 2520 233181 37955
585 222 2503 2520 233826 38006
586 222 2503 2520 234495 38136
587 223 2503 2520 235206 38240
588 223 2503 2520 235921 38343
589 223 2503 2520 236662 38441
590 225 2503 2520 237434 38567
591 226 2503 2520 238188 38669
592 228 2502 2520 238923 38768
593 229 2502 2520 239673 38879
594 230 2502 2520 240547 39017
595 231 2502 2520 241374 39109
596 231 2502 2520 242162 39191
597 231 2502 2520 242965 39284
598 231 2502 2520 243794 39402
599 231 2502 2520 244561 39490
600 232 2502 2520 245335 39578
601 232 2502 2520 246173 39649
602 234 2502 2520 246915 39775
603 236 2502 2520 247649 39881
604 237 2502 2520 248461 40008
605 237 2502 2520 249187 40083
606 237 2502 2520 249923 40250
607 237 2502 2520 250611 40313
608 237 2502 2520 251322 40443
609 237 2502 2520 251969 40492
610 240 2501 2520 252625 40555
611 240 2501 2520 253379 40667
612 240 2501 2520 254044 40780
613 241 2501 2520 254795 40897
614 242 2501 2520 255530 40986
615 242 2500 2520 256278 41073
616 243 2500 2520 256960 41189
617 244 2500 2520 257645 41298
618 244 2500 2520 258407 41392
619 244 2500 2520 259180 41536
620 245 2500 2520 259957 41668
621 245 2500 2520 260786 41868
622 245 2500 2520 261622 41994
623 246 2500 2520 262443 42140
624 247 2500 2520 263165 42260
625 247 2500 2520 263944 42346
626 249 2500 2520 264755 42443
627 249 2500 2520 265479 42551
628 251 2500 2520 266214 42694
629 252 2500 2520 266944 42782
630 252 2500 2520 267655 42886
631 253 2500 2520 268369 42986
632 256 2500 2520 269116 43089
633 257 2500 2520 269944 43192
634 258 2500 2520 270774 43307
635 258 2500 2520 271627 43453
636 259 2500 2520 272485 43542
637 260 2500 2520 273299 43651
638 261 2500 2520 274127 43720
639 261 2500 2520 274999 43854
640 261 2500 2520 275933 43985
641 261 2500 2520 276797 44090
642 262 2500 2520 277668 44202
643 262 2500 2520 278436 44288
644 262 2500 2520 279193 44410
645 263 2500 2520 279950 44483
646 263 2500 2520 280695 44590
647 264 2500 2520 281443 44636
648 265 2499 2520 282265 44736
649 266 2499 2520 283079 44834
650 268 2499 2520 283841 44980
651 269 2499 2520 284619 45029
652 269 2499 2520 285433 45159
653 269 2499 2520 286389 45253
654 270 2499 2520 287205 45343
655 271 2499 2520 287957 45474
656 271 2499 2520 288759 45614
657 271 2499 2520 289625 45685
658 273 2499 2520 290374 45761
659 274 2499 2520 291144 45865
660 274 2499 2520 291907 45962
661 274 2499 2520 292758 46072
662 274 2499 2520 293538 46128
663 276 2499 2520 294382 46234
664 277 2499 2520 295131 46327
665 279 2499 2520 295895 46479
666 279 2499 2520 296746 46592
667 279 2499 2520 297593 46687
668 280 2499 2520 298454 46819
669 280 2499 2520 299272 46853
670 282 2499 2520 300041 46939
671 282 2499 2520 300869 47062
672 285 2499 2520 301598 47111
673 288 2499 2520 302421 47226
674 288 2499 2520 303292 47288
675 291 2499 2520 304194 47347
676 292 2499 2520 305116 47428
677 292 2499 2520 306117 47542
678 293 2499 2520 307100 47675
679 293 2499 2520 308080 47816
680 293 2499 2520 309040 47930
681 293 2499 2520 309999 48052
682 293 2499 2520 310965 48166
683 293 2499 2520 311799 48219
684 294 2499 2520 312663 48394
685 294 2499 2520 313544 48495
686 294 2499 2520 314418 48627
687 297 2499 2520 315275 48727
688 297 2499 2520 316007 48790
689 297 2499 2520 316807 48925
690 298 2499 2520 317628 49001
691 299 2498 2520 318398 49110
692 300 2498 2520 319110 49186
693 300 2498 2520 319889 49283
694 302 2498 2520 320662 49348
695 302 2498 2520 321491 49436
696 303 2498 2520 322339 49587
697 303 2498 2520 323183 49692
698 303 2498 2520 323964 49793
699 303 2498 2520 324755 49916
700 304 2498 2520 325563 50037
701 307 2496 2520 326349 50172
702 307 2496 2520 327147 50254
703 307 2496 2520 328082 50353
704 307 2496 2520 328900 50457
705 309 2496 2520 329641 50524
706 311 2496 2520 330506 50635
707 311 2496 2520 331358 50747
708 311 2495 2520 332288 50853
709 312 2495 2520 333125 50975
710 314 2495 2520 333945 51054
711 316 2495 2520 334846 51178
712 317 2495 2520 335744 51289
713 317 2495 2520 336679 51352
714 317 2495 2520 337595 51518
715 318 2495 2520 338538 51639
716 320 2495 2520 339490 51731
717 321 2495 2520 340426 51893
718 322 2495 2520 341389 51999
719 323 2495 2520 342404 52094
720 324 2495 2520 343353 52197
721 324 2495 2520 344353 52267
722 324 2495 2520 345358 52424
723 325 2495 2520 346282 52511
724 325 2495 2520 347255 52627
725 325 2495 2520 348045 52779
726 325 2495 2520 348939 52847
727 326 2495 2520 349866 52933
728 326 2495 2520 350684 53047
729 326 2495 2520 351545 53137
730 326 2495 2520 352381 53217
731 326 2495 2520 353229 53269
732 326 2495 2520 353977 53346
733 327 2494 2520 354688 53419
734 327 2494 2520 355462 53504
735 328 2494 2520 356192 53582
736 329 2494 2520 356996 53690
737 330 2494 2520 357732 53771
738 331 2494 2520 358480 53875
739 333 2494 2520 359284 53957
740 333 2494 2520 360022 54087
741 333 2494 2520 360839 54167
742 335 2494 2520 361650 54313
743 335 2494 2520 362505 54411
744 335 2494 2520 363273 54494
745 335 2494 2520 364039 54561
746 336 2494 2520 364836 54709
747 338 2494 2520 365607 54811
748 338 2494 2520 366374 54950
749 342 2494 2520 367129 55011
750 342 2494 2520 367915 55059
751 344 2494 2520 368752 55143
752 345 2494 2520 369690 55259
753 347 2494 2520 370686 55356
754 348 2494 2520 371642 55476
755 350 2494 2520 372637 55639
756 351 2494 2520 373656 55753
757 352 2494 2520 374777 55966
758 354 2494 2520 375802 56115
759 354 2494 2520 376954 56299
760 355 2494 2520 378026 56462
761 355 2494 2520 379121 56586
762 356 2494 2520 380138 56696
763 356 2494 2520 381110 56809
764 356 2494 2520 382002 56868
765 359 2494 2520 383024 56979
766 361 2494 2520 384056 57063
767 362 2494 2520 385118 57189
768 363 2494 2520 386200 57340
769 364 2494 2520 387247 57486
770 365 2494 2520 388241 57616
771 366 2494 2520 389288 57659
772 367 2494 2520 390216 57839
773 367 2494 2520 391156 57897
774 369 2494 2520 392243 57968
775 371 2494 2520 393285 58071
776 372 2493 2520 394376 58178
777 372 2493 2520 395455 58323
778 374 2493 2520 396578 58467
779 375 2493 2520 397627 58584
780 375 2493 2520 398750 58747
781 375 2492 2520 399803 58869
782 376 2492 2520 400828 58971
783 377 2492 2520 401915 59082
784 378 2491 2520 402962 59271
785 379 2491 2520 404053 59363
786 380 2491 2520 405187 59495
787 382 2491 2520 406229 59641
788 382 2491 2520 407352 59793
789 383 2491 2520 408483 59966
790 384 2491 2520 409504 60092
791 385 2491 2520 410482 60195
792 385 2491 2520 411472 60304
793 386 2491 2520 412511 60415
794 386 2491 2520 413497 60486
795 388 2491 2520 414391 60563
796 388 2491 2520 415338 60652
797 388 2491 2520 416339 60811
798 388 2491 2520 417263 60861
799 388 2491 2520 418247 60950
800 389 2491 2520 419103 61052
801 389 2491 2520 420031 61181
802 390 2491 2520 420954 61266
803 393 2491 2520 421932 61408
804 394 2491 2520 422934 61520
805 398 2491 2520 423891 61646
806 398 2491 2520 424866 61776
807 399 2491 2520 425914 61854
808 399 2491 2520 426916 61980
809 402 2491 2520 427955 62074
810 403 2491 2520 429089 62199
811 403 2491 2520 430173 62323
812 403 2491 2520 431216 62456
813 403 2491 2520 432242 62559
814 403 2491 2520 433228 62705
815 405 2491 2520 434218 62758
816 406 2491 2520 435298 62893
817 409 2491 2520 436253 62964
818 409 2491 2520 437285 63089
819 412 2490 2520 438311 63214
820 412 2490 2520 439479 63333
821 412 2490 2520 440631 63481
822 413 2490 2520 441690 63578
823 415 2490 2520 442812 63721
824 415 2490 2520 443877 63850
825 416 2490 2520 444958 63925
826 417 2490 2520 446013 64013
827 419 2490 2520 447054 64143
828 419 2490 2520 448151 64218
829 419 2490 2520 449248 64376
830 419 2490 2520 450336 64491
831 423 2490 2520 451356 64641
832 423 2490 2520 452427 64749
833 423 2489 2520 453557 64871
834 425 2489 2520 454592 65004
835 426 2489 2520 455787 65183
836 426 2489 2520 456935 65307
837 429 2488 2520 458146 65399
838 429 2488 2520 459303 65556
839 430 2488 2520 460407 65611
840 433 2488 2520 461527 65776
841 435 2488 2520 462725 65897
842 435 2488 2520 463884 66014
843 436 2488 2520 465041 66135
844 438 2488 2520 466156 66267
845 440 2488 2520 467301 66398
846 441 2488 2520 468425 66542
847 442 2488 2520 469527 66672
848 444 2488 2520 470716 66793
849 445 2488 2520 471901 66888
850 446 2488 2520 473042 67077
851 447 2488 2520 474166 67195
852 449 2488 2520 475282 67329
853 452 2487 2520 476519 67424
854 456 2487 2520 477735 67578
855 457 2487 2520 479037 67669
856 458 2486 2520 480318 67828
857 459 2486 2520 481711 67979
858 459 2486 2520 483138 68110
859 460 2486 2520 484500 68271
860 460 2486 2520 485873 68372
861 461 2485 2520 487211 68492
862 461 2485 2520 488550 68618
863 461 2485 2520 489880 68885
864 461 2485 2520 491086 68951
865 462 2485 2520 492386 69105
866 462 2484 2520 493564 69214
867 463 2483 2520 494811 69321
868 465 2483 2520 496041 69424
869 467 2483 2520 497333 69553
870 468 2483 2520 498509 69681
871 469 2483 2520 499726 69817
872 469 2483 2520 500839 69925
873 469 2483 2520 502038 70007
874 471 2483 2520 503259 70185
875 471 2483 2520 504383 70322
876 471 2483 2520 505521 70428
877 472 2483 2520 506604 70657
878 474 2483 2520 507636 70764
879 474 2483 2520 508686 70894
880 477 2483 2520 509851 70984
881 477 2483 2520 510908 71087
882 478 2483 2520 511964 71198
883 478 2483 2520 513133 71343
884 479 2483 2520 514203 71422
885 482 2483 2520 515194 71568
886 484 2482 2520 516362 71667
887 486 2482 2520 517473 71811
888 488 2482 2520 518612 71863
889 489 2482 2520 519899 71979
890 491 2482 2520 521117 72160
891 491 2482 2520 522346 72293
892 494 2482 2520 523582 72452
893 495 2482 2520 524717 72551
894 495 2482 2520 525857 72643
895 497 2482 2520 527085 72797
896 499 2482 2520 528290 72902
897 500 2482 2520 529442 73036
898 501 2482 2520 530700 73170
899 503 2482 2520 531935 73278
900 503 2482 2520 533121 73413
901 503 2482 2520 534460 73538
902 503 2482 2520 535803 73687
903 503 2482 2520 537009 73811
904 503 2482 2520 538287 73924
905 504 2482 2520 539464 74044
906 505 2482 2520 540601 74103
907 506 2482 2520 541829 74262
908 507 2482 2520 542958 74341
909 507 2482 2520 544083 74505
910 508 2482 2520 545267 74620
911 510 2481 2520 546419 74746
912 512 2481 2520 547625 74814
913 516 2481 2520 548803 74948
914 517 2481 2520 550043 75116
915 517 2481 2520 551286 75245
916 518 2481 2520 552517 75414
917 519 2481 2520 553782 75493
918 520 2481 2520 554973 75582
919 520 2481 2520 556187 75749
920 522 2481 2520 557411 75890
921 524 2481 2520 558694 76000
922 525 2481 2520 559878 76126
923 526 2481 2520 561133 76216
924 530 2481 2520 562350 76364
925 531 2481 2520 563679 76529
926 535 2480 2520 565039 76715
927 536 2478 2520 566515 76898
928 539 2478 2520 567982 77064
929 540 2478 2520 569428 77257
930 541 2478 2520 570819 77393
931 542 2478 2520 572275 77523
932 543 2477 2520 573651 77656
933 544 2477 2520 575093 77753
934 546 2477 2520 576479 77870
935 547 2477 2520 577847 78027
936 547 2476 2520 579337 78229
937 547 2476 2520 580780 78341
938 547 2476 2520 582204 78488
939 549 2476 2520 583606 78640
940 550 2473 2520 584947 78735
941 550 2473 2520 586305 78784
942 551 2473 2520 587607 78961
943 552 2473 2520 588879 79043
944 553 2473 2520 590174 79209
945 553 2473 2520 591572 79372
946 555 2473 2520 592872 79503
947 555 2473 2520 594187 79575
948 555 2473 2520 595440 79708
949 557 2473 2520 596654 79843
950 558 2473 2520 597939 79920
951 559 2473 2520 599229 80076
952 562 2473 2520 600473 80183
953 564 2473 2520 601706 80251
954 565 2472 2520 603047 80401
955 565 2472 2520 604282 80544
956 565 2472 2520 605613 80649
957 565 2472 2520 606993 80780
958 568 2472 2520 608243 80924
959 569 2472 2520 609478 81058
960 572 2472 2520 610850 81190
961 573 2471 2520 612139 81334
962 573 2471 2520 613491 81509
963 575 2470 2520 614839 81650
964 576 2470 2520 616155 81864
965 577 2470 2520 617296 81986
966 578 2470 2520 618558 82149
967 580 2469 2520 619875 82324
968 580 2469 2520 621239 82464
969 580 2469 2520 622495 82614
970 583 2469 2520 623795 82756
971 583 2469 2520 625109 82917
972 584 2469 2520 626421 83004
973 587 2469 2520 627707 83164
974 588 2468 2520 629005 83258
975 588 2468 2520 630315 83410
976 588 2468 2520 631609 83526
977 590 2467 2520 632903 83662
978 590 2467 2520 634164 83819
979 590 2467 2520 635390 83892
980 590 2467 2520 636592 84002
981 593 2467 2520 637837 84133
982 594 2467 2520 639028 84251
983 596 2467 2520 640234 84354
984 596 2467 2520 641353 84412
985 596 2467 2520 642593 84515
986 599 2467 2520 643783 84666
987 600 2467 2520 644920 84753
988 600 2466 2520 646134 84844
989 600 2466 2520 647366 84991
990 602 2466 2520 648556 85154
991 602 2466 2520 649656 85245
992 602 2466 2520 650883 85311
993 606 2466 2520 652058 85424
994 607 2466 2520 653243 85535
995 610 2466 2520 654385 85634
996 612 2466 2520 655716 85767
997 614 2466 2520 657001 85893
998 617 2466 2520 658228 86038
999 618 2466 2520 659588 86143
1000 620 2466 2520 660945 86290
