0 1 2519 2520 796 500
1 1 2519 2520 819 514
2 1 2519 2520 834 525
3 1 2519 2520 865 539
4 1 2519 2520 891 556
5 1 2519 2520 933 586
6 1 2519 2520 968 603
7 1 2519 2520 1006 623
8 1 2519 2520 1054 644
9 1 2519 2520 1081 653
10 1 2519 2520 1112 667
11 1 2519 2520 1141 679
12 1 2519 2520 1179 692
13 1 2519 2520 1212 706
14 1 2519 2520 1239 710
15 1 2519 2520 1260 713
16 1 2519 2520 1273 715
17 1 2519 2520 1291 720
18 1 2519 2520 1304 723
19 1 2519 2520 1314 727
20 1 2519 2520 1319 732
21 1 2519 2520 1321 730
22 1 2519 2520 1336 731
23 1 2519 2520 1339 726
24 1 2519 2520 1360 729
25 2 2519 2520 1371 734
26 2 2519 2520 1391 741
27 2 2519 2520 1457 766
28 2 2519 2520 1529 794
29 2 2519 2520 1603 821
30 2 2519 2520 1706 864
31 2 2519 2520 1778 878
32 2 2519 2520 1854 898
33 2 2519 2520 1943 919
34 2 2519 2520 2028 947
35 2 2519 2520 2094 964
36 2 2519 2520 2168 981
37 2 2519 2520 2239 1006
38 2 2519 2520 2322 1022
39 2 2519 2520 2362 1037
40 2 2519 2520 2415 1050
41 2 2519 2520 2464 1067
42 2 2519 2520 2495 1072
43 2 2519 2520 2523 1079
44 2 2519 2520 2559 1084
45 3 2519 2520 2556 1082
46 3 2519 2520 2603 1096
47 3 2519 2520 2677 1124
48 3 2519 2520 2730 1140
49 3 2519 2520 2815 1170
50 4 2519 2520 2915 1203
51 4 2519 2520 3014 1230
52 4 2519 2520 3122 1263
53 4 2519 2520 3247 1309
54 4 2519 2520 3394 1347
55 4 2519 2520 3497 1385
56 4 2519 2520 3619 1416
57 4 2519 2520 3747 1451
58 4 2519 2520 3876 1483
59 4 2519 2520 3986 1520
60 4 2519 2520 4108 1555
61 4 2519 2520 4201 1579
62 4 2519 2520 4324 1610
63 4 2519 2520 4418 1619
64 4 2519 2520 4496 1633
65 4 2519 2520 4561 1655
66 4 2519 2520 4640 1682
67 4 2519 2520 4709 1702
68 5 2519 2520 4759 1715
69 6 2519 2520 4844 1743
70 6 2519 2520 4964 1780
71 6 2519 2520 5114 1823
72 6 2519 2520 5276 1874
73 7 2519 2520 5418 1907
74 7 2519 2520 5587 1955
75 8 2519 2520 5833 2020
76 8 2519 2520 6059 2049
77 8 2519 2520 6285 2115
78 8 2519 2520 6572 2179
79 8 2519 2520 6809 2221
80 8 2518 2520 7039 2268
81 8 2518 2520 7274 2303
82 8 2518 2520 7504 2357
83 8 2518 2520 7707 2384
84 8 2518 2520 7922 2416
85 8 2518 2520 8114 2458
86 8 2518 2520 8292 2494
87 8 2518 2520 8438 2530
88 8 2518 2520 8589 2558
89 8 2518 2520 8710 2562
90 8 2518 2520 8813 2595
91 8 2518 2520 8916 2609
92 8 2518 2520 8991 2640
93 9 2518 2520 9117 2674
94 9 2518 2520 9229 2703
95 9 2518 2520 9364 2740
96 10 2518 2520 9495 2756
97 10 2518 2520 9661 2808
98 10 2518 2520 9846 2848
99 11 2518 2520 10021 2881
100 12 2518 2520 10245 2936
101 12 2518 2520 10447 2974
102 12 2518 2520 10673 3023
103 12 2518 2520 10893 3098
104 12 2518 2520 11087 3122
105 13 2518 2520 11295 3167
106 13 2518 2520 11528 3191
107 13 2518 2520 11795 3228
108 13 2518 2520 12039 3277
109 13 2518 2520 12239 3342
110 13 2517 2520 12460 3365
111 13 2517 2520 12691 3398
112 13 2517 2520 12990 3451
113 13 2517 2520 13218 3495
114 13 2517 2520 13398 3534
115 14 2517 2520 13592 3560
116 14 2517 2520 13807 3592
117 14 2517 2520 14029 3616
118 14 2517 2520 14252 3638
119 14 2516 2520 14459 3658
120 14 2516 2520 14643 3695
121 14 2516 2520 14846 3726
122 14 2516 2520 15026 3761
123 14 2516 2520 15179 3797
124 15 2516 2520 15320 3794
125 16 2516 2520 15474 3828
126 16 2516 2520 15637 3850
127 17 2516 2520 15812 3907
128 17 2516 2520 16026 3959
129 19 2516 2520 16236 4009
130 19 2516 2520 16458 4060
131 19 2516 2520 16747 4142
132 19 2516 2520 17044 4211
133 20 2515 2520 17322 4260
134 20 2515 2520 17584 4316
135 21 2515 2520 17909 4354
136 21 2515 2520 18230 4430
137 21 2515 2520 18542 4494
138 21 2515 2520 18886 4538
139 21 2515 2520 19268 4601
140 21 2515 2520 19574 4647
141 21 2515 2520 19917 4701
142 21 2515 2520 20167 4751
143 21 2515 2520 20466 4778
144 21 2515 2520 20730 4818
145 22 2515 2520 20997 4838
146 22 2515 2520 21268 4908
147 22 2515 2520 21509 4946
148 22 2515 2520 21739 5007
149 22 2515 2520 21957 5079
150 22 2515 2520 22184 5138
151 22 2515 2520 22379 5189
152 22 2515 2520 22584 5224
153 22 2515 2520 22764 5246
154 22 2515 2520 22991 5312
155 22 2515 2520 23201 5367
156 25 2515 2520 23390 5407
157 25 2515 2520 23591 5453
158 25 2515 2520 23813 5522
159 25 2515 2520 24069 5576
160 26 2515 2520 24345 5640
161 26 2515 2520 24621 5671
162 26 2515 2520 24915 5725
163 26 2515 2520 25181 5793
164 26 2515 2520 25414 5843
165 26 2515 2520 25694 5882
166 26 2515 2520 25926 5922
167 26 2515 2520 26148 5951
168 27 2515 2520 26352 5998
169 28 2515 2520 26585 6038
170 28 2515 2520 26842 6078
171 28 2515 2520 27056 6119
172 28 2515 2520 27311 6145
173 29 2515 2520 27564 6194
174 29 2515 2520 27786 6241
175 29 2515 2520 28065 6305
176 29 2515 2520 28354 6372
177 29 2515 2520 28603 6410
178 29 2515 2520 28889 6467
179 29 2515 2520 29138 6538
180 30 2515 2520 29370 6582
181 31 2515 2520 29666 6618
182 31 2515 2520 29947 6682
183 31 2515 2520 30237 6742
184 31 2515 2520 30508 6809
185 31 2515 2520 30804 6841
186 31 2515 2520 31127 6884
187 31 2515 2520 31439 6942
188 31 2515 2520 31727 6980
189 32 2515 2520 31969 7040
190 32 2515 2520 32218 7059
191 32 2515 2520 32457 7064
192 32 2515 2520 32700 7105
193 32 2515 2520 32947 7151
194 32 2515 2520 33175 7195
195 32 2515 2520 33391 7235
196 32 2515 2520 33617 7276
197 33 2515 2520 33795 7329
198 34 2515 2520 33988 7358
199 35 2515 2520 34158 7404
200 35 2515 2520 34432 7470
201 35 2515 2520 34693 7545
202 35 2515 2520 34972 7610
203 35 2515 2520 35215 7667
204 35 2515 2520 35464 7742
205 36 2515 2520 35725 7818
206 36 2515 2520 36000 7880
207 37 2515 2520 36262 7931
208 37 2515 2520 36560 8008
209 37 2515 2520 36858 8050
210 37 2515 2520 37179 8116
211 37 2515 2520 37495 8152
212 37 2515 2520 37821 8216
213 37 2515 2520 38132 8282
214 37 2515 2520 38413 8322
215 37 2515 2520 38689 8366
216 37 2515 2520 38923 8383
217 37 2515 2520 39166 8401
218 39 2515 2520 39389 8474
219 39 2515 2520 39598 8493
220 39 2515 2520 39860 8541
221 39 2515 2520 40104 8593
222 39 2515 2520 40405 8672
223 39 2515 2520 40665 8723
224 39 2515 2520 40938 8750
225 39 2515 2520 41180 8789
226 39 2515 2520 41421 8833
227 39 2515 2520 41641 8865
228 40 2515 2520 41879 8918
229 40 2515 2520 42135 8958
230 40 2515 2520 42351 9013
231 41 2515 2520 42645 9084
232 43 2514 2520 42925 9144
233 43 2514 2520 43214 9196
234 44 2514 2520 43535 9245
235 44 2514 2520 43881 9291
236 44 2514 2520 44240 9350
237 44 2514 2520 44573 9390
238 44 2514 2520 44908 9450
239 44 2514 2520 45227 9492
240 44 2514 2520 45589 9526
241 44 2514 2520 45911 9606
242 44 2514 2520 46195 9650
243 44 2514 2520 46476 9676
244 44 2514 2520 46753 9727
245 44 2514 2520 47001 9780
246 44 2514 2520 47265 9831
247 45 2514 2520 47463 9854
248 45 2514 2520 47685 9869
249 45 2514 2520 47936 9894
250 45 2514 2520 48135 9934
251 47 2514 2520 48346 9982
252 47 2514 2520 48607 10046
253 48 2514 2520 48855 10107
254 48 2514 2520 49118 10169
255 49 2514 2520 49390 10220
256 50 2514 2520 49723 10271
257 50 2514 2520 50077 10326
258 51 2514 2520 50414 10391
259 51 2514 2520 50798 10452
260 51 2514 2520 51163 10526
261 51 2514 2520 51543 10572
262 51 2514 2520 51870 10645
263 51 2514 2520 52240 10704
264 51 2514 2520 52597 10737
265 51 2514 2520 52917 10789
266 51 2514 2520 53239 10803
267 51 2514 2520 53535 10868
268 51 2514 2520 53836 10930
269 51 2514 2520 54099 10975
270 51 2514 2520 54343 11009
271 52 2514 2520 54584 11072
272 53 2514 2520 54864 11114
273 54 2514 2520 55173 11147
274 54 2514 2520 55423 11198
275 54 2514 2520 55728 11238
276 54 2514 2520 56036 11280
277 54 2514 2520 56295 11315
278 54 2512 2520 56610 11354
279 54 2512 2520 56894 11393
280 54 2512 2520 57222 11423
281 55 2512 2520 57478 11499
282 57 2512 2520 57794 11509
283 57 2512 2520 58128 11555
284 57 2512 2520 58495 11592
285 57 2512 2520 58852 11667
286 57 2512 2520 59204 11690
287 58 2512 2520 59578 11755
288 58 2512 2520 59897 11781
289 59 2512 2520 60247 11832
290 59 2512 2520 60583 11901
291 59 2512 2520 60965 11917
292 60 2512 2520 61320 11964
293 60 2512 2520 61672 12004
294 60 2512 2520 62041 12070
295 60 2512 2520 62380 12135
296 61 2512 2520 62753 12205
297 61 2512 2520 63145 12281
298 61 2512 2520 63441 12303
299 61 2512 2520 63798 12392
300 61 2512 2520 64154 12452
301 61 2511 2520 64530 12484
302 61 2511 2520 64892 12553
303 61 2511 2520 65239 12593
304 62 2511 2520 65558 12647
305 63 2511 2520 65833 12709
306 63 2511 2520 66160 12780
307 64 2511 2520 66504 12859
308 65 2511 2520 66833 12898
309 65 2511 2520 67186 12951
310 65 2511 2520 67580 13016
311 65 2511 2520 67951 13048
312 66 2511 2520 68343 13132
313 66 2511 2520 68709 13160
314 66 2511 2520 69081 13221
315 66 2511 2520 69413 13275
316 66 2511 2520 69736 13340
317 68 2511 2520 70072 13378
318 68 2511 2520 70407 13436
319 69 2511 2520 70762 13474
320 69 2510 2520 71183 13533
321 70 2510 2520 71563 13606
322 70 2510 2520 71924 13676
323 70 2510 2520 72342 13749
324 70 2510 2520 72719 13826
325 71 2510 2520 73107 13869
326 71 2510 2520 73497 13914
327 71 2510 2520 73877 13984
328 71 2510 2520 74249 14067
329 71 2510 2520 74609 14120
330 71 2510 2520 74975 14164
331 71 2510 2520 75322 14205
332 71 2510 2520 75636 14277
333 71 2510 2520 75892 14324
334 72 2510 2520 76174 14369
335 74 2510 2520 76507 14417
336 74 2510 2520 76808 14467
337 74 2510 2520 77196 14533
338 74 2510 2520 77551 14592
339 74 2510 2520 77849 14653
340 74 2510 2520 78144 14683
341 74 2510 2520 78476 14755
342 74 2510 2520 78825 14805
343 74 2510 2520 79113 14863
344 74 2510 2520 79449 14914
345 77 2510 2520 79734 14952
346 79 2510 2520 80022 15024
347 79 2510 2520 80429 15101
348 79 2510 2520 80784 15152
349 79 2510 2520 81170 15230
350 79 2510 2520 81542 15282
351 79 2510 2520 81942 15373
352 79 2510 2520 82336 15432
353 79 2510 2520 82778 15501
354 79 2510 2520 83161 15531
355 79 2510 2520 83510 15556
356 79 2510 2520 83886 15624
357 80 2510 2520 84191 15665
358 80 2510 2520 84497 15723
359 82 2509 2520 84844 15776
360 82 2509 2520 85225 15824
361 82 2509 2520 85631 15894
362 82 2509 2520 86032 15993
363 82 2509 2520 86408 16017
364 82 2509 2520 86820 16074
365 83 2509 2520 87128 16135
366 83 2509 2520 87493 16199
367 83 2509 2520 87851 16263
368 83 2509 2520 88227 16335
369 83 2509 2520 88609 16413
370 84 2509 2520 88963 16452
371 85 2509 2520 89269 16535
372 85 2509 2520 89618 16574
373 85 2509 2520 89969 16638
374 86 2509 2520 90304 16720
375 87 2509 2520 90640 16752
376 88 2509 2520 91075 16827
377 88 2509 2520 91435 16886
378 88 2509 2520 91845 16965
379 88 2509 2520 92255 17029
380 88 2509 2520 92639 17112
381 88 2509 2520 93042 17145
382 90 2509 2520 93384 17206
383 90 2509 2520 93747 17272
384 90 2509 2520 94178 17338
385 90 2509 2520 94565 17374
386 90 2509 2520 94967 17424
387 90 2509 2520 95266 17450
388 90 2509 2520 95614 17537
389 91 2509 2520 95946 17624
390 91 2509 2520 96262 17684
391 93 2509 2520 96655 17750
392 95 2509 2520 97030 17784
393 95 2509 2520 97448 17863
394 95 2509 2520 97875 17953
395 96 2509 2520 98360 18045
396 97 2509 2520 98818 18089
397 97 2509 2520 99291 18137
398 98 2509 2520 99768 18201
399 98 2509 2520 100273 18297
400 99 2509 2520 100788 18373
401 100 2509 2520 101311 18470
402 101 2509 2520 101868 18553
403 101 2509 2520 102373 18616
404 101 2509 2520 102934 18712
405 101 2509 2520 103453 18818
406 101 2509 2520 103930 18874
407 101 2509 2520 104454 18988
408 101 2509 2520 104915 19050
409 101 2509 2520 105383 19135
410 101 2509 2520 105837 19221
411 101 2508 2520 106269 19269
412 102 2508 2520 106717 19303
413 102 2508 2520 107158 19327
414 104 2508 2520 107606 19384
415 104 2508 2520 108107 19453
416 105 2508 2520 108605 19509
417 105 2508 2520 109001 19534
418 106 2508 2520 109478 19598
419 107 2508 2520 109977 19658
420 107 2508 2520 110483 19745
421 108 2508 2520 111028 19809
422 108 2508 2520 111485 19882
423 108 2508 2520 112005 19967
424 109 2508 2520 112487 20086
425 109 2508 2520 112997 20166
426 109 2508 2520 113526 20239
427 109 2508 2520 113975 20324
428 110 2508 2520 114421 20386
429 110 2508 2520 114877 20468
430 112 2508 2520 115333 20536
431 112 2508 2520 115807 20583
432 112 2508 2520 116257 20655
433 112 2508 2520 116832 20790
434 112 2508 2520 117294 20885
435 112 2508 2520 117705 20968
436 112 2508 2520 118154 21046
437 113 2508 2520 118590 21094
438 113 2508 2520 119014 21165
439 113 2508 2520 119387 21194
440 113 2508 2520 119769 21274
441 114 2508 2520 120110 21319
442 114 2508 2520 120500 21388
443 115 2508 2520 120914 21467
444 115 2508 2520 121298 21527
445 116 2508 2520 121715 21615
446 117 2508 2520 122108 21686
447 118 2508 2520 122540 21752
448 118 2508 2520 123015 21845
449 118 2508 2520 123480 21894
450 118 2508 2520 123961 21947
451 118 2508 2520 124445 22033
452 119 2508 2520 124901 22141
453 119 2508 2520 125374 22197
454 119 2508 2520 125812 22240
455 120 2508 2520 126324 22335
456 120 2508 2520 126805 22405
457 122 2508 2520 127271 22466
458 123 2508 2520 127736 22558
459 123 2508 2520 128201 22650
460 123 2508 2520 128663 22737
461 124 2508 2520 129142 22767
462 125 2508 2520 129615 22813
463 125 2508 2520 130148 22886
464 125 2508 2520 130675 22964
465 125 2508 2520 131141 23012
466 125 2508 2520 131552 23075
467 126 2508 2520 132070 23123
468 126 2508 2520 132581 23202
469 127 2508 2520 133170 23268
470 127 2508 2520 133689 23369
471 128 2508 2520 134202 23457
472 129 2508 2520 134722 23531
473 130 2508 2520 135280 23566
474 132 2508 2520 135871 23713
475 132 2508 2520 136507 23828
476 132 2508 2520 137172 23929
477 132 2508 2520 137753 24005
478 132 2508 2520 138313 24122
479 132 2508 2520 138896 24187
480 132 2508 2520 139373 24249
481 132 2508 2520 139927 24353
482 132 2508 2520 140482 24413
483 132 2508 2520 141000 24463
484 133 2508 2520 141458 24533
485 133 2508 2520 141897 24612
486 133 2508 2520 142324 24695
487 135 2508 2520 142776 24741
488 136 2508 2520 143206 24792
489 137 2508 2520 143694 24854
490 137 2508 2520 144224 24951
491 139 2508 2520 144783 25073
492 140 2508 2520 145336 25158
493 141 2508 2520 145933 25222
494 141 2507 2520 146485 25338
495 141 2507 2520 147082 25420
496 141 2507 2520 147719 25557
497 143 2507 2520 148337 25702
498 143 2507 2520 148972 25811
499 143 2507 2520 149570 25908
500 143 2507 2520 150164 26003
501 143 2507 2520 150694 26083
502 144 2507 2520 151295 26127
503 146 2507 2520 151906 26225
504 147 2507 2520 152504 26343
505 147 2507 2520 153191 26412
506 147 2507 2520 153749 26484
507 147 2507 2520 154376 26610
508 147 2507 2520 154962 26649
509 147 2507 2520 155503 26694
510 147 2507 2520 156094 26800
511 147 2507 2520 156565 26850
512 147 2507 2520 157041 26922
513 147 2507 2520 157557 26974
514 148 2507 2520 158009 27068
515 150 2507 2520 158441 27129
516 151 2507 2520 158930 27203
517 152 2507 2520 159499 27260
518 152 2507 2520 159967 27359
519 153 2507 2520 160446 27426
520 153 2507 2520 161032 27522
521 153 2507 2520 161623 27572
522 153 2507 2520 162128 27668
523 154 2507 2520 162658 27721
524 155 2507 2520 163243 27825
525 155 2507 2520 163781 27877
526 159 2507 2520 164355 27963
527 160 2507 2520 164957 28074
528 160 2507 2520 165605 28189
529 160 2507 2520 166247 28265
530 162 2507 2520 166922 28378
531 162 2506 2520 167567 28489
532 162 2506 2520 168195 28558
533 164 2506 2520 168881 28603
534 164 2506 2520 169623 28690
535 164 2506 2520 170282 28819
536 164 2506 2520 171038 28941
537 164 2506 2520 171653 29011
538 164 2506 2520 172253 29054
539 165 2506 2520 172873 29124
540 165 2506 2520 173564 29202
541 165 2506 2520 174209 29304
542 165 2506 2520 174855 29362
543 165 2506 2520 175406 29420
544 165 2506 2520 175967 29489
545 166 2506 2520 176554 29550
546 167 2506 2520 177102 29673
547 170 2506 2520 177731 29747
548 172 2506 2520 178255 29823
549 173 2506 2520 178947 29862
550 173 2506 2520 179593 29946
551 173 2506 2520 180249 30045
552 173 2506 2520 180917 30085
553 173 2506 2520 181614 30218
554 173 2506 2520 182270 30333
555 173 2506 2520 182933 30434
556 173 2506 2520 183618 30528
557 173 2506 2520 184264 30587
558 174 2506 2520 184926 30678
559 175 2506 2520 185525 30751
560 175 2506 2520 186144 30812
561 175 2506 2520 186782 30938
562 175 2506 2520 187406 30979
563 175 2506 2520 187928 31029
564 175 2506 2520 188513 31121
565 177 2506 2520 189046 31166
566 178 2506 2520 189641 31245
567 178 2506 2520 190192 31324
568 180 2506 2520 190765 31388
569 180 2506 2520 191315 31492
570 180 2506 2520 191926 31645
571 180 2506 2520 192496 31723
572 181 2506 2520 193054 31797
573 182 2506 2520 193685 31925
574 182 2506 2520 194346 31995
575 182 2506 2520 194945 32111
576 182 2506 2520 195528 32205
577 184 2506 2520 196113 32272
578 186 2506 2520 196791 32397
579 187 2506 2520 197461 32514
580 187 2506 2520 198051 32614
581 188 2506 2520 198691 32722
582 188 2506 2520 199360 32853
583 188 2506 2520 200024 32951
584 188 2506 2520 200706 33043
585 188 2506 2520 201363 33154
586 188 2505 2520 202054 33250
587 188 2505 2520 202671 33336
588 188 2505 2520 203256 33406
589 189 2505 2520 203840 33465
590 190 2505 2520 204414 33549
591 191 2505 2520 204943 33641
592 191 2505 2520 205487 33722
593 192 2505 2520 206030 33801
594 195 2505 2520 206576 33890
595 195 2505 2520 207130 33975
596 195 2505 2520 207733 34058
597 195 2504 2520 208384 34159
598 196 2504 2520 209022 34271
599 196 2504 2520 209671 34341
600 196 2504 2520 210289 34470
601 198 2504 2520 210889 34546
602 199 2504 2520 211522 34644
603 199 2504 2520 212111 34721
604 200 2504 2520 212803 34816
605 200 2503 2520 213427 34898
606 200 2503 2520 214061 34984
607 201 2503 2520 214651 35082
608 201 2503 2520 215247 35149
609 202 2503 2520 215819 35220
610 203 2503 2520 216476 35297
611 203 2503 2520 217097 35401
612 204 2503 2520 217765 35467
613 205 2503 2520 218373 35580
614 205 2503 2520 219035 35643
615 205 2503 2520 219654 35751
616 206 2503 2520 220311 35858
617 207 2503 2520 220919 35910
618 207 2503 2520 221554 36012
619 208 2503 2520 222228 36092
620 208 2503 2520 222845 36128
621 208 2503 2520 223463 36219
622 209 2503 2520 224082 36344
623 209 2503 2520 224683 36439
624 209 2503 2520 225295 36542
625 209 2503 2520 225896 36606
626 209 2502 2520 226505 36657
627 209 2502 2520 227091 36715
628 210 2502 2520 227691 36823
629 211 2502 2520 228275 36905
630 211 2502 2520 228811 36988
631 213 2502 2520 229381 37030
632 214 2502 2520 229956 37170
633 216 2502 2520 230537 37237
634 216 2502 2520 231159 37305
635 218 2502 2520 231773 37386
636 219 2502 2520 232436 37464
637 219 2501 2520 233095 37558
638 221 2501 2520 233855 37647
639 223 2501 2520 234673 37799
640 223 2501 2520 235472 37928
641 223 2501 2520 236268 38012
642 223 2501 2520 237029 38130
643 224 2501 2520 237764 38244
644 224 2501 2520 238597 38319
645 225 2500 2520 239343 38412
646 227 2500 2520 240111 38514
647 227 2500 2520 240926 38634
648 229 2500 2520 241672 38739
649 231 2500 2520 242435 38819
650 231 2500 2520 243234 38894
651 232 2500 2520 243990 38984
652 233 2500 2520 244835 39115
653 235 2500 2520 245640 39266
654 235 2499 2520 246474 39361
655 236 2499 2520 247330 39486
656 236 2499 2520 248189 39585
657 236 2499 2520 249098 39682
658 236 2499 2520 249949 39785
659 236 2499 2520 250798 39903
660 236 2499 2520 251654 39976
661 236 2499 2520 252448 40013
662 236 2499 2520 253157 40054
663 236 2499 2520 253866 40145
664 236 2499 2520 254553 40231
665 237 2499 2520 255236 40321
666 237 2499 2520 255897 40383
667 240 2498 2520 256597 40479
668 242 2498 2520 257238 40608
669 242 2498 2520 257867 40694
670 242 2498 2520 258575 40800
671 243 2498 2520 259277 40830
672 243 2498 2520 259975 40917
673 244 2498 2520 260726 41058
674 245 2498 2520 261405 41153
675 247 2498 2520 262135 41284
676 247 2498 2520 262869 41374
677 247 2498 2520 263675 41501
678 249 2498 2520 264440 41588
679 250 2498 2520 265209 41724
680 251 2498 2520 266008 41829
681 251 2498 2520 266751 41959
682 251 2498 2520 267574 42083
683 251 2498 2520 268297 42170
684 252 2498 2520 269130 42264
685 252 2498 2520 269858 42354
686 252 2497 2520 270601 42417
687 252 2497 2520 271282 42523
688 252 2497 2520 271987 42609
689 252 2497 2520 272695 42691
690 253 2497 2520 273386 42790
691 254 2497 2520 274049 42854
692 254 2497 2520 274702 42933
693 256 2497 2520 275374 43029
694 256 2497 2520 276054 43085
695 259 2497 2520 276799 43196
696 260 2497 2520 277489 43302
697 262 2497 2520 278207 43375
698 262 2497 2520 279011 43463
699 262 2497 2520 279851 43542
700 262 2497 2520 280658 43687
701 262 2497 2520 281491 43789
702 262 2497 2520 282264 43876
703 264 2497 2520 283065 43956
704 266 2496 2520 283801 44071
705 266 2496 2520 284623 44174
706 266 2496 2520 285443 44308
707 266 2496 2520 286241 44441
708 266 2496 2520 287004 44516
709 267 2496 2520 287819 44642
710 267 2496 2520 288588 44694
711 267 2496 2520 289364 44818
712 268 2496 2520 290180 44892
713 268 2496 2520 290947 45007
714 269 2496 2520 291667 45144
715 270 2496 2520 292420 45198
716 271 2496 2520 293109 45252
717 271 2496 2520 293796 45310
718 271 2496 2520 294423 45388
719 271 2496 2520 295130 45489
720 274 2496 2520 295771 45536
721 275 2496 2520 296417 45607
722 277 2496 2520 297134 45684
723 277 2496 2520 297873 45786
724 279 2496 2520 298622 45884
725 280 2495 2520 299349 45960
726 280 2495 2520 300094 46054
727 281 2495 2520 300827 46139
728 281 2495 2520 301708 46224
729 285 2495 2520 302465 46323
730 287 2495 2520 303338 46435
731 287 2495 2520 304399 46574
732 288 2495 2520 305376 46731
733 288 2495 2520 306416 46897
734 289 2495 2520 307410 47033
735 289 2495 2520 308353 47200
736 289 2495 2520 309321 47310
737 289 2495 2520 310266 47429
738 291 2495 2520 311216 47498
739 291 2495 2520 312159 47620
740 291 2495 2520 313059 47640
741 291 2495 2520 313914 47732
742 292 2495 2520 314793 47833
743 292 2495 2520 315642 47950
744 293 2495 2520 316467 48018
745 293 2495 2520 317311 48149
746 293 2495 2520 318133 48243
747 294 2495 2520 318942 48338
748 296 2495 2520 319765 48403
749 298 2495 2520 320627 48565
750 301 2495 2520 321400 48654
751 303 2495 2520 322260 48713
752 303 2495 2520 323137 48844
753 305 2495 2520 324002 48894
754 306 2495 2520 324923 49005
755 309 2495 2520 325938 49166
756 309 2495 2520 326965 49289
757 312 2495 2520 328081 49468
758 312 2495 2520 329093 49586
759 313 2495 2520 330145 49737
760 315 2495 2520 331301 49874
761 316 2495 2520 332446 50061
762 316 2495 2520 333526 50263
763 316 2495 2520 334614 50362
764 316 2495 2520 335636 50420
765 316 2495 2520 336614 50514
766 317 2495 2520 337565 50650
767 317 2495 2520 338494 50759
768 318 2495 2520 339452 50844
769 318 2495 2520 340289 50922
770 319 2495 2520 341214 51068
771 320 2495 2520 342059 51129
772 320 2495 2520 342927 51211
773 320 2495 2520 343734 51327
774 321 2495 2520 344625 51429
775 323 2495 2520 345431 51537
776 324 2495 2520 346232 51647
777 325 2495 2520 347118 51715
778 326 2495 2520 348015 51856
779 329 2495 2520 348972 51957
780 330 2495 2520 349893 52089
781 330 2495 2520 350819 52177
782 330 2495 2520 351827 52302
783 332 2495 2520 352776 52411
784 333 2495 2520 353780 52503
785 335 2495 2520 354734 52637
786 336 2495 2520 355762 52757
787 336 2495 2520 356825 52928
788 336 2495 2520 357902 53109
789 336 2495 2520 358996 53293
790 337 2495 2520 360013 53441
791 339 2495 2520 360960 53576
792 341 2495 2520 361908 53686
793 341 2495 2520 362903 53802
794 341 2495 2520 363891 53899
795 343 2495 2520 364920 54035
796 343 2495 2520 365925 54203
797 344 2495 2520 366874 54354
798 344 2495 2520 367830 54477
799 346 2495 2520 368751 54603
800 349 2495 2520 369708 54698
801 350 2495 2520 370695 54852
802 350 2495 2520 371706 54967
803 351 2495 2520 372692 55092
804 351 2495 2520 373746 55160
805 352 2495 2520 374760 55269
806 352 2495 2520 375709 55331
807 352 2495 2520 376700 55427
808 352 2495 2520 377685 55550
809 352 2495 2520 378650 55659
810 354 2495 2520 379643 55778
811 357 2495 2520 380480 55909
812 359 2495 2520 381389 55986
813 360 2495 2520 382278 56082
814 361 2495 2520 383234 56132
815 361 2495 2520 384229 56312
816 361 2495 2520 385263 56404
817 364 2495 2520 386221 56546
818 364 2495 2520 387196 56611
819 366 2495 2520 388177 56733
820 369 2495 2520 389193 56859
821 370 2495 2520 390329 57062
822 370 2495 2520 391466 57136
823 371 2495 2520 392610 57282
824 371 2495 2520 393706 57398
825 372 2495 2520 394829 57533
826 373 2495 2520 395906 57703
827 374 2495 2520 397066 57816
828 374 2495 2520 398124 57923
829 378 2495 2520 399234 58076
830 378 2495 2520 400288 58128
831 379 2495 2520 401357 58230
832 380 2495 2520 402464 58365
833 381 2495 2520 403573 58459
834 381 2495 2520 404612 58549
835 382 2495 2520 405661 58659
836 382 2495 2520 406674 58744
837 383 2495 2520 407672 58827
838 385 2495 2520 408695 58912
839 387 2495 2520 409671 59032
840 389 2495 2520 410636 59106
841 391 2495 2520 411659 59229
842 393 2495 2520 412768 59354
843 394 2495 2520 413857 59475
844 394 2495 2520 415004 59611
845 395 2495 2520 416083 59774
846 396 2495 2520 417203 59895
847 398 2495 2520 418269 60043
848 399 2495 2520 419433 60149
849 399 2495 2520 420691 60306
850 400 2495 2520 421829 60427
851 401 2495 2520 422979 60592
852 401 2495 2520 424085 60700
853 402 2495 2520 425100 60876
854 403 2495 2520 426211 61006
855 404 2495 2520 427292 61125
856 404 2495 2520 428360 61197
857 404 2495 2520 429458 61296
858 404 2495 2520 430601 61415
859 404 2495 2520 431734 61584
860 404 2495 2520 432788 61681
861 405 2495 2520 433798 61806
862 406 2495 2520 434790 61925
863 408 2495 2520 435751 62058
864 409 2495 2520 436717 62192
865 410 2495 2520 437728 62304
866 410 2495 2520 438778 62452
867 412 2494 2520 439769 62558
868 413 2494 2520 440812 62654
869 416 2494 2520 441994 62791
870 418 2494 2520 443068 62924
871 419 2494 2520 444204 63025
872 420 2494 2520 445430 63208
873 423 2494 2520 446665 63380
874 425 2494 2520 447942 63547
875 428 2494 2520 449177 63703
876 428 2494 2520 450512 63882
877 429 2494 2520 451810 64005
878 430 2494 2520 453062 64094
879 430 2493 2520 454352 64181
880 432 2493 2520 455677 64358
881 433 2493 2520 457046 64448
882 434 2493 2520 458197 64606
883 434 2492 2520 459495 64723
884 435 2492 2520 460701 64890
885 435 2492 2520 461880 64966
886 437 2492 2520 462977 65132
887 438 2492 2520 464035 65262
888 440 2492 2520 465152 65371
889 442 2492 2520 466202 65466
890 443 2492 2520 467293 65542
891 444 2492 2520 468458 65695
892 445 2492 2520 469555 65802
893 448 2492 2520 470746 65949
894 448 2491 2520 471951 66087
895 450 2491 2520 473232 66256
896 450 2490 2520 474370 66338
897 451 2490 2520 475585 66461
898 451 2490 2520 476870 66584
899 451 2490 2520 478142 66662
900 452 2490 2520 479385 66812
901 454 2490 2520 480605 66972
902 455 2490 2520 481742 67129
903 455 2489 2520 482955 67236
904 457 2489 2520 484184 67325
905 459 2489 2520 485460 67427
906 459 2489 2520 486703 67557
907 459 2489 2520 487903 67670
908 460 2489 2520 489168 67782
909 461 2489 2520 490369 67886
910 462 2489 2520 491611 68046
911 462 2489 2520 492780 68146
912 462 2489 2520 493987 68320
913 462 2489 2520 495115 68420
914 463 2489 2520 496275 68541
915 463 2489 2520 497413 68698
916 463 2489 2520 498471 68769
917 465 2489 2520 499491 68877
918 467 2489 2520 500575 68952
919 468 2489 2520 501549 69056
920 469 2489 2520 502572 69129
921 469 2489 2520 503666 69231
922 470 2489 2520 504670 69414
923 472 2489 2520 505666 69515
924 472 2489 2520 506757 69623
925 475 2489 2520 507766 69725
926 475 2489 2520 508819 69831
927 477 2489 2520 509911 69895
928 479 2489 2520 510997 70004
929 479 2489 2520 511994 70131
930 480 2489 2520 513068 70261
931 481 2489 2520 514253 70408
932 482 2489 2520 515393 70559
933 487 2489 2520 516555 70670
934 490 2489 2520 517724 70772
935 490 2489 2520 518970 70943
936 491 2489 2520 520161 71126
937 491 2489 2520 521341 71253
938 491 2489 2520 522608 71421
939 492 2489 2520 523811 71618
940 493 2489 2520 525033 71753
941 495 2489 2520 526259 71855
942 497 2489 2520 527495 71997
943 497 2489 2520 528803 72116
944 498 2489 2520 530025 72258
945 498 2489 2520 531196 72377
946 500 2489 2520 532375 72499
947 502 2489 2520 533572 72637
948 503 2489 2520 534798 72844
949 504 2489 2520 536012 72915
950 504 2488 2520 537141 72997
951 505 2488 2520 538287 73090
952 509 2487 2520 539439 73219
953 510 2487 2520 540543 73323
954 510 2487 2520 541691 73467
955 512 2487 2520 542884 73569
956 512 2487 2520 544142 73656
957 513 2487 2520 545330 73798
958 515 2487 2520 546613 73904
959 515 2487 2520 547764 73960
960 517 2487 2520 549036 74070
961 519 2487 2520 550305 74203
962 520 2487 2520 551485 74357
963 522 2487 2520 552737 74506
964 526 2487 2520 554032 74619
965 527 2487 2520 555358 74791
966 527 2487 2520 556752 74940
967 528 2487 2520 558031 75076
968 528 2487 2520 559385 75236
969 529 2487 2520 560730 75286
970 529 2487 2520 562005 75441
971 530 2487 2520 563255 75574
972 530 2487 2520 564559 75648
973 532 2487 2520 565845 75767
974 533 2487 2520 567086 75837
975 533 2487 2520 568368 75985
976 535 2487 2520 569647 76066
977 535 2487 2520 570848 76247
978 536 2487 2520 571974 76318
979 538 2487 2520 573208 76462
980 539 2487 2520 574334 76625
981 539 2487 2520 575464 76709
982 539 2487 2520 576691 76815
983 539 2487 2520 577901 76959
984 540 2487 2520 579102 77101
985 540 2487 2520 580152 77172
986 540 2487 2520 581251 77268
987 542 2487 2520 582288 77341
988 542 2487 2520 583393 77476
989 543 2486 2520 584463 77593
990 545 2486 2520 585440 77715
991 546 2486 2520 586481 77879
992 546 2486 2520 587532 78011
993 546 2486 2520 588599 78158
994 550 2486 2520 589649 78259
995 552 2486 2520 590725 78360
996 552 2486 2520 591652 78494
997 553 2486 2520 592673 78577
998 555 2486 2520 593678 78726
999 555 2486 2520 594737 78876
1000 559 2486 2520 595780 79018
