0 1 2519 2520 796 501
1 1 2519 2520 831 522
2 1 2519 2520 878 549
3 1 2519 2520 927 577
4 1 2519 2520 957 588
5 1 2519 2520 1016 621
6 1 2519 2520 1054 643
7 1 2519 2520 1100 660
8 1 2519 2520 1135 672
9 1 2519 2520 1161 678
10 1 2519 2520 1191 690
11 1 2519 2520 1214 696
12 1 2519 2520 1237 699
13 1 2519 2520 1267 715
14 2 2519 2520 1282 720
15 2 2519 2520 1319 735
16 2 2519 2520 1417 781
17 2 2519 2520 1571 845
18 2 2519 2520 1680 880
19 2 2519 2520 1783 924
20 2 2519 2520 1889 956
21 2 2519 2520 1973 988
22 2 2519 2520 2065 1017
23 2 2519 2520 2165 1044
24 2 2519 2520 2248 1065
25 2 2519 2520 2299 1078
26 2 2519 2520 2365 1104
27 2 2519 2520 2409 1109
28 2 2519 2520 2452 1112
29 2 2519 2520 2498 1119
30 2 2519 2520 2536 1124
31 2 2519 2520 2597 1157
32 2 2519 2520 2625 1161
33 2 2519 2520 2658 1180
34 2 2519 2520 2670 1178
35 3 2519 2520 2678 1184
36 3 2519 2520 2710 1203
37 3 2519 2520 2812 1242
38 3 2519 2520 2913 1274
39 4 2519 2520 3012 1311
40 4 2519 2520 3133 1352
41 4 2519 2520 3319 1411
42 4 2519 2520 3476 1445
43 4 2519 2520 3650 1499
44 4 2519 2520 3820 1552
45 4 2519 2520 3977 1598
46 4 2519 2520 4130 1653
47 4 2519 2520 4267 1689
48 4 2519 2520 4396 1733
49 4 2519 2520 4523 1769
50 4 2519 2520 4638 1800
51 4 2519 2520 4745 1828
52 4 2519 2520 4840 1847
53 4 2519 2520 4895 1865
54 5 2519 2520 4975 1893
55 5 2519 2520 5066 1930
56 6 2519 2520 5178 1969
57 6 2519 2520 5321 2031
58 6 2519 2520 5493 2068
59 6 2519 2520 5678 2127
60 7 2519 2520 5874 2169
61 7 2519 2520 6056 2231
62 7 2519 2520 6282 2295
63 7 2519 2520 6538 2358
64 7 2519 2520 6775 2412
65 7 2519 2520 6999 2448
66 7 2519 2520 7217 2487
67 8 2519 2520 7444 2565
68 8 2519 2520 7655 2581
69 8 2519 2520 7889 2646
70 8 2519 2520 8108 2694
71 8 2519 2520 8346 2744
72 8 2519 2520 8542 2794
73 8 2519 2520 8707 2824
74 9 2519 2520 8878 2873
75 9 2519 2520 9060 2909
76 10 2519 2520 9252 2944
77 11 2519 2520 9450 2974
78 12 2519 2520 9690 3028
79 13 2519 2520 9999 3101
80 13 2518 2520 10368 3205
81 13 2518 2520 10761 3284
82 13 2518 2520 11131 3390
83 13 2518 2520 11492 3468
84 13 2517 2520 11835 3518
85 14 2517 2520 12185 3552
86 14 2517 2520 12551 3597
87 14 2517 2520 12897 3656
88 14 2517 2520 13206 3716
89 14 2517 2520 13524 3781
90 14 2517 2520 13831 3837
91 14 2517 2520 14127 3907
92 14 2517 2520 14402 3920
93 15 2517 2520 14682 3980
94 15 2517 2520 14929 4018
95 15 2517 2520 15180 4066
96 15 2517 2520 15441 4119
97 15 2517 2520 15681 4173
98 15 2517 2520 15948 4240
99 16 2517 2520 16174 4282
100 17 2517 2520 16432 4368
101 18 2517 2520 16717 4441
102 18 2517 2520 17038 4512
103 19 2517 2520 17321 4575
104 21 2517 2520 17665 4654
105 21 2517 2520 18070 4709
106 21 2517 2520 18527 4796
107 21 2517 2520 18961 4879
108 21 2517 2520 19375 4978
109 21 2517 2520 19769 5044
110 22 2517 2520 20182 5114
111 22 2517 2520 20618 5217
112 22 2517 2520 20990 5278
113 22 2516 2520 21316 5344
114 22 2516 2520 21648 5384
115 22 2516 2520 21959 5404
116 22 2516 2520 22275 5472
117 22 2516 2520 22591 5517
118 22 2516 2520 22873 5539
119 22 2516 2520 23156 5579
120 22 2516 2520 23398 5633
121 24 2516 2520 23650 5657
122 24 2516 2520 23913 5711
123 24 2516 2520 24235 5787
124 25 2516 2520 24457 5811
125 26 2516 2520 24761 5871
126 27 2516 2520 25092 5952
127 28 2516 2520 25431 6047
128 28 2516 2520 25771 6115
129 29 2515 2520 26185 6192
130 29 2515 2520 26614 6241
131 29 2515 2520 27057 6326
132 29 2515 2520 27507 6375
133 30 2515 2520 27903 6444
134 31 2515 2520 28315 6491
135 31 2515 2520 28752 6537
136 31 2515 2520 29202 6574
137 31 2515 2520 29678 6674
138 31 2515 2520 30090 6753
139 31 2515 2520 30526 6807
140 32 2515 2520 30931 6871
141 32 2515 2520 31352 6957
142 32 2515 2520 31749 7026
143 33 2515 2520 32151 7088
144 33 2515 2520 32532 7143
145 33 2515 2520 32883 7190
146 33 2515 2520 33312 7279
147 34 2515 2520 33650 7352
148 34 2515 2520 34030 7432
149 34 2515 2520 34481 7532
150 34 2515 2520 34901 7630
151 34 2515 2520 35278 7700
152 34 2515 2520 35650 7776
153 35 2515 2520 35962 7830
154 35 2515 2520 36277 7909
155 35 2515 2520 36581 7957
156 35 2515 2520 36927 8026
157 35 2515 2520 37212 8102
158 37 2515 2520 37483 8146
159 37 2515 2520 37763 8220
160 37 2515 2520 38120 8312
161 37 2515 2520 38503 8397
162 37 2515 2520 38847 8448
163 37 2515 2520 39164 8510
164 38 2515 2520 39462 8576
165 38 2515 2520 39792 8639
166 39 2515 2520 40080 8672
167 40 2515 2520 40448 8767
168 40 2515 2520 40767 8820
169 42 2515 2520 41159 8876
170 42 2515 2520 41585 8956
171 42 2514 2520 42002 9026
172 42 2514 2520 42498 9101
173 42 2514 2520 42968 9175
174 42 2514 2520 43338 9235
175 42 2514 2520 43751 9285
176 44 2514 2520 44131 9336
177 45 2514 2520 44549 9420
178 45 2514 2520 45017 9470
179 46 2514 2520 45452 9534
180 46 2514 2520 45923 9644
181 46 2514 2520 46411 9685
182 46 2514 2520 46894 9762
183 46 2514 2520 47330 9844
184 46 2514 2520 47787 9898
185 47 2514 2520 48215 10002
186 47 2514 2520 48634 10057
187 47 2514 2520 49061 10140
188 47 2514 2520 49458 10198
189 48 2514 2520 49848 10271
190 48 2514 2520 50247 10341
191 48 2514 2520 50607 10404
192 48 2514 2520 50943 10498
193 48 2514 2520 51297 10531
194 48 2514 2520 51647 10603
195 48 2514 2520 51984 10642
196 48 2514 2520 52254 10691
197 50 2514 2520 52556 10758
198 50 2514 2520 52886 10804
199 50 2514 2520 53193 10858
200 50 2514 2520 53561 10933
201 50 2514 2520 53891 10997
202 50 2514 2520 54187 11044
203 50 2513 2520 54517 11084
204 52 2513 2520 54861 11120
205 52 2513 2520 55203 11194
206 55 2513 2520 55568 11262
207 55 2513 2520 56056 11333
208 57 2513 2520 56587 11448
209 57 2513 2520 57104 11539
210 58 2513 2520 57690 11628
211 58 2513 2520 58230 11718
212 58 2513 2520 58761 11795
213 58 2513 2520 59317 11890
214 59 2513 2520 59843 12010
215 60 2513 2520 60368 12117
216 61 2513 2520 60894 12175
217 61 2513 2520 61440 12294
218 61 2513 2520 61975 12417
219 61 2513 2520 62529 12547
220 62 2513 2520 63021 12576
221 62 2513 2520 63519 12661
222 62 2513 2520 64052 12754
223 62 2512 2520 64540 12802
224 62 2512 2520 65067 12873
225 64 2512 2520 65537 12954
226 64 2512 2520 66078 13050
227 64 2512 2520 66582 13134
228 64 2512 2520 67032 13216
229 65 2512 2520 67503 13308
230 65 2512 2520 67992 13360
231 65 2512 2520 68488 13462
232 66 2512 2520 68972 13577
233 67 2512 2520 69442 13664
234 67 2512 2520 69970 13744
235 67 2512 2520 70479 13846
236 67 2512 2520 70908 13936
237 67 2512 2520 71378 14012
238 67 2512 2520 71827 14069
239 69 2512 2520 72287 14173
240 69 2512 2520 72763 14268
241 71 2512 2520 73182 14331
242 71 2512 2520 73721 14428
243 71 2512 2520 74237 14534
244 71 2512 2520 74742 14598
245 72 2512 2520 75227 14685
246 72 2512 2520 75774 14780
247 73 2512 2520 76257 14891
248 75 2512 2520 76756 14960
249 75 2512 2520 77310 15027
250 76 2512 2520 77922 15160
251 76 2512 2520 78437 15259
252 76 2512 2520 78951 15340
253 76 2512 2520 79440 15398
254 78 2512 2520 79940 15478
255 79 2512 2520 80499 15535
256 79 2511 2520 81204 15639
257 79 2511 2520 81830 15778
258 80 2511 2520 82471 15822
259 80 2511 2520 83053 15872
260 81 2511 2520 83734 15981
261 81 2511 2520 84365 16083
262 81 2511 2520 84957 16131
263 81 2511 2520 85548 16196
264 81 2511 2520 86168 16297
265 81 2511 2520 86695 16369
266 81 2511 2520 87169 16435
267 83 2511 2520 87632 16506
268 83 2511 2520 88155 16561
269 84 2511 2520 88696 16646
270 86 2511 2520 89215 16734
271 87 2511 2520 89728 16803
272 87 2511 2520 90317 16885
273 87 2511 2520 90946 17039
274 87 2511 2520 91545 17109
275 87 2511 2520 92165 17239
276 89 2511 2520 92766 17296
277 89 2510 2520 93419 17378
278 92 2510 2520 94017 17455
279 93 2510 2520 94637 17566
280 93 2510 2520 95334 17691
281 94 2510 2520 96085 17807
282 95 2510 2520 96747 17930
283 95 2510 2520 97477 18025
284 95 2510 2520 98244 18134
285 95 2510 2520 98948 18169
286 96 2510 2520 99627 18216
287 97 2510 2520 100383 18308
288 97 2509 2520 101058 18388
289 97 2509 2520 101763 18516
290 98 2509 2520 102509 18593
291 98 2509 2520 103284 18681
292 98 2509 2520 103989 18791
293 98 2509 2520 104662 18921
294 98 2509 2520 105349 19021
295 100 2509 2520 106008 19141
296 102 2509 2520 106650 19241
297 102 2509 2520 107321 19378
298 103 2509 2520 108045 19512
299 103 2509 2520 108708 19614
300 103 2509 2520 109441 19721
301 103 2509 2520 110148 19834
302 103 2509 2520 110837 19898
303 103 2509 2520 111424 19962
304 103 2509 2520 112069 20042
305 104 2509 2520 112674 20122
306 105 2509 2520 113220 20238
307 107 2509 2520 113816 20332
308 107 2509 2520 114476 20411
309 107 2509 2520 115107 20567
310 108 2509 2520 115747 20685
311 111 2509 2520 116372 20811
312 113 2509 2520 117037 20885
313 114 2509 2520 117808 21037
314 116 2508 2520 118669 21162
315 118 2508 2520 119465 21279
316 118 2508 2520 120281 21390
317 119 2508 2520 121181 21485
318 119 2508 2520 122039 21605
319 119 2508 2520 122905 21711
320 120 2508 2520 123709 21736
321 120 2508 2520 124566 21862
322 121 2508 2520 125364 21957
323 121 2508 2520 126159 22059
324 121 2507 2520 126899 22113
325 123 2507 2520 127726 22199
326 124 2507 2520 128539 22312
327 125 2507 2520 129378 22425
328 126 2507 2520 130155 22539
329 126 2507 2520 131006 22651
330 126 2506 2520 131826 22751
331 126 2506 2520 132726 22855
332 128 2506 2520 133508 22953
333 129 2506 2520 134247 23022
334 130 2506 2520 135043 23133
335 130 2506 2520 135866 23268
336 130 2506 2520 136667 23319
337 132 2506 2520 137451 23423
338 133 2506 2520 138270 23482
339 133 2506 2520 139074 23552
340 134 2506 2520 139921 23649
341 135 2506 2520 140743 23728
342 136 2506 2520 141606 23859
343 137 2506 2520 142421 23917
344 137 2506 2520 143299 24037
345 138 2506 2520 144261 24114
346 138 2506 2520 145098 24233
347 138 2506 2520 145874 24325
348 139 2506 2520 146680 24397
349 139 2506 2520 147476 24473
350 140 2506 2520 148309 24636
351 140 2506 2520 149106 24761
352 141 2506 2520 149854 24818
353 142 2506 2520 150644 24973
354 143 2506 2520 151431 25139
355 144 2506 2520 152237 25238
356 146 2506 2520 153056 25332
357 147 2506 2520 153926 25431
358 151 2506 2520 154839 25577
359 151 2506 2520 155761 25723
360 151 2506 2520 156805 25858
361 153 2506 2520 157755 25999
362 154 2506 2520 158770 26175
363 155 2506 2520 159720 26256
364 155 2506 2520 160750 26411
365 155 2506 2520 161720 26550
366 156 2506 2520 162686 26700
367 156 2505 2520 163660 26782
368 156 2505 2520 164598 26945
369 156 2505 2520 165481 27045
370 156 2505 2520 166378 27087
371 157 2505 2520 167298 27212
372 157 2505 2520 168126 27320
373 159 2505 2520 168934 27488
374 160 2505 2520 169686 27609
375 160 2505 2520 170491 27680
376 161 2505 2520 171218 27789
377 162 2504 2520 172023 27890
378 162 2504 2520 172855 28015
379 162 2504 2520 173669 28062
380 162 2504 2520 174459 28156
381 164 2504 2520 175233 28227
382 164 2504 2520 175945 28265
383 168 2504 2520 176632 28388
384 169 2504 2520 177436 28510
385 170 2504 2520 178333 28650
386 171 2504 2520 179178 28808
387 171 2504 2520 180137 28910
388 172 2504 2520 180990 29055
389 172 2504 2520 181906 29176
390 174 2504 2520 182876 29282
391 174 2504 2520 183800 29434
392 176 2504 2520 184829 29593
393 177 2504 2520 185687 29689
394 178 2504 2520 186660 29804
395 179 2504 2520 187655 29926
396 181 2504 2520 188560 29975
397 181 2503 2520 189538 30082
398 181 2503 2520 190585 30226
399 182 2503 2520 191586 30272
400 182 2503 2520 192501 30365
401 182 2503 2520 193461 30432
402 183 2503 2520 194349 30532
403 183 2503 2520 195281 30646
404 184 2503 2520 196172 30753
405 190 2503 2520 197104 30803
406 192 2503 2520 198020 30938
407 193 2503 2520 199111 31090
408 194 2503 2520 200213 31307
409 194 2503 2520 201355 31519
410 194 2503 2520 202521 31628
411 194 2503 2520 203564 31757
412 194 2503 2520 204687 31860
413 196 2503 2520 205760 31987
414 199 2503 2520 206793 32099
415 199 2503 2520 207873 32214
416 199 2503 2520 208904 32381
417 201 2503 2520 209955 32500
418 202 2503 2520 211014 32605
419 202 2503 2520 211970 32752
420 203 2503 2520 213033 32890
421 203 2503 2520 214112 32978
422 203 2503 2520 215131 33127
423 205 2503 2520 216151 33244
424 206 2503 2520 217221 33312
425 209 2503 2520 218252 33404
426 211 2503 2520 219311 33557
427 212 2503 2520 220420 33721
428 212 2503 2520 221534 33905
429 213 2503 2520 222719 34074
430 213 2503 2520 223768 34225
431 213 2503 2520 224926 34317
432 216 2503 2520 226008 34512
433 216 2503 2520 227104 34694
434 217 2503 2520 228227 34867
435 219 2503 2520 229346 35050
436 219 2503 2520 230473 35153
437 220 2503 2520 231580 35353
438 222 2503 2520 232614 35507
439 224 2503 2520 233783 35680
440 228 2503 2520 234963 35816
441 228 2503 2520 236069 35902
442 228 2503 2520 237296 36080
443 228 2503 2520 238434 36224
444 230 2503 2520 239609 36373
445 230 2503 2520 240740 36448
446 230 2503 2520 241802 36560
447 230 2503 2520 242983 36717
448 231 2503 2520 244022 36787
449 231 2503 2520 245083 36916
450 232 2503 2520 246099 36977
451 232 2503 2520 247169 37140
452 233 2503 2520 248131 37283
453 235 2502 2520 249082 37362
454 235 2502 2520 250056 37466
455 238 2502 2520 251160 37532
456 238 2502 2520 252222 37617
457 238 2502 2520 253238 37810
458 239 2502 2520 254242 37956
459 240 2502 2520 255285 38089
460 242 2502 2520 256378 38197
461 242 2502 2520 257482 38312
462 245 2502 2520 258551 38442
463 246 2502 2520 259602 38584
464 248 2502 2520 260709 38740
465 248 2502 2520 261862 38892
466 250 2502 2520 263123 39046
467 251 2502 2520 264382 39170
468 254 2501 2520 265692 39329
469 255 2501 2520 267010 39553
470 255 2501 2520 268308 39748
471 255 2500 2520 269653 39950
472 256 2500 2520 270911 40078
473 257 2500 2520 272072 40215
474 258 2499 2520 273325 40390
475 260 2499 2520 274447 40507
476 261 2499 2520 275687 40701
477 265 2499 2520 276904 40850
478 267 2498 2520 278155 40983
479 268 2498 2520 279551 41144
480 268 2498 2520 280945 41311
481 269 2498 2520 282294 41515
482 271 2498 2520 283601 41638
483 272 2498 2520 284908 41772
484 272 2498 2520 286270 41894
485 274 2498 2520 287465 42028
486 274 2498 2520 288702 42070
487 276 2498 2520 289936 42173
488 279 2497 2520 291151 42292
489 279 2497 2520 292517 42439
490 280 2497 2520 293904 42586
491 283 2497 2520 295316 42747
492 285 2497 2520 296698 42885
493 286 2497 2520 298050 43078
494 287 2497 2520 299413 43246
495 288 2497 2520 300802 43395
496 290 2497 2520 302150 43589
497 291 2497 2520 303514 43809
498 292 2497 2520 304904 43964
499 292 2497 2520 306246 44128
500 292 2497 2520 307590 44225
501 294 2497 2520 308786 44377
502 295 2497 2520 310115 44522
503 297 2497 2520 311425 44704
504 298 2497 2520 312782 44896
505 299 2497 2520 314062 45054
506 300 2497 2520 315409 45141
507 303 2497 2520 316798 45279
508 304 2496 2520 318160 45467
509 305 2496 2520 319637 45641
510 305 2496 2520 320951 45781
511 305 2496 2520 322251 45889
512 306 2496 2520 323509 45988
513 307 2495 2520 324886 46175
514 313 2495 2520 326199 46328
515 313 2494 2520 327776 46517
516 313 2494 2520 329306 46694
517 313 2494 2520 330800 46859
518 313 2494 2520 332226 47056
519 313 2494 2520 333639 47211
520 314 2494 2520 335024 47289
521 314 2494 2520 336386 47484
522 315 2494 2520 337624 47585
523 315 2494 2520 338811 47713
524 315 2494 2520 340057 47858
525 317 2494 2520 341165 47982
526 318 2494 2520 342306 48113
527 319 2494 2520 343509 48177
528 319 2494 2520 344655 48340
529 320 2494 2520 345738 48468
530 320 2494 2520 346983 48578
531 323 2494 2520 348139 48683
532 325 2494 2520 349234 48687
533 327 2493 2520 350368 48843
534 327 2493 2520 351619 49052
535 330 2493 2520 352813 49228
536 335 2493 2520 354060 49366
537 336 2493 2520 355419 49565
538 337 2493 2520 356713 49786
539 338 2493 2520 358083 49958
540 340 2493 2520 359469 50147
541 342 2493 2520 360953 50327
542 345 2493 2520 362436 50536
543 346 2493 2520 363963 50667
544 348 2493 2520 365452 50871
545 350 2493 2520 367044 51035
546 351 2493 2520 368712 51224
547 351 2493 2520 370195 51396
548 352 2493 2520 371686 51534
549 353 2493 2520 373112 51689
550 353 2493 2520 374550 51872
551 353 2493 2520 376106 52049
552 354 2493 2520 377490 52184
553 355 2493 2520 378932 52306
554 356 2493 2520 380194 52469
555 359 2492 2520 381522 52565
556 361 2492 2520 382925 52738
557 363 2492 2520 384248 52905
558 366 2492 2520 385691 53006
559 366 2491 2520 387155 53199
560 366 2491 2520 388593 53339
561 366 2491 2520 390064 53587
562 367 2490 2520 391540 53729
563 371 2490 2520 392898 53907
564 373 2490 2520 394406 54061
565 375 2490 2520 395889 54144
566 377 2490 2520 397504 54239
567 377 2490 2520 399104 54437
568 377 2490 2520 400662 54658
569 378 2490 2520 402304 54797
570 380 2490 2520 403854 54956
571 380 2490 2520 405266 55078
572 381 2490 2520 406821 55241
573 384 2490 2520 408424 55406
574 385 2490 2520 409815 55535
575 385 2490 2520 411309 55726
576 385 2490 2520 412733 55878
577 385 2490 2520 414094 56043
578 387 2490 2520 415433 56185
579 389 2490 2520 416741 56307
580 392 2490 2520 418092 56497
581 392 2490 2520 419563 56692
582 392 2490 2520 420926 56818
583 394 2490 2520 422339 56927
584 395 2490 2520 423740 57075
585 396 2490 2520 425053 57264
586 396 2490 2520 426349 57425
587 400 2490 2520 427634 57608
588 404 2490 2520 428898 57796
589 404 2489 2520 430239 57930
590 405 2488 2520 431568 58064
591 406 2488 2520 432979 58182
592 407 2488 2520 434378 58309
593 407 2488 2520 435767 58435
594 409 2488 2520 437033 58652
595 411 2488 2520 438357 58794
596 411 2488 2520 439691 58879
597 412 2488 2520 441107 58971
598 413 2488 2520 442478 59042
599 416 2487 2520 443858 59158
600 417 2487 2520 445211 59356
601 418 2485 2520 446547 59482
602 418 2485 2520 447988 59533
603 419 2485 2520 449398 59665
604 422 2485 2520 450806 59777
605 424 2485 2520 452304 59924
606 425 2485 2520 453757 60126
607 426 2485 2520 455213 60246
608 426 2485 2520 456758 60428
609 427 2484 2520 458315 60570
610 430 2484 2520 459923 60726
611 430 2483 2520 461487 60873
612 432 2483 2520 463046 61003
613 434 2483 2520 464603 61195
614 434 2483 2520 466116 61439
615 435 2483 2520 467676 61593
616 438 2483 2520 469235 61739
617 438 2483 2520 470781 61905
618 439 2483 2520 472345 62086
619 439 2483 2520 473805 62185
620 439 2483 2520 475146 62277
621 442 2483 2520 476599 62434
622 444 2483 2520 478000 62579
623 444 2483 2520 479422 62763
624 446 2483 2520 480881 62862
625 447 2483 2520 482316 63015
626 449 2483 2520 483707 63154
627 452 2483 2520 485068 63323
628 454 2483 2520 486588 63389
629 456 2483 2520 488144 63568
630 457 2483 2520 489725 63753
631 460 2483 2520 491451 63917
632 460 2483 2520 493123 64122
633 463 2483 2520 494794 64295
634 464 2483 2520 496477 64438
635 465 2483 2520 498184 64646
636 466 2483 2520 499775 64739
637 469 2483 2520 501435 64946
638 472 2483 2520 503043 65155
639 475 2483 2520 504847 65297
640 477 2482 2520 506507 65518
641 477 2482 2520 508226 65743
642 479 2482 2520 509999 65885
643 481 2482 2520 511679 66002
644 482 2482 2520 513442 66193
645 483 2482 2520 515274 66301
646 485 2482 2520 517020 66431
647 487 2482 2520 518743 66616
648 491 2482 2520 520548 66829
649 491 2482 2520 522317 66941
650 493 2482 2520 524154 67113
651 496 2481 2520 526095 67332
652 499 2481 2520 527914 67545
653 500 2481 2520 529902 67713
654 500 2481 2520 531869 67902
655 502 2480 2520 533789 68046
656 502 2480 2520 535635 68224
657 503 2480 2520 537560 68388
658 504 2480 2520 539370 68567
659 505 2480 2520 541083 68775
660 506 2480 2520 542825 68987
661 507 2480 2520 544527 69097
662 509 2480 2520 546125 69209
663 510 2480 2520 547761 69431
664 512 2480 2520 549431 69539
665 512 2480 2520 551048 69700
666 512 2480 2520 552741 69884
667 515 2480 2520 554285 70018
668 517 2480 2520 555830 70165
669 520 2480 2520 557436 70301
670 522 2480 2520 559052 70458
671 523 2480 2520 560649 70616
672 524 2480 2520 562363 70786
673 524 2480 2520 563977 70972
674 526 2480 2520 565657 71094
675 530 2480 2520 567302 71200
676 532 2480 2520 568951 71313
677 533 2480 2520 570607 71473
678 533 2480 2520 572224 71631
679 533 2480 2520 573900 71742
680 534 2479 2520 575551 71895
681 536 2479 2520 577151 72028
682 539 2479 2520 578761 72164
683 539 2479 2520 580397 72370
684 541 2479 2520 582111 72554
685 542 2478 2520 583794 72699
686 543 2478 2520 585437 72891
687 545 2478 2520 587103 73010
688 545 2478 2520 588694 73166
689 546 2477 2520 590291 73331
690 549 2477 2520 591872 73457
691 549 2477 2520 593443 73597
692 551 2477 2520 595127 73824
693 555 2477 2520 596666 73917
694 559 2477 2520 598319 74045
695 561 2477 2520 599970 74225
696 562 2477 2520 601666 74406
697 562 2477 2520 603394 74528
698 563 2477 2520 605178 74637
699 563 2477 2520 606970 74855
700 565 2477 2520 608668 75011
701 566 2477 2520 610472 75188
702 568 2477 2520 612098 75419
703 570 2477 2520 613840 75575
704 571 2477 2520 615560 75690
705 573 2477 2520 617211 75845
706 574 2476 2520 618925 76000
707 577 2476 2520 620665 76161
708 579 2475 2520 622449 76340
709 580 2475 2520 624158 76482
710 581 2475 2520 625957 76662
711 584 2475 2520 627774 76893
712 585 2475 2520 629576 77072
713 586 2475 2520 631343 77159
714 587 2475 2520 633075 77304
715 588 2475 2520 634690 77422
716 591 2475 2520 636342 77597
717 593 2475 2520 638041 77676
718 594 2475 2520 639671 77889
719 596 2475 2520 641423 78037
720 596 2474 2520 643020 78204
721 598 2474 2520 644749 78427
722 599 2474 2520 646504 78633
723 603 2474 2520 648154 78807
724 603 2474 2520 649853 78981
725 607 2474 2520 651426 79123
726 607 2474 2520 653093 79253
727 609 2473 2520 654744 79367
728 609 2473 2520 656495 79553
729 609 2473 2520 658317 79723
730 610 2473 2520 660037 79876
731 613 2473 2520 661662 80028
732 614 2472 2520 663172 80183
733 616 2472 2520 664815 80333
734 621 2472 2520 666361 80439
735 621 2472 2520 668059 80608
736 625 2472 2520 669648 80729
737 625 2472 2520 671251 80906
738 627 2472 2520 672972 81091
739 633 2472 2520 674812 81227
740 635 2472 2520 676600 81389
741 637 2472 2520 678526 81554
742 638 2472 2520 680356 81777
743 641 2472 2520 682280 81876
744 643 2472 2520 684349 82122
745 646 2472 2520 686200 82305
746 647 2472 2520 688221 82534
747 649 2472 2520 690274 82739
748 649 2472 2520 692440 82965
749 651 2471 2520 694599 83131
750 651 2471 2520 696618 83366
751 652 2470 2520 698763 83559
752 653 2470 2520 700869 83793
753 655 2470 2520 702996 83988
754 657 2470 2520 704969 84093
755 658 2470 2520 706954 84249
756 661 2470 2520 708806 84447
757 662 2469 2520 710615 84616
758 663 2469 2520 712503 84748
759 665 2469 2520 714436 84958
760 665 2469 2520 716330 85167
761 667 2469 2520 718176 85281
762 668 2469 2520 720040 85436
763 670 2469 2520 721904 85592
764 672 2468 2520 723793 85808
765 674 2468 2520 725700 85948
766 677 2468 2520 727402 86044
767 678 2468 2520 729334 86222
768 679 2468 2520 731259 86450
769 681 2468 2520 733098 86579
770 685 2468 2520 734999 86716
771 688 2467 2520 736859 86894
772 691 2467 2520 738816 87026
773 692 2467 2520 740792 87223
774 694 2467 2520 742641 87413
775 696 2467 2520 744668 87567
776 696 2467 2520 746705 87684
777 699 2467 2520 748662 87902
778 702 2467 2520 750636 88045
779 703 2467 2520 752573 88190
780 703 2467 2520 754560 88338
781 704 2467 2520 756395 88516
782 705 2467 2520 758340 88697
783 708 2467 2520 760238 88834
784 711 2467 2520 762118 88979
785 713 2467 2520 763976 89165
786 714 2467 2520 765956 89386
787 717 2466 2520 767873 89613
788 719 2466 2520 769814 89757
789 720 2466 2520 771742 89966
790 722 2465 2520 773706 90083
791 723 2465 2520 775796 90328
792 725 2465 2520 777849 90449
793 726 2464 2520 779753 90668
794 728 2464 2520 781750 90803
795 730 2464 2520 783659 90929
796 731 2463 2520 785690 91026
797 734 2463 2520 787685 91145
798 735 2463 2520 789787 91254
799 738 2463 2520 791790 91433
800 740 2463 2520 793742 91594
801 741 2463 2520 795748 91823
802 742 2463 2520 797784 91972
803 747 2463 2520 799662 92171
804 747 2463 2520 801724 92323
805 747 2463 2520 803692 92442
806 750 2463 2520 805596 92622
807 752 2463 2520 807596 92760
808 752 2463 2520 809540 92974
809 754 2463 2520 811477 93136
810 754 2463 2520 813437 93311
811 756 2463 2520 815438 93455
812 759 2463 2520 817342 93609
813 759 2463 2520 819142 93721
814 759 2463 2520 821123 93881
815 760 2463 2520 823034 94084
816 761 2463 2520 824883 94162
817 765 2463 2520 826724 94416
818 767 2461 2520 828535 94566
819 772 2461 2520 830463 94732
820 775 2461 2520 832374 94925
821 777 2461 2520 834361 95094
822 777 2461 2520 836246 95226
823 780 2461 2520 838276 95347
824 785 2461 2520 840081 95548
825 787 2461 2520 842251 95804
826 788 2461 2520 844390 95945
827 791 2461 2520 846548 96189
828 794 2461 2520 848623 96388
829 794 2461 2520 850715 96579
830 795 2461 2520 852892 96748
831 796 2461 2520 855033 96944
832 799 2461 2520 857156 97186
833 804 2461 2520 859266 97310
834 805 2461 2520 861281 97552
835 808 2461 2520 863533 97733
836 810 2460 2520 865608 97849
837 813 2460 2520 867835 98014
838 816 2460 2520 869982 98148
839 819 2460 2520 872222 98353
840 819 2460 2520 874449 98550
841 819 2460 2520 876485 98747
842 820 2460 2520 878482 98870
843 823 2460 2520 880460 99066
844 825 2460 2520 882559 99251
845 827 2459 2520 884583 99419
846 829 2459 2520 886502 99618
847 830 2459 2520 888411 99751
848 830 2459 2520 890334 99890
849 832 2459 2520 892251 100084
850 833 2459 2520 894120 100284
851 833 2458 2520 896117 100492
852 833 2457 2520 898046 100644
853 835 2457 2520 899921 100789
854 837 2456 2520 901739 100890
855 840 2456 2520 903554 101018
856 840 2456 2520 905495 101185
857 846 2456 2520 907354 101389
858 847 2456 2520 909294 101546
859 847 2456 2520 911276 101667
860 850 2456 2520 913334 101812
861 850 2456 2520 915362 102010
862 853 2456 2520 917512 102164
863 854 2456 2520 919486 102259
864 856 2455 2520 921598 102481
865 858 2455 2520 923668 102625
866 860 2455 2520 925711 102766
867 861 2455 2520 927834 102995
868 864 2455 2520 929921 103126
869 866 2455 2520 931936 103279
870 867 2455 2520 933990 103474
871 869 2455 2520 936095 103677
872 871 2455 2520 938108 103756
873 873 2455 2520 940221 103958
874 875 2455 2520 942253 104103
875 876 2455 2520 944295 104252
876 878 2455 2520 946347 104422
877 880 2455 2520 948427 104642
878 884 2455 2520 950505 104818
879 886 2455 2520 952502 104969
880 888 2455 2520 954620 105099
881 891 2455 2520 956846 105302
882 892 2455 2520 958904 105516
883 892 2455 2520 961129 105683
884 896 2455 2520 963251 105838
885 899 2454 2520 965443 105988
886 900 2454 2520 967543 106134
887 901 2454 2520 969640 106404
888 903 2453 2520 971779 106535
889 910 2453 2520 973837 106720
890 910 2453 2520 976009 106932
891 911 2453 2520 978175 107010
892 912 2452 2520 980410 107255
893 915 2452 2520 982535 107424
894 916 2452 2520 984623 107595
895 922 2452 2520 986716 107803
896 923 2452 2520 988921 108018
897 927 2452 2520 991220 108275
898 931 2452 2520 993466 108432
899 935 2452 2520 995803 108634
900 937 2452 2520 998302 108851
901 939 2452 2520 1000744 109075
902 941 2452 2520 1003169 109322
903 943 2452 2520 1005580 109546
904 943 2452 2520 1008043 109830
905 944 2452 2520 1010350 110052
906 946 2452 2520 1012705 110187
907 947 2452 2520 1015129 110408
908 947 2452 2520 1017585 110522
909 948 2452 2520 1019935 110738
910 950 2452 2520 1022076 110907
911 951 2452 2520 1024317 111070
912 953 2452 2520 1026570 111248
913 956 2452 2520 1028761 111459
914 956 2452 2520 1030988 111578
915 957 2452 2520 1033234 111776
916 958 2452 2520 1035366 111951
917 959 2452 2520 1037428 112084
918 960 2452 2520 1039563 112271
919 961 2452 2520 1041641 112491
920 962 2452 2520 1043638 112717
921 963 2452 2520 1045678 112889
922 965 2452 2520 1047659 113005
923 968 2452 2520 1049728 113218
924 974 2452 2520 1051793 113401
925 980 2452 2520 1053929 113620
926 983 2452 2520 1056135 113848
927 985 2452 2520 1058319 114041
928 986 2452 2520 1060476 114303
929 987 2452 2520 1062661 114439
930 989 2452 2520 1064762 114605
931 993 2452 2520 1067016 114763
932 995 2452 2520 1069228 114910
933 998 2452 2520 1071535 115112
934 1000 2452 2520 1073809 115353
935 1001 2452 2520 1076126 115508
936 1004 2452 2520 1078418 115706
937 1007 2452 2520 1080765 115930
938 1009 2452 2520 1082943 116135
939 1009 2452 2520 1085298 116336
940 1010 2452 2520 1087524 116500
941 1012 2452 2520 1089830 116710
942 1013 2452 2520 1092041 116926
943 1018 2452 2520 1094291 117139
944 1018 2452 2520 1096607 117341
945 1022 2452 2520 1098946 117565
946 1023 2452 2520 1101329 117726
947 1024 2452 2520 1103728 117921
948 1027 2452 2520 1106051 118113
949 1031 2452 2520 1108355 118316
950 1032 2452 2520 1110642 118568
951 1033 2452 2520 1112903 118734
952 1038 2452 2520 1115248 118900
953 1039 2452 2520 1117473 118982
954 1041 2451 2520 1119785 119124
955 1042 2451 2520 1122082 119316
956 1044 2451 2520 1124234 119539
957 1045 2451 2520 1126535 119737
958 1045 2451 2520 1128824 119884
959 1046 2450 2520 1131174 119970
960 1050 2450 2520 1133436 120120
961 1054 2450 2520 1135701 120250
962 1055 2450 2520 1138049 120431
963 1056 2450 2520 1140439 120656
964 1060 2450 2520 1142801 120934
965 1061 2450 2520 1145237 121017
966 1067 2450 2520 1147703 121213
967 1069 2450 2520 1150076 121357
968 1070 2449 2520 1152495 121636
969 1072 2448 2520 1154954 121922
970 1079 2448 2520 1157319 122087
971 1082 2448 2520 1159880 122261
972 1084 2448 2520 1162324 122415
973 1085 2447 2520 1164852 122602
974 1086 2447 2520 1167414 122746
975 1088 2447 2520 1169951 122996
976 1088 2447 2520 1172360 123153
977 1091 2447 2520 1174797 123236
978 1094 2447 2520 1177216 123374
979 1097 2447 2520 1179544 123580
980 1099 2447 2520 1181926 123734
981 1100 2447 2520 1184245 123967
982 1105 2447 2520 1186665 124174
983 1108 2447 2520 1189023 124373
984 1109 2446 2520 1191444 124512
985 1111 2445 2520 1193911 124608
986 1113 2445 2520 1196279 124754
987 1114 2445 2520 1198581 124923
988 1118 2445 2520 1200956 125157
989 1119 2445 2520 1203567 125307
990 1119 2445 2520 1206042 125476
991 1123 2445 2520 1208543 125580
992 1129 2445 2520 1211010 125754
993 1130 2445 2520 1213364 125896
994 1131 2445 2520 1215834 125999
995 1138 2445 2520 1218387 126189
996 1144 2445 2520 1220936 126384
997 1147 2445 2520 1223547 126586
998 1147 2445 2520 1226166 126780
999 1149 2445 2520 1228810 126876
1000 1149 2445 2520 1231337 127064
