0 1 2519 2520 797 501
1 1 2519 2520 819 520
2 1 2519 2520 861 546
3 1 2519 2520 905 573
4 1 2519 2520 955 595
5 1 2519 2520 994 623
6 1 2519 2520 1034 650
7 1 2519 2520 1074 661
8 1 2519 2520 1107 666
9 1 2519 2520 1155 685
10 1 2519 2520 1196 698
11 1 2519 2520 1233 708
12 1 2519 2520 1248 707
13 1 2519 2520 1264 711
14 1 2519 2520 1287 722
15 1 2519 2520 1305 726
16 1 2519 2520 1318 730
17 1 2519 2520 1332 734
18 1 2519 2520 1342 737
19 1 2519 2520 1346 741
20 1 2519 2520 1359 740
21 1 2519 2520 1366 743
22 1 2519 2520 1377 743
23 1 2519 2520 1377 743
24 1 2519 2520 1384 744
25 1 2519 2520 1391 745
26 2 2519 2520 1395 742
27 2 2519 2520 1423 750
28 2 2519 2520 1517 794
29 2 2519 2520 1618 846
30 2 2519 2520 1719 883
31 2 2519 2520 1827 923
32 2 2519 2520 1924 944
33 2 2519 2520 2004 966
34 2 2519 2520 2084 995
35 2 2519 2520 2163 1017
36 2 2519 2520 2228 1039
37 2 2519 2520 2309 1057
38 2 2519 2520 2354 1060
39 2 2519 2520 2401 1074
40 2 2519 2520 2445 1081
41 2 2519 2520 2507 1098
42 2 2519 2520 2556 1113
43 2 2519 2520 2611 1127
44 2 2519 2520 2616 1124
45 2 2519 2520 2618 1118
46 2 2519 2520 2631 1127
47 2 2519 2520 2650 1133
48 3 2519 2520 2677 1143
49 4 2519 2520 2700 1158
50 4 2519 2520 2816 1192
51 4 2519 2520 2991 1251
52 4 2519 2520 3140 1310
53 4 2519 2520 3319 1378
54 4 2519 2520 3475 1441
55 4 2519 2520 3645 1481
56 4 2519 2520 3814 1525
57 4 2519 2520 3984 1577
58 4 2519 2520 4129 1614
59 4 2519 2520 4262 1641
60 4 2519 2520 4379 1656
61 4 2519 2520 4481 1682
62 4 2519 2520 4579 1694
63 4 2519 2520 4663 1725
64 4 2519 2520 4734 1729
65 4 2519 2520 4818 1751
66 4 2519 2520 4870 1784
67 4 2519 2520 4940 1800
68 4 2519 2520 4982 1826
69 4 2519 2520 5030 1837
70 6 2519 2520 5069 1859
71 6 2519 2520 5164 1893
72 7 2519 2520 5324 1938
73 7 2519 2520 5514 2011
74 8 2519 2520 5716 2062
75 8 2519 2520 5950 2127
76 8 2519 2520 6270 2192
77 8 2519 2520 6595 2281
78 8 2519 2520 6860 2353
79 8 2519 2520 7117 2403
80 8 2519 2520 7361 2445
81 8 2519 2520 7592 2506
82 8 2519 2520 7859 2578
83 8 2519 2520 8100 2626
84 8 2518 2520 8332 2657
85 8 2518 2520 8514 2702
86 8 2518 2520 8704 2726
87 8 2518 2520 8861 2755
88 8 2518 2520 9040 2780
89 8 2518 2520 9204 2821
90 8 2517 2520 9323 2834
91 8 2517 2520 9457 2849
92 8 2517 2520 9580 2881
93 9 2517 2520 9717 2898
94 9 2517 2520 9846 2928
95 10 2517 2520 9981 2945
96 10 2517 2520 10137 2961
97 11 2517 2520 10346 2997
98 13 2517 2520 10538 3037
99 14 2517 2520 10826 3121
100 15 2517 2520 11180 3202
101 15 2517 2520 11511 3255
102 15 2517 2520 11949 3375
103 16 2517 2520 12328 3482
104 16 2517 2520 12724 3553
105 16 2517 2520 13132 3626
106 16 2517 2520 13560 3690
107 16 2517 2520 13973 3760
108 16 2516 2520 14310 3817
109 16 2516 2520 14705 3858
110 16 2516 2520 15104 3923
111 17 2516 2520 15454 3976
112 17 2516 2520 15859 4041
113 17 2516 2520 16235 4101
114 17 2516 2520 16579 4137
115 17 2516 2520 16898 4188
116 17 2516 2520 17228 4278
117 17 2516 2520 17498 4326
118 17 2516 2520 17740 4368
119 17 2516 2520 17979 4418
120 18 2516 2520 18213 4433
121 18 2516 2520 18422 4476
122 19 2515 2520 18653 4526
123 20 2515 2520 18945 4598
124 20 2515 2520 19279 4647
125 20 2515 2520 19626 4702
126 20 2515 2520 19989 4794
127 21 2515 2520 20311 4835
128 21 2515 2520 20672 4878
129 22 2515 2520 20996 4969
130 22 2515 2520 21331 5036
131 22 2515 2520 21652 5095
132 22 2515 2520 21988 5136
133 22 2515 2520 22340 5193
134 22 2515 2520 22647 5222
135 22 2515 2520 22910 5249
136 22 2515 2520 23185 5280
137 22 2515 2520 23476 5344
138 22 2515 2520 23756 5380
139 22 2515 2520 23974 5420
140 24 2515 2520 24208 5461
141 25 2515 2520 24411 5486
142 25 2515 2520 24686 5540
143 25 2515 2520 24981 5596
144 26 2515 2520 25251 5681
145 26 2515 2520 25541 5734
146 28 2515 2520 25850 5775
147 29 2515 2520 26223 5852
148 29 2515 2520 26675 5927
149 29 2515 2520 27109 6002
150 29 2515 2520 27543 6057
151 29 2515 2520 27981 6119
152 29 2515 2520 28383 6160
153 29 2515 2520 28826 6230
154 29 2515 2520 29199 6298
155 30 2515 2520 29546 6366
156 30 2515 2520 29899 6429
157 30 2514 2520 30216 6472
158 30 2514 2520 30488 6475
159 30 2514 2520 30813 6536
160 31 2514 2520 31181 6580
161 31 2514 2520 31524 6651
162 31 2514 2520 31882 6703
163 31 2514 2520 32207 6777
164 31 2514 2520 32482 6812
165 31 2514 2520 32761 6840
166 32 2514 2520 33105 6869
167 33 2514 2520 33361 6906
168 34 2514 2520 33672 6959
169 34 2514 2520 34013 7035
170 34 2514 2520 34382 7101
171 34 2514 2520 34710 7168
172 35 2514 2520 35054 7196
173 35 2514 2520 35432 7273
174 35 2514 2520 35823 7338
175 35 2514 2520 36217 7418
176 36 2514 2520 36562 7462
177 36 2514 2520 36914 7502
178 36 2514 2520 37288 7562
179 37 2514 2520 37637 7619
180 37 2514 2520 37976 7656
181 37 2514 2520 38343 7721
182 38 2514 2520 38691 7783
183 38 2514 2520 39040 7828
184 38 2514 2520 39398 7889
185 39 2514 2520 39740 7934
186 39 2514 2520 40076 7977
187 39 2514 2520 40474 8047
188 39 2514 2520 40810 8104
189 40 2514 2520 41080 8163
190 41 2514 2520 41434 8200
191 42 2514 2520 41772 8271
192 42 2514 2520 42224 8380
193 42 2514 2520 42650 8454
194 43 2514 2520 43016 8499
195 44 2514 2520 43436 8578
196 44 2513 2520 43891 8693
197 44 2513 2520 44447 8760
198 44 2513 2520 44933 8819
199 45 2513 2520 45364 8886
200 45 2513 2520 45798 8906
201 45 2513 2520 46274 8965
202 45 2513 2520 46733 9040
203 46 2513 2520 47240 9123
204 46 2513 2520 47738 9175
205 46 2513 2520 48193 9262
206 46 2513 2520 48601 9328
207 46 2513 2520 48964 9398
208 46 2513 2520 49336 9451
209 46 2513 2520 49715 9512
210 46 2513 2520 50063 9575
211 48 2512 2520 50399 9618
212 49 2512 2520 50775 9688
213 50 2512 2520 51194 9746
214 50 2512 2520 51621 9820
215 51 2512 2520 52106 9917
216 51 2512 2520 52592 9964
217 51 2512 2520 53041 10038
218 52 2512 2520 53527 10143
219 52 2512 2520 54013 10226
220 52 2512 2520 54532 10298
221 52 2512 2520 55022 10391
222 53 2512 2520 55473 10474
223 55 2512 2520 55952 10535
224 55 2512 2520 56442 10619
225 55 2512 2520 56976 10738
226 55 2512 2520 57489 10805
227 55 2512 2520 57914 10849
228 55 2512 2520 58411 10930
229 56 2512 2520 58826 10961
230 60 2512 2520 59289 11065
231 61 2512 2520 59800 11164
232 62 2512 2520 60310 11229
233 62 2512 2520 60821 11304
234 62 2512 2520 61375 11378
235 63 2512 2520 61928 11429
236 63 2512 2520 62493 11483
237 65 2512 2520 63105 11561
238 65 2512 2520 63765 11674
239 66 2512 2520 64354 11771
240 67 2512 2520 65027 11862
241 67 2512 2520 65704 12011
242 67 2512 2520 66425 12098
243 67 2512 2520 67024 12164
244 67 2512 2520 67678 12259
245 67 2512 2520 68310 12358
246 67 2512 2520 68898 12446
247 67 2512 2520 69416 12519
248 67 2512 2520 69935 12601
249 67 2512 2520 70439 12679
250 68 2512 2520 70928 12751
251 69 2512 2520 71429 12804
252 69 2512 2520 71930 12878
253 69 2512 2520 72438 12968
254 70 2512 2520 72922 13001
255 70 2512 2520 73375 13058
256 70 2512 2520 73793 13146
257 70 2512 2520 74245 13232
258 72 2512 2520 74691 13318
259 72 2512 2520 75185 13377
260 73 2512 2520 75715 13449
261 73 2512 2520 76182 13524
262 73 2512 2520 76719 13634
263 74 2512 2520 77203 13688
264 75 2512 2520 77742 13771
265 75 2512 2520 78262 13869
266 77 2512 2520 78867 13969
267 77 2512 2520 79401 14063
268 80 2512 2520 80011 14178
269 80 2512 2520 80613 14241
270 80 2512 2520 81318 14368
271 82 2512 2520 81977 14434
272 82 2512 2520 82694 14505
273 83 2512 2520 83382 14605
274 84 2512 2520 84020 14657
275 84 2511 2520 84737 14779
276 84 2511 2520 85426 14896
277 84 2511 2520 86109 14980
278 84 2511 2520 86739 15056
279 84 2511 2520 87363 15107
280 84 2511 2520 87989 15183
281 85 2511 2520 88630 15303
282 87 2511 2520 89271 15370
283 87 2511 2520 89872 15469
284 89 2511 2520 90509 15592
285 91 2511 2520 91138 15702
286 91 2511 2520 91862 15837
287 91 2511 2520 92580 15962
288 91 2511 2520 93285 16082
289 91 2511 2520 93974 16155
290 93 2511 2520 94684 16277
291 93 2511 2520 95390 16384
292 94 2511 2520 96038 16511
293 94 2511 2520 96719 16584
294 94 2511 2520 97374 16647
295 95 2511 2520 98080 16761
296 95 2511 2520 98777 16914
297 95 2511 2520 99469 16999
298 96 2511 2520 100133 17116
299 96 2511 2520 100760 17257
300 96 2511 2520 101369 17335
301 97 2511 2520 101924 17419
302 97 2511 2520 102522 17498
303 98 2511 2520 103101 17573
304 98 2511 2520 103657 17641
305 99 2511 2520 104251 17678
306 100 2511 2520 104767 17765
307 102 2511 2520 105327 17851
308 102 2511 2520 105968 17925
309 103 2511 2520 106709 18029
310 104 2510 2520 107373 18117
311 105 2510 2520 108181 18263
312 105 2510 2520 108931 18349
313 106 2510 2520 109642 18427
314 106 2510 2520 110364 18528
315 106 2510 2520 111076 18640
316 106 2510 2520 111829 18743
317 106 2510 2520 112528 18864
318 106 2510 2520 113157 18923
319 107 2510 2520 113736 18979
320 107 2510 2520 114339 19038
321 107 2510 2520 115017 19141
322 109 2510 2520 115666 19245
323 109 2510 2520 116271 19300
324 109 2510 2520 116922 19382
325 109 2510 2520 117494 19457
326 110 2510 2520 118017 19531
327 110 2510 2520 118586 19592
328 112 2510 2520 119146 19667
329 114 2510 2520 119697 19761
330 114 2510 2520 120329 19859
331 116 2510 2520 121004 19998
332 118 2510 2520 121709 20106
333 119 2510 2520 122399 20220
334 119 2510 2520 123157 20327
335 120 2510 2520 123940 20415
336 123 2510 2520 124734 20526
337 123 2510 2520 125523 20647
338 125 2510 2520 126445 20751
339 125 2510 2520 127306 20887
340 126 2510 2520 128124 21018
341 126 2510 2520 129001 21153
342 126 2510 2520 129806 21297
343 126 2510 2520 130603 21394
344 127 2509 2520 131362 21485
345 128 2509 2520 132162 21591
346 128 2509 2520 132890 21719
347 129 2509 2520 133682 21827
348 130 2509 2520 134470 21924
349 130 2509 2520 135236 22050
350 130 2509 2520 136068 22150
351 130 2509 2520 136802 22269
352 130 2509 2520 137531 22364
353 130 2509 2520 138289 22500
354 130 2509 2520 138967 22621
355 131 2509 2520 139588 22684
356 133 2509 2520 140137 22776
357 133 2509 2520 140772 22876
358 134 2509 2520 141467 22972
359 136 2509 2520 142132 23099
360 137 2509 2520 142797 23181
361 137 2509 2520 143550 23344
362 138 2509 2520 144379 23424
363 138 2509 2520 145144 23588
364 142 2509 2520 145925 23685
365 143 2509 2520 146821 23857
366 145 2509 2520 147598 23982
367 145 2509 2520 148499 24132
368 145 2509 2520 149386 24292
369 147 2509 2520 150320 24428
370 147 2509 2520 151278 24546
371 147 2509 2520 152164 24684
372 148 2508 2520 152977 24822
373 148 2508 2520 153782 24957
374 149 2508 2520 154621 25068
375 149 2508 2520 155430 25173
376 149 2508 2520 156303 25314
377 149 2508 2520 157099 25413
378 149 2508 2520 157888 25523
379 149 2508 2520 158652 25671
380 149 2508 2520 159426 25803
381 149 2508 2520 160064 25906
382 150 2508 2520 160750 25996
383 151 2508 2520 161351 26090
384 152 2508 2520 161985 26157
385 154 2508 2520 162725 26292
386 155 2508 2520 163504 26382
387 156 2508 2520 164331 26516
388 158 2508 2520 165170 26658
389 159 2508 2520 165982 26801
390 159 2508 2520 166905 26964
391 159 2508 2520 167853 27154
392 159 2508 2520 168728 27299
393 159 2508 2520 169636 27395
394 160 2508 2520 170520 27577
395 161 2508 2520 171366 27673
396 162 2508 2520 172224 27799
397 162 2508 2520 173140 27939
398 162 2508 2520 173975 28061
399 164 2508 2520 174799 28226
400 164 2508 2520 175575 28332
401 165 2508 2520 176362 28415
402 165 2508 2520 177151 28509
403 165 2508 2520 177966 28649
404 167 2508 2520 178774 28733
405 167 2508 2520 179534 28852
406 168 2508 2520 180317 28929
407 169 2508 2520 181087 29052
408 172 2508 2520 181860 29184
409 176 2507 2520 182648 29285
410 176 2507 2520 183593 29398
411 177 2507 2520 184617 29610
412 177 2507 2520 185693 29817
413 178 2507 2520 186818 29971
414 178 2507 2520 187922 30170
415 178 2507 2520 189021 30311
416 179 2507 2520 190093 30419
417 180 2507 2520 191185 30566
418 180 2507 2520 192255 30716
419 182 2507 2520 193329 30838
420 182 2507 2520 194318 30964
421 183 2507 2520 195308 31047
422 183 2507 2520 196315 31186
423 185 2507 2520 197231 31324
424 185 2507 2520 198154 31459
425 188 2507 2520 199088 31579
426 189 2507 2520 199999 31680
427 192 2507 2520 200935 31806
428 192 2507 2520 201980 31924
429 193 2507 2520 202958 32054
430 195 2507 2520 203947 32132
431 197 2507 2520 204977 32234
432 197 2507 2520 206064 32382
433 199 2506 2520 207132 32556
434 201 2506 2520 208263 32637
435 204 2506 2520 209427 32775
436 206 2506 2520 210602 32964
437 206 2506 2520 211938 33118
438 208 2506 2520 213285 33265
439 208 2506 2520 214616 33471
440 208 2506 2520 215981 33659
441 208 2506 2520 217299 33791
442 209 2506 2520 218641 33990
443 209 2506 2520 219953 34149
444 209 2506 2520 221249 34298
445 210 2506 2520 222446 34448
446 210 2506 2520 223584 34646
447 210 2506 2520 224806 34764
448 210 2505 2520 225813 34898
449 210 2505 2520 226814 35000
450 212 2505 2520 227838 35126
451 214 2505 2520 228863 35264
452 214 2505 2520 229972 35409
453 216 2505 2520 230991 35501
454 218 2505 2520 232137 35611
455 221 2505 2520 233192 35801
456 221 2505 2520 234275 35967
457 224 2505 2520 235473 36146
458 226 2505 2520 236752 36325
459 227 2505 2520 238018 36500
460 228 2505 2520 239344 36716
461 229 2505 2520 240626 36878
462 230 2505 2520 241960 37039
463 230 2505 2520 243234 37176
464 230 2505 2520 244483 37319
465 230 2505 2520 245757 37455
466 230 2505 2520 246909 37609
467 231 2505 2520 248025 37718
468 232 2505 2520 249159 37822
469 237 2505 2520 250375 38003
470 237 2505 2520 251613 38130
471 237 2505 2520 252804 38246
472 238 2505 2520 254001 38395
473 239 2505 2520 255242 38567
474 240 2505 2520 256407 38705
475 240 2505 2520 257520 38829
476 241 2505 2520 258605 38944
477 243 2505 2520 259776 39093
478 244 2504 2520 260934 39183
479 245 2504 2520 262049 39337
480 245 2504 2520 263260 39436
481 246 2504 2520 264447 39648
482 247 2504 2520 265651 39794
483 248 2504 2520 266736 39988
484 249 2504 2520 267923 40072
485 250 2504 2520 269114 40253
486 253 2504 2520 270329 40429
487 255 2504 2520 271566 40618
488 256 2504 2520 272821 40799
489 256 2504 2520 274090 40948
490 257 2504 2520 275304 41099
491 260 2504 2520 276580 41314
492 264 2504 2520 277814 41408
493 267 2503 2520 279028 41557
494 268 2503 2520 280326 41731
495 268 2503 2520 281686 41938
496 268 2503 2520 282986 42112
497 270 2503 2520 284293 42237
498 272 2503 2520 285580 42373
499 273 2503 2520 286856 42562
500 273 2503 2520 288136 42696
501 276 2503 2520 289392 42891
502 278 2503 2520 290801 42971
503 279 2503 2520 292215 43162
504 280 2503 2520 293573 43330
505 285 2503 2520 295029 43469
506 285 2503 2520 296515 43626
507 285 2503 2520 297948 43803
508 288 2503 2520 299380 43997
509 288 2503 2520 300840 44163
510 289 2503 2520 302262 44328
511 293 2503 2520 303595 44480
512 293 2503 2520 305067 44620
513 294 2503 2520 306478 44803
514 294 2503 2520 307867 44957
515 295 2503 2520 309372 45153
516 295 2503 2520 310756 45277
517 296 2503 2520 312199 45408
518 296 2503 2520 313541 45535
519 297 2503 2520 314832 45676
520 298 2503 2520 316125 45772
521 299 2503 2520 317407 45893
522 301 2503 2520 318630 46011
523 301 2503 2520 319920 46159
524 303 2503 2520 321188 46301
525 305 2503 2520 322500 46413
526 306 2503 2520 323719 46556
527 307 2503 2520 325020 46717
528 309 2503 2520 326297 46807
529 309 2502 2520 327609 46982
530 310 2502 2520 328924 47105
531 310 2501 2520 330195 47244
532 311 2501 2520 331508 47376
533 311 2501 2520 332760 47529
534 311 2501 2520 333901 47641
535 313 2501 2520 334992 47817
536 313 2500 2520 336155 47933
537 316 2500 2520 337309 48085
538 319 2500 2520 338544 48218
539 322 2500 2520 339734 48339
540 323 2500 2520 340994 48496
541 325 2500 2520 342239 48622
542 326 2500 2520 343612 48819
543 327 2500 2520 345003 48915
544 330 2500 2520 346375 49051
545 331 2500 2520 347829 49170
546 333 2500 2520 349232 49353
547 333 2500 2520 350707 49511
548 334 2500 2520 352201 49635
549 335 2500 2520 353757 49869
550 335 2500 2520 355141 50042
551 336 2500 2520 356558 50169
552 336 2500 2520 357969 50383
553 337 2500 2520 359339 50584
554 340 2500 2520 360651 50761
555 341 2500 2520 361948 50948
556 342 2500 2520 363296 51099
557 342 2500 2520 364677 51270
558 342 2500 2520 365962 51470
559 344 2500 2520 367312 51626
560 346 2500 2520 368509 51680
561 348 2500 2520 369770 51853
562 351 2500 2520 371019 52019
563 353 2500 2520 372419 52200
564 354 2500 2520 373724 52381
565 355 2500 2520 375120 52521
566 356 2500 2520 376512 52700
567 359 2499 2520 377950 52909
568 361 2499 2520 379467 53074
569 361 2499 2520 380956 53251
570 362 2499 2520 382408 53430
571 362 2499 2520 383784 53540
572 362 2499 2520 385212 53670
573 362 2499 2520 386616 53845
574 364 2499 2520 388118 54021
575 368 2499 2520 389498 54189
576 369 2499 2520 390881 54393
577 370 2499 2520 392328 54521
578 371 2499 2520 393720 54650
579 374 2499 2520 395231 54848
580 374 2499 2520 396645 54952
581 375 2499 2520 398027 55024
582 375 2499 2520 399476 55148
583 378 2499 2520 400879 55259
584 380 2499 2520 402253 55421
585 382 2499 2520 403699 55561
586 382 2499 2520 405192 55699
587 383 2499 2520 406647 55886
588 385 2499 2520 408172 56106
589 385 2499 2520 409657 56240
590 388 2499 2520 411124 56418
591 388 2499 2520 412698 56614
592 388 2498 2520 414157 56748
593 391 2498 2520 415623 56879
594 392 2498 2520 417155 57054
595 393 2498 2520 418708 57216
596 394 2498 2520 420337 57395
597 395 2498 2520 421965 57513
598 397 2498 2520 423463 57641
599 399 2498 2520 425017 57773
600 399 2498 2520 426434 57964
601 399 2498 2520 427846 58104
602 399 2498 2520 429383 58269
603 401 2497 2520 430700 58392
604 401 2497 2520 432148 58562
605 403 2497 2520 433519 58685
606 403 2497 2520 434833 58823
607 405 2497 2520 436147 58940
608 409 2497 2520 437469 59054
609 410 2497 2520 438840 59181
610 412 2497 2520 440256 59317
611 414 2497 2520 441650 59493
612 415 2497 2520 443073 59642
613 418 2497 2520 444553 59804
614 419 2497 2520 446024 59914
615 422 2497 2520 447685 60056
616 427 2497 2520 449279 60196
617 429 2497 2520 450981 60345
618 429 2497 2520 452712 60548
619 430 2497 2520 454445 60840
620 434 2497 2520 456226 61005
621 434 2497 2520 457968 61252
622 435 2497 2520 459877 61434
623 437 2496 2520 461757 61575
624 439 2496 2520 463592 61755
625 440 2496 2520 465487 61934
626 441 2496 2520 467346 62113
627 441 2496 2520 469208 62286
628 443 2496 2520 471114 62486
629 443 2496 2520 472843 62666
630 443 2496 2520 474524 62820
631 444 2496 2520 476090 62945
632 446 2496 2520 477771 63142
633 446 2495 2520 479358 63246
634 448 2495 2520 480916 63418
635 448 2495 2520 482429 63584
636 450 2495 2520 484025 63722
637 452 2495 2520 485517 63917
638 455 2495 2520 487014 64039
639 455 2495 2520 488581 64172
640 456 2495 2520 490120 64384
641 458 2495 2520 491719 64539
642 460 2495 2520 493279 64651
643 460 2495 2520 494857 64863
644 463 2495 2520 496437 65041
645 464 2495 2520 498023 65232
646 467 2495 2520 499547 65435
647 469 2495 2520 501159 65690
648 469 2495 2520 502855 65805
649 472 2495 2520 504543 65937
650 474 2495 2520 506220 66136
651 477 2495 2520 507905 66306
652 477 2495 2520 509693 66461
653 477 2495 2520 511331 66652
654 478 2495 2520 513075 66800
655 479 2495 2520 514784 66999
656 483 2495 2520 516487 67190
657 484 2495 2520 518270 67371
658 487 2495 2520 519959 67539
659 489 2495 2520 521648 67754
660 493 2495 2520 523383 67909
661 494 2495 2520 525158 68067
662 497 2495 2520 527018 68280
663 498 2494 2520 528862 68369
664 500 2494 2520 530703 68563
665 501 2494 2520 532497 68803
666 502 2494 2520 534213 68994
667 506 2493 2520 535988 69157
668 507 2493 2520 537787 69340
669 510 2493 2520 539643 69510
670 512 2493 2520 541583 69764
671 513 2493 2520 543442 69970
672 515 2493 2520 545305 70145
673 515 2492 2520 547204 70323
674 516 2492 2520 549003 70532
675 519 2492 2520 550853 70705
676 521 2492 2520 552712 70902
677 522 2492 2520 554584 71094
678 524 2492 2520 556405 71311
679 525 2492 2520 558224 71481
680 526 2492 2520 560074 71762
681 527 2492 2520 561975 71959
682 527 2491 2520 563825 72070
683 528 2491 2520 565632 72220
684 529 2491 2520 567394 72399
685 531 2490 2520 569164 72564
686 532 2490 2520 570928 72734
687 533 2490 2520 572705 72890
688 534 2490 2520 574458 73118
689 537 2490 2520 576184 73328
690 539 2490 2520 577895 73563
691 542 2490 2520 579657 73778
692 543 2490 2520 581463 73962
693 543 2490 2520 583334 74174
694 543 2490 2520 585102 74342
695 544 2490 2520 586776 74498
696 550 2490 2520 588455 74623
697 551 2490 2520 590191 74741
698 554 2490 2520 591941 74943
699 556 2490 2520 593707 75078
700 557 2490 2520 595355 75290
701 558 2490 2520 597073 75524
702 559 2490 2520 598937 75702
703 561 2488 2520 600546 75786
704 563 2488 2520 602302 76025
705 566 2488 2520 603978 76238
706 569 2487 2520 605791 76398
707 573 2487 2520 607495 76541
708 575 2487 2520 609276 76685
709 577 2486 2520 611193 76873
710 581 2486 2520 613143 77038
711 581 2486 2520 615028 77185
712 583 2486 2520 617121 77383
713 583 2486 2520 619139 77668
714 585 2486 2520 621098 77791
715 591 2486 2520 622960 77977
716 592 2486 2520 625056 78097
717 592 2486 2520 627122 78283
718 593 2486 2520 629141 78460
719 596 2486 2520 631295 78688
720 597 2486 2520 633363 78930
721 597 2486 2520 635446 79117
722 601 2486 2520 637537 79356
723 601 2486 2520 639538 79527
724 602 2486 2520 641582 79704
725 603 2486 2520 643479 79926
726 603 2486 2520 645404 80117
727 604 2486 2520 647292 80317
728 606 2486 2520 649255 80442
729 609 2486 2520 651107 80607
730 609 2486 2520 653104 80832
731 612 2486 2520 655035 80995
732 614 2486 2520 656870 81233
733 615 2486 2520 658761 81416
734 618 2486 2520 660807 81628
735 621 2486 2520 662719 81748
736 622 2486 2520 664773 81947
737 624 2486 2520 666660 82128
738 624 2486 2520 668562 82369
739 627 2486 2520 670559 82516
740 628 2486 2520 672526 82701
741 629 2486 2520 674311 82823
742 633 2486 2520 676154 82974
743 636 2486 2520 678070 83187
744 636 2486 2520 679954 83340
745 639 2486 2520 681837 83494
746 642 2486 2520 683789 83653
747 642 2486 2520 685755 83830
748 643 2486 2520 687586 83987
749 644 2486 2520 689530 84168
750 645 2486 2520 691361 84304
751 647 2486 2520 693207 84470
752 647 2484 2520 695059 84704
753 651 2484 2520 696910 84858
754 655 2484 2520 698749 84963
755 656 2484 2520 700695 85205
756 659 2484 2520 702681 85321
757 662 2484 2520 704679 85484
758 662 2484 2520 706892 85652
759 666 2484 2520 708911 85884
760 669 2484 2520 711025 86091
761 671 2484 2520 713213 86284
762 673 2483 2520 715373 86477
763 673 2483 2520 717570 86675
764 674 2483 2520 719634 86794
765 676 2483 2520 721731 87010
766 677 2483 2520 723853 87105
767 679 2483 2520 725904 87276
768 679 2483 2520 728084 87409
769 680 2483 2520 730102 87552
770 681 2483 2520 732225 87694
771 682 2483 2520 734253 87893
772 684 2483 2520 736258 88078
773 684 2483 2520 738147 88191
774 687 2483 2520 740067 88361
775 690 2483 2520 742031 88542
776 691 2483 2520 743932 88803
777 692 2483 2520 745754 88913
778 692 2483 2520 747632 89014
779 695 2482 2520 749441 89182
780 699 2482 2520 751293 89389
781 702 2482 2520 753152 89543
782 705 2482 2520 755148 89739
783 709 2482 2520 757175 89973
784 710 2482 2520 759359 90226
785 712 2482 2520 761597 90413
786 715 2482 2520 763699 90731
787 716 2482 2520 765921 90977
788 718 2482 2520 768138 91282
789 720 2482 2520 770366 91480
790 721 2482 2520 772689 91708
791 721 2482 2520 774787 91904
792 726 2482 2520 776953 92144
793 728 2481 2520 779095 92223
794 730 2481 2520 781208 92463
795 733 2481 2520 783282 92646
796 733 2481 2520 785342 92792
797 734 2481 2520 787467 92976
798 734 2481 2520 789538 93121
799 736 2480 2520 791753 93296
800 739 2480 2520 793917 93479
801 740 2480 2520 796068 93659
802 741 2480 2520 798150 93867
803 742 2480 2520 800185 93997
804 745 2480 2520 802193 94132
805 748 2480 2520 804259 94321
806 754 2480 2520 806332 94559
807 755 2480 2520 808440 94748
808 756 2480 2520 810757 95044
809 756 2480 2520 812895 95229
810 760 2480 2520 815013 95539
811 761 2480 2520 817239 95785
812 765 2480 2520 819476 96045
813 766 2480 2520 821639 96287
814 767 2480 2520 823734 96490
815 767 2480 2520 825980 96762
816 769 2480 2520 828173 96939
817 769 2480 2520 830202 97110
818 770 2480 2520 832313 97283
819 773 2480 2520 834343 97489
820 776 2480 2520 836263 97703
821 776 2480 2520 838349 97866
822 777 2480 2520 840371 98043
823 779 2480 2520 842273 98211
824 782 2480 2520 844232 98340
825 785 2480 2520 846156 98561
826 788 2479 2520 848234 98723
827 788 2479 2520 850267 98929
828 791 2479 2520 852533 99121
829 796 2478 2520 854800 99312
830 799 2478 2520 856988 99511
831 800 2478 2520 859185 99760
832 804 2478 2520 861395 99967
833 808 2478 2520 863864 100137
834 808 2478 2520 866308 100325
835 809 2478 2520 868636 100527
836 811 2478 2520 870909 100737
837 815 2478 2520 873265 100968
838 819 2478 2520 875561 101157
839 821 2477 2520 878051 101364
840 824 2477 2520 880462 101573
841 825 2477 2520 882927 101693
842 827 2477 2520 885268 101936
843 830 2477 2520 887607 102140
844 831 2477 2520 890079 102275
845 834 2477 2520 892478 102536
846 835 2477 2520 894814 102732
847 835 2477 2520 897131 102943
848 837 2477 2520 899426 103097
849 840 2477 2520 901768 103298
850 842 2477 2520 904068 103549
851 843 2477 2520 906278 103711
852 845 2477 2520 908518 103852
853 847 2477 2520 910783 104029
854 848 2477 2520 913040 104275
855 849 2477 2520 915370 104455
856 852 2477 2520 917633 104616
857 857 2477 2520 919858 104778
858 859 2477 2520 922113 104878
859 862 2477 2520 924424 105144
860 864 2477 2520 926785 105333
861 869 2477 2520 929086 105580
862 871 2477 2520 931595 105785
863 873 2477 2520 933995 106027
864 877 2477 2520 936492 106223
865 878 2477 2520 939129 106453
866 881 2477 2520 941838 106732
867 884 2477 2520 944461 106921
868 885 2477 2520 946952 107141
869 890 2477 2520 949585 107309
870 891 2477 2520 952240 107550
871 895 2477 2520 954890 107761
872 898 2477 2520 957439 107980
873 901 2477 2520 960072 108256
874 905 2477 2520 962668 108492
875 907 2477 2520 965366 108583
876 910 2477 2520 967899 108770
877 912 2477 2520 970556 109056
878 912 2477 2520 973220 109226
879 915 2477 2520 975775 109375
880 915 2477 2520 978338 109535
881 917 2477 2520 980861 109759
882 920 2477 2520 983228 109942
883 922 2476 2520 985711 110061
884 923 2476 2520 988134 110293
885 924 2476 2520 990589 110525
886 925 2476 2520 993025 110642
887 929 2476 2520 995383 110831
888 933 2476 2520 997838 111099
889 933 2476 2520 1000372 111277
890 936 2476 2520 1002955 111483
891 940 2476 2520 1005411 111661
892 944 2476 2520 1007829 111817
893 945 2476 2520 1010372 112039
894 948 2476 2520 1012883 112260
895 949 2476 2520 1015285 112427
896 950 2476 2520 1017759 112612
897 952 2476 2520 1020221 112803
898 956 2476 2520 1022612 112966
899 959 2476 2520 1025077 113150
900 961 2476 2520 1027629 113385
901 962 2476 2520 1030197 113578
902 964 2476 2520 1032697 113792
903 966 2476 2520 1035229 114021
904 970 2476 2520 1037929 114182
905 973 2476 2520 1040368 114361
906 974 2476 2520 1042818 114578
907 976 2476 2520 1045281 114806
908 979 2476 2520 1047707 114995
909 983 2476 2520 1050229 115152
910 984 2476 2520 1052717 115359
911 987 2476 2520 1055383 115633
912 989 2476 2520 1057932 115813
913 992 2476 2520 1060526 116069
914 992 2476 2520 1063126 116282
915 994 2476 2520 1065652 116479
916 996 2476 2520 1068127 116689
917 997 2476 2520 1070671 116913
918 999 2476 2520 1073156 117153
919 1000 2476 2520 1075705 117346
920 1002 2476 2520 1078185 117522
921 1002 2476 2520 1080718 117735
922 1007 2476 2520 1083216 117976
923 1008 2476 2520 1085488 118170
924 1009 2476 2520 1087846 118422
925 1011 2476 2520 1090223 118605
926 1014 2476 2520 1092602 118723
927 1016 2476 2520 1094859 118885
928 1024 2476 2520 1097319 119001
929 1025 2476 2520 1099736 119176
930 1029 2476 2520 1102250 119373
931 1030 2476 2520 1105014 119587
932 1033 2476 2520 1107698 119788
933 1036 2476 2520 1110363 119973
934 1036 2476 2520 1113082 120213
935 1038 2476 2520 1115677 120341
936 1042 2476 2520 1118344 120446
937 1042 2476 2520 1120913 120661
938 1043 2476 2520 1123430 120904
939 1045 2476 2520 1125973 121129
940 1048 2476 2520 1128446 121263
941 1049 2476 2520 1130919 121397
942 1053 2476 2520 1133388 121500
943 1056 2476 2520 1135793 121675
944 1057 2476 2520 1138258 121863
945 1061 2476 2520 1140770 122008
946 1063 2476 2520 1143283 122206
947 1065 2476 2520 1145714 122298
948 1066 2476 2520 1148053 122455
949 1070 2475 2520 1150548 122684
950 1073 2475 2520 1152960 122898
951 1077 2475 2520 1155394 123014
952 1080 2475 2520 1157896 123189
953 1083 2475 2520 1160389 123412
954 1088 2475 2520 1162926 123576
955 1092 2475 2520 1165600 123762
956 1092 2475 2520 1168344 123996
957 1097 2475 2520 1171038 124156
958 1097 2475 2520 1173799 124354
959 1098 2475 2520 1176482 124543
960 1100 2475 2520 1179201 124778
961 1102 2475 2520 1181778 125039
962 1104 2475 2520 1184365 125259
963 1106 2475 2520 1186993 125465
964 1109 2475 2520 1189697 125647
965 1111 2475 2520 1192292 125736
966 1113 2475 2520 1194846 125812
967 1114 2474 2520 1197454 126004
968 1115 2474 2520 1200075 126114
969 1115 2474 2520 1202669 126200
970 1119 2474 2520 1205118 126340
971 1122 2474 2520 1207535 126561
972 1126 2474 2520 1210037 126751
973 1128 2474 2520 1212483 126986
974 1128 2474 2520 1215014 127228
975 1131 2474 2520 1217328 127426
976 1135 2474 2520 1219867 127576
977 1138 2474 2520 1222217 127772
978 1140 2474 2520 1224560 128038
979 1141 2474 2520 1227121 128216
980 1145 2474 2520 1229677 128370
981 1147 2474 2520 1232142 128548
982 1147 2474 2520 1234571 128779
983 1150 2474 2520 1237166 128977
984 1153 2474 2520 1239676 129178
985 1154 2474 2520 1242316 129410
986 1156 2474 2520 1244795 129625
987 1159 2474 2520 1247338 129806
988 1161 2474 2520 1249751 129987
989 1164 2474 2520 1252224 130074
990 1165 2474 2520 1254861 130311
991 1167 2474 2520 1257267 130457
992 1169 2474 2520 1259779 130730
993 1173 2474 2520 1262232 130936
994 1178 2474 2520 1264723 131099
995 1181 2474 2520 1267149 131277
996 1182 2474 2520 1269642 131495
997 1191 2474 2520 1272210 131650
998 1194 2474 2520 1274801 131797
999 1195 2474 2520 1277513 131933
1000 1198 2474 2520 1280292 132133
