0 1 2519 2520 792 498
1 1 2519 2520 817 515
2 1 2519 2520 856 536
3 1 2519 2520 890 560
4 1 2519 2520 925 578
5 1 2519 2520 967 601
6 1 2519 2520 1004 614
7 1 2519 2520 1043 637
8 1 2519 2520 1083 656
9 1 2519 2520 1122 670
10 1 2519 2520 1152 677
11 1 2519 2520 1171 682
12 1 2519 2520 1204 695
13 1 2519 2520 1225 701
14 1 2519 2520 1249 709
15 1 2519 2520 1257 708
16 1 2519 2520 1271 712
17 1 2519 2520 1280 716
18 1 2519 2520 1294 718
19 1 2519 2520 1315 726
20 1 2519 2520 1329 732
21 1 2519 2520 1335 734
22 1 2519 2520 1338 733
23 1 2519 2520 1351 736
24 1 2519 2520 1350 736
25 1 2519 2520 1356 740
26 1 2519 2520 1357 739
27 2 2519 2520 1374 740
28 2 2519 2520 1401 754
29 2 2519 2520 1485 797
30 2 2519 2520 1572 836
31 2 2519 2520 1651 861
32 2 2519 2520 1738 890
33 2 2519 2520 1817 918
34 2 2519 2520 1906 941
35 2 2519 2520 1969 957
36 2 2519 2520 2042 983
37 2 2519 2520 2130 1000
38 2 2519 2520 2179 1008
39 2 2519 2520 2241 1019
40 2 2519 2520 2280 1034
41 2 2519 2520 2338 1051
42 2 2519 2520 2377 1062
43 2 2519 2520 2428 1075
44 2 2519 2520 2461 1075
45 2 2519 2520 2500 1081
46 2 2519 2520 2530 1090
47 2 2519 2520 2558 1095
48 2 2519 2520 2585 1102
49 2 2519 2520 2606 1106
50 2 2519 2520 2637 1120
51 2 2519 2520 2635 1118
52 2 2519 2520 2644 1119
53 2 2519 2520 2660 1124
54 2 2519 2520 2685 1137
55 2 2519 2520 2698 1143
56 2 2519 2520 2716 1151
57 2 2519 2520 2725 1160
58 3 2519 2520 2732 1165
59 3 2519 2520 2751 1169
60 3 2519 2520 2813 1201
61 4 2519 2520 2868 1216
62 4 2519 2520 2928 1231
63 4 2519 2520 3048 1276
64 4 2519 2520 3178 1320
65 4 2519 2520 3322 1354
66 4 2519 2520 3474 1409
67 4 2519 2520 3620 1452
68 4 2519 2520 3748 1484
69 4 2519 2520 3871 1504
70 4 2519 2520 3988 1545
71 4 2519 2520 4104 1567
72 4 2519 2520 4209 1596
73 4 2519 2520 4298 1613
74 4 2519 2520 4389 1636
75 4 2519 2520 4462 1666
76 4 2519 2520 4540 1689
77 4 2519 2520 4624 1698
78 4 2519 2520 4695 1716
79 4 2519 2520 4749 1736
80 4 2519 2520 4813 1754
81 4 2519 2520 4849 1763
82 4 2519 2520 4905 1780
83 4 2519 2520 4961 1809
84 4 2519 2520 5003 1814
85 4 2519 2520 5051 1822
86 4 2519 2520 5080 1828
87 4 2519 2520 5112 1836
88 5 2519 2520 5151 1853
89 5 2519 2520 5211 1859
90 6 2519 2520 5292 1881
91 7 2519 2520 5387 1920
92 7 2519 2520 5542 1962
93 8 2519 2520 5702 1989
94 8 2519 2520 5924 2064
95 8 2519 2520 6156 2118
96 8 2519 2520 6410 2186
97 8 2519 2520 6651 2237
98 8 2519 2520 6856 2276
99 8 2519 2520 7060 2313
100 8 2519 2520 7273 2358
101 8 2518 2520 7476 2418
102 8 2518 2520 7675 2451
103 8 2518 2520 7878 2481
104 8 2518 2520 8050 2502
105 8 2518 2520 8219 2530
106 8 2517 2520 8384 2555
107 8 2517 2520 8546 2571
108 8 2517 2520 8698 2603
109 8 2517 2520 8842 2597
110 8 2517 2520 8965 2622
111 8 2517 2520 9078 2632
112 8 2517 2520 9187 2638
113 8 2517 2520 9300 2665
114 8 2517 2520 9420 2680
115 8 2517 2520 9505 2694
116 8 2517 2520 9589 2706
117 9 2517 2520 9654 2705
118 9 2517 2520 9744 2736
119 9 2517 2520 9869 2766
120 9 2517 2520 9965 2795
121 9 2517 2520 10073 2840
122 9 2517 2520 10174 2857
123 10 2517 2520 10279 2872
124 11 2517 2520 10396 2894
125 12 2517 2520 10547 2943
126 12 2517 2520 10714 2990
127 14 2517 2520 10897 3041
128 15 2517 2520 11127 3110
129 15 2517 2520 11408 3161
130 15 2517 2520 11711 3213
131 15 2517 2520 12017 3269
132 15 2517 2520 12338 3363
133 15 2517 2520 12675 3428
134 15 2517 2520 12995 3490
135 15 2517 2520 13305 3540
136 15 2517 2520 13588 3600
137 15 2517 2520 13892 3662
138 15 2517 2520 14147 3708
139 15 2517 2520 14383 3756
140 15 2517 2520 14588 3797
141 15 2517 2520 14807 3860
142 15 2517 2520 15012 3901
143 15 2517 2520 15224 3932
144 15 2517 2520 15424 3974
145 15 2517 2520 15593 4006
146 16 2517 2520 15767 4030
147 16 2517 2520 15921 4066
148 16 2517 2520 16101 4085
149 16 2517 2520 16278 4128
150 16 2517 2520 16412 4159
151 16 2517 2520 16582 4196
152 16 2517 2520 16721 4229
153 16 2517 2520 16842 4271
154 16 2517 2520 16956 4278
155 16 2517 2520 17093 4314
156 17 2517 2520 17217 4348
157 17 2517 2520 17354 4384
158 17 2517 2520 17556 4425
159 17 2517 2520 17721 4463
160 18 2517 2520 17889 4516
161 19 2517 2520 18089 4574
162 21 2517 2520 18285 4620
163 22 2517 2520 18524 4688
164 22 2517 2520 18840 4756
165 22 2517 2520 19174 4823
166 22 2517 2520 19505 4880
167 22 2517 2520 19848 4956
168 22 2517 2520 20179 5007
169 22 2516 2520 20510 5071
170 23 2516 2520 20853 5123
171 23 2515 2520 21190 5163
172 23 2515 2520 21531 5210
173 23 2515 2520 21863 5234
174 23 2515 2520 22149 5213
175 23 2515 2520 22455 5239
176 23 2515 2520 22744 5230
177 23 2515 2520 23013 5246
178 23 2515 2520 23242 5259
179 23 2515 2520 23451 5284
180 23 2515 2520 23684 5324
181 23 2515 2520 23856 5364
182 23 2515 2520 24036 5391
183 24 2515 2520 24201 5405
184 24 2515 2520 24344 5443
185 24 2515 2520 24531 5481
186 24 2515 2520 24709 5506
187 24 2515 2520 24878 5515
188 24 2515 2520 25048 5546
189 24 2515 2520 25188 5585
190 24 2515 2520 25319 5606
191 24 2515 2520 25440 5639
192 24 2515 2520 25581 5691
193 25 2515 2520 25712 5716
194 26 2515 2520 25868 5752
195 27 2515 2520 26039 5790
196 27 2515 2520 26236 5834
197 27 2515 2520 26445 5882
198 28 2515 2520 26676 5923
199 28 2515 2520 26936 5975
200 29 2514 2520 27194 6026
201 29 2514 2520 27444 6036
202 29 2514 2520 27656 6068
203 29 2514 2520 27908 6097
204 29 2514 2520 28200 6143
205 29 2514 2520 28500 6168
206 29 2514 2520 28741 6209
207 29 2514 2520 28977 6246
208 29 2514 2520 29180 6269
209 29 2514 2520 29403 6282
210 29 2514 2520 29638 6311
211 29 2514 2520 29871 6357
212 29 2514 2520 30094 6397
213 30 2514 2520 30289 6433
214 30 2514 2520 30470 6468
215 30 2514 2520 30724 6496
216 30 2514 2520 30915 6530
217 30 2514 2520 31096 6559
218 30 2514 2520 31289 6592
219 30 2514 2520 31485 6635
220 30 2514 2520 31707 6664
221 30 2514 2520 31871 6701
222 30 2514 2520 32015 6742
223 31 2514 2520 32200 6771
224 31 2514 2520 32355 6813
225 31 2514 2520 32566 6865
226 31 2514 2520 32757 6928
227 31 2513 2520 32934 6967
228 32 2513 2520 33103 6996
229 33 2513 2520 33258 7013
230 34 2513 2520 33471 7061
231 35 2513 2520 33720 7119
232 35 2513 2520 34005 7171
233 36 2513 2520 34317 7249
234 36 2513 2520 34635 7290
235 36 2513 2520 34963 7336
236 36 2513 2520 35282 7399
237 37 2513 2520 35637 7467
238 37 2513 2520 35960 7495
239 37 2513 2520 36289 7527
240 37 2513 2520 36618 7585
241 38 2513 2520 36883 7623
242 38 2513 2520 37175 7658
243 38 2513 2520 37434 7723
244 38 2513 2520 37698 7755
245 38 2513 2520 37915 7786
246 38 2513 2520 38142 7813
247 38 2513 2520 38385 7841
248 38 2513 2520 38599 7872
249 38 2513 2520 38821 7912
250 38 2513 2520 39026 7951
251 39 2513 2520 39203 7980
252 39 2513 2520 39405 8017
253 39 2513 2520 39575 8043
254 39 2513 2520 39760 8082
255 39 2513 2520 39933 8113
256 39 2513 2520 40149 8166
257 39 2513 2520 40349 8192
258 39 2513 2520 40526 8228
259 41 2513 2520 40676 8255
260 41 2513 2520 40908 8275
261 41 2513 2520 41173 8337
262 41 2513 2520 41386 8372
263 42 2513 2520 41604 8417
264 42 2513 2520 41849 8454
265 43 2513 2520 42129 8513
266 44 2513 2520 42463 8569
267 44 2513 2520 42809 8645
268 44 2513 2520 43165 8730
269 44 2513 2520 43525 8792
270 44 2513 2520 43836 8842
271 44 2513 2520 44200 8909
272 44 2513 2520 44515 8997
273 45 2513 2520 44799 9039
274 45 2513 2520 45125 9107
275 47 2513 2520 45455 9170
276 47 2512 2520 45723 9225
277 47 2512 2520 46039 9282
278 47 2512 2520 46343 9306
279 47 2512 2520 46619 9347
280 47 2512 2520 46858 9391
281 47 2512 2520 47191 9441
282 48 2512 2520 47511 9481
283 48 2512 2520 47838 9548
284 48 2512 2520 48156 9587
285 48 2512 2520 48462 9616
286 48 2512 2520 48740 9669
287 48 2512 2520 49065 9709
288 48 2512 2520 49366 9755
289 48 2512 2520 49642 9790
290 48 2512 2520 49924 9826
291 48 2512 2520 50225 9858
292 49 2512 2520 50466 9907
293 50 2511 2520 50762 9959
294 52 2511 2520 51056 10034
295 52 2511 2520 51395 10074
296 52 2511 2520 51767 10159
297 52 2511 2520 52094 10222
298 52 2511 2520 52419 10263
299 53 2511 2520 52801 10309
300 55 2511 2520 53168 10378
301 55 2511 2520 53515 10437
302 55 2511 2520 53924 10507
303 55 2511 2520 54375 10607
304 55 2511 2520 54754 10676
305 55 2511 2520 55197 10767
306 55 2511 2520 55565 10829
307 55 2511 2520 55914 10895
308 55 2511 2520 56249 10960
309 55 2511 2520 56604 10995
310 55 2511 2520 56887 11058
311 55 2511 2520 57188 11106
312 55 2511 2520 57504 11118
313 55 2511 2520 57788 11164
314 55 2511 2520 58040 11207
315 56 2511 2520 58295 11239
316 56 2511 2520 58593 11296
317 56 2511 2520 58896 11342
318 56 2510 2520 59207 11385
319 56 2510 2520 59461 11417
320 56 2510 2520 59719 11464
321 56 2510 2520 59983 11504
322 56 2510 2520 60244 11520
323 56 2510 2520 60478 11573
324 56 2510 2520 60716 11614
325 56 2510 2520 60949 11653
326 57 2510 2520 61149 11698
327 60 2510 2520 61397 11752
328 60 2510 2520 61690 11769
329 61 2510 2520 62004 11827
330 61 2510 2520 62320 11865
331 61 2510 2520 62683 11905
332 62 2510 2520 63008 11979
333 63 2510 2520 63366 12028
334 63 2510 2520 63754 12081
335 63 2510 2520 64129 12139
336 64 2510 2520 64490 12219
337 64 2510 2520 64844 12290
338 64 2510 2520 65215 12351
339 64 2510 2520 65559 12418
340 64 2510 2520 65949 12497
341 64 2510 2520 66275 12523
342 64 2510 2520 66649 12589
343 64 2510 2520 66960 12641
344 64 2510 2520 67283 12699
345 65 2510 2520 67648 12759
346 65 2510 2520 67969 12809
347 65 2510 2520 68302 12857
348 65 2510 2520 68627 12901
349 65 2510 2520 68916 12963
350 65 2510 2520 69162 13024
351 65 2510 2520 69453 13106
352 65 2510 2520 69727 13144
353 65 2510 2520 70012 13181
354 65 2510 2520 70267 13229
355 65 2510 2520 70541 13275
356 65 2510 2520 70804 13308
357 65 2510 2520 71015 13346
358 65 2510 2520 71244 13359
359 65 2510 2520 71476 13393
360 67 2510 2520 71701 13392
361 67 2510 2520 71909 13430
362 69 2510 2520 72166 13472
363 70 2510 2520 72446 13520
364 70 2510 2520 72776 13591
365 70 2510 2520 73124 13655
366 70 2510 2520 73496 13746
367 70 2510 2520 73818 13802
368 70 2510 2520 74174 13838
369 70 2510 2520 74484 13866
370 70 2510 2520 74855 13952
371 71 2510 2520 75187 13978
372 71 2510 2520 75509 14056
373 71 2510 2520 75796 14088
374 72 2510 2520 76097 14130
375 72 2510 2520 76392 14172
376 72 2510 2520 76708 14249
377 73 2510 2520 76969 14287
378 74 2510 2520 77235 14361
379 75 2509 2520 77598 14421
380 75 2509 2520 77982 14476
381 75 2509 2520 78362 14518
382 75 2509 2520 78712 14543
383 76 2509 2520 79058 14592
384 76 2509 2520 79448 14659
385 77 2509 2520 79824 14717
386 77 2509 2520 80189 14765
387 77 2509 2520 80540 14792
388 77 2509 2520 80846 14828
389 77 2509 2520 81211 14879
390 77 2509 2520 81574 14914
391 77 2509 2520 81912 14997
392 78 2509 2520 82222 15067
393 78 2509 2520 82597 15117
394 78 2509 2520 82942 15167
395 78 2509 2520 83262 15214
396 81 2509 2520 83539 15233
397 81 2509 2520 83880 15282
398 81 2509 2520 84316 15372
399 81 2509 2520 84739 15459
400 81 2509 2520 85134 15542
401 81 2509 2520 85514 15609
402 82 2509 2520 85872 15669
403 82 2509 2520 86218 15718
404 82 2509 2520 86605 15790
405 82 2509 2520 86978 15863
406 83 2509 2520 87369 15930
407 83 2509 2520 87766 15998
408 83 2509 2520 88167 16066
409 83 2509 2520 88543 16122
410 84 2508 2520 88922 16197
411 84 2508 2520 89262 16270
412 84 2508 2520 89640 16319
413 84 2508 2520 89993 16371
414 84 2508 2520 90355 16425
415 84 2508 2520 90684 16464
416 84 2508 2520 90961 16545
417 84 2508 2520 91246 16575
418 84 2508 2520 91544 16631
419 84 2508 2520 91837 16667
420 85 2508 2520 92153 16709
421 86 2508 2520 92434 16732
422 86 2508 2520 92740 16778
423 87 2508 2520 93045 16828
424 88 2508 2520 93327 16859
425 88 2508 2520 93638 16950
426 89 2508 2520 93911 16958
427 89 2508 2520 94221 16989
428 89 2508 2520 94515 17025
429 90 2508 2520 94839 17066
430 91 2508 2520 95195 17110
431 91 2508 2520 95576 17203
432 92 2508 2520 95915 17244
433 95 2508 2520 96287 17303
434 96 2508 2520 96667 17375
435 96 2507 2520 97136 17454
436 97 2507 2520 97646 17519
437 97 2507 2520 98131 17621
438 97 2507 2520 98635 17697
439 97 2507 2520 99100 17742
440 97 2507 2520 99574 17778
441 97 2507 2520 100091 17848
442 98 2507 2520 100500 17907
443 99 2507 2520 100961 17981
444 99 2507 2520 101445 18021
445 99 2507 2520 101937 18110
446 99 2507 2520 102370 18194
447 99 2507 2520 102819 18258
448 99 2507 2520 103237 18350
449 99 2507 2520 103645 18393
450 99 2507 2520 104073 18454
451 99 2507 2520 104425 18467
452 101 2507 2520 104856 18534
453 101 2507 2520 105250 18604
454 101 2507 2520 105669 18650
455 101 2507 2520 106051 18709
456 102 2507 2520 106443 18805
457 102 2507 2520 106837 18884
458 102 2507 2520 107203 18933
459 102 2507 2520 107587 19018
460 103 2507 2520 107949 19088
461 104 2507 2520 108354 19143
462 104 2507 2520 108757 19254
463 104 2507 2520 109157 19320
464 104 2507 2520 109577 19361
465 105 2507 2520 109996 19432
466 105 2507 2520 110414 19478
467 106 2507 2520 110833 19540
468 106 2507 2520 111298 19623
469 106 2507 2520 111725 19669
470 106 2507 2520 112198 19765
471 107 2507 2520 112626 19799
472 107 2507 2520 113030 19859
473 107 2507 2520 113435 19911
474 107 2507 2520 113921 19973
475 107 2507 2520 114369 20044
476 108 2507 2520 114775 20083
477 108 2507 2520 115186 20140
478 108 2507 2520 115638 20207
479 109 2507 2520 116054 20260
480 109 2507 2520 116419 20306
481 109 2507 2520 116788 20373
482 109 2506 2520 117171 20406
483 110 2506 2520 117533 20470
484 110 2506 2520 117920 20507
485 110 2506 2520 118289 20555
486 110 2506 2520 118631 20590
487 110 2506 2520 119019 20651
488 110 2506 2520 119392 20713
489 110 2506 2520 119719 20759
490 111 2506 2520 120115 20737
491 114 2506 2520 120454 20780
492 115 2506 2520 120848 20838
493 115 2506 2520 121346 20904
494 116 2506 2520 121832 20997
495 116 2506 2520 122280 21072
496 118 2506 2520 122750 21126
497 119 2506 2520 123214 21221
498 119 2506 2520 123627 21268
499 122 2506 2520 124147 21331
500 122 2506 2520 124709 21425
501 122 2506 2520 125286 21518
502 122 2506 2520 125952 21608
503 122 2506 2520 126539 21651
504 123 2505 2520 127210 21750
505 123 2504 2520 127820 21833
506 123 2503 2520 128387 21875
507 124 2503 2520 129022 21941
508 125 2503 2520 129603 21972
509 125 2503 2520 130185 22037
510 128 2503 2520 130768 22096
511 128 2503 2520 131345 22216
512 128 2503 2520 131935 22305
513 128 2503 2520 132506 22378
514 128 2503 2520 133009 22455
515 128 2503 2520 133611 22521
516 129 2503 2520 134107 22570
517 129 2503 2520 134674 22622
518 129 2503 2520 135207 22671
519 129 2503 2520 135665 22693
520 129 2503 2520 136138 22688
521 129 2503 2520 136612 22740
522 129 2503 2520 137061 22776
523 130 2503 2520 137533 22842
524 131 2503 2520 137957 22899
525 132 2503 2520 138393 22937
526 132 2503 2520 138846 23035
527 132 2503 2520 139293 23115
528 134 2503 2520 139760 23171
529 134 2503 2520 140217 23245
530 134 2503 2520 140696 23275
531 134 2503 2520 141172 23337
532 135 2503 2520 141631 23376
533 136 2503 2520 142181 23444
534 136 2503 2520 142720 23502
535 136 2503 2520 143222 23499
536 137 2503 2520 143768 23567
537 138 2503 2520 144258 23628
538 139 2502 2520 144827 23682
539 140 2502 2520 145401 23776
540 140 2502 2520 146000 23842
541 140 2502 2520 146567 23908
542 140 2502 2520 147221 23965
543 140 2502 2520 147803 24072
544 140 2502 2520 148433 24138
545 140 2502 2520 148970 24263
546 141 2502 2520 149495 24312
547 141 2502 2520 150008 24359
548 141 2502 2520 150576 24442
549 141 2502 2520 151068 24502
550 142 2502 2520 151589 24592
551 142 2502 2520 152116 24697
552 143 2502 2520 152643 24743
553 145 2501 2520 153123 24808
554 145 2501 2520 153646 24853
555 145 2501 2520 154153 24899
556 146 2501 2520 154663 24929
557 146 2501 2520 155173 24983
558 146 2501 2520 155678 25026
559 147 2501 2520 156147 25103
560 147 2501 2520 156656 25180
561 148 2501 2520 157147 25229
562 149 2501 2520 157688 25329
563 149 2501 2520 158187 25394
564 149 2501 2520 158724 25470
565 149 2501 2520 159300 25545
566 149 2501 2520 159846 25581
567 150 2501 2520 160332 25669
568 150 2501 2520 160894 25733
569 150 2501 2520 161423 25788
570 152 2501 2520 161924 25860
571 154 2501 2520 162397 25945
572 154 2501 2520 162873 26001
573 156 2501 2520 163379 26098
574 156 2501 2520 163902 26170
575 157 2501 2520 164447 26249
576 157 2501 2520 165014 26343
577 157 2501 2520 165544 26436
578 157 2501 2520 166095 26567
579 157 2501 2520 166577 26622
580 158 2500 2520 167108 26680
581 160 2500 2520 167621 26740
582 160 2500 2520 168125 26812
583 161 2500 2520 168707 26892
584 161 2500 2520 169216 26990
585 161 2500 2520 169722 27023
586 161 2500 2520 170257 27097
587 161 2500 2520 170781 27148
588 161 2500 2520 171250 27201
589 161 2500 2520 171752 27255
590 161 2500 2520 172314 27326
591 161 2500 2520 172813 27370
592 161 2500 2520 173293 27392
593 161 2500 2520 173702 27453
594 161 2500 2520 174184 27525
595 163 2500 2520 174564 27556
596 163 2500 2520 175036 27637
597 163 2500 2520 175458 27683
598 164 2500 2520 175868 27734
599 165 2500 2520 176338 27764
600 165 2500 2520 176773 27783
601 165 2500 2520 177320 27889
602 165 2500 2520 177846 27939
603 166 2500 2520 178364 28051
604 169 2500 2520 178847 28134
605 170 2500 2520 179400 28232
606 170 2500 2520 179966 28326
607 170 2500 2520 180554 28421
608 172 2500 2520 181097 28451
609 172 2500 2520 181667 28509
610 172 2500 2520 182258 28561
611 172 2500 2520 182810 28665
612 174 2500 2520 183337 28706
613 175 2500 2520 183898 28796
614 175 2500 2520 184498 28900
615 175 2500 2520 185089 28929
616 177 2500 2520 185723 28989
617 178 2500 2520 186330 29059
618 179 2500 2520 186907 29161
619 180 2500 2520 187459 29240
620 180 2500 2520 188038 29334
621 180 2500 2520 188636 29416
622 180 2500 2520 189204 29475
623 180 2499 2520 189788 29559
624 180 2499 2520 190345 29647
625 180 2499 2520 190916 29688
626 180 2499 2520 191457 29731
627 181 2499 2520 191937 29798
628 181 2499 2520 192456 29851
629 181 2499 2520 192977 29914
630 182 2499 2520 193464 29986
631 182 2499 2520 193915 30030
632 183 2499 2520 194373 30071
633 184 2499 2520 194854 30130
634 184 2499 2520 195373 30171
635 184 2499 2520 195919 30223
636 186 2499 2520 196435 30288
637 187 2499 2520 197010 30384
638 187 2499 2520 197517 30486
639 188 2499 2520 198053 30534
640 188 2499 2520 198685 30616
641 190 2499 2520 199151 30647
642 192 2499 2520 199684 30721
643 192 2499 2520 200282 30789
644 192 2499 2520 200892 30901
645 192 2499 2520 201515 30941
646 193 2499 2520 202150 31000
647 193 2499 2520 202796 31090
648 193 2499 2520 203488 31180
649 194 2499 2520 204169 31264
650 194 2499 2520 204828 31336
651 194 2499 2520 205451 31413
652 195 2499 2520 206079 31513
653 195 2499 2520 206717 31538
654 195 2499 2520 207277 31614
655 196 2499 2520 207870 31700
656 196 2499 2520 208423 31769
657 196 2498 2520 209081 31861
658 197 2498 2520 209641 31934
659 197 2498 2520 210234 31989
660 197 2498 2520 210809 32071
661 197 2498 2520 211350 32130
662 198 2498 2520 211883 32227
663 198 2498 2520 212429 32281
664 198 2498 2520 212984 32364
665 198 2498 2520 213526 32469
666 198 2498 2520 214020 32523
667 199 2498 2520 214533 32605
668 201 2498 2520 215067 32633
669 201 2498 2520 215608 32755
670 205 2498 2520 216163 32817
671 205 2498 2520 216708 32875
672 207 2498 2520 217264 32917
673 208 2498 2520 217919 32984
674 208 2498 2520 218597 33023
675 209 2498 2520 219287 33122
676 210 2498 2520 219934 33201
677 211 2498 2520 220652 33279
678 213 2498 2520 221420 33365
679 213 2498 2520 222169 33462
680 213 2498 2520 222950 33588
681 213 2498 2520 223721 33676
682 213 2498 2520 224404 33700
683 214 2498 2520 225088 33814
684 214 2498 2520 225859 33939
685 214 2498 2520 226493 33977
686 215 2498 2520 227168 34036
687 215 2498 2520 227876 34100
688 216 2498 2520 228565 34189
689 217 2498 2520 229185 34279
690 217 2498 2520 229811 34378
691 218 2498 2520 230520 34484
692 218 2498 2520 231208 34565
693 220 2498 2520 231936 34638
694 220 2498 2520 232615 34711
695 221 2498 2520 233319 34800
696 222 2498 2520 233920 34839
697 223 2497 2520 234605 34965
698 223 2497 2520 235332 35052
699 224 2497 2520 236044 35112
700 224 2497 2520 236768 35188
701 225 2497 2520 237502 35288
702 225 2497 2520 238182 35334
703 225 2497 2520 238875 35425
704 226 2497 2520 239607 35500
705 226 2496 2520 240278 35609
706 226 2496 2520 240946 35684
707 226 2496 2520 241580 35769
708 231 2496 2520 242246 35851
709 231 2496 2520 242964 35976
710 232 2496 2520 243723 36064
711 233 2496 2520 244430 36159
712 233 2496 2520 245240 36258
713 234 2496 2520 246059 36372
714 234 2496 2520 246766 36464
715 234 2496 2520 247553 36563
716 235 2496 2520 248348 36658
717 236 2496 2520 249057 36775
718 238 2496 2520 249802 36856
719 238 2496 2520 250567 36948
720 239 2496 2520 251359 37025
721 239 2496 2520 252137 37088
722 240 2496 2520 252931 37193
723 241 2496 2520 253720 37342
724 242 2496 2520 254483 37432
725 242 2496 2520 255316 37593
726 243 2496 2520 256076 37659
727 243 2496 2520 256836 37754
728 244 2496 2520 257633 37820
729 244 2496 2520 258335 37891
730 244 2496 2520 259052 37964
731 244 2496 2520 259767 38022
732 244 2496 2520 260515 38076
733 245 2496 2520 261241 38146
734 245 2496 2520 261990 38230
735 246 2496 2520 262666 38321
736 247 2496 2520 263327 38368
737 248 2496 2520 264004 38436
738 249 2496 2520 264656 38512
739 249 2496 2520 265316 38617
740 251 2496 2520 266005 38698
741 251 2496 2520 266618 38737
742 252 2496 2520 267251 38826
743 252 2496 2520 267944 38967
744 252 2496 2520 268711 39052
745 254 2496 2520 269401 39118
746 255 2496 2520 269988 39192
747 256 2496 2520 270737 39271
748 257 2496 2520 271512 39347
749 257 2496 2520 272208 39444
750 257 2496 2520 272956 39563
751 257 2496 2520 273684 39658
752 257 2496 2520 274417 39741
753 258 2496 2520 275096 39793
754 259 2496 2520 275785 39891
755 261 2496 2520 276450 39950
756 262 2496 2520 277187 40069
757 262 2496 2520 277924 40177
758 262 2496 2520 278700 40283
759 263 2496 2520 279469 40379
760 263 2496 2520 280206 40493
761 265 2496 2520 280974 40568
762 265 2496 2520 281703 40679
763 267 2496 2520 282458 40772
764 268 2496 2520 283220 40831
765 269 2496 2520 284015 40953
766 269 2496 2520 284746 41056
767 269 2496 2520 285539 41160
768 269 2496 2520 286275 41246
769 270 2496 2520 287049 41364
770 270 2496 2520 287734 41411
771 273 2496 2520 288369 41460
772 273 2496 2520 289092 41554
773 274 2496 2520 289891 41636
774 274 2496 2520 290631 41686
775 274 2496 2520 291406 41783
776 278 2496 2520 292080 41894
777 279 2496 2520 292800 41963
778 280 2496 2520 293528 42032
779 280 2496 2520 294356 42129
780 280 2496 2520 295142 42243
781 280 2496 2520 295883 42324
782 282 2496 2520 296618 42438
783 283 2496 2520 297431 42529
784 283 2496 2520 298169 42629
785 283 2496 2520 298997 42768
786 283 2495 2520 299811 42858
787 285 2495 2520 300560 42987
788 285 2495 2520 301332 43073
789 285 2495 2520 302122 43137
790 286 2495 2520 302838 43225
791 286 2495 2520 303637 43296
792 286 2495 2520 304347 43365
793 287 2495 2520 305039 43431
794 288 2495 2520 305788 43520
795 289 2495 2520 306445 43634
796 290 2495 2520 307194 43712
797 291 2495 2520 307891 43772
798 292 2495 2520 308613 43874
799 292 2495 2520 309375 43954
800 292 2494 2520 310168 44098
801 292 2494 2520 310942 44163
802 294 2494 2520 311645 44231
803 294 2494 2520 312311 44299
804 294 2493 2520 313058 44422
805 295 2493 2520 313881 44478
806 296 2493 2520 314621 44550
807 297 2493 2520 315414 44617
808 298 2493 2520 316172 44728
809 298 2493 2520 316899 44835
810 299 2493 2520 317665 44920
811 299 2493 2520 318441 45029
812 300 2493 2520 319229 45189
813 300 2493 2520 320009 45241
814 300 2493 2520 320739 45345
815 301 2493 2520 321429 45428
816 303 2493 2520 322153 45549
817 305 2493 2520 322896 45683
818 305 2492 2520 323684 45771
819 305 2492 2520 324444 45826
820 305 2492 2520 325185 45860
821 306 2491 2520 325970 45972
822 306 2491 2520 326749 46101
823 306 2491 2520 327579 46222
824 306 2491 2520 328315 46318
825 306 2491 2520 329096 46403
826 306 2491 2520 329861 46460
827 307 2491 2520 330574 46575
828 308 2490 2520 331300 46669
829 309 2490 2520 332031 46750
830 310 2490 2520 332749 46866
831 310 2490 2520 333395 46980
832 310 2490 2520 334055 47073
833 310 2490 2520 334692 47145
834 310 2490 2520 335310 47227
835 311 2490 2520 335951 47354
836 312 2490 2520 336568 47435
837 313 2489 2520 337183 47455
838 315 2487 2520 337910 47534
839 316 2487 2520 338655 47606
840 316 2487 2520 339424 47680
841 317 2487 2520 340112 47750
842 318 2487 2520 340843 47822
843 321 2487 2520 341608 47899
844 322 2487 2520 342414 48015
845 322 2487 2520 343299 48116
846 324 2487 2520 344106 48233
847 325 2487 2520 344989 48334
848 325 2487 2520 345768 48481
849 325 2487 2520 346680 48616
850 325 2487 2520 347583 48742
851 328 2487 2520 348421 48826
852 329 2487 2520 349255 48949
853 330 2486 2520 350169 49068
854 332 2486 2520 351041 49184
855 334 2486 2520 351968 49308
856 334 2486 2520 352942 49391
857 334 2486 2520 353820 49529
858 334 2486 2520 354778 49686
859 334 2486 2520 355756 49820
860 334 2486 2520 356691 49928
861 334 2486 2520 357580 50093
862 336 2486 2520 358402 50217
863 336 2486 2520 359248 50274
864 336 2486 2520 360192 50396
865 336 2486 2520 361142 50484
866 336 2485 2520 361963 50526
867 336 2485 2520 362716 50607
868 336 2485 2520 363457 50686
869 337 2485 2520 364137 50787
870 337 2485 2520 364792 50854
871 339 2485 2520 365499 50912
872 342 2485 2520 366263 50912
873 343 2485 2520 366992 50968
874 343 2485 2520 367839 51113
875 344 2485 2520 368768 51265
876 346 2485 2520 369524 51369
877 347 2485 2520 370307 51459
878 347 2485 2520 371061 51554
879 348 2485 2520 371858 51674
880 350 2485 2520 372719 51747
881 351 2485 2520 373609 51822
882 352 2485 2520 374485 51928
883 352 2485 2520 375327 52055
884 353 2485 2520 376251 52141
885 354 2485 2520 377198 52261
886 354 2485 2520 378121 52382
887 356 2485 2520 379055 52490
888 359 2485 2520 379980 52591
889 359 2485 2520 381009 52723
890 359 2485 2520 382002 52882
891 360 2485 2520 382932 53003
892 361 2484 2520 383956 53181
893 361 2484 2520 384910 53337
894 362 2484 2520 385925 53462
895 363 2484 2520 387003 53630
896 364 2484 2520 387916 53746
897 366 2484 2520 388850 53848
898 366 2484 2520 389817 53998
899 366 2484 2520 390710 54129
900 366 2484 2520 391589 54198
901 367 2484 2520 392541 54315
902 368 2484 2520 393471 54433
903 369 2484 2520 394302 54512
904 369 2484 2520 395157 54653
905 369 2484 2520 395982 54738
906 369 2484 2520 396760 54857
907 372 2484 2520 397593 54969
908 372 2483 2520 398473 55084
909 372 2483 2520 399315 55205
910 374 2482 2520 400173 55293
911 375 2482 2520 401062 55377
912 376 2481 2520 401936 55455
913 376 2481 2520 402898 55554
914 377 2481 2520 403812 55686
915 377 2481 2520 404702 55764
916 377 2481 2520 405570 55867
917 377 2481 2520 406447 55984
918 379 2481 2520 407236 56043
919 381 2481 2520 408158 56089
920 381 2481 2520 409086 56216
921 384 2480 2520 410043 56382
922 385 2480 2520 411050 56515
923 385 2480 2520 412132 56688
924 386 2480 2520 413119 56823
925 386 2480 2520 414148 57009
926 387 2480 2520 415190 57101
927 387 2480 2520 416241 57205
928 388 2480 2520 417198 57333
929 389 2479 2520 418258 57466
930 390 2479 2520 419278 57556
931 391 2479 2520 420224 57690
932 392 2479 2520 421215 57783
933 392 2479 2520 422224 57960
934 392 2479 2520 423168 58068
935 393 2479 2520 424120 58181
936 393 2479 2520 425058 58324
937 393 2479 2520 425969 58418
938 393 2479 2520 426866 58540
939 395 2479 2520 427800 58642
940 396 2479 2520 428757 58718
941 399 2479 2520 429589 58835
942 401 2479 2520 430449 58924
943 401 2478 2520 431377 59016
944 404 2478 2520 432265 59135
945 404 2478 2520 433277 59268
946 405 2478 2520 434271 59333
947 405 2478 2520 435327 59515
948 405 2478 2520 436396 59595
949 406 2478 2520 437444 59753
950 409 2478 2520 438490 59941
951 412 2478 2520 439530 60030
952 414 2478 2520 440490 60155
953 416 2478 2520 441532 60294
954 416 2478 2520 442682 60454
955 417 2478 2520 443824 60597
956 418 2478 2520 444816 60739
957 419 2478 2520 445937 60925
958 419 2478 2520 447059 61039
959 421 2478 2520 448117 61199
960 421 2478 2520 449289 61369
961 422 2478 2520 450423 61548
962 423 2478 2520 451402 61697
963 423 2477 2520 452427 61871
964 423 2477 2520 453455 62066
965 423 2477 2520 454461 62210
966 423 2477 2520 455438 62311
967 425 2477 2520 456420 62412
968 426 2477 2520 457347 62558
969 426 2477 2520 458324 62672
970 428 2477 2520 459328 62796
971 429 2477 2520 460262 62920
972 429 2477 2520 461184 63105
973 430 2476 2520 462124 63158
974 433 2476 2520 463189 63287
975 433 2476 2520 464132 63448
976 438 2476 2520 465129 63557
977 440 2476 2520 466166 63737
978 442 2476 2520 467334 63891
979 442 2476 2520 468574 63994
980 443 2476 2520 469829 64139
981 444 2476 2520 471113 64344
982 445 2476 2520 472347 64504
983 447 2476 2520 473552 64652
984 448 2476 2520 474763 64814
985 448 2476 2520 476035 64977
986 449 2476 2520 477327 65152
987 449 2476 2520 478451 65353
988 450 2476 2520 479714 65491
989 450 2476 2520 480870 65657
990 452 2476 2520 482156 65827
991 455 2476 2520 483294 65952
992 455 2476 2520 484498 66117
993 457 2476 2520 485676 66244
994 459 2475 2520 486828 66317
995 459 2475 2520 487933 66458
996 459 2475 2520 489133 66588
997 462 2475 2520 490315 66684
998 463 2475 2520 491478 66876
999 463 2475 2520 492684 67007
1000 464 2475 2520 493822 67152
