0 1 2519 2520 794 498
1 1 2519 2520 825 516
2 1 2519 2520 861 538
3 1 2519 2520 890 560
4 1 2519 2520 937 587
5 1 2519 2520 977 613
6 1 2519 2520 1014 631
7 1 2519 2520 1045 644
8 1 2519 2520 1074 654
9 1 2519 2520 1111 666
10 1 2519 2520 1157 679
11 1 2519 2520 1186 686
12 1 2519 2520 1212 696
13 1 2519 2520 1237 709
14 1 2519 2520 1253 707
15 1 2519 2520 1287 717
16 1 2519 2520 1300 722
17 1 2519 2520 1319 729
18 1 2519 2520 1325 733
19 1 2519 2520 1344 737
20 1 2519 2520 1357 739
21 1 2519 2520 1367 746
22 1 2519 2520 1381 749
23 1 2519 2520 1384 747
24 1 2519 2520 1398 752
25 1 2519 2520 1405 752
26 1 2519 2520 1412 752
27 1 2519 2520 1418 753
28 1 2519 2520 1431 756
29 1 2519 2520 1441 757
30 1 2519 2520 1448 759
31 2 2519 2520 1439 754
32 2 2519 2520 1450 760
33 2 2519 2520 1518 776
34 2 2519 2520 1607 816
35 2 2519 2520 1716 863
36 2 2519 2520 1793 891
37 2 2519 2520 1873 920
38 2 2519 2520 1952 951
39 2 2519 2520 2043 986
40 2 2519 2520 2110 1015
41 2 2519 2520 2173 1031
42 2 2519 2520 2240 1050
43 2 2519 2520 2304 1066
44 2 2519 2520 2364 1086
45 2 2519 2520 2403 1096
46 2 2519 2520 2440 1099
47 2 2519 2520 2462 1106
48 2 2519 2520 2476 1106
49 2 2519 2520 2513 1124
50 2 2519 2520 2545 1136
51 2 2519 2520 2568 1134
52 2 2519 2520 2588 1136
53 2 2519 2520 2592 1139
54 2 2519 2520 2606 1139
55 2 2519 2520 2619 1140
56 2 2519 2520 2626 1137
57 2 2519 2520 2651 1155
58 2 2519 2520 2668 1168
59 2 2519 2520 2673 1174
60 2 2519 2520 2693 1181
61 2 2519 2520 2702 1182
62 2 2519 2520 2730 1193
63 2 2519 2520 2744 1195
64 3 2519 2520 2756 1202
65 3 2519 2520 2773 1213
66 4 2519 2520 2845 1249
67 4 2519 2520 2935 1271
68 4 2519 2520 3086 1324
69 4 2519 2520 3250 1388
70 4 2519 2520 3396 1440
71 4 2519 2520 3537 1492
72 4 2519 2520 3707 1528
73 4 2519 2520 3855 1569
74 4 2519 2520 3987 1592
75 4 2519 2520 4129 1639
76 4 2519 2520 4233 1648
77 4 2519 2520 4333 1657
78 4 2519 2520 4426 1684
79 4 2519 2520 4531 1707
80 4 2519 2520 4630 1724
81 4 2519 2520 4705 1743
82 4 2519 2520 4785 1755
83 4 2519 2520 4866 1782
84 4 2519 2520 4937 1800
85 4 2519 2520 5010 1813
86 4 2519 2520 5051 1814
87 4 2519 2520 5104 1838
88 4 2519 2520 5150 1841
89 4 2519 2520 5186 1855
90 4 2519 2520 5231 1875
91 4 2519 2520 5252 1882
92 4 2519 2520 5268 1901
93 4 2519 2520 5267 1905
94 4 2519 2520 5275 1912
95 4 2519 2520 5295 1918
96 5 2519 2520 5304 1922
97 5 2519 2520 5326 1923
98 5 2519 2520 5405 1953
99 5 2519 2520 5476 1985
100 7 2519 2520 5543 2006
101 8 2519 2520 5660 2017
102 8 2519 2520 5835 2084
103 8 2519 2520 6077 2131
104 8 2519 2520 6366 2189
105 8 2519 2520 6583 2241
106 8 2519 2520 6825 2287
107 8 2519 2520 7058 2326
108 8 2519 2520 7254 2376
109 8 2519 2520 7466 2423
110 8 2519 2520 7659 2447
111 8 2519 2520 7816 2480
112 8 2519 2520 7998 2523
113 8 2519 2520 8142 2549
114 8 2518 2520 8268 2567
115 8 2518 2520 8429 2592
116 8 2518 2520 8535 2602
117 8 2518 2520 8674 2612
118 8 2518 2520 8852 2626
119 8 2518 2520 8943 2638
120 8 2518 2520 9077 2665
121 8 2518 2520 9160 2691
122 8 2518 2520 9244 2709
123 8 2518 2520 9347 2714
124 8 2518 2520 9449 2723
125 8 2518 2520 9529 2739
126 9 2518 2520 9590 2743
127 9 2518 2520 9676 2777
128 9 2518 2520 9794 2802
129 9 2518 2520 9923 2818
130 9 2518 2520 10027 2841
131 11 2518 2520 10148 2872
132 12 2518 2520 10299 2905
133 12 2518 2520 10482 2940
134 12 2518 2520 10678 2998
135 14 2518 2520 10859 3036
136 15 2518 2520 11113 3114
137 15 2518 2520 11392 3177
138 15 2517 2520 11736 3257
139 15 2517 2520 12057 3326
140 15 2517 2520 12399 3377
141 15 2517 2520 12755 3450
142 15 2517 2520 13079 3515
143 15 2517 2520 13404 3561
144 15 2517 2520 13694 3593
145 15 2517 2520 13965 3622
146 15 2516 2520 14232 3665
147 15 2516 2520 14499 3700
148 15 2516 2520 14720 3738
149 15 2516 2520 14932 3770
150 15 2516 2520 15144 3796
151 15 2516 2520 15377 3817
152 15 2516 2520 15554 3831
153 15 2516 2520 15774 3854
154 15 2516 2520 15960 3872
155 15 2516 2520 16140 3925
156 15 2516 2520 16304 3958
157 15 2516 2520 16472 3986
158 15 2516 2520 16608 3989
159 15 2516 2520 16711 4012
160 15 2516 2520 16838 4042
161 15 2516 2520 16958 4057
162 15 2516 2520 17077 4081
163 15 2516 2520 17220 4123
164 15 2516 2520 17324 4149
165 16 2516 2520 17404 4166
166 17 2516 2520 17527 4206
167 19 2516 2520 17675 4242
168 19 2516 2520 17851 4292
169 20 2516 2520 18054 4369
170 22 2516 2520 18287 4425
171 22 2516 2520 18560 4492
172 22 2516 2520 18874 4570
173 22 2516 2520 19197 4626
174 22 2515 2520 19501 4669
175 23 2515 2520 19842 4737
176 23 2515 2520 20172 4789
177 23 2515 2520 20523 4843
178 23 2515 2520 20867 4911
179 23 2515 2520 21182 4966
180 23 2515 2520 21464 5000
181 23 2515 2520 21724 5027
182 23 2515 2520 22011 5070
183 23 2515 2520 22318 5115
184 23 2515 2520 22534 5133
185 23 2515 2520 22775 5174
186 23 2515 2520 22966 5206
187 23 2515 2520 23166 5249
188 23 2515 2520 23387 5272
189 23 2515 2520 23604 5314
190 23 2515 2520 23775 5331
191 23 2515 2520 23945 5387
192 24 2515 2520 24131 5424
193 24 2515 2520 24319 5489
194 24 2515 2520 24523 5519
195 24 2515 2520 24700 5548
196 25 2515 2520 24872 5560
197 25 2515 2520 25067 5601
198 25 2515 2520 25253 5645
199 25 2515 2520 25441 5684
200 26 2515 2520 25655 5718
201 26 2515 2520 25905 5768
202 26 2515 2520 26139 5808
203 27 2515 2520 26344 5870
204 28 2515 2520 26590 5938
205 28 2515 2520 26881 6014
206 28 2515 2520 27184 6080
207 28 2515 2520 27454 6140
208 28 2515 2520 27742 6199
209 28 2515 2520 28003 6242
210 28 2515 2520 28240 6285
211 28 2515 2520 28477 6321
212 28 2515 2520 28713 6355
213 28 2515 2520 28947 6391
214 28 2515 2520 29179 6436
215 28 2515 2520 29368 6486
216 28 2515 2520 29601 6532
217 28 2515 2520 29808 6555
218 28 2515 2520 30000 6597
219 28 2515 2520 30159 6644
220 28 2515 2520 30338 6655
221 28 2515 2520 30497 6686
222 28 2515 2520 30686 6728
223 30 2515 2520 30859 6771
224 30 2515 2520 31016 6798
225 30 2515 2520 31202 6827
226 30 2515 2520 31361 6856
227 30 2515 2520 31518 6901
228 32 2515 2520 31706 6921
229 32 2515 2520 31938 6949
230 32 2515 2520 32187 7002
231 32 2515 2520 32428 7039
232 32 2515 2520 32668 7079
233 32 2515 2520 32890 7149
234 33 2515 2520 33088 7177
235 33 2515 2520 33376 7232
236 34 2515 2520 33638 7264
237 34 2515 2520 33928 7324
238 34 2515 2520 34213 7391
239 34 2515 2520 34514 7461
240 34 2515 2520 34791 7504
241 34 2515 2520 35067 7554
242 34 2515 2520 35366 7582
243 34 2514 2520 35574 7643
244 34 2514 2520 35815 7695
245 35 2514 2520 36041 7738
246 35 2514 2520 36272 7770
247 36 2514 2520 36544 7834
248 36 2514 2520 36796 7870
249 37 2514 2520 37066 7904
250 37 2514 2520 37337 7979
251 37 2514 2520 37598 8029
252 37 2514 2520 37908 8095
253 37 2514 2520 38137 8133
254 37 2514 2520 38365 8189
255 37 2514 2520 38608 8240
256 37 2514 2520 38820 8281
257 37 2514 2520 39053 8327
258 39 2514 2520 39274 8347
259 40 2514 2520 39497 8376
260 40 2514 2520 39808 8435
261 40 2514 2520 40092 8513
262 41 2514 2520 40380 8556
263 41 2514 2520 40680 8594
264 41 2514 2520 41010 8652
265 41 2514 2520 41290 8736
266 41 2514 2520 41617 8787
267 41 2514 2520 41933 8849
268 41 2514 2520 42247 8919
269 42 2514 2520 42566 8969
270 42 2514 2520 42867 9038
271 42 2514 2520 43164 9088
272 42 2514 2520 43464 9165
273 43 2514 2520 43750 9211
274 43 2514 2520 44035 9273
275 43 2514 2520 44305 9331
276 43 2514 2520 44590 9390
277 43 2514 2520 44858 9458
278 43 2514 2520 45116 9501
279 44 2514 2520 45354 9525
280 44 2514 2520 45602 9572
281 44 2514 2520 45888 9625
282 44 2514 2520 46141 9680
283 44 2514 2520 46384 9740
284 44 2514 2520 46616 9772
285 44 2514 2520 46807 9822
286 44 2514 2520 47021 9849
287 44 2514 2520 47197 9893
288 44 2514 2520 47397 9924
289 44 2514 2520 47614 9973
290 44 2514 2520 47785 10017
291 44 2514 2520 47992 10064
292 44 2514 2520 48160 10100
293 44 2514 2520 48287 10134
294 45 2514 2520 48485 10174
295 45 2514 2520 48618 10220
296 45 2514 2520 48812 10267
297 46 2514 2520 49001 10290
298 46 2514 2520 49220 10350
299 47 2514 2520 49442 10390
300 48 2514 2520 49671 10414
301 48 2514 2520 49924 10464
302 48 2514 2520 50222 10520
303 48 2514 2520 50477 10583
304 48 2514 2520 50732 10623
305 50 2514 2520 50974 10665
306 52 2514 2520 51275 10746
307 52 2514 2520 51619 10846
308 52 2514 2520 51901 10887
309 52 2514 2520 52198 10930
310 52 2514 2520 52488 10956
311 52 2514 2520 52815 11001
312 52 2514 2520 53153 11073
313 52 2514 2520 53437 11112
314 52 2514 2520 53761 11157
315 52 2514 2520 54056 11187
316 52 2514 2520 54334 11225
317 52 2514 2520 54618 11259
318 54 2514 2520 54886 11317
319 54 2514 2520 55187 11345
320 54 2514 2520 55515 11408
321 54 2514 2520 55811 11452
322 54 2514 2520 56085 11500
323 55 2514 2520 56359 11541
324 55 2514 2520 56624 11600
325 55 2514 2520 56919 11642
326 55 2514 2520 57184 11691
327 56 2513 2520 57492 11752
328 56 2513 2520 57766 11781
329 56 2513 2520 58032 11826
330 56 2513 2520 58257 11856
331 57 2513 2520 58494 11886
332 57 2513 2520 58830 11911
333 58 2513 2520 59121 11926
334 58 2512 2520 59436 11958
335 58 2512 2520 59758 11979
336 60 2512 2520 60105 12004
337 60 2512 2520 60461 12038
338 60 2512 2520 60910 12107
339 60 2512 2520 61291 12156
340 60 2512 2520 61682 12194
341 60 2512 2520 62063 12215
342 60 2512 2520 62372 12239
343 60 2512 2520 62644 12256
344 61 2512 2520 62997 12289
345 61 2512 2520 63297 12366
346 62 2512 2520 63609 12417
347 62 2512 2520 63885 12450
348 62 2512 2520 64148 12496
349 62 2512 2520 64431 12543
350 62 2512 2520 64708 12581
351 62 2512 2520 64942 12626
352 62 2512 2520 65203 12685
353 62 2512 2520 65452 12716
354 63 2512 2520 65720 12746
355 64 2512 2520 65973 12778
356 64 2512 2520 66207 12835
357 65 2512 2520 66504 12880
358 66 2512 2520 66794 12953
359 67 2512 2520 67154 12976
360 68 2512 2520 67491 13041
361 68 2512 2520 67838 13087
362 68 2512 2520 68189 13142
363 68 2512 2520 68557 13177
364 69 2512 2520 68946 13250
365 69 2512 2520 69323 13289
366 69 2512 2520 69739 13347
367 69 2512 2520 70119 13425
368 69 2511 2520 70476 13485
369 69 2511 2520 70785 13563
370 69 2511 2520 71089 13596
371 69 2511 2520 71418 13648
372 69 2511 2520 71749 13699
373 69 2511 2520 72075 13743
374 70 2511 2520 72322 13785
375 70 2511 2520 72609 13846
376 70 2511 2520 72907 13891
377 70 2511 2520 73195 13914
378 70 2511 2520 73520 13992
379 70 2511 2520 73786 14030
380 71 2511 2520 74054 14066
381 72 2511 2520 74277 14101
382 72 2511 2520 74567 14133
383 73 2511 2520 74883 14152
384 73 2511 2520 75152 14199
385 73 2511 2520 75487 14268
386 73 2511 2520 75744 14334
387 73 2511 2520 76021 14378
388 73 2511 2520 76311 14412
389 74 2511 2520 76616 14494
390 75 2511 2520 76908 14544
391 76 2510 2520 77202 14574
392 76 2510 2520 77559 14624
393 77 2510 2520 77914 14657
394 77 2510 2520 78283 14682
395 77 2510 2520 78659 14746
396 77 2510 2520 79064 14754
397 77 2510 2520 79461 14802
398 78 2510 2520 79790 14835
399 79 2510 2520 80164 14863
400 79 2510 2520 80522 14890
401 79 2510 2520 80858 14937
402 81 2510 2520 81240 14963
403 81 2510 2520 81651 14968
404 81 2510 2520 82065 15046
405 81 2510 2520 82434 15085
406 82 2510 2520 82843 15117
407 83 2510 2520 83204 15197
408 84 2510 2520 83649 15282
409 84 2510 2520 84109 15352
410 84 2510 2520 84579 15445
411 84 2510 2520 85062 15489
412 85 2510 2520 85550 15545
413 85 2510 2520 86038 15619
414 85 2510 2520 86413 15674
415 86 2510 2520 86843 15730
416 86 2510 2520 87307 15789
417 86 2510 2520 87767 15839
418 86 2510 2520 88176 15918
419 86 2510 2520 88607 15970
420 86 2510 2520 89036 16027
421 86 2510 2520 89425 16045
422 86 2510 2520 89820 16102
423 86 2510 2520 90208 16171
424 86 2510 2520 90569 16215
425 87 2510 2520 90910 16288
426 87 2510 2520 91263 16344
427 87 2510 2520 91655 16430
428 87 2510 2520 92032 16494
429 87 2510 2520 92399 16561
430 87 2510 2520 92746 16633
431 88 2510 2520 93080 16684
432 90 2510 2520 93429 16703
433 90 2510 2520 93768 16798
434 90 2510 2520 94112 16886
435 90 2508 2520 94524 16987
436 90 2508 2520 94963 17036
437 90 2508 2520 95344 17119
438 91 2508 2520 95728 17163
439 91 2508 2520 96109 17220
440 91 2508 2520 96515 17282
441 91 2508 2520 96936 17350
442 93 2508 2520 97370 17411
443 93 2508 2520 97745 17494
444 93 2508 2520 98134 17510
445 93 2508 2520 98527 17570
446 93 2508 2520 98905 17633
447 93 2508 2520 99283 17662
448 93 2508 2520 99594 17705
449 93 2508 2520 99930 17740
450 93 2508 2520 100277 17770
451 94 2508 2520 100612 17827
452 95 2508 2520 100917 17894
453 95 2508 2520 101234 17953
454 96 2508 2520 101603 17996
455 97 2508 2520 101994 18060
456 97 2508 2520 102430 18149
457 97 2508 2520 102821 18212
458 98 2508 2520 103217 18284
459 98 2508 2520 103624 18347
460 98 2508 2520 104003 18420
461 100 2508 2520 104401 18489
462 101 2508 2520 104784 18557
463 101 2508 2520 105215 18617
464 101 2508 2520 105635 18676
465 101 2508 2520 106100 18742
466 103 2508 2520 106478 18814
467 106 2508 2520 106891 18868
468 108 2508 2520 107367 18937
469 109 2508 2520 107879 19039
470 109 2508 2520 108425 19112
471 110 2508 2520 109001 19225
472 110 2508 2520 109571 19335
473 110 2508 2520 110192 19429
474 111 2508 2520 110750 19495
475 111 2508 2520 111344 19566
476 112 2508 2520 111949 19666
477 112 2508 2520 112480 19761
478 112 2508 2520 113047 19831
479 112 2508 2520 113619 19923
480 112 2508 2520 114144 20037
481 112 2508 2520 114673 20098
482 113 2508 2520 115196 20180
483 113 2508 2520 115725 20264
484 113 2508 2520 116271 20334
485 113 2508 2520 116807 20402
486 113 2508 2520 117317 20451
487 113 2508 2520 117753 20548
488 113 2508 2520 118235 20599
489 113 2508 2520 118723 20668
490 113 2508 2520 119196 20745
491 113 2508 2520 119612 20805
492 114 2508 2520 119985 20868
493 114 2508 2520 120409 20950
494 114 2508 2520 120744 20991
495 114 2508 2520 121202 21092
496 114 2508 2520 121538 21146
497 114 2508 2520 121966 21203
498 118 2508 2520 122372 21264
499 119 2508 2520 122833 21293
500 119 2508 2520 123290 21375
501 120 2508 2520 123778 21443
502 121 2508 2520 124307 21495
503 121 2508 2520 124801 21582
504 122 2508 2520 125360 21646
505 122 2508 2520 125916 21711
506 123 2508 2520 126472 21785
507 125 2508 2520 127017 21880
508 126 2508 2520 127630 21945
509 127 2508 2520 128226 22037
510 127 2508 2520 128879 22181
511 127 2508 2520 129517 22285
512 127 2508 2520 130148 22375
513 127 2507 2520 130806 22484
514 127 2507 2520 131441 22600
515 127 2507 2520 132087 22679
516 127 2507 2520 132607 22747
517 128 2507 2520 133207 22871
518 128 2507 2520 133749 22957
519 128 2507 2520 134312 23025
520 129 2507 2520 134865 23116
521 129 2506 2520 135367 23234
522 129 2506 2520 135923 23331
523 130 2506 2520 136441 23355
524 131 2506 2520 136990 23422
525 131 2506 2520 137498 23505
526 132 2506 2520 138045 23569
527 132 2506 2520 138625 23675
528 132 2506 2520 139147 23772
529 132 2506 2520 139610 23837
530 133 2505 2520 140159 23939
531 133 2505 2520 140668 24007
532 133 2505 2520 141165 24033
533 134 2504 2520 141630 24121
534 134 2502 2520 142155 24169
535 134 2502 2520 142668 24226
536 134 2502 2520 143190 24302
537 137 2502 2520 143693 24365
538 139 2502 2520 144247 24404
539 140 2502 2520 144861 24461
540 141 2502 2520 145477 24511
541 142 2502 2520 146075 24584
542 142 2502 2520 146721 24638
543 143 2502 2520 147328 24718
544 144 2502 2520 147917 24828
545 145 2502 2520 148558 24912
546 145 2502 2520 149236 25008
547 145 2502 2520 149887 25126
548 146 2502 2520 150568 25221
549 146 2501 2520 151202 25301
550 149 2501 2520 151803 25381
551 151 2501 2520 152517 25484
552 151 2501 2520 153255 25569
553 151 2501 2520 153894 25666
554 151 2501 2520 154566 25761
555 152 2501 2520 155264 25842
556 152 2501 2520 156004 25920
557 152 2501 2520 156725 25968
558 152 2501 2520 157506 26028
559 152 2501 2520 158189 26126
560 152 2501 2520 158930 26231
561 152 2501 2520 159535 26338
562 153 2501 2520 160135 26423
563 154 2501 2520 160744 26498
564 154 2501 2520 161384 26534
565 154 2501 2520 161979 26649
566 154 2501 2520 162580 26732
567 154 2501 2520 163140 26822
568 154 2501 2520 163681 26888
569 154 2501 2520 164227 26982
570 157 2501 2520 164750 27070
571 158 2501 2520 165261 27146
572 159 2501 2520 165871 27239
573 159 2501 2520 166424 27356
574 159 2501 2520 167027 27446
575 160 2501 2520 167635 27572
576 160 2501 2520 168253 27679
577 161 2501 2520 168860 27774
578 161 2501 2520 169515 27880
579 162 2500 2520 170116 27963
580 162 2500 2520 170725 28020
581 162 2500 2520 171336 28087
582 163 2500 2520 171989 28205
583 165 2500 2520 172565 28275
584 167 2500 2520 173163 28412
585 167 2500 2520 173791 28467
586 168 2500 2520 174439 28606
587 169 2500 2520 175087 28690
588 169 2500 2520 175770 28794
589 170 2500 2520 176457 28871
590 170 2500 2520 177131 29016
591 171 2500 2520 177791 29094
592 171 2500 2520 178474 29206
593 172 2500 2520 179219 29302
594 172 2500 2520 179880 29390
595 174 2500 2520 180551 29480
596 175 2499 2520 181176 29602
597 175 2499 2520 181908 29700
598 175 2499 2520 182600 29746
599 175 2499 2520 183305 29835
600 175 2499 2520 184040 29942
601 175 2499 2520 184663 30030
602 176 2499 2520 185356 30116
603 176 2499 2520 186057 30211
604 177 2499 2520 186670 30307
605 177 2499 2520 187318 30396
606 178 2499 2520 187968 30506
607 178 2499 2520 188647 30547
608 179 2499 2520 189263 30644
609 180 2499 2520 189870 30739
610 181 2499 2520 190515 30766
611 183 2499 2520 191171 30892
612 183 2499 2520 191839 30971
613 184 2499 2520 192586 31065
614 185 2499 2520 193251 31160
615 186 2499 2520 193951 31286
616 186 2499 2520 194763 31364
617 186 2499 2520 195432 31456
618 186 2499 2520 196096 31564
619 188 2499 2520 196756 31657
620 188 2498 2520 197460 31749
621 189 2498 2520 198201 31817
622 189 2498 2520 198930 31896
623 190 2498 2520 199620 32001
624 190 2498 2520 200354 32132
625 190 2498 2520 201071 32230
626 191 2498 2520 201726 32348
627 192 2498 2520 202357 32446
628 192 2498 2520 203091 32548
629 192 2498 2520 203792 32651
630 192 2498 2520 204457 32747
631 192 2498 2520 205154 32812
632 192 2498 2520 205819 32904
633 193 2498 2520 206472 32988
634 193 2498 2520 207089 33067
635 193 2498 2520 207754 33099
636 193 2498 2520 208359 33178
637 194 2497 2520 208994 33293
638 195 2497 2520 209574 33385
639 196 2497 2520 210154 33465
640 196 2497 2520 210655 33536
641 196 2497 2520 211297 33625
642 197 2497 2520 211915 33705
643 202 2497 2520 212511 33813
644 202 2497 2520 213126 33885
645 203 2497 2520 213836 34047
646 204 2497 2520 214584 34133
647 205 2497 2520 215285 34252
648 206 2497 2520 216043 34375
649 207 2497 2520 216806 34518
650 208 2497 2520 217681 34628
651 208 2497 2520 218583 34754
652 208 2497 2520 219412 34907
653 208 2497 2520 220217 35016
654 210 2497 2520 221010 35165
655 211 2497 2520 221746 35232
656 212 2497 2520 222507 35343
657 212 2497 2520 223337 35440
658 212 2497 2520 224181 35506
659 212 2497 2520 224958 35584
660 212 2497 2520 225731 35691
661 213 2497 2520 226446 35782
662 214 2497 2520 227172 35907
663 214 2497 2520 227911 36027
664 216 2497 2520 228689 36106
665 216 2497 2520 229335 36226
666 217 2497 2520 230049 36332
667 217 2497 2520 230735 36501
668 217 2497 2520 231372 36551
669 217 2497 2520 232111 36614
670 218 2497 2520 232798 36739
671 218 2496 2520 233516 36827
672 220 2496 2520 234238 36914
673 220 2496 2520 234972 36987
674 223 2496 2520 235681 37100
675 224 2496 2520 236426 37185
676 225 2496 2520 237229 37289
677 226 2496 2520 237998 37359
678 228 2495 2520 238811 37445
679 229 2495 2520 239626 37575
680 231 2495 2520 240404 37670
681 235 2495 2520 241338 37816
682 235 2495 2520 242242 37918
683 235 2495 2520 243136 38028
684 235 2495 2520 244111 38142
685 236 2495 2520 245092 38272
686 238 2495 2520 246033 38404
687 238 2495 2520 246958 38528
688 239 2495 2520 247965 38660
689 239 2495 2520 249066 38811
690 239 2495 2520 250101 38905
691 240 2495 2520 251030 39058
692 241 2495 2520 251850 39139
693 241 2495 2520 252735 39221
694 243 2495 2520 253609 39339
695 243 2495 2520 254490 39449
696 243 2495 2520 255361 39568
697 244 2495 2520 256178 39679
698 245 2495 2520 257005 39775
699 245 2495 2520 257754 39864
700 246 2495 2520 258575 39966
701 246 2495 2520 259363 40108
702 247 2495 2520 260229 40231
703 247 2495 2520 261005 40291
704 249 2495 2520 261756 40346
705 250 2495 2520 262576 40425
706 250 2495 2520 263376 40514
707 250 2495 2520 264211 40612
708 250 2495 2520 265028 40756
709 251 2495 2520 265764 40841
710 252 2495 2520 266516 40955
711 252 2495 2520 267256 41095
712 253 2495 2520 268036 41184
713 257 2495 2520 268788 41258
714 258 2494 2520 269549 41365
715 259 2494 2520 270413 41472
716 261 2494 2520 271338 41619
717 261 2494 2520 272287 41745
718 263 2494 2520 273236 41879
719 264 2494 2520 274174 42008
720 266 2494 2520 275079 42125
721 267 2494 2520 276052 42258
722 267 2494 2520 277037 42365
723 267 2494 2520 278100 42484
724 267 2494 2520 279152 42606
725 267 2494 2520 280141 42762
726 267 2494 2520 280939 42838
727 267 2494 2520 281826 42978
728 268 2494 2520 282644 43063
729 268 2494 2520 283476 43174
730 268 2494 2520 284306 43309
731 269 2494 2520 285021 43340
732 269 2494 2520 285798 43390
733 269 2494 2520 286577 43486
734 269 2494 2520 287298 43585
735 270 2494 2520 287977 43638
736 271 2494 2520 288719 43702
737 273 2494 2520 289466 43767
738 273 2494 2520 290210 43914
739 273 2494 2520 290890 44013
740 273 2494 2520 291636 44091
741 273 2494 2520 292278 44128
742 273 2494 2520 292988 44191
743 274 2494 2520 293585 44236
744 275 2494 2520 294269 44321
745 276 2494 2520 295017 44401
746 278 2494 2520 295672 44478
747 279 2494 2520 296400 44566
748 280 2494 2520 297169 44672
749 281 2494 2520 297875 44717
750 281 2494 2520 298674 44789
751 281 2494 2520 299480 44863
752 282 2494 2520 300193 44960
753 282 2494 2520 300978 45007
754 286 2494 2520 301734 45093
755 288 2493 2520 302453 45187
756 289 2492 2520 303359 45290
757 289 2492 2520 304201 45305
758 291 2492 2520 305058 45395
759 291 2492 2520 305848 45520
760 291 2492 2520 306742 45615
761 291 2491 2520 307549 45708
762 291 2491 2520 308449 45808
763 292 2491 2520 309269 45892
764 293 2491 2520 310148 45940
765 293 2490 2520 311062 46070
766 293 2490 2520 311897 46198
767 293 2489 2520 312716 46301
768 294 2489 2520 313473 46399
769 294 2489 2520 314317 46441
770 297 2488 2520 315104 46489
771 297 2488 2520 315949 46491
772 297 2488 2520 316815 46513
773 298 2488 2520 317657 46590
774 298 2488 2520 318382 46687
775 300 2488 2520 319141 46727
776 300 2488 2520 319911 46787
777 302 2488 2520 320695 46871
778 302 2488 2520 321497 46905
779 303 2488 2520 322300 46965
780 304 2487 2520 323132 47033
781 305 2487 2520 323940 47090
782 306 2487 2520 324812 47171
783 307 2487 2520 325705 47261
784 308 2487 2520 326594 47371
785 308 2487 2520 327467 47440
786 309 2487 2520 328372 47503
787 309 2487 2520 329274 47555
788 310 2487 2520 330108 47628
789 310 2487 2520 330956 47729
790 310 2487 2520 331817 47831
791 310 2487 2520 332668 47894
792 310 2487 2520 333551 47985
793 310 2487 2520 334327 48048
794 313 2487 2520 335109 48084
795 315 2487 2520 335908 48166
796 317 2487 2520 336734 48266
797 318 2487 2520 337542 48403
798 319 2487 2520 338399 48562
799 319 2487 2520 339261 48632
800 321 2487 2520 340146 48727
801 322 2487 2520 341029 48855
802 323 2487 2520 341844 49003
803 323 2487 2520 342638 49109
804 324 2487 2520 343570 49177
805 324 2487 2520 344385 49273
806 325 2487 2520 345267 49358
807 326 2487 2520 346138 49445
808 326 2487 2520 346885 49512
809 327 2487 2520 347752 49608
810 327 2487 2520 348596 49729
811 328 2487 2520 349456 49877
812 329 2487 2520 350263 49954
813 330 2486 2520 351103 50051
814 331 2486 2520 351929 50173
815 332 2486 2520 352714 50229
816 332 2486 2520 353567 50303
817 333 2486 2520 354426 50425
818 334 2486 2520 355279 50490
819 334 2486 2520 356057 50595
820 334 2485 2520 356935 50674
821 335 2485 2520 357796 50781
822 336 2485 2520 358642 50899
823 336 2485 2520 359427 50947
824 336 2484 2520 360210 51038
825 337 2484 2520 360982 51129
826 337 2484 2520 361788 51219
827 337 2484 2520 362563 51303
828 337 2484 2520 363335 51470
829 338 2484 2520 364074 51484
830 339 2484 2520 364843 51587
831 340 2484 2520 365602 51671
832 344 2484 2520 366361 51748
833 345 2483 2520 367112 51797
834 345 2483 2520 367966 51853
835 347 2483 2520 368795 51949
836 347 2483 2520 369664 52094
837 348 2483 2520 370492 52166
838 349 2483 2520 371424 52309
839 349 2483 2520 372362 52374
840 351 2483 2520 373275 52494
841 352 2483 2520 374140 52600
842 353 2483 2520 375093 52682
843 353 2483 2520 375998 52755
844 355 2483 2520 376986 52867
845 355 2483 2520 377898 52953
846 355 2483 2520 378836 53082
847 356 2482 2520 379638 53217
848 356 2481 2520 380494 53294
849 357 2481 2520 381322 53402
850 357 2481 2520 382138 53475
851 357 2481 2520 382966 53581
852 357 2481 2520 383795 53659
853 359 2481 2520 384636 53749
854 361 2481 2520 385440 53835
855 362 2481 2520 386192 53926
856 364 2480 2520 387089 54063
857 365 2480 2520 387911 54161
858 365 2480 2520 388794 54265
859 365 2480 2520 389715 54359
860 366 2480 2520 390550 54446
861 366 2480 2520 391386 54520
862 367 2480 2520 392335 54594
863 368 2480 2520 393192 54673
864 368 2480 2520 394070 54784
865 368 2480 2520 394925 54931
866 369 2480 2520 395784 55045
867 370 2480 2520 396581 55107
868 370 2480 2520 397462 55222
869 370 2480 2520 398386 55326
870 373 2480 2520 399171 55449
871 375 2480 2520 399998 55537
872 377 2480 2520 400842 55642
873 377 2480 2520 401804 55768
874 378 2480 2520 402657 55881
875 378 2480 2520 403584 55999
876 378 2480 2520 404534 56095
877 383 2480 2520 405440 56230
878 386 2480 2520 406416 56339
879 388 2480 2520 407432 56423
880 388 2479 2520 408524 56507
881 388 2479 2520 409649 56649
882 388 2479 2520 410754 56823
883 389 2478 2520 411760 56934
884 391 2478 2520 412774 57093
885 391 2478 2520 413821 57204
886 392 2478 2520 414921 57276
887 393 2477 2520 415948 57438
888 395 2477 2520 416999 57520
889 396 2476 2520 418067 57702
890 396 2476 2520 419183 57796
891 396 2476 2520 420307 58018
892 396 2475 2520 421339 58058
893 397 2475 2520 422471 58205
894 397 2475 2520 423599 58348
895 397 2474 2520 424656 58453
896 398 2473 2520 425725 58548
897 398 2473 2520 426765 58679
898 398 2473 2520 427731 58734
899 398 2473 2520 428712 58818
900 398 2473 2520 429705 58944
901 398 2473 2520 430588 59047
902 402 2473 2520 431586 59136
903 403 2473 2520 432357 59184
904 403 2473 2520 433244 59198
905 403 2473 2520 434154 59302
906 403 2473 2520 435118 59351
907 405 2473 2520 436029 59438
908 407 2473 2520 436955 59514
909 409 2473 2520 437863 59623
910 413 2473 2520 438838 59705
911 417 2473 2520 439791 59822
912 417 2473 2520 440955 59964
913 417 2473 2520 442043 60126
914 418 2473 2520 443114 60251
915 420 2473 2520 444141 60413
916 420 2473 2520 445211 60568
917 421 2473 2520 446340 60724
918 422 2472 2520 447461 60736
919 423 2472 2520 448636 60861
920 425 2472 2520 449714 61036
921 428 2472 2520 450947 61181
922 429 2472 2520 452030 61281
923 429 2472 2520 453209 61361
924 429 2472 2520 454277 61514
925 429 2472 2520 455386 61559
926 429 2472 2520 456508 61625
927 429 2471 2520 457455 61740
928 429 2471 2520 458482 61805
929 430 2471 2520 459461 61956
930 430 2471 2520 460485 61994
931 432 2471 2520 461495 62120
932 432 2471 2520 462506 62228
933 432 2471 2520 463415 62333
934 433 2470 2520 464395 62395
935 434 2470 2520 465303 62489
936 434 2469 2520 466246 62562
937 434 2469 2520 467253 62668
938 435 2469 2520 468241 62737
939 437 2469 2520 469190 62828
940 437 2469 2520 470067 62962
941 437 2469 2520 470948 63056
942 439 2469 2520 471881 63169
943 440 2469 2520 472796 63288
944 441 2469 2520 473641 63340
945 443 2469 2520 474569 63491
946 446 2469 2520 475435 63534
947 447 2469 2520 476390 63642
948 448 2468 2520 477328 63706
949 449 2468 2520 478364 63828
950 450 2468 2520 479348 63885
951 450 2468 2520 480404 63996
952 453 2468 2520 481476 64104
953 453 2468 2520 482547 64230
954 454 2468 2520 483535 64327
955 457 2468 2520 484571 64469
956 458 2468 2520 485726 64608
957 460 2468 2520 486743 64743
958 460 2467 2520 487812 64789
959 462 2467 2520 488944 64861
960 463 2467 2520 490118 64954
961 463 2467 2520 491248 65070
962 465 2467 2520 492457 65140
963 465 2467 2520 493683 65169
964 466 2467 2520 494860 65246
965 466 2467 2520 496065 65390
966 467 2467 2520 497168 65495
967 468 2467 2520 498354 65582
968 468 2467 2520 499505 65704
969 470 2467 2520 500649 65827
970 471 2466 2520 501692 65974
971 471 2465 2520 502862 66090
972 473 2465 2520 503964 66236
973 473 2465 2520 504969 66308
974 474 2465 2520 506105 66408
975 474 2465 2520 507156 66504
976 474 2465 2520 508240 66630
977 475 2465 2520 509233 66755
978 475 2465 2520 510160 66810
979 475 2465 2520 511203 66909
980 476 2465 2520 512109 66965
981 477 2465 2520 513070 67022
982 478 2464 2520 514049 67108
983 479 2464 2520 514954 67197
984 481 2464 2520 515846 67239
985 482 2464 2520 516864 67374
986 484 2464 2520 517801 67484
987 486 2464 2520 518775 67598
988 486 2464 2520 519846 67730
989 486 2464 2520 520856 67784
990 489 2464 2520 521831 67879
991 494 2464 2520 522885 67996
992 496 2464 2520 523963 68091
993 496 2464 2520 525170 68218
994 499 2464 2520 526342 68288
995 502 2464 2520 527453 68351
996 503 2464 2520 528672 68454
997 504 2464 2520 530040 68539
998 505 2464 2520 531293 68686
999 506 2464 2520 532542 68798
1000 506 2464 2520 533741 68874
