0 1 2519 2520 796 500
1 1 2519 2520 816 514
2 1 2519 2520 850 536
3 1 2519 2520 883 558
4 1 2519 2520 918 579
5 1 2519 2520 956 593
6 1 2519 2520 994 609
7 1 2519 2520 1026 629
8 1 2519 2520 1054 637
9 1 2519 2520 1082 651
10 1 2519 2520 1121 667
11 1 2519 2520 1144 677
12 1 2519 2520 1181 688
13 1 2519 2520 1210 703
14 1 2519 2520 1234 702
15 1 2519 2520 1254 708
16 1 2519 2520 1273 714
17 1 2519 2520 1301 721
18 1 2519 2520 1318 728
19 1 2519 2520 1324 729
20 1 2519 2520 1339 732
21 1 2519 2520 1355 737
22 1 2519 2520 1365 734
23 1 2519 2520 1392 746
24 1 2519 2520 1407 751
25 1 2519 2520 1412 748
26 1 2519 2520 1414 748
27 1 2519 2520 1415 742
28 1 2519 2520 1417 741
29 1 2519 2520 1417 738
30 1 2519 2520 1427 744
31 2 2519 2520 1431 743
32 2 2519 2520 1448 750
33 2 2519 2520 1533 790
34 2 2519 2520 1612 824
35 2 2519 2520 1680 845
36 2 2519 2520 1742 868
37 2 2519 2520 1810 884
38 2 2519 2520 1883 913
39 2 2519 2520 1964 936
40 2 2519 2520 2014 951
41 2 2519 2520 2073 969
42 2 2519 2520 2159 996
43 2 2519 2520 2220 1006
44 2 2519 2520 2276 1022
45 2 2519 2520 2315 1025
46 2 2519 2520 2365 1039
47 2 2519 2520 2398 1048
48 2 2519 2520 2439 1064
49 2 2519 2520 2462 1065
50 2 2519 2520 2481 1070
51 2 2519 2520 2513 1090
52 2 2519 2520 2530 1092
53 3 2519 2520 2542 1092
54 3 2519 2520 2575 1104
55 3 2519 2520 2644 1125
56 3 2519 2520 2704 1147
57 3 2519 2520 2780 1171
58 3 2519 2520 2844 1201
59 3 2519 2520 2912 1214
60 3 2519 2520 2968 1226
61 3 2519 2520 3032 1245
62 3 2519 2520 3113 1267
63 4 2519 2520 3168 1287
64 4 2519 2520 3233 1303
65 4 2519 2520 3351 1336
66 4 2519 2520 3474 1364
67 4 2519 2520 3572 1383
68 4 2519 2520 3709 1410
69 4 2519 2520 3838 1441
70 4 2519 2520 3976 1486
71 4 2519 2520 4071 1510
72 4 2519 2520 4152 1526
73 4 2519 2520 4235 1551
74 4 2519 2520 4346 1575
75 4 2519 2520 4435 1591
76 4 2519 2520 4500 1597
77 4 2519 2520 4568 1609
78 4 2519 2520 4634 1629
79 4 2519 2520 4684 1650
80 4 2519 2520 4738 1658
81 4 2519 2520 4786 1682
82 4 2519 2520 4833 1701
83 4 2519 2520 4889 1716
84 4 2519 2520 4925 1728
85 5 2519 2520 4961 1738
86 6 2519 2520 5019 1760
87 6 2519 2520 5101 1796
88 6 2519 2520 5208 1827
89 6 2519 2520 5338 1876
90 7 2519 2520 5462 1911
91 7 2519 2520 5596 1934
92 7 2519 2520 5779 1970
93 7 2519 2520 5953 2003
94 7 2519 2520 6147 2043
95 7 2519 2520 6309 2101
96 8 2519 2520 6476 2129
97 8 2519 2520 6668 2186
98 8 2518 2520 6852 2225
99 8 2518 2520 7066 2274
100 8 2518 2520 7262 2302
101 8 2518 2520 7448 2330
102 8 2518 2520 7663 2343
103 8 2518 2520 7851 2372
104 8 2518 2520 8021 2428
105 8 2518 2520 8212 2455
106 8 2518 2520 8356 2485
107 8 2518 2520 8511 2512
108 8 2518 2520 8649 2536
109 8 2518 2520 8777 2568
110 8 2518 2520 8868 2582
111 8 2518 2520 8971 2608
112 8 2517 2520 9080 2647
113 8 2517 2520 9219 2650
114 8 2517 2520 9312 2681
115 8 2517 2520 9422 2699
116 8 2517 2520 9509 2712
117 8 2517 2520 9585 2739
118 8 2517 2520 9660 2731
119 9 2517 2520 9720 2753
120 10 2517 2520 9760 2761
121 11 2517 2520 9862 2796
122 11 2517 2520 10042 2840
123 11 2517 2520 10203 2885
124 11 2517 2520 10353 2926
125 11 2517 2520 10495 2965
126 11 2517 2520 10649 3005
127 11 2517 2520 10785 3022
128 12 2517 2520 10966 3065
129 12 2517 2520 11139 3117
130 13 2517 2520 11286 3140
131 14 2517 2520 11451 3180
132 15 2517 2520 11639 3221
133 15 2517 2520 11867 3269
134 15 2517 2520 12133 3333
135 15 2517 2520 12387 3391
136 15 2517 2520 12632 3450
137 15 2517 2520 12862 3506
138 15 2517 2520 13093 3564
139 15 2517 2520 13328 3621
140 15 2517 2520 13548 3665
141 15 2517 2520 13773 3700
142 15 2517 2520 13965 3736
143 15 2517 2520 14170 3786
144 15 2517 2520 14406 3813
145 15 2517 2520 14560 3852
146 15 2517 2520 14714 3861
147 15 2516 2520 14905 3878
148 15 2516 2520 15093 3921
149 15 2516 2520 15297 3950
150 15 2516 2520 15490 3969
151 16 2516 2520 15661 4013
152 16 2516 2520 15807 4028
153 16 2516 2520 15997 4049
154 16 2516 2520 16174 4073
155 16 2516 2520 16328 4103
156 17 2516 2520 16492 4129
157 17 2516 2520 16690 4177
158 18 2516 2520 16871 4200
159 18 2516 2520 17059 4231
160 18 2516 2520 17252 4280
161 18 2516 2520 17461 4310
162 18 2515 2520 17684 4357
163 19 2515 2520 17915 4398
164 19 2515 2520 18122 4427
165 19 2515 2520 18347 4456
166 19 2515 2520 18578 4494
167 19 2515 2520 18809 4547
168 19 2515 2520 19015 4579
169 19 2515 2520 19230 4638
170 19 2515 2520 19408 4671
171 19 2515 2520 19636 4718
172 20 2515 2520 19823 4753
173 20 2515 2520 20000 4770
174 20 2515 2520 20181 4797
175 20 2515 2520 20416 4860
176 20 2515 2520 20595 4891
177 20 2515 2520 20781 4928
178 20 2515 2520 20997 4987
179 21 2515 2520 21164 5005
180 21 2515 2520 21365 5040
181 21 2515 2520 21548 5108
182 21 2515 2520 21722 5165
183 22 2515 2520 21916 5205
184 22 2515 2520 22078 5238
185 22 2515 2520 22311 5287
186 22 2515 2520 22507 5320
187 22 2515 2520 22731 5359
188 22 2515 2520 22907 5392
189 23 2515 2520 23113 5443
190 23 2515 2520 23320 5500
191 23 2515 2520 23554 5554
192 23 2515 2520 23736 5589
193 23 2515 2520 23907 5606
194 23 2515 2520 24090 5620
195 23 2515 2520 24242 5628
196 23 2515 2520 24414 5670
197 24 2515 2520 24592 5695
198 24 2515 2520 24774 5744
199 25 2515 2520 24969 5791
200 25 2515 2520 25214 5834
201 25 2515 2520 25429 5889
202 25 2515 2520 25650 5949
203 25 2515 2520 25845 5962
204 25 2515 2520 26084 6027
205 25 2515 2520 26284 6083
206 25 2515 2520 26504 6134
207 25 2515 2520 26725 6164
208 25 2515 2520 26927 6176
209 25 2515 2520 27124 6211
210 25 2515 2520 27319 6237
211 25 2515 2520 27493 6278
212 26 2515 2520 27684 6323
213 26 2515 2520 27872 6360
214 26 2515 2520 28024 6401
215 26 2515 2520 28180 6443
216 26 2515 2520 28326 6449
217 27 2515 2520 28482 6480
218 28 2515 2520 28681 6514
219 28 2515 2520 28887 6547
220 28 2515 2520 29094 6605
221 29 2515 2520 29332 6657
222 29 2515 2520 29561 6741
223 29 2515 2520 29793 6783
224 29 2515 2520 30073 6832
225 29 2515 2520 30303 6888
226 30 2515 2520 30504 6895
227 30 2515 2520 30718 6967
228 31 2515 2520 30970 7032
229 31 2515 2520 31219 7070
230 31 2515 2520 31502 7122
231 32 2515 2520 31766 7176
232 32 2515 2520 32003 7208
233 32 2515 2520 32344 7238
234 32 2515 2520 32623 7298
235 32 2515 2520 32867 7320
236 33 2515 2520 33088 7379
237 33 2515 2520 33380 7435
238 33 2515 2520 33671 7471
239 33 2515 2520 33929 7523
240 33 2515 2520 34240 7566
241 33 2515 2520 34523 7624
242 33 2515 2520 34796 7690
243 33 2515 2520 35081 7728
244 33 2515 2520 35328 7780
245 33 2515 2520 35551 7803
246 33 2515 2520 35776 7850
247 34 2515 2520 35990 7882
248 34 2515 2520 36197 7921
249 34 2515 2520 36410 7978
250 34 2515 2520 36612 8004
251 35 2515 2520 36844 8062
252 36 2515 2520 37086 8113
253 38 2515 2520 37341 8152
254 38 2514 2520 37627 8236
255 38 2514 2520 37982 8292
256 38 2514 2520 38286 8355
257 38 2514 2520 38603 8426
258 38 2514 2520 38903 8499
259 38 2514 2520 39236 8543
260 39 2514 2520 39523 8618
261 39 2514 2520 39865 8655
262 39 2514 2520 40164 8675
263 40 2514 2520 40463 8749
264 40 2514 2520 40773 8807
265 40 2514 2520 41094 8848
266 41 2514 2520 41384 8868
267 42 2514 2520 41690 8921
268 42 2514 2520 42055 8999
269 42 2514 2520 42375 9072
270 42 2514 2520 42717 9144
271 42 2514 2520 43040 9217
272 42 2514 2520 43343 9270
273 42 2514 2520 43660 9302
274 42 2514 2520 43973 9369
275 42 2514 2520 44229 9420
276 42 2514 2520 44496 9471
277 42 2514 2520 44798 9541
278 44 2514 2520 45059 9580
279 44 2514 2520 45376 9623
280 44 2514 2520 45677 9696
281 46 2514 2520 45960 9740
282 46 2514 2520 46240 9812
283 46 2514 2520 46630 9879
284 46 2514 2520 46915 9939
285 46 2514 2520 47236 10000
286 46 2514 2520 47611 10041
287 47 2514 2520 47954 10124
288 48 2514 2520 48303 10173
289 49 2514 2520 48594 10229
290 49 2514 2520 48951 10316
291 49 2514 2520 49258 10374
292 50 2513 2520 49594 10446
293 51 2513 2520 49966 10501
294 51 2513 2520 50338 10551
295 51 2513 2520 50671 10586
296 51 2513 2520 51084 10647
297 52 2513 2520 51442 10673
298 52 2513 2520 51825 10739
299 52 2513 2520 52219 10808
300 52 2513 2520 52625 10878
301 52 2513 2520 52968 10958
302 52 2513 2520 53289 11023
303 52 2513 2520 53657 11093
304 53 2513 2520 53947 11178
305 53 2513 2520 54276 11225
306 53 2513 2520 54609 11268
307 53 2513 2520 54900 11308
308 53 2513 2520 55177 11383
309 53 2513 2520 55478 11436
310 54 2513 2520 55744 11488
311 54 2513 2520 55998 11526
312 54 2513 2520 56254 11610
313 55 2513 2520 56505 11654
314 56 2513 2520 56755 11707
315 56 2513 2520 57050 11772
316 57 2513 2520 57390 11884
317 57 2513 2520 57706 11963
318 58 2513 2520 58036 12030
319 59 2513 2520 58427 12104
320 59 2513 2520 58833 12165
321 59 2513 2520 59238 12255
322 59 2513 2520 59658 12345
323 59 2513 2520 60098 12438
324 60 2513 2520 60462 12504
325 60 2513 2520 60880 12598
326 60 2513 2520 61273 12656
327 60 2513 2520 61629 12731
328 60 2513 2520 62045 12789
329 61 2513 2520 62363 12821
330 61 2513 2520 62772 12886
331 61 2513 2520 63189 12983
332 62 2513 2520 63565 13063
333 63 2513 2520 63948 13123
334 64 2513 2520 64369 13209
335 64 2513 2520 64788 13293
336 65 2513 2520 65196 13376
337 65 2513 2520 65561 13433
338 65 2513 2520 66005 13504
339 65 2513 2520 66416 13604
340 65 2513 2520 66847 13685
341 66 2513 2520 67263 13794
342 66 2513 2520 67653 13886
343 66 2513 2520 68092 13951
344 66 2513 2520 68494 14020
345 66 2513 2520 68847 14107
346 66 2513 2520 69236 14148
347 66 2513 2520 69638 14223
348 66 2513 2520 70031 14276
349 66 2513 2520 70395 14334
350 67 2513 2520 70669 14400
351 67 2513 2520 70930 14485
352 69 2513 2520 71272 14578
353 69 2513 2520 71626 14649
354 69 2513 2520 72019 14743
355 70 2513 2520 72372 14834
356 70 2513 2520 72786 14892
357 70 2512 2520 73175 14976
358 71 2512 2520 73594 15061
359 73 2512 2520 73992 15138
360 73 2512 2520 74353 15199
361 73 2512 2520 74776 15272
362 73 2512 2520 75219 15336
363 73 2512 2520 75687 15398
364 73 2512 2520 76084 15434
365 74 2512 2520 76465 15481
366 74 2511 2520 76874 15554
367 74 2511 2520 77267 15622
368 74 2511 2520 77607 15648
369 75 2511 2520 78005 15687
370 75 2511 2520 78407 15716
371 76 2511 2520 78799 15778
372 77 2511 2520 79199 15851
373 79 2511 2520 79558 15900
374 79 2511 2520 79977 15968
375 79 2511 2520 80462 16057
376 79 2511 2520 80922 16134
377 81 2511 2520 81350 16209
378 81 2511 2520 81824 16292
379 81 2511 2520 82345 16384
380 81 2511 2520 82859 16449
381 81 2511 2520 83383 16535
382 81 2511 2520 83828 16629
383 81 2511 2520 84262 16701
384 82 2511 2520 84751 16781
385 84 2511 2520 85187 16860
386 84 2511 2520 85650 16957
387 84 2511 2520 86129 17037
388 84 2511 2520 86603 17107
389 84 2511 2520 87020 17206
390 85 2511 2520 87432 17282
391 85 2511 2520 87873 17371
392 85 2511 2520 88302 17425
393 85 2511 2520 88786 17546
394 85 2511 2520 89222 17606
395 85 2511 2520 89676 17661
396 85 2511 2520 90083 17763
397 86 2511 2520 90482 17863
398 86 2510 2520 90831 17940
399 88 2510 2520 91197 17987
400 88 2510 2520 91638 18032
401 88 2510 2520 92035 18077
402 88 2510 2520 92443 18137
403 89 2510 2520 92820 18214
404 89 2510 2520 93151 18280
405 89 2510 2520 93535 18308
406 89 2510 2520 93894 18360
407 89 2510 2520 94229 18394
408 91 2510 2520 94666 18466
409 92 2510 2520 95058 18518
410 92 2510 2520 95458 18591
411 92 2510 2520 95887 18664
412 93 2510 2520 96284 18746
413 94 2510 2520 96697 18838
414 94 2510 2520 97154 18885
415 94 2510 2520 97592 18965
416 94 2510 2520 98101 19077
417 94 2510 2520 98517 19151
418 96 2509 2520 98949 19232
419 96 2509 2520 99392 19324
420 96 2509 2520 99944 19438
421 96 2508 2520 100389 19512
422 97 2508 2520 100884 19560
423 97 2508 2520 101338 19630
424 97 2508 2520 101780 19704
425 97 2508 2520 102251 19767
426 97 2508 2520 102676 19820
427 98 2508 2520 103130 19872
428 98 2508 2520 103566 19962
429 98 2508 2520 104003 20004
430 98 2508 2520 104455 20089
431 99 2508 2520 104854 20152
432 99 2508 2520 105299 20225
433 99 2507 2520 105658 20295
434 101 2507 2520 106059 20318
435 101 2507 2520 106465 20392
436 102 2507 2520 106877 20441
437 102 2507 2520 107347 20519
438 103 2507 2520 107792 20593
439 103 2507 2520 108257 20637
440 103 2507 2520 108727 20705
441 103 2507 2520 109207 20795
442 103 2507 2520 109631 20873
443 104 2507 2520 110084 20959
444 106 2507 2520 110537 21051
445 106 2507 2520 110938 21110
446 107 2507 2520 111324 21155
447 107 2506 2520 111762 21228
448 107 2506 2520 112243 21296
449 108 2506 2520 112682 21345
450 108 2506 2520 113145 21442
451 109 2505 2520 113643 21513
452 109 2505 2520 114128 21549
453 110 2505 2520 114599 21650
454 112 2505 2520 115020 21665
455 114 2505 2520 115507 21752
456 114 2505 2520 116032 21800
457 114 2505 2520 116577 21861
458 114 2505 2520 117129 21918
459 114 2505 2520 117697 21986
460 114 2505 2520 118190 22040
461 114 2503 2520 118710 22104
462 114 2503 2520 119287 22163
463 115 2503 2520 119753 22209
464 115 2503 2520 120237 22277
465 115 2503 2520 120730 22331
466 115 2503 2520 121160 22381
467 116 2503 2520 121607 22433
468 116 2503 2520 122106 22475
469 116 2503 2520 122554 22514
470 116 2503 2520 122984 22581
471 116 2503 2520 123382 22621
472 117 2503 2520 123806 22674
473 117 2503 2520 124212 22720
474 118 2503 2520 124627 22781
475 122 2503 2520 125038 22845
476 123 2503 2520 125463 22926
477 123 2503 2520 126043 23031
478 123 2503 2520 126627 23137
479 124 2502 2520 127208 23204
480 125 2502 2520 127748 23301
481 125 2502 2520 128373 23392
482 125 2502 2520 129047 23549
483 127 2502 2520 129647 23658
484 128 2502 2520 130225 23738
485 128 2502 2520 130872 23809
486 128 2502 2520 131499 23865
487 128 2502 2520 132173 23995
488 128 2502 2520 132789 24084
489 128 2502 2520 133381 24144
490 128 2502 2520 133968 24247
491 128 2502 2520 134586 24327
492 128 2502 2520 135144 24381
493 128 2502 2520 135668 24445
494 129 2502 2520 136238 24529
495 129 2502 2520 136714 24610
496 130 2502 2520 137182 24669
497 130 2502 2520 137600 24699
498 130 2502 2520 138000 24800
499 130 2502 2520 138456 24831
500 131 2502 2520 138904 24875
501 131 2502 2520 139379 24955
502 131 2502 2520 139872 25035
503 132 2502 2520 140272 25126
504 133 2502 2520 140696 25216
505 134 2502 2520 141186 25279
506 135 2502 2520 141693 25363
507 136 2502 2520 142199 25456
508 136 2502 2520 142769 25548
509 137 2502 2520 143260 25645
510 138 2502 2520 143727 25729
511 138 2502 2520 144336 25848
512 138 2502 2520 144908 25931
513 138 2502 2520 145499 26035
514 138 2502 2520 145987 26126
515 138 2502 2520 146519 26226
516 138 2502 2520 147042 26291
517 139 2502 2520 147550 26352
518 139 2502 2520 148040 26437
519 139 2502 2520 148512 26484
520 140 2502 2520 148984 26547
521 140 2502 2520 149497 26649
522 140 2502 2520 149921 26706
523 140 2502 2520 150320 26767
524 140 2502 2520 150815 26843
525 140 2502 2520 151210 26941
526 143 2502 2520 151630 27016
527 143 2502 2520 152048 27054
528 143 2502 2520 152528 27130
529 143 2502 2520 153055 27211
530 143 2502 2520 153560 27288
531 146 2502 2520 154021 27374
532 147 2502 2520 154477 27481
533 147 2502 2520 155031 27553
534 147 2502 2520 155533 27642
535 149 2501 2520 156018 27717
536 151 2501 2520 156566 27827
537 151 2501 2520 157233 27890
538 152 2501 2520 157841 28002
539 152 2501 2520 158469 28070
540 152 2501 2520 159158 28151
541 152 2501 2520 159772 28249
542 154 2501 2520 160368 28352
543 155 2500 2520 160945 28435
544 156 2500 2520 161572 28507
545 157 2500 2520 162183 28616
546 157 2500 2520 162901 28718
547 157 2500 2520 163559 28816
548 157 2500 2520 164188 28906
549 157 2500 2520 164810 29001
550 157 2500 2520 165426 29074
551 158 2500 2520 166064 29153
552 158 2500 2520 166641 29237
553 159 2500 2520 167262 29289
554 159 2500 2520 167799 29366
555 161 2500 2520 168389 29459
556 162 2500 2520 169009 29613
557 163 2500 2520 169646 29717
558 163 2500 2520 170248 29810
559 163 2500 2520 170949 29899
560 163 2500 2520 171597 29963
561 163 2500 2520 172223 30091
562 164 2500 2520 172839 30162
563 164 2500 2520 173409 30247
564 164 2500 2520 173979 30318
565 165 2500 2520 174526 30396
566 165 2500 2520 175079 30484
567 165 2500 2520 175575 30541
568 165 2500 2520 176125 30629
569 166 2500 2520 176613 30662
570 168 2499 2520 177107 30740
571 168 2498 2520 177609 30840
572 168 2498 2520 178206 30913
573 170 2498 2520 178716 30956
574 170 2498 2520 179305 31009
575 170 2498 2520 179900 31030
576 170 2498 2520 180459 31064
577 171 2498 2520 181045 31089
578 171 2498 2520 181579 31141
579 171 2497 2520 182177 31211
580 172 2497 2520 182744 31278
581 172 2497 2520 183320 31318
582 172 2497 2520 183849 31384
583 174 2497 2520 184323 31405
584 175 2497 2520 184946 31488
585 175 2497 2520 185453 31585
586 176 2497 2520 186050 31661
587 177 2497 2520 186637 31820
588 177 2497 2520 187291 31948
589 177 2497 2520 187955 32021
590 179 2497 2520 188528 32094
591 180 2497 2520 189210 32201
592 180 2497 2520 189878 32293
593 180 2497 2520 190541 32398
594 180 2497 2520 191235 32471
595 180 2497 2520 191851 32599
596 180 2497 2520 192479 32705
597 180 2497 2520 193145 32831
598 180 2497 2520 193716 32910
599 182 2497 2520 194187 32980
600 183 2497 2520 194733 33087
601 183 2497 2520 195330 33160
602 183 2497 2520 195849 33237
603 183 2497 2520 196351 33319
604 186 2497 2520 196875 33413
605 188 2497 2520 197389 33483
606 188 2497 2520 197887 33549
607 188 2497 2520 198502 33645
608 188 2497 2520 199131 33748
609 190 2497 2520 199689 33838
610 191 2496 2520 200287 33932
611 191 2496 2520 200916 33990
612 192 2496 2520 201502 34054
613 192 2496 2520 202098 34132
614 197 2496 2520 202721 34226
615 197 2496 2520 203382 34324
616 197 2496 2520 204070 34430
617 197 2496 2520 204721 34528
618 199 2496 2520 205428 34615
619 201 2496 2520 206257 34705
620 204 2496 2520 206945 34807
621 204 2495 2520 207776 34912
622 204 2495 2520 208747 35047
623 204 2495 2520 209600 35157
624 204 2494 2520 210466 35298
625 206 2494 2520 211332 35340
626 207 2494 2520 212195 35488
627 208 2493 2520 213032 35595
628 208 2493 2520 213951 35687
629 208 2493 2520 214820 35822
630 208 2493 2520 215685 35907
631 209 2493 2520 216409 36010
632 209 2492 2520 217163 36134
633 209 2492 2520 218003 36214
634 209 2492 2520 218754 36276
635 209 2492 2520 219573 36363
636 210 2492 2520 220288 36431
637 210 2492 2520 221057 36517
638 210 2492 2520 221786 36678
639 211 2492 2520 222404 36715
640 211 2492 2520 223032 36817
641 211 2492 2520 223710 36930
642 211 2492 2520 224323 37007
643 211 2492 2520 224923 37074
644 213 2492 2520 225472 37150
645 213 2492 2520 226078 37185
646 215 2492 2520 226672 37262
647 216 2492 2520 227295 37338
648 217 2491 2520 227977 37440
649 218 2491 2520 228677 37505
650 219 2491 2520 229341 37579
651 219 2491 2520 230159 37712
652 219 2491 2520 230924 37771
653 220 2491 2520 231647 37921
654 220 2491 2520 232393 38032
655 222 2490 2520 233139 38142
656 222 2490 2520 233941 38246
657 222 2490 2520 234672 38321
658 222 2490 2520 235476 38441
659 222 2490 2520 236217 38531
660 222 2490 2520 236965 38654
661 222 2490 2520 237717 38716
662 223 2490 2520 238348 38796
663 225 2490 2520 239001 38853
664 226 2489 2520 239679 38938
665 226 2489 2520 240393 39040
666 226 2489 2520 241159 39115
667 226 2489 2520 241823 39192
668 228 2489 2520 242525 39235
669 230 2489 2520 243265 39350
670 230 2489 2520 243951 39477
671 230 2489 2520 244703 39613
672 231 2489 2520 245473 39712
673 231 2489 2520 246147 39791
674 231 2489 2520 246875 39878
675 232 2489 2520 247622 39910
676 232 2489 2520 248294 39965
677 233 2489 2520 248892 40063
678 234 2489 2520 249590 40154
679 234 2488 2520 250275 40250
680 234 2488 2520 250962 40334
681 234 2488 2520 251652 40427
682 234 2488 2520 252381 40493
683 236 2488 2520 253063 40577
684 236 2488 2520 253706 40666
685 238 2488 2520 254421 40768
686 238 2488 2520 255137 40919
687 239 2488 2520 255872 41040
688 239 2488 2520 256578 41154
689 241 2488 2520 257303 41283
690 242 2488 2520 257959 41382
691 242 2488 2520 258684 41511
692 242 2488 2520 259418 41592
693 242 2488 2520 260126 41702
694 242 2488 2520 260851 41856
695 246 2488 2520 261566 41964
696 249 2488 2520 262339 42066
697 250 2488 2520 263096 42131
698 252 2488 2520 263862 42253
699 253 2488 2520 264632 42356
700 253 2488 2520 265467 42473
701 254 2488 2520 266365 42584
702 254 2488 2520 267217 42712
703 254 2488 2520 268025 42845
704 255 2488 2520 268780 42955
705 255 2488 2520 269669 43041
706 256 2488 2520 270521 43167
707 257 2488 2520 271264 43254
708 259 2488 2520 272054 43360
709 260 2488 2520 272836 43466
710 260 2488 2520 273605 43545
711 260 2488 2520 274414 43646
712 260 2488 2520 275159 43746
713 260 2488 2520 275856 43852
714 261 2488 2520 276596 43963
715 263 2488 2520 277252 44013
716 264 2487 2520 278002 44060
717 264 2487 2520 278743 44176
718 265 2487 2520 279537 44343
719 267 2487 2520 280328 44381
720 267 2487 2520 281158 44505
721 267 2486 2520 282037 44634
722 267 2486 2520 282831 44697
723 267 2486 2520 283599 44798
724 268 2486 2520 284421 44902
725 268 2486 2520 285135 44958
726 268 2486 2520 285898 45070
727 269 2486 2520 286682 45126
728 269 2486 2520 287431 45177
729 269 2486 2520 288090 45253
730 271 2486 2520 288803 45344
731 271 2486 2520 289547 45436
732 271 2486 2520 290266 45568
733 273 2486 2520 290914 45646
734 274 2486 2520 291619 45713
735 276 2486 2520 292391 45769
736 277 2486 2520 293112 45890
737 277 2486 2520 293825 45910
738 279 2486 2520 294587 46054
739 280 2486 2520 295350 46129
740 281 2486 2520 296177 46247
741 281 2486 2520 296983 46378
742 282 2486 2520 297798 46447
743 282 2486 2520 298628 46524
744 283 2486 2520 299425 46600
745 283 2485 2520 300177 46689
746 284 2485 2520 300994 46783
747 284 2484 2520 301713 46891
748 284 2484 2520 302554 46955
749 285 2484 2520 303451 47049
750 286 2484 2520 304281 47189
751 287 2484 2520 305066 47278
752 288 2484 2520 305836 47416
753 290 2484 2520 306704 47476
754 290 2484 2520 307527 47540
755 290 2484 2520 308402 47622
756 290 2484 2520 309258 47708
757 293 2484 2520 310057 47806
758 294 2484 2520 310947 47916
759 296 2484 2520 311730 48015
760 296 2484 2520 312635 48168
761 297 2484 2520 313508 48286
762 297 2484 2520 314399 48418
763 297 2484 2520 315284 48522
764 297 2484 2520 316161 48623
765 297 2484 2520 317034 48718
766 297 2484 2520 317894 48843
767 297 2483 2520 318641 48933
768 298 2483 2520 319376 48997
769 298 2483 2520 320195 49087
770 299 2483 2520 320923 49209
771 301 2483 2520 321743 49281
772 302 2483 2520 322519 49337
773 302 2483 2520 323312 49453
774 303 2483 2520 324058 49537
775 305 2483 2520 324785 49614
776 305 2483 2520 325679 49719
777 305 2483 2520 326436 49833
778 305 2483 2520 327267 49981
779 307 2483 2520 328036 50056
780 307 2483 2520 328848 50170
781 308 2483 2520 329615 50241
782 310 2482 2520 330399 50323
783 310 2482 2520 331227 50413
784 310 2482 2520 332051 50551
785 314 2482 2520 332924 50659
786 315 2482 2520 333772 50740
787 315 2480 2520 334680 50799
788 316 2480 2520 335531 50914
789 316 2480 2520 336438 51056
790 316 2480 2520 337326 51181
791 317 2480 2520 338210 51279
792 317 2480 2520 339097 51384
793 318 2480 2520 339941 51447
794 318 2480 2520 340827 51573
795 320 2480 2520 341607 51625
796 320 2480 2520 342370 51779
797 320 2480 2520 343214 51905
798 322 2479 2520 344025 51954
799 322 2479 2520 344936 52079
800 324 2479 2520 345786 52199
801 324 2479 2520 346532 52271
802 325 2479 2520 347353 52302
803 325 2479 2520 348203 52388
804 326 2479 2520 349023 52477
805 327 2479 2520 349803 52586
806 327 2479 2520 350624 52685
807 328 2479 2520 351442 52801
808 328 2479 2520 352246 52869
809 328 2479 2520 353078 52972
810 328 2478 2520 353844 53087
811 329 2478 2520 354622 53140
812 329 2478 2520 355452 53234
813 329 2478 2520 356203 53339
814 329 2478 2520 356985 53416
815 331 2478 2520 357734 53504
816 332 2478 2520 358545 53575
817 334 2477 2520 359346 53693
818 334 2477 2520 360169 53824
819 334 2477 2520 360934 53929
820 336 2477 2520 361715 54089
821 339 2477 2520 362568 54220
822 341 2477 2520 363378 54372
823 341 2477 2520 364207 54489
824 341 2477 2520 365113 54628
825 344 2477 2520 366051 54732
826 344 2477 2520 366932 54921
827 346 2477 2520 367852 55022
828 347 2477 2520 368746 55119
829 347 2477 2520 369704 55262
830 349 2477 2520 370639 55339
831 349 2477 2520 371608 55437
832 349 2477 2520 372535 55578
833 349 2477 2520 373443 55683
834 349 2477 2520 374342 55753
835 350 2477 2520 375268 55857
836 350 2477 2520 376084 55919
837 350 2477 2520 376927 56015
838 352 2477 2520 377721 56094
839 353 2477 2520 378543 56185
840 353 2476 2520 379436 56304
841 354 2476 2520 380253 56366
842 355 2476 2520 381146 56449
843 356 2476 2520 382056 56589
844 357 2476 2520 382915 56643
845 358 2476 2520 383712 56723
846 359 2476 2520 384587 56837
847 359 2476 2520 385355 56940
848 359 2476 2520 386183 57041
849 360 2476 2520 386998 57133
850 360 2476 2520 387841 57234
851 362 2475 2520 388602 57303
852 364 2474 2520 389359 57384
853 367 2474 2520 390187 57475
854 368 2474 2520 391103 57551
855 372 2473 2520 392055 57628
856 374 2473 2520 393090 57811
857 374 2473 2520 394090 57941
858 375 2473 2520 394971 58005
859 376 2473 2520 396001 58164
860 376 2473 2520 396943 58298
861 376 2473 2520 397945 58399
862 377 2473 2520 398908 58552
863 377 2472 2520 399894 58674
864 378 2472 2520 400836 58790
865 379 2472 2520 401867 58929
866 379 2472 2520 402825 59081
867 381 2472 2520 403775 59229
868 382 2472 2520 404798 59322
869 382 2472 2520 405805 59406
870 382 2472 2520 406791 59566
871 382 2472 2520 407676 59640
872 382 2472 2520 408561 59762
873 382 2472 2520 409429 59873
874 384 2472 2520 410288 59970
875 384 2471 2520 411098 60068
876 384 2471 2520 411863 60169
877 384 2471 2520 412651 60281
878 386 2470 2520 413409 60357
879 386 2470 2520 414149 60381
880 388 2469 2520 414993 60555
881 389 2469 2520 415816 60641
882 390 2469 2520 416671 60713
883 390 2469 2520 417522 60806
884 390 2469 2520 418336 60886
885 391 2469 2520 419016 60927
886 394 2469 2520 419869 60997
887 399 2469 2520 420738 61018
888 399 2469 2520 421754 61107
889 400 2469 2520 422762 61276
890 401 2469 2520 423700 61333
891 402 2469 2520 424769 61431
892 405 2469 2520 425782 61503
893 407 2469 2520 426808 61572
894 409 2469 2520 427853 61714
895 409 2469 2520 428963 61814
896 410 2469 2520 430097 61996
897 410 2469 2520 431200 62083
898 410 2469 2520 432469 62305
899 411 2467 2520 433555 62454
900 411 2467 2520 434703 62589
901 411 2466 2520 435792 62749
902 412 2466 2520 436891 62833
903 413 2466 2520 437994 62947
904 413 2466 2520 438984 63008
905 413 2466 2520 440066 63094
906 413 2466 2520 441058 63236
907 413 2466 2520 442030 63338
908 414 2466 2520 442894 63439
909 414 2465 2520 443732 63541
910 415 2465 2520 444666 63623
911 415 2465 2520 445641 63689
912 415 2465 2520 446615 63835
913 416 2465 2520 447496 63906
914 416 2465 2520 448404 64016
915 416 2465 2520 449249 64086
916 418 2465 2520 450177 64186
917 418 2465 2520 450958 64226
918 421 2465 2520 451878 64304
919 422 2465 2520 452736 64399
920 423 2465 2520 453601 64494
921 423 2464 2520 454494 64618
922 424 2464 2520 455388 64681
923 425 2463 2520 456304 64795
924 427 2463 2520 457271 64935
925 430 2463 2520 458250 65007
926 430 2463 2520 459328 65104
927 432 2463 2520 460321 65215
928 434 2463 2520 461396 65309
929 435 2463 2520 462466 65412
930 436 2463 2520 463537 65538
931 437 2463 2520 464547 65659
932 438 2463 2520 465658 65698
933 441 2463 2520 466747 65892
934 442 2463 2520 467923 66038
935 444 2463 2520 469062 66161
936 446 2462 2520 470219 66325
937 446 2462 2520 471353 66401
938 447 2462 2520 472510 66542
939 447 2462 2520 473603 66716
940 447 2462 2520 474665 66847
941 449 2462 2520 475764 66963
942 449 2461 2520 476904 67121
943 451 2461 2520 478013 67214
944 453 2461 2520 479180 67319
945 454 2461 2520 480213 67493
946 454 2461 2520 481278 67616
947 455 2460 2520 482392 67703
948 455 2459 2520 483539 67781
949 455 2459 2520 484619 67839
950 455 2459 2520 485682 67949
951 455 2459 2520 486786 68039
952 456 2459 2520 487761 68126
953 456 2459 2520 488795 68217
954 456 2459 2520 489813 68348
955 456 2459 2520 490699 68433
956 457 2459 2520 491602 68538
957 459 2459 2520 492476 68587
958 460 2459 2520 493459 68627
959 461 2459 2520 494373 68709
960 462 2459 2520 495364 68823
961 464 2459 2520 496293 68874
962 465 2459 2520 497296 68960
963 466 2459 2520 498285 69115
964 470 2459 2520 499308 69151
965 470 2459 2520 500279 69277
966 470 2459 2520 501288 69387
967 474 2459 2520 502389 69545
968 474 2459 2520 503490 69702
969 474 2459 2520 504613 69870
970 476 2459 2520 505765 69985
971 477 2459 2520 506914 70112
972 478 2459 2520 507993 70255
973 480 2459 2520 509074 70364
974 481 2459 2520 510218 70504
975 481 2459 2520 511332 70631
976 481 2459 2520 512458 70732
977 481 2459 2520 513471 70806
978 484 2459 2520 514545 70968
979 485 2459 2520 515619 71100
980 485 2459 2520 516742 71187
981 485 2459 2520 517803 71334
982 485 2459 2520 518860 71419
983 485 2459 2520 519870 71508
984 485 2459 2520 520878 71608
985 486 2459 2520 521910 71689
986 487 2459 2520 523006 71795
987 487 2459 2520 523941 71893
988 488 2459 2520 524887 71976
989 489 2459 2520 525792 72127
990 489 2459 2520 526739 72243
991 491 2459 2520 527641 72356
992 493 2459 2520 528574 72460
993 493 2459 2520 529462 72535
994 494 2459 2520 530433 72628
995 496 2459 2520 531437 72722
996 497 2459 2520 532364 72829
997 499 2459 2520 533318 72941
998 499 2459 2520 534292 73118
999 499 2459 2520 535361 73186
1000 501 2459 2520 536339 73252
