0 1 2519 2520 794 499
1 1 2519 2520 812 511
2 1 2519 2520 846 530
3 1 2519 2520 881 546
4 1 2519 2520 921 573
5 1 2519 2520 950 594
6 1 2519 2520 989 612
7 1 2519 2520 1027 640
8 1 2519 2520 1059 651
9 1 2519 2520 1093 662
10 1 2519 2520 1129 676
11 1 2519 2520 1165 692
12 1 2519 2520 1189 702
13 1 2519 2520 1206 702
14 1 2519 2520 1219 708
15 1 2519 2520 1247 717
16 1 2519 2520 1258 720
17 1 2519 2520 1264 720
18 1 2519 2520 1279 726
19 1 2519 2520 1299 732
20 1 2519 2520 1310 737
21 1 2519 2520 1313 734
22 1 2519 2520 1328 740
23 1 2519 2520 1343 746
24 1 2519 2520 1362 754
25 1 2519 2520 1373 754
26 1 2519 2520 1374 755
27 1 2519 2520 1385 756
28 2 2519 2520 1377 749
29 2 2519 2520 1402 759
30 2 2519 2520 1484 793
31 2 2519 2520 1564 831
32 2 2519 2520 1658 869
33 2 2519 2520 1737 897
34 2 2519 2520 1845 936
35 2 2519 2520 1940 976
36 2 2519 2520 2020 1002
37 2 2519 2520 2093 1006
38 2 2519 2520 2172 1027
39 2 2519 2520 2241 1055
40 2 2519 2520 2294 1064
41 2 2519 2520 2332 1073
42 2 2519 2520 2394 1095
43 2 2519 2520 2446 1110
44 2 2519 2520 2483 1120
45 2 2519 2520 2521 1136
46 2 2519 2520 2542 1143
47 2 2519 2520 2583 1161
48 2 2519 2520 2615 1176
49 2 2519 2520 2643 1189
50 2 2519 2520 2662 1195
51 2 2519 2520 2685 1203
52 2 2519 2520 2703 1210
53 2 2519 2520 2720 1216
54 2 2519 2520 2724 1225
55 2 2519 2520 2731 1225
56 2 2519 2520 2737 1227
57 2 2519 2520 2736 1231
58 2 2519 2520 2743 1224
59 2 2519 2520 2753 1231
60 2 2519 2520 2746 1229
61 2 2519 2520 2760 1226
62 2 2519 2520 2784 1244
63 2 2519 2520 2779 1237
64 2 2519 2520 2789 1242
65 3 2519 2520 2793 1241
66 3 2519 2520 2822 1250
67 3 2519 2520 2888 1275
68 4 2519 2520 2939 1285
69 4 2519 2520 3022 1314
70 4 2519 2520 3164 1361
71 4 2519 2520 3304 1392
72 4 2519 2520 3446 1419
73 4 2519 2520 3590 1462
74 4 2519 2520 3704 1481
75 4 2519 2520 3839 1507
76 4 2519 2520 3979 1541
77 4 2519 2520 4062 1569
78 4 2519 2520 4167 1588
79 4 2519 2520 4289 1618
80 4 2519 2520 4391 1658
81 4 2519 2520 4477 1690
82 4 2519 2520 4572 1705
83 4 2519 2520 4647 1739
84 4 2519 2520 4727 1754
85 4 2519 2520 4790 1781
86 4 2519 2520 4835 1798
87 4 2519 2520 4867 1817
88 4 2519 2520 4915 1833
89 4 2519 2520 4956 1851
90 4 2519 2520 4980 1879
91 4 2519 2520 5002 1888
92 4 2519 2520 5035 1900
93 4 2519 2520 5063 1912
94 4 2519 2520 5073 1911
95 4 2519 2520 5092 1919
96 4 2519 2520 5114 1925
97 4 2519 2520 5153 1936
98 5 2519 2520 5180 1940
99 5 2519 2520 5215 1959
100 6 2519 2520 5274 1970
101 6 2519 2520 5376 1988
102 6 2519 2520 5508 2021
103 6 2519 2520 5641 2048
104 7 2519 2520 5768 2071
105 7 2519 2520 5908 2115
106 7 2519 2520 6086 2160
107 8 2519 2520 6311 2223
108 8 2519 2520 6496 2271
109 8 2519 2520 6705 2331
110 8 2519 2520 6905 2378
111 8 2519 2520 7117 2410
112 8 2519 2520 7375 2450
113 8 2518 2520 7568 2489
114 8 2518 2520 7772 2506
115 8 2518 2520 7970 2532
116 8 2518 2520 8151 2580
117 8 2518 2520 8321 2608
118 8 2518 2520 8500 2654
119 8 2518 2520 8651 2679
120 8 2518 2520 8777 2696
121 8 2518 2520 8878 2711
122 8 2518 2520 9006 2715
123 8 2518 2520 9104 2746
124 8 2518 2520 9205 2758
125 8 2518 2520 9281 2771
126 8 2518 2520 9362 2792
127 8 2518 2520 9428 2801
128 8 2518 2520 9505 2832
129 8 2518 2520 9587 2842
130 9 2518 2520 9662 2839
131 9 2518 2520 9709 2857
132 9 2518 2520 9811 2886
133 9 2518 2520 9897 2911
134 11 2518 2520 9976 2917
135 12 2518 2520 10087 2936
136 12 2518 2520 10254 2988
137 12 2518 2520 10402 3020
138 12 2518 2520 10570 3072
139 13 2518 2520 10725 3109
140 13 2518 2520 10911 3158
141 13 2518 2520 11113 3187
142 13 2518 2520 11342 3243
143 13 2518 2520 11580 3283
144 14 2518 2520 11785 3325
145 14 2518 2520 11999 3361
146 14 2518 2520 12283 3428
147 14 2517 2520 12568 3477
148 14 2517 2520 12812 3517
149 14 2517 2520 13022 3552
150 14 2516 2520 13256 3585
151 14 2516 2520 13500 3644
152 14 2516 2520 13752 3694
153 14 2516 2520 13970 3693
154 14 2516 2520 14187 3708
155 14 2516 2520 14398 3731
156 14 2516 2520 14573 3740
157 14 2516 2520 14726 3761
158 15 2516 2520 14869 3781
159 15 2516 2520 15007 3796
160 15 2516 2520 15139 3794
161 15 2516 2520 15282 3837
162 15 2516 2520 15415 3866
163 15 2516 2520 15537 3892
164 15 2516 2520 15667 3928
165 15 2516 2520 15788 3966
166 15 2516 2520 15892 3990
167 16 2516 2520 16004 4014
168 16 2516 2520 16155 4039
169 17 2516 2520 16300 4067
170 17 2516 2520 16433 4100
171 18 2516 2520 16613 4125
172 19 2516 2520 16814 4165
173 19 2516 2520 17075 4238
174 19 2516 2520 17290 4284
175 20 2516 2520 17523 4325
176 20 2516 2520 17770 4376
177 20 2516 2520 18063 4440
178 20 2516 2520 18330 4500
179 20 2516 2520 18641 4559
180 20 2516 2520 18910 4610
181 20 2516 2520 19156 4667
182 20 2516 2520 19422 4721
183 20 2516 2520 19670 4744
184 20 2516 2520 19885 4803
185 20 2516 2520 20065 4835
186 20 2516 2520 20235 4877
187 20 2516 2520 20403 4918
188 20 2516 2520 20588 4972
189 20 2516 2520 20773 5005
190 20 2516 2520 20901 5021
191 20 2516 2520 21050 5052
192 20 2516 2520 21204 5068
193 21 2516 2520 21336 5096
194 21 2516 2520 21483 5125
195 21 2516 2520 21627 5146
196 21 2516 2520 21773 5174
197 22 2515 2520 21914 5202
198 22 2515 2520 22066 5236
199 22 2515 2520 22255 5276
200 22 2515 2520 22411 5288
201 22 2515 2520 22586 5337
202 22 2515 2520 22775 5366
203 22 2515 2520 22945 5405
204 22 2515 2520 23071 5427
205 25 2515 2520 23214 5446
206 25 2515 2520 23448 5487
207 25 2515 2520 23727 5547
208 25 2515 2520 24021 5589
209 25 2515 2520 24276 5636
210 25 2515 2520 24512 5688
211 25 2515 2520 24810 5763
212 25 2515 2520 25088 5796
213 25 2515 2520 25299 5845
214 25 2515 2520 25522 5888
215 25 2515 2520 25768 5937
216 25 2515 2520 25973 5999
217 25 2515 2520 26154 6040
218 25 2515 2520 26314 6080
219 25 2515 2520 26486 6107
220 25 2515 2520 26647 6128
221 25 2515 2520 26823 6154
222 25 2515 2520 26973 6177
223 25 2515 2520 27143 6211
224 25 2515 2520 27296 6225
225 25 2515 2520 27446 6258
226 25 2515 2520 27581 6279
227 26 2515 2520 27699 6289
228 26 2515 2520 27823 6310
229 26 2515 2520 27987 6337
230 26 2515 2520 28139 6351
231 26 2515 2520 28297 6381
232 27 2515 2520 28435 6400
233 27 2515 2520 28607 6402
234 28 2515 2520 28783 6463
235 28 2515 2520 28955 6502
236 29 2515 2520 29122 6549
237 31 2515 2520 29318 6593
238 31 2515 2520 29559 6654
239 32 2515 2520 29850 6711
240 33 2515 2520 30104 6761
241 34 2515 2520 30406 6811
242 34 2515 2520 30784 6904
243 34 2515 2520 31118 6978
244 34 2515 2520 31512 7056
245 34 2515 2520 31851 7095
246 34 2515 2520 32256 7157
247 34 2515 2520 32593 7230
248 34 2515 2520 32895 7264
249 34 2515 2520 33228 7350
250 34 2515 2520 33535 7402
251 34 2515 2520 33822 7452
252 35 2515 2520 34091 7482
253 35 2515 2520 34320 7537
254 35 2515 2520 34587 7580
255 35 2515 2520 34861 7664
256 35 2515 2520 35078 7693
257 35 2515 2520 35331 7754
258 35 2515 2520 35560 7770
259 35 2515 2520 35775 7808
260 36 2515 2520 35981 7865
261 36 2515 2520 36211 7910
262 36 2515 2520 36443 7946
263 36 2515 2520 36681 8016
264 36 2515 2520 36907 8054
265 36 2515 2520 37099 8088
266 36 2515 2520 37295 8135
267 36 2515 2520 37496 8163
268 36 2515 2520 37678 8215
269 37 2515 2520 37893 8239
270 38 2515 2520 38095 8238
271 39 2515 2520 38310 8294
272 39 2515 2520 38545 8340
273 39 2515 2520 38818 8422
274 39 2515 2520 39105 8485
275 40 2515 2520 39386 8551
276 40 2515 2520 39658 8592
277 40 2515 2520 39976 8664
278 41 2515 2520 40293 8727
279 41 2515 2520 40626 8780
280 41 2515 2520 40947 8863
281 41 2515 2520 41260 8913
282 41 2515 2520 41599 8992
283 41 2515 2520 41931 9051
284 41 2515 2520 42212 9116
285 41 2515 2520 42527 9158
286 41 2515 2520 42821 9203
287 41 2515 2520 43082 9249
288 41 2515 2520 43336 9294
289 41 2515 2520 43563 9336
290 41 2515 2520 43790 9384
291 41 2515 2520 43999 9413
292 41 2515 2520 44214 9419
293 41 2515 2520 44413 9468
294 41 2515 2520 44624 9508
295 43 2515 2520 44834 9543
296 43 2515 2520 45056 9611
297 43 2515 2520 45248 9674
298 43 2515 2520 45470 9685
299 43 2515 2520 45677 9726
300 43 2515 2520 45883 9790
301 43 2515 2520 46116 9834
302 43 2515 2520 46363 9883
303 43 2515 2520 46565 9909
304 43 2515 2520 46767 9920
305 44 2515 2520 46955 9964
306 45 2515 2520 47204 10001
307 45 2515 2520 47509 10064
308 45 2515 2520 47783 10108
309 47 2515 2520 48078 10138
310 47 2515 2520 48368 10209
311 47 2515 2520 48664 10272
312 47 2515 2520 48977 10332
313 47 2515 2520 49253 10386
314 49 2515 2520 49552 10435
315 49 2515 2520 49836 10490
316 49 2515 2520 50160 10552
317 49 2515 2520 50488 10610
318 49 2515 2520 50790 10681
319 49 2515 2520 51086 10737
320 49 2515 2520 51407 10802
321 50 2515 2520 51656 10857
322 51 2515 2520 51959 10919
323 51 2515 2520 52296 10961
324 51 2515 2520 52626 11002
325 51 2515 2520 52939 11075
326 51 2515 2520 53231 11086
327 51 2515 2520 53551 11136
328 51 2515 2520 53855 11205
329 52 2515 2520 54196 11257
330 52 2515 2520 54521 11356
331 53 2515 2520 54806 11412
332 53 2515 2520 55077 11453
333 53 2515 2520 55402 11503
334 54 2515 2520 55723 11543
335 54 2515 2520 56048 11605
336 55 2515 2520 56336 11636
337 55 2515 2520 56665 11717
338 56 2515 2520 56950 11764
339 56 2515 2520 57254 11829
340 57 2515 2520 57589 11844
341 57 2515 2520 57913 11917
342 58 2515 2520 58266 11977
343 58 2515 2520 58631 12050
344 58 2515 2520 59009 12108
345 58 2515 2520 59396 12195
346 59 2515 2520 59767 12260
347 59 2515 2520 60123 12311
348 59 2515 2520 60470 12367
349 59 2515 2520 60797 12415
350 60 2515 2520 61082 12450
351 60 2515 2520 61424 12507
352 60 2515 2520 61806 12605
353 61 2515 2520 62138 12649
354 61 2515 2520 62495 12713
355 61 2515 2520 62833 12758
356 61 2515 2520 63173 12840
357 61 2515 2520 63560 12922
358 61 2515 2520 63900 13001
359 62 2515 2520 64256 13057
360 63 2515 2520 64567 13121
361 63 2515 2520 64927 13180
362 64 2515 2520 65255 13258
363 64 2515 2520 65608 13321
364 64 2515 2520 65974 13384
365 64 2515 2520 66362 13441
366 64 2515 2520 66682 13477
367 65 2515 2520 67018 13544
368 65 2515 2520 67385 13595
369 65 2515 2520 67746 13655
370 65 2515 2520 68052 13687
371 65 2515 2520 68368 13729
372 65 2515 2520 68693 13780
373 66 2515 2520 69023 13838
374 67 2515 2520 69307 13859
375 68 2515 2520 69645 13927
376 68 2515 2520 69997 13989
377 69 2515 2520 70412 14055
378 69 2514 2520 70779 14127
379 69 2514 2520 71159 14198
380 69 2514 2520 71542 14245
381 69 2514 2520 71919 14291
382 69 2514 2520 72303 14322
383 70 2514 2520 72683 14359
384 70 2514 2520 73008 14401
385 72 2514 2520 73410 14497
386 72 2514 2520 73786 14543
387 73 2514 2520 74211 14611
388 73 2514 2520 74620 14698
389 73 2514 2520 75036 14789
390 73 2514 2520 75435 14846
391 73 2514 2520 75790 14913
392 73 2514 2520 76111 14994
393 73 2514 2520 76471 15075
394 74 2514 2520 76831 15112
395 74 2514 2520 77187 15161
396 74 2514 2520 77496 15217
397 74 2514 2520 77831 15283
398 75 2514 2520 78177 15333
399 75 2514 2520 78471 15370
400 75 2514 2520 78778 15420
401 75 2514 2520 79087 15457
402 75 2514 2520 79398 15525
403 75 2514 2520 79682 15586
404 76 2514 2520 80029 15628
405 77 2514 2520 80344 15655
406 77 2514 2520 80660 15718
407 77 2514 2520 81032 15780
408 77 2514 2520 81383 15864
409 78 2514 2520 81727 15968
410 78 2514 2520 82038 16023
411 78 2514 2520 82416 16120
412 79 2514 2520 82770 16213
413 80 2514 2520 83140 16283
414 80 2514 2520 83522 16385
415 80 2514 2520 83872 16434
416 81 2514 2520 84222 16482
417 83 2514 2520 84649 16557
418 83 2514 2520 85085 16628
419 84 2514 2520 85519 16687
420 84 2514 2520 85937 16746
421 84 2514 2520 86369 16801
422 84 2514 2520 86826 16902
423 84 2514 2520 87294 16998
424 84 2514 2520 87678 17046
425 84 2514 2520 88119 17109
426 84 2514 2520 88544 17161
427 84 2513 2520 88973 17251
428 86 2513 2520 89314 17320
429 86 2513 2520 89761 17378
430 87 2513 2520 90206 17440
431 87 2513 2520 90572 17494
432 87 2513 2520 91027 17595
433 87 2513 2520 91414 17649
434 87 2513 2520 91820 17734
435 88 2513 2520 92191 17776
436 88 2513 2520 92537 17821
437 89 2513 2520 92902 17906
438 90 2513 2520 93278 17996
439 90 2513 2520 93658 18049
440 90 2513 2520 94055 18108
441 91 2513 2520 94463 18159
442 91 2513 2520 94912 18258
443 92 2513 2520 95357 18353
444 92 2513 2520 95813 18437
445 92 2513 2520 96281 18514
446 92 2513 2520 96759 18576
447 92 2513 2520 97192 18641
448 92 2513 2520 97619 18697
449 92 2513 2520 98066 18781
450 92 2513 2520 98459 18823
451 93 2512 2520 98906 18901
452 94 2512 2520 99327 18984
453 94 2512 2520 99726 19055
454 94 2512 2520 100080 19108
455 96 2512 2520 100453 19122
456 96 2512 2520 100924 19204
457 97 2512 2520 101395 19284
458 97 2512 2520 101825 19343
459 98 2512 2520 102297 19422
460 98 2512 2520 102787 19466
461 98 2512 2520 103207 19543
462 98 2512 2520 103596 19588
463 99 2512 2520 103995 19657
464 99 2512 2520 104442 19694
465 100 2512 2520 104864 19790
466 100 2512 2520 105303 19868
467 100 2512 2520 105768 19979
468 100 2512 2520 106191 20039
469 100 2512 2520 106616 20107
470 100 2512 2520 106970 20149
471 102 2512 2520 107358 20213
472 103 2512 2520 107748 20290
473 103 2512 2520 108168 20376
474 104 2512 2520 108576 20432
475 105 2512 2520 109044 20503
476 105 2512 2520 109541 20569
477 106 2512 2520 109988 20646
478 106 2511 2520 110500 20738
479 107 2511 2520 111016 20844
480 109 2511 2520 111513 20915
481 109 2511 2520 112026 21024
482 110 2511 2520 112579 21098
483 110 2511 2520 113111 21209
484 111 2511 2520 113630 21307
485 111 2511 2520 114176 21376
486 111 2511 2520 114618 21468
487 111 2511 2520 115140 21545
488 112 2511 2520 115680 21614
489 112 2511 2520 116186 21721
490 113 2511 2520 116669 21791
491 113 2511 2520 117163 21863
492 113 2511 2520 117641 21975
493 114 2511 2520 118136 22049
494 114 2511 2520 118640 22127
495 114 2510 2520 119111 22189
496 115 2510 2520 119552 22253
497 116 2510 2520 120044 22325
498 117 2510 2520 120515 22407
499 117 2510 2520 120978 22496
500 117 2510 2520 121546 22586
501 117 2510 2520 122057 22663
502 117 2509 2520 122633 22752
503 118 2509 2520 123159 22794
504 118 2509 2520 123700 22824
505 118 2509 2520 124173 22875
506 119 2509 2520 124693 22937
507 119 2509 2520 125216 23025
508 119 2509 2520 125774 23109
509 119 2509 2520 126257 23161
510 120 2509 2520 126688 23194
511 120 2509 2520 127131 23239
512 121 2509 2520 127617 23324
513 121 2509 2520 128053 23397
514 121 2509 2520 128549 23441
515 121 2509 2520 129045 23529
516 123 2509 2520 129429 23596
517 123 2509 2520 129849 23652
518 123 2509 2520 130351 23740
519 123 2509 2520 130865 23811
520 123 2509 2520 131310 23906
521 124 2509 2520 131789 23959
522 124 2509 2520 132215 24020
523 125 2509 2520 132685 24093
524 125 2509 2520 133161 24171
525 125 2509 2520 133628 24271
526 127 2509 2520 134022 24349
527 128 2509 2520 134449 24404
528 128 2509 2520 134970 24495
529 128 2509 2520 135491 24551
530 128 2509 2520 136008 24603
531 129 2509 2520 136538 24695
532 130 2509 2520 137034 24757
533 130 2509 2520 137504 24852
534 130 2509 2520 138056 24940
535 131 2509 2520 138522 25002
536 131 2509 2520 139071 25104
537 131 2508 2520 139580 25210
538 132 2508 2520 140032 25267
539 132 2508 2520 140570 25359
540 132 2508 2520 141071 25419
541 132 2508 2520 141569 25460
542 133 2508 2520 142055 25480
543 133 2508 2520 142508 25519
544 133 2508 2520 142990 25601
545 133 2508 2520 143392 25660
546 134 2508 2520 143762 25718
547 135 2508 2520 144182 25767
548 135 2508 2520 144711 25862
549 136 2508 2520 145120 25914
550 137 2508 2520 145570 25971
551 137 2508 2520 146067 26054
552 138 2508 2520 146594 26115
553 140 2508 2520 147076 26197
554 142 2508 2520 147591 26272
555 142 2508 2520 148121 26341
556 143 2508 2520 148697 26461
557 143 2508 2520 149220 26552
558 143 2508 2520 149787 26654
559 143 2508 2520 150407 26730
560 143 2508 2520 150977 26809
561 144 2508 2520 151452 26902
562 144 2508 2520 151989 26971
563 144 2508 2520 152542 27031
564 145 2507 2520 153072 27118
565 146 2507 2520 153671 27208
566 146 2507 2520 154163 27253
567 148 2507 2520 154744 27330
568 150 2507 2520 155307 27438
569 150 2507 2520 155946 27576
570 151 2507 2520 156546 27616
571 151 2507 2520 157161 27676
572 151 2507 2520 157792 27755
573 152 2507 2520 158393 27816
574 153 2507 2520 158910 27914
575 153 2506 2520 159488 27980
576 153 2506 2520 160065 28053
577 153 2506 2520 160662 28124
578 153 2506 2520 161214 28191
579 154 2506 2520 161802 28245
580 154 2506 2520 162335 28336
581 155 2506 2520 162860 28417
582 156 2506 2520 163412 28510
583 157 2506 2520 163949 28616
584 158 2506 2520 164556 28706
585 158 2506 2520 165138 28814
586 159 2506 2520 165795 28959
587 159 2505 2520 166379 29079
588 160 2505 2520 166996 29154
589 160 2505 2520 167642 29193
590 160 2505 2520 168354 29323
591 160 2505 2520 169004 29431
592 161 2505 2520 169603 29528
593 162 2505 2520 170221 29608
594 162 2505 2520 170873 29676
595 162 2505 2520 171451 29758
596 163 2505 2520 172026 29846
597 163 2505 2520 172557 29884
598 164 2505 2520 173152 30007
599 167 2505 2520 173659 30102
600 168 2505 2520 174240 30204
601 168 2505 2520 174840 30324
602 168 2505 2520 175421 30401
603 168 2505 2520 176053 30528
604 169 2505 2520 176620 30590
605 169 2505 2520 177250 30673
606 170 2505 2520 177874 30773
607 171 2503 2520 178545 30841
608 171 2503 2520 179175 30907
609 171 2503 2520 179808 30956
610 172 2503 2520 180436 30999
611 172 2503 2520 181069 31102
612 173 2503 2520 181618 31212
613 173 2503 2520 182151 31327
614 175 2503 2520 182782 31408
615 175 2503 2520 183376 31515
616 175 2503 2520 184024 31665
617 177 2503 2520 184642 31771
618 177 2503 2520 185291 31820
619 177 2503 2520 185998 31933
620 177 2503 2520 186639 32018
621 177 2503 2520 187253 32088
622 178 2503 2520 187898 32146
623 178 2503 2520 188531 32206
624 179 2503 2520 189134 32307
625 179 2503 2520 189775 32403
626 180 2503 2520 190371 32444
627 181 2503 2520 190969 32525
628 181 2503 2520 191557 32582
629 181 2503 2520 192086 32657
630 181 2503 2520 192603 32707
631 182 2502 2520 193165 32788
632 183 2502 2520 193711 32879
633 184 2502 2520 194276 32931
634 184 2502 2520 194927 33042
635 184 2502 2520 195506 33161
636 185 2502 2520 196120 33266
637 187 2502 2520 196691 33329
638 187 2502 2520 197333 33455
639 188 2502 2520 198038 33597
640 189 2502 2520 198715 33751
641 190 2502 2520 199434 33833
642 191 2502 2520 200156 33975
643 193 2502 2520 200877 34077
644 195 2502 2520 201583 34231
645 195 2502 2520 202353 34373
646 196 2502 2520 203170 34476
647 196 2502 2520 203962 34612
648 197 2502 2520 204753 34769
649 197 2502 2520 205521 34914
650 197 2502 2520 206305 35010
651 197 2502 2520 207055 35125
652 197 2502 2520 207776 35195
653 197 2502 2520 208400 35292
654 197 2502 2520 208990 35412
655 198 2502 2520 209621 35515
656 199 2502 2520 210283 35624
657 199 2502 2520 210932 35735
658 199 2502 2520 211480 35822
659 200 2502 2520 212057 35918
660 200 2502 2520 212685 36023
661 200 2502 2520 213212 36083
662 200 2502 2520 213814 36157
663 201 2502 2520 214376 36216
664 202 2501 2520 214942 36333
665 202 2501 2520 215564 36460
666 203 2501 2520 216137 36552
667 203 2501 2520 216700 36640
668 203 2500 2520 217270 36739
669 203 2500 2520 217829 36877
670 204 2500 2520 218465 36939
671 204 2500 2520 219067 37006
672 204 2500 2520 219673 37085
673 208 2500 2520 220322 37176
674 210 2500 2520 221044 37297
675 211 2500 2520 221726 37356
676 212 2499 2520 222472 37482
677 212 2499 2520 223177 37596
678 212 2499 2520 223864 37721
679 213 2499 2520 224618 37788
680 214 2499 2520 225384 37883
681 214 2499 2520 226100 38026
682 215 2499 2520 226814 38101
683 217 2499 2520 227540 38138
684 218 2499 2520 228270 38217
685 218 2498 2520 229015 38323
686 218 2498 2520 229793 38435
687 219 2497 2520 230573 38497
688 219 2497 2520 231301 38580
689 220 2497 2520 232076 38656
690 220 2497 2520 232823 38788
691 220 2497 2520 233514 38843
692 220 2497 2520 234252 38906
693 221 2496 2520 234906 38942
694 222 2496 2520 235606 39022
695 222 2496 2520 236239 39087
696 223 2496 2520 236901 39178
697 225 2496 2520 237549 39246
698 225 2496 2520 238285 39316
699 226 2496 2520 238894 39425
700 226 2496 2520 239537 39568
701 228 2496 2520 240195 39629
702 228 2496 2520 240896 39692
703 228 2495 2520 241624 39805
704 230 2495 2520 242350 39883
705 230 2493 2520 243074 39920
706 231 2493 2520 243910 39981
707 231 2493 2520 244646 40082
708 233 2493 2520 245495 40156
709 234 2493 2520 246367 40249
710 234 2493 2520 247267 40342
711 234 2492 2520 248135 40440
712 234 2492 2520 248986 40476
713 235 2492 2520 249783 40562
714 236 2492 2520 250583 40687
715 237 2492 2520 251332 40753
716 238 2492 2520 252059 40872
717 239 2492 2520 252868 40948
718 241 2492 2520 253578 41044
719 242 2492 2520 254345 41099
720 244 2492 2520 255109 41175
721 244 2492 2520 255840 41251
722 244 2492 2520 256683 41361
723 244 2492 2520 257497 41459
724 244 2492 2520 258256 41545
725 244 2492 2520 258991 41631
726 245 2492 2520 259703 41765
727 245 2492 2520 260451 41867
728 246 2491 2520 261156 41938
729 246 2491 2520 261928 42016
730 247 2491 2520 262589 42095
731 247 2491 2520 263249 42212
732 247 2491 2520 263886 42338
733 247 2491 2520 264526 42398
734 248 2491 2520 265170 42431
735 249 2491 2520 265848 42477
736 250 2491 2520 266564 42578
737 251 2491 2520 267264 42683
738 251 2491 2520 268013 42789
739 251 2491 2520 268771 42916
740 251 2491 2520 269480 42954
741 251 2491 2520 270204 43047
742 251 2491 2520 270907 43187
743 252 2491 2520 271522 43287
744 252 2491 2520 272179 43377
745 254 2491 2520 272859 43445
746 256 2491 2520 273498 43578
747 257 2491 2520 274131 43672
748 258 2491 2520 274832 43761
749 260 2491 2520 275541 43836
750 261 2491 2520 276331 43917
751 261 2491 2520 277041 44060
752 263 2491 2520 277739 44134
753 263 2491 2520 278522 44224
754 263 2491 2520 279336 44313
755 263 2491 2520 280187 44424
756 263 2491 2520 280951 44517
757 264 2491 2520 281685 44618
758 265 2491 2520 282500 44752
759 266 2491 2520 283262 44850
760 267 2491 2520 284095 44966
761 267 2491 2520 284922 45060
762 267 2491 2520 285718 45170
763 267 2491 2520 286481 45242
764 268 2491 2520 287251 45363
765 268 2491 2520 288001 45423
766 268 2491 2520 288791 45531
767 269 2491 2520 289555 45617
768 269 2491 2520 290296 45669
769 271 2491 2520 290990 45722
770 271 2491 2520 291687 45775
771 273 2491 2520 292475 45821
772 273 2490 2520 293206 45905
773 274 2490 2520 293898 45924
774 276 2490 2520 294596 46060
775 276 2490 2520 295351 46167
776 276 2490 2520 296125 46256
777 279 2490 2520 296910 46357
778 279 2490 2520 297611 46440
779 280 2489 2520 298374 46544
780 280 2489 2520 299164 46608
781 281 2489 2520 299937 46705
782 281 2489 2520 300755 46744
783 281 2489 2520 301517 46836
784 282 2489 2520 302356 46935
785 283 2489 2520 303172 46986
786 283 2489 2520 303909 47017
787 284 2489 2520 304732 47092
788 284 2489 2520 305541 47184
789 285 2489 2520 306323 47299
790 289 2489 2520 307127 47398
791 289 2489 2520 307951 47441
792 289 2489 2520 308771 47580
793 291 2489 2520 309586 47660
794 291 2488 2520 310494 47712
795 291 2488 2520 311290 47826
796 292 2488 2520 312182 47866
797 292 2487 2520 313039 47977
798 292 2486 2520 313869 48028
799 292 2486 2520 314734 48127
800 293 2486 2520 315602 48141
801 295 2486 2520 316361 48196
802 295 2486 2520 317169 48235
803 295 2486 2520 317968 48342
804 297 2486 2520 318750 48405
805 298 2486 2520 319580 48537
806 298 2486 2520 320440 48614
807 301 2485 2520 321233 48718
808 303 2485 2520 322055 48829
809 304 2485 2520 322863 48979
810 304 2485 2520 323752 49038
811 305 2485 2520 324576 49164
812 305 2485 2520 325481 49273
813 306 2484 2520 326344 49294
814 307 2484 2520 327165 49407
815 308 2484 2520 328080 49428
816 309 2484 2520 329026 49540
817 309 2484 2520 329884 49632
818 310 2483 2520 330813 49748
819 313 2483 2520 331712 49757
820 314 2483 2520 332722 49828
821 316 2483 2520 333717 49905
822 317 2483 2520 334745 49972
823 317 2483 2520 335895 50067
824 317 2482 2520 336942 50162
825 317 2482 2520 337936 50249
826 318 2482 2520 338941 50334
827 318 2482 2520 340010 50452
828 318 2482 2520 340926 50593
829 318 2482 2520 341898 50620
830 319 2482 2520 342758 50709
831 320 2482 2520 343632 50772
832 321 2482 2520 344555 50880
833 321 2482 2520 345476 50938
834 322 2482 2520 346311 51037
835 323 2482 2520 347102 51123
836 323 2482 2520 347996 51231
837 323 2482 2520 348822 51308
838 324 2482 2520 349608 51345
839 324 2482 2520 350385 51455
840 327 2482 2520 351170 51559
841 327 2482 2520 351942 51652
842 328 2482 2520 352741 51790
843 331 2482 2520 353525 51897
844 331 2482 2520 354407 51989
845 332 2482 2520 355285 52058
846 333 2482 2520 356125 52199
847 333 2482 2520 356978 52276
848 333 2481 2520 357837 52370
849 333 2481 2520 358763 52458
850 333 2481 2520 359536 52523
851 334 2481 2520 360348 52582
852 334 2481 2520 361151 52612
853 337 2481 2520 361911 52657
854 338 2481 2520 362733 52798
855 339 2481 2520 363680 52915
856 340 2480 2520 364594 52991
857 340 2480 2520 365508 53061
858 341 2480 2520 366459 53171
859 344 2480 2520 367296 53197
860 346 2480 2520 368304 53298
861 347 2480 2520 369339 53452
862 347 2480 2520 370293 53598
863 348 2480 2520 371279 53686
864 349 2480 2520 372275 53816
865 352 2480 2520 373251 53945
866 353 2480 2520 374262 54116
867 354 2480 2520 375363 54211
868 354 2480 2520 376370 54338
869 354 2480 2520 377397 54450
870 356 2480 2520 378430 54547
871 357 2480 2520 379435 54694
872 357 2480 2520 380480 54778
873 359 2480 2520 381522 54900
874 360 2480 2520 382561 55005
875 360 2480 2520 383570 55068
876 360 2480 2520 384632 55160
877 360 2479 2520 385680 55303
878 361 2479 2520 386737 55411
879 361 2479 2520 387711 55498
880 361 2479 2520 388687 55598
881 361 2479 2520 389667 55656
882 363 2479 2520 390661 55766
883 363 2479 2520 391596 55860
884 363 2479 2520 392514 55893
885 365 2479 2520 393405 55934
886 366 2479 2520 394301 56033
887 366 2479 2520 395207 56057
888 366 2479 2520 396087 56168
889 366 2479 2520 396953 56204
890 366 2479 2520 397829 56372
891 369 2479 2520 398638 56479
892 371 2479 2520 399462 56533
893 373 2479 2520 400309 56634
894 373 2479 2520 401185 56769
895 375 2479 2520 402067 56897
896 377 2479 2520 403063 57038
897 378 2479 2520 404100 57131
898 379 2479 2520 405046 57303
899 383 2479 2520 406018 57473
900 385 2479 2520 406969 57583
901 385 2479 2520 408084 57755
902 386 2479 2520 409225 57908
903 386 2479 2520 410352 58020
904 388 2478 2520 411493 58157
905 389 2478 2520 412532 58233
906 390 2478 2520 413628 58339
907 390 2476 2520 414719 58448
908 390 2476 2520 415869 58577
909 390 2476 2520 416986 58715
910 393 2476 2520 417990 58816
911 393 2476 2520 419015 58896
912 395 2476 2520 420007 58983
913 395 2476 2520 421046 59119
914 397 2476 2520 422043 59244
915 398 2476 2520 423042 59294
916 400 2476 2520 423986 59414
917 401 2476 2520 424872 59473
918 401 2476 2520 425854 59560
919 402 2476 2520 426873 59681
920 404 2476 2520 427842 59794
921 404 2476 2520 428877 59850
922 404 2476 2520 429976 59883
923 404 2476 2520 431078 59957
924 405 2476 2520 432092 60088
925 406 2476 2520 433192 60211
926 406 2476 2520 434153 60309
927 407 2476 2520 435133 60422
928 408 2475 2520 436117 60508
929 410 2475 2520 437056 60570
930 412 2475 2520 438025 60689
931 415 2475 2520 439049 60812
932 416 2475 2520 440097 60948
933 417 2475 2520 441266 61013
934 419 2475 2520 442326 61137
935 419 2475 2520 443466 61306
936 419 2475 2520 444584 61417
937 420 2475 2520 445655 61552
938 420 2475 2520 446677 61707
939 420 2475 2520 447786 61795
940 420 2475 2520 448818 61903
941 421 2475 2520 449828 62016
942 421 2474 2520 450768 62101
943 421 2474 2520 451706 62215
944 421 2474 2520 452655 62315
945 422 2474 2520 453547 62398
946 423 2474 2520 454402 62532
947 424 2474 2520 455328 62629
948 424 2474 2520 456218 62722
949 424 2474 2520 457128 62762
950 425 2474 2520 458107 62870
951 425 2474 2520 458975 62945
952 425 2474 2520 459800 63077
953 427 2474 2520 460561 63152
954 427 2474 2520 461343 63258
955 427 2474 2520 462134 63341
956 427 2474 2520 462912 63402
957 429 2473 2520 463674 63442
958 429 2473 2520 464448 63529
959 431 2473 2520 465302 63537
960 432 2473 2520 466061 63570
961 432 2473 2520 466899 63621
962 435 2473 2520 467856 63706
963 437 2473 2520 468713 63817
964 438 2473 2520 469678 63954
965 439 2473 2520 470665 64085
966 439 2473 2520 471671 64159
967 441 2473 2520 472696 64296
968 444 2473 2520 473734 64426
969 444 2473 2520 474841 64522
970 444 2473 2520 475982 64631
971 445 2473 2520 477056 64756
972 446 2473 2520 478150 64803
973 446 2473 2520 479155 64959
974 447 2473 2520 480199 64996
975 448 2473 2520 481179 65107
976 448 2473 2520 482180 65220
977 451 2473 2520 483195 65348
978 451 2473 2520 484137 65437
979 452 2473 2520 485084 65530
980 453 2473 2520 486081 65613
981 454 2473 2520 487066 65785
982 454 2473 2520 488024 65865
983 454 2473 2520 488901 65987
984 454 2473 2520 489886 66108
985 454 2473 2520 490762 66171
986 454 2473 2520 491616 66229
987 454 2473 2520 492498 66284
988 456 2473 2520 493256 66328
989 457 2473 2520 494051 66386
990 457 2473 2520 494954 66461
991 458 2473 2520 495790 66557
992 458 2473 2520 496648 66640
993 459 2473 2520 497469 66687
994 461 2473 2520 498286 66739
995 461 2473 2520 499120 66852
996 461 2473 2520 500059 66878
997 464 2473 2520 500955 66940
998 466 2473 2520 501662 67020
999 467 2473 2520 502538 67143
1000 467 2473 2520 503367 67270
