0 1 2519 2520 799 502
1 1 2519 2520 827 525
2 1 2519 2520 851 539
3 1 2519 2520 878 552
4 1 2519 2520 924 578
5 1 2519 2520 959 596
6 1 2519 2520 997 613
7 1 2519 2520 1029 631
8 1 2519 2520 1061 644
9 1 2519 2520 1098 660
10 1 2519 2520 1119 668
11 1 2519 2520 1159 676
12 1 2519 2520 1194 688
13 1 2519 2520 1213 692
14 1 2519 2520 1233 699
15 1 2519 2520 1264 709
16 1 2519 2520 1282 714
17 1 2519 2520 1308 721
18 1 2519 2520 1324 725
19 1 2519 2520 1350 730
20 1 2519 2520 1358 729
21 1 2519 2520 1366 729
22 1 2519 2520 1380 732
23 1 2519 2520 1388 728
24 1 2519 2520 1392 726
25 1 2519 2520 1404 725
26 1 2519 2520 1406 728
27 1 2519 2520 1419 731
28 2 2519 2520 1433 735
29 2 2519 2520 1450 743
30 2 2519 2520 1528 775
31 2 2519 2520 1617 802
32 2 2519 2520 1707 838
33 2 2519 2520 1796 867
34 2 2519 2520 1872 892
35 2 2519 2520 1956 919
36 2 2519 2520 2025 945
37 2 2519 2520 2084 954
38 2 2519 2520 2140 974
39 2 2519 2520 2194 989
40 2 2519 2520 2250 1003
41 2 2519 2520 2294 1017
42 2 2519 2520 2336 1029
43 2 2519 2520 2365 1041
44 2 2519 2520 2407 1051
45 2 2519 2520 2450 1064
46 2 2519 2520 2488 1076
47 2 2519 2520 2509 1084
48 2 2519 2520 2544 1090
49 2 2519 2520 2559 1092
50 2 2519 2520 2585 1103
51 2 2519 2520 2599 1106
52 2 2519 2520 2610 1114
53 2 2519 2520 2639 1114
54 2 2519 2520 2640 1124
55 2 2519 2520 2649 1123
56 2 2519 2520 2653 1130
57 3 2519 2520 2669 1132
58 3 2519 2520 2703 1141
59 3 2519 2520 2777 1179
60 3 2519 2520 2864 1207
61 3 2519 2520 2949 1233
62 3 2519 2520 3026 1251
63 3 2519 2520 3106 1270
64 4 2519 2520 3170 1287
65 4 2519 2520 3274 1305
66 4 2519 2520 3405 1355
67 4 2519 2520 3562 1398
68 4 2519 2520 3730 1448
69 4 2519 2520 3860 1473
70 4 2519 2520 3981 1503
71 4 2519 2520 4106 1523
72 4 2519 2520 4223 1553
73 4 2519 2520 4317 1582
74 4 2519 2520 4396 1599
75 4 2519 2520 4500 1640
76 4 2519 2520 4561 1670
77 4 2519 2520 4625 1696
78 4 2519 2520 4682 1714
79 4 2519 2520 4740 1717
80 4 2519 2520 4803 1739
81 4 2519 2520 4852 1755
82 4 2519 2520 4898 1772
83 4 2519 2520 4941 1787
84 4 2519 2520 4960 1800
85 4 2519 2520 5006 1825
86 4 2519 2520 5041 1841
87 4 2519 2520 5079 1863
88 4 2519 2520 5102 1876
89 4 2519 2520 5136 1891
90 6 2519 2520 5142 1901
91 6 2519 2520 5197 1914
92 6 2519 2520 5330 1948
93 6 2519 2520 5461 1981
94 6 2519 2520 5599 2009
95 6 2519 2520 5702 2045
96 7 2519 2520 5825 2071
97 7 2519 2520 5978 2092
98 7 2519 2520 6156 2156
99 7 2519 2520 6349 2203
100 7 2519 2520 6527 2234
101 8 2519 2520 6694 2260
102 8 2519 2520 6854 2293
103 8 2519 2520 7047 2329
104 8 2519 2520 7258 2383
105 8 2519 2520 7478 2428
106 8 2518 2520 7669 2486
107 8 2518 2520 7904 2529
108 8 2518 2520 8070 2563
109 8 2518 2520 8257 2590
110 8 2518 2520 8428 2626
111 8 2518 2520 8607 2640
112 8 2518 2520 8749 2669
113 8 2517 2520 8870 2660
114 8 2517 2520 9002 2690
115 8 2517 2520 9144 2728
116 8 2517 2520 9261 2735
117 8 2517 2520 9383 2760
118 8 2517 2520 9479 2777
119 8 2517 2520 9570 2794
120 9 2517 2520 9644 2808
121 9 2517 2520 9743 2829
122 9 2517 2520 9852 2834
123 11 2517 2520 9971 2861
124 11 2517 2520 10125 2903
125 11 2517 2520 10310 2945
126 11 2517 2520 10495 2998
127 12 2517 2520 10723 3042
128 12 2517 2520 10955 3086
129 13 2517 2520 11155 3113
130 13 2517 2520 11359 3161
131 13 2517 2520 11634 3245
132 14 2517 2520 11865 3290
133 14 2517 2520 12088 3345
134 15 2517 2520 12314 3395
135 15 2517 2520 12546 3427
136 15 2517 2520 12819 3499
137 15 2517 2520 13080 3542
138 15 2517 2520 13340 3621
139 15 2517 2520 13580 3656
140 15 2517 2520 13796 3696
141 15 2517 2520 14033 3761
142 15 2517 2520 14269 3823
143 15 2517 2520 14460 3848
144 15 2517 2520 14679 3891
145 15 2517 2520 14869 3933
146 15 2517 2520 15075 3981
147 15 2517 2520 15207 3999
148 16 2517 2520 15331 4056
149 16 2517 2520 15498 4095
150 16 2517 2520 15680 4137
151 16 2517 2520 15887 4169
152 16 2517 2520 16066 4205
153 16 2517 2520 16222 4245
154 16 2517 2520 16402 4298
155 16 2517 2520 16559 4345
156 16 2517 2520 16743 4390
157 16 2517 2520 16910 4412
158 17 2517 2520 17035 4449
159 18 2517 2520 17204 4473
160 18 2517 2520 17377 4505
161 18 2517 2520 17587 4547
162 18 2517 2520 17766 4575
163 18 2517 2520 17994 4611
164 19 2517 2520 18167 4652
165 21 2517 2520 18388 4686
166 22 2517 2520 18664 4744
167 22 2517 2520 18956 4803
168 23 2517 2520 19318 4888
169 23 2516 2520 19649 4957
170 23 2515 2520 19988 5039
171 23 2515 2520 20413 5135
172 23 2515 2520 20792 5202
173 23 2515 2520 21160 5235
174 23 2515 2520 21534 5291
175 23 2515 2520 21844 5310
176 23 2515 2520 22175 5330
177 23 2515 2520 22478 5347
178 23 2515 2520 22755 5394
179 23 2515 2520 22996 5406
180 23 2515 2520 23238 5462
181 23 2515 2520 23479 5499
182 23 2515 2520 23687 5548
183 23 2515 2520 23915 5586
184 23 2515 2520 24100 5607
185 25 2515 2520 24287 5649
186 25 2515 2520 24489 5699
187 25 2515 2520 24710 5735
188 25 2515 2520 24960 5782
189 25 2515 2520 25173 5816
190 26 2514 2520 25372 5842
191 26 2514 2520 25621 5902
192 26 2514 2520 25881 5941
193 26 2514 2520 26136 5980
194 26 2514 2520 26378 6008
195 26 2514 2520 26630 6039
196 26 2514 2520 26850 6073
197 26 2514 2520 27100 6089
198 26 2514 2520 27316 6118
199 26 2514 2520 27520 6168
200 27 2514 2520 27681 6193
201 29 2514 2520 27847 6223
202 29 2514 2520 28061 6282
203 29 2514 2520 28327 6313
204 29 2514 2520 28619 6360
205 29 2514 2520 28886 6417
206 29 2514 2520 29148 6454
207 29 2514 2520 29370 6497
208 30 2514 2520 29617 6522
209 30 2514 2520 29858 6554
210 30 2514 2520 30142 6607
211 30 2514 2520 30380 6636
212 30 2514 2520 30627 6702
213 30 2513 2520 30863 6774
214 31 2513 2520 31080 6793
215 31 2513 2520 31347 6800
216 31 2513 2520 31608 6857
217 31 2513 2520 31871 6890
218 31 2513 2520 32117 6920
219 31 2513 2520 32330 6929
220 32 2513 2520 32567 6966
221 33 2513 2520 32812 6987
222 33 2513 2520 33054 7030
223 33 2513 2520 33282 7067
224 34 2513 2520 33526 7126
225 34 2513 2520 33798 7163
226 35 2513 2520 34089 7193
227 35 2513 2520 34361 7243
228 35 2513 2520 34700 7301
229 35 2513 2520 35014 7362
230 35 2513 2520 35325 7415
231 35 2513 2520 35623 7479
232 35 2513 2520 35901 7546
233 35 2513 2520 36202 7605
234 36 2513 2520 36433 7669
235 36 2513 2520 36709 7722
236 36 2513 2520 36978 7766
237 36 2513 2520 37249 7826
238 36 2513 2520 37480 7882
239 36 2513 2520 37729 7924
240 36 2513 2520 37959 7986
241 37 2513 2520 38195 8020
242 37 2513 2520 38386 8079
243 37 2513 2520 38620 8135
244 37 2513 2520 38887 8187
245 37 2513 2520 39115 8233
246 37 2513 2520 39352 8275
247 38 2513 2520 39587 8322
248 38 2513 2520 39776 8367
249 39 2513 2520 39972 8427
250 39 2513 2520 40212 8470
251 39 2513 2520 40430 8508
252 39 2513 2520 40700 8562
253 39 2513 2520 40916 8597
254 40 2513 2520 41157 8653
255 40 2513 2520 41381 8684
256 40 2513 2520 41661 8747
257 41 2513 2520 41907 8782
258 42 2513 2520 42166 8834
259 42 2513 2520 42483 8896
260 43 2513 2520 42785 8968
261 44 2513 2520 43063 9013
262 44 2513 2520 43395 9065
263 44 2513 2520 43725 9139
264 44 2513 2520 44133 9210
265 44 2513 2520 44497 9290
266 44 2513 2520 44843 9392
267 44 2513 2520 45216 9450
268 44 2513 2520 45549 9487
269 44 2513 2520 45895 9580
270 45 2513 2520 46191 9631
271 45 2513 2520 46507 9679
272 45 2513 2520 46785 9759
273 45 2513 2520 47076 9787
274 46 2512 2520 47338 9825
275 46 2512 2520 47607 9868
276 46 2512 2520 47953 9903
277 46 2512 2520 48248 9954
278 46 2512 2520 48538 9995
279 46 2512 2520 48821 10059
280 46 2512 2520 49106 10128
281 46 2512 2520 49345 10171
282 48 2512 2520 49611 10188
283 50 2512 2520 49898 10242
284 50 2512 2520 50204 10277
285 51 2512 2520 50579 10359
286 51 2512 2520 50933 10433
287 51 2512 2520 51326 10488
288 51 2512 2520 51663 10560
289 51 2512 2520 51984 10630
290 51 2512 2520 52280 10705
291 51 2512 2520 52585 10751
292 51 2512 2520 52933 10804
293 51 2512 2520 53247 10864
294 52 2512 2520 53517 10938
295 52 2512 2520 53828 10997
296 53 2511 2520 54138 11065
297 54 2511 2520 54461 11110
298 55 2511 2520 54829 11194
299 55 2511 2520 55178 11273
300 55 2511 2520 55558 11342
301 56 2511 2520 55934 11423
302 56 2511 2520 56313 11487
303 56 2511 2520 56711 11551
304 56 2511 2520 57131 11636
305 56 2511 2520 57525 11694
306 56 2511 2520 57898 11788
307 56 2511 2520 58288 11876
308 56 2511 2520 58626 11959
309 56 2511 2520 58930 12014
310 56 2511 2520 59272 12094
311 57 2511 2520 59615 12141
312 58 2511 2520 59962 12222
313 58 2511 2520 60244 12247
314 58 2511 2520 60579 12350
315 60 2511 2520 60948 12434
316 60 2511 2520 61296 12528
317 60 2511 2520 61682 12581
318 60 2511 2520 61989 12635
319 60 2511 2520 62346 12704
320 60 2511 2520 62664 12775
321 60 2511 2520 63080 12850
322 60 2511 2520 63401 12919
323 60 2511 2520 63692 12986
324 61 2511 2520 63977 13016
325 62 2511 2520 64286 13057
326 63 2511 2520 64607 13087
327 63 2511 2520 64940 13145
328 64 2511 2520 65277 13204
329 64 2511 2520 65688 13277
330 65 2511 2520 66128 13369
331 65 2511 2520 66512 13429
332 66 2511 2520 66869 13470
333 66 2511 2520 67294 13544
334 66 2511 2520 67661 13618
335 66 2511 2520 68069 13646
336 67 2511 2520 68428 13691
337 67 2511 2520 68792 13745
338 67 2511 2520 69173 13789
339 67 2511 2520 69539 13865
340 67 2511 2520 69890 13928
341 69 2511 2520 70280 14028
342 69 2511 2520 70644 14090
343 69 2511 2520 71003 14148
344 71 2511 2520 71383 14220
345 72 2511 2520 71772 14271
346 72 2511 2520 72222 14345
347 72 2511 2520 72666 14382
348 72 2511 2520 73173 14481
349 72 2511 2520 73623 14557
350 72 2511 2520 74093 14635
351 72 2511 2520 74556 14713
352 72 2511 2520 75010 14779
353 72 2511 2520 75391 14860
354 72 2511 2520 75801 14919
355 72 2511 2520 76181 14999
356 74 2511 2520 76540 15073
357 74 2511 2520 76890 15156
358 74 2511 2520 77263 15235
359 76 2511 2520 77596 15296
360 76 2511 2520 78006 15375
361 76 2511 2520 78378 15464
362 76 2511 2520 78787 15545
363 76 2511 2520 79202 15622
364 76 2511 2520 79641 15712
365 76 2511 2520 80095 15788
366 76 2511 2520 80520 15849
367 77 2511 2520 80952 15881
368 77 2511 2520 81407 15933
369 77 2511 2520 81840 16021
370 78 2511 2520 82235 16076
371 78 2511 2520 82594 16097
372 79 2511 2520 82990 16107
373 80 2511 2520 83396 16171
374 80 2511 2520 83772 16234
375 80 2511 2520 84149 16293
376 80 2511 2520 84543 16338
377 80 2511 2520 84939 16392
378 80 2511 2520 85285 16412
379 81 2511 2520 85637 16462
380 81 2511 2520 85966 16546
381 83 2511 2520 86341 16604
382 84 2511 2520 86719 16664
383 86 2511 2520 87140 16733
384 86 2511 2520 87581 16807
385 86 2511 2520 88077 16900
386 86 2511 2520 88530 16987
387 86 2511 2520 88985 17056
388 89 2511 2520 89480 17137
389 91 2511 2520 90042 17263
390 91 2511 2520 90607 17340
391 91 2511 2520 91223 17427
392 92 2511 2520 91860 17541
393 92 2511 2520 92403 17597
394 92 2511 2520 92996 17671
395 92 2511 2520 93594 17787
396 92 2511 2520 94169 17913
397 92 2511 2520 94699 18012
398 92 2511 2520 95208 18103
399 92 2511 2520 95725 18211
400 92 2511 2520 96237 18263
401 92 2511 2520 96644 18337
402 92 2511 2520 97080 18388
403 92 2511 2520 97529 18461
404 92 2511 2520 98007 18541
405 93 2511 2520 98440 18624
406 93 2511 2520 98836 18693
407 95 2511 2520 99226 18753
408 95 2511 2520 99605 18802
409 96 2511 2520 100029 18879
410 96 2511 2520 100443 18960
411 96 2511 2520 100844 19019
412 98 2511 2520 101270 19090
413 98 2511 2520 101671 19186
414 98 2511 2520 102086 19279
415 98 2511 2520 102533 19328
416 98 2511 2520 103034 19404
417 100 2511 2520 103482 19498
418 100 2511 2520 103990 19568
419 100 2511 2520 104458 19650
420 100 2511 2520 104927 19702
421 102 2511 2520 105437 19790
422 102 2511 2520 105933 19852
423 103 2511 2520 106451 19928
424 103 2511 2520 106952 20014
425 104 2511 2520 107451 20092
426 104 2511 2520 107951 20163
427 104 2511 2520 108464 20207
428 104 2511 2520 108979 20280
429 105 2511 2520 109418 20350
430 106 2511 2520 109946 20445
431 106 2511 2520 110439 20528
432 106 2511 2520 110937 20620
433 106 2511 2520 111417 20689
434 106 2510 2520 111914 20771
435 106 2509 2520 112442 20857
436 106 2509 2520 112910 20879
437 106 2509 2520 113383 20955
438 106 2509 2520 113825 21022
439 107 2509 2520 114223 21083
440 107 2509 2520 114636 21141
441 107 2509 2520 115041 21203
442 107 2509 2520 115495 21275
443 108 2509 2520 115921 21378
444 108 2509 2520 116314 21471
445 108 2509 2520 116662 21560
446 109 2509 2520 117047 21546
447 109 2509 2520 117384 21572
448 109 2509 2520 117790 21642
449 109 2509 2520 118137 21661
450 109 2509 2520 118483 21679
451 111 2509 2520 118866 21750
452 112 2509 2520 119237 21820
453 113 2509 2520 119664 21896
454 113 2509 2520 120061 21980
455 115 2509 2520 120496 22038
456 116 2509 2520 120978 22111
457 116 2509 2520 121481 22193
458 117 2509 2520 122058 22269
459 117 2509 2520 122595 22358
460 117 2509 2520 123173 22498
461 119 2509 2520 123702 22588
462 119 2509 2520 124219 22643
463 120 2509 2520 124775 22681
464 120 2509 2520 125369 22766
465 120 2509 2520 125913 22834
466 121 2509 2520 126405 22954
467 121 2509 2520 126946 23010
468 122 2509 2520 127526 23090
469 122 2509 2520 128056 23175
470 123 2509 2520 128573 23252
471 123 2509 2520 129107 23357
472 123 2509 2520 129656 23450
473 124 2509 2520 130183 23550
474 126 2509 2520 130726 23625
475 126 2509 2520 131292 23696
476 126 2509 2520 131813 23764
477 126 2509 2520 132332 23818
478 127 2509 2520 132876 23890
479 128 2509 2520 133421 23994
480 128 2509 2520 134010 24094
481 129 2509 2520 134543 24172
482 129 2509 2520 135102 24261
483 130 2509 2520 135638 24332
484 131 2509 2520 136224 24416
485 131 2509 2520 136831 24515
486 131 2509 2520 137452 24592
487 132 2509 2520 138053 24712
488 134 2509 2520 138671 24785
489 134 2509 2520 139283 24875
490 134 2509 2520 139887 24931
491 137 2509 2520 140517 24992
492 138 2509 2520 141125 25103
493 138 2509 2520 141774 25210
494 139 2509 2520 142435 25293
495 139 2509 2520 143039 25401
496 139 2509 2520 143703 25465
497 139 2509 2520 144338 25549
498 139 2509 2520 144943 25603
499 140 2509 2520 145569 25641
500 140 2509 2520 146202 25691
501 140 2509 2520 146720 25749
502 142 2509 2520 147339 25805
503 142 2509 2520 147964 25881
504 142 2509 2520 148561 25988
505 142 2509 2520 149195 26109
506 142 2509 2520 149831 26232
507 143 2509 2520 150377 26287
508 144 2509 2520 151001 26395
509 144 2509 2520 151593 26461
510 144 2509 2520 152219 26557
511 144 2509 2520 152753 26640
512 144 2509 2520 153332 26701
513 145 2509 2520 153903 26796
514 147 2509 2520 154487 26889
515 147 2509 2520 155110 26952
516 148 2509 2520 155683 27000
517 148 2509 2520 156267 27094
518 149 2509 2520 156815 27153
519 149 2509 2520 157387 27230
520 150 2509 2520 157949 27310
521 150 2509 2520 158528 27366
522 152 2509 2520 159166 27442
523 154 2509 2520 159735 27482
524 155 2509 2520 160401 27549
525 155 2509 2520 161067 27621
526 155 2509 2520 161791 27714
527 155 2509 2520 162528 27806
528 155 2509 2520 163238 27906
529 155 2509 2520 163911 27991
530 156 2509 2520 164507 28015
531 159 2509 2520 165192 28064
532 159 2509 2520 165844 28133
533 160 2509 2520 166555 28237
534 162 2509 2520 167182 28303
535 163 2509 2520 167783 28386
536 163 2509 2520 168526 28444
537 163 2509 2520 169269 28536
538 164 2509 2520 169924 28620
539 164 2509 2520 170634 28728
540 164 2509 2520 171366 28856
541 165 2509 2520 172003 28911
542 165 2509 2520 172640 28975
543 165 2509 2520 173325 29057
544 165 2509 2520 173903 29087
545 166 2509 2520 174579 29163
546 166 2509 2520 175231 29258
547 166 2509 2520 175886 29359
548 166 2509 2520 176551 29487
549 166 2509 2520 177173 29578
550 167 2509 2520 177755 29686
551 167 2509 2520 178306 29764
552 167 2509 2520 178883 29825
553 169 2509 2520 179487 29926
554 170 2509 2520 180076 29991
555 172 2509 2520 180662 30040
556 173 2509 2520 181266 30121
557 173 2509 2520 181892 30217
558 174 2509 2520 182489 30304
559 175 2509 2520 183258 30406
560 175 2509 2520 183930 30495
561 175 2509 2520 184643 30600
562 175 2509 2520 185322 30717
563 175 2509 2520 185999 30855
564 175 2509 2520 186648 30899
565 175 2509 2520 187339 30969
566 176 2509 2520 187938 31038
567 176 2509 2520 188514 31131
568 178 2509 2520 189159 31236
569 179 2509 2520 189728 31313
570 181 2509 2520 190308 31375
571 181 2509 2520 190941 31454
572 182 2509 2520 191624 31567
573 182 2509 2520 192305 31649
574 182 2509 2520 193010 31750
575 182 2509 2520 193681 31845
576 183 2509 2520 194433 31925
577 183 2509 2520 195064 32000
578 184 2508 2520 195772 32104
579 187 2508 2520 196458 32120
580 188 2508 2520 197142 32234
581 188 2508 2520 197825 32327
582 189 2508 2520 198521 32394
583 189 2508 2520 199292 32465
584 189 2508 2520 200057 32571
585 189 2508 2520 200761 32669
586 189 2507 2520 201488 32750
587 189 2507 2520 202174 32826
588 189 2507 2520 202790 32919
589 190 2507 2520 203443 32956
590 192 2507 2520 204129 33046
591 192 2507 2520 204801 33150
592 194 2507 2520 205469 33242
593 195 2507 2520 206118 33293
594 196 2507 2520 206783 33363
595 197 2507 2520 207493 33455
596 197 2507 2520 208221 33611
597 199 2507 2520 208989 33724
598 199 2507 2520 209751 33797
599 199 2507 2520 210531 33837
600 199 2506 2520 211279 33897
601 199 2506 2520 211999 33977
602 199 2506 2520 212681 34020
603 199 2506 2520 213321 34101
604 199 2506 2520 213977 34175
605 200 2506 2520 214563 34262
606 200 2506 2520 215160 34306
607 202 2506 2520 215763 34380
608 202 2506 2520 216345 34471
609 203 2506 2520 216913 34540
610 203 2506 2520 217449 34596
611 203 2506 2520 218014 34701
612 204 2506 2520 218554 34779
613 204 2506 2520 219147 34873
614 206 2506 2520 219687 34930
615 206 2506 2520 220307 35012
616 206 2506 2520 220967 35067
617 208 2506 2520 221520 35163
618 209 2506 2520 222165 35243
619 210 2506 2520 222757 35312
620 210 2506 2520 223489 35426
621 211 2506 2520 224033 35503
622 212 2506 2520 224717 35619
623 213 2506 2520 225427 35685
624 213 2505 2520 226085 35792
625 216 2505 2520 226852 35868
626 216 2505 2520 227542 35940
627 217 2505 2520 228290 36034
628 217 2505 2520 229129 36146
629 217 2505 2520 229900 36192
630 217 2505 2520 230679 36266
631 217 2505 2520 231386 36363
632 218 2505 2520 232022 36385
633 219 2505 2520 232742 36437
634 219 2505 2520 233420 36497
635 220 2503 2520 234120 36582
636 220 2502 2520 234839 36664
637 220 2502 2520 235566 36686
638 220 2502 2520 236245 36689
639 221 2502 2520 236941 36745
640 221 2502 2520 237581 36810
641 223 2502 2520 238286 36896
642 223 2502 2520 238911 36972
643 223 2502 2520 239530 37084
644 224 2502 2520 240156 37145
645 225 2502 2520 240799 37209
646 225 2502 2520 241391 37308
647 227 2502 2520 242029 37375
648 227 2502 2520 242663 37478
649 228 2502 2520 243313 37570
650 231 2502 2520 244035 37647
651 232 2502 2520 244699 37745
652 232 2502 2520 245480 37837
653 238 2502 2520 246257 37932
654 238 2502 2520 247081 38082
655 239 2502 2520 247916 38194
656 239 2502 2520 248814 38277
657 239 2502 2520 249714 38415
658 239 2502 2520 250623 38526
659 241 2502 2520 251544 38688
660 243 2502 2520 252409 38759
661 245 2502 2520 253365 38852
662 245 2502 2520 254296 38961
663 245 2502 2520 255215 39095
664 246 2502 2520 256153 39211
665 246 2502 2520 256975 39279
666 246 2502 2520 257876 39373
667 247 2502 2520 258765 39499
668 247 2502 2520 259600 39584
669 247 2502 2520 260526 39700
670 248 2502 2520 261378 39828
671 248 2502 2520 262159 39918
672 249 2502 2520 262916 40011
673 249 2502 2520 263651 40091
674 249 2502 2520 264430 40206
675 250 2502 2520 265156 40301
676 250 2502 2520 265795 40407
677 250 2502 2520 266526 40449
678 250 2502 2520 267264 40535
679 250 2502 2520 267882 40567
680 252 2502 2520 268536 40626
681 252 2502 2520 269215 40736
682 254 2502 2520 269876 40845
683 256 2502 2520 270618 40940
684 256 2502 2520 271378 41034
685 259 2502 2520 272184 41124
686 259 2502 2520 273000 41224
687 259 2502 2520 273779 41356
688 260 2502 2520 274638 41516
689 260 2502 2520 275480 41638
690 262 2502 2520 276278 41753
691 263 2502 2520 277094 41822
692 263 2502 2520 277887 41941
693 264 2502 2520 278685 42058
694 265 2502 2520 279435 42171
695 265 2502 2520 280258 42281
696 265 2502 2520 281021 42369
697 266 2502 2520 281793 42464
698 267 2502 2520 282620 42587
699 267 2502 2520 283427 42696
700 269 2502 2520 284232 42764
701 270 2501 2520 285039 42877
702 271 2501 2520 285796 42991
703 271 2501 2520 286618 43137
704 271 2501 2520 287365 43228
705 271 2501 2520 288133 43269
706 272 2501 2520 288909 43370
707 274 2500 2520 289670 43472
708 274 2500 2520 290459 43566
709 275 2500 2520 291289 43641
710 275 2500 2520 292108 43741
711 275 2500 2520 292898 43810
712 278 2500 2520 293642 43881
713 278 2499 2520 294485 43972
714 281 2499 2520 295325 44055
715 281 2499 2520 296136 44122
716 282 2499 2520 297007 44275
717 283 2499 2520 297901 44390
718 283 2499 2520 298744 44468
719 284 2499 2520 299735 44592
720 285 2499 2520 300684 44722
721 285 2499 2520 301592 44878
722 285 2499 2520 302520 44970
723 286 2498 2520 303428 45114
724 286 2498 2520 304307 45210
725 287 2498 2520 305120 45361
726 287 2498 2520 306014 45442
727 287 2498 2520 306838 45558
728 288 2498 2520 307636 45687
729 288 2498 2520 308400 45764
730 288 2498 2520 309235 45868
731 289 2498 2520 309997 45916
732 289 2498 2520 310744 46010
733 291 2498 2520 311486 46093
734 291 2498 2520 312343 46219
735 292 2498 2520 313174 46312
736 292 2498 2520 313910 46426
737 292 2498 2520 314654 46484
738 295 2498 2520 315373 46601
739 298 2498 2520 316162 46757
740 298 2498 2520 316997 46873
741 300 2498 2520 317787 46958
742 300 2498 2520 318609 47049
743 301 2498 2520 319454 47161
744 301 2498 2520 320319 47278
745 303 2498 2520 321172 47358
746 303 2498 2520 322042 47452
747 304 2498 2520 322936 47602
748 304 2498 2520 323816 47708
749 304 2498 2520 324656 47838
750 308 2498 2520 325517 47909
751 308 2498 2520 326322 48022
752 308 2498 2520 327209 48108
753 308 2498 2520 328094 48200
754 310 2498 2520 328955 48296
755 310 2497 2520 329762 48375
756 311 2497 2520 330725 48431
757 312 2497 2520 331620 48545
758 312 2497 2520 332477 48645
759 313 2497 2520 333295 48770
760 314 2497 2520 334138 48882
761 314 2497 2520 334949 48991
762 314 2496 2520 335827 49110
763 314 2496 2520 336629 49199
764 315 2496 2520 337469 49314
765 317 2496 2520 338324 49392
766 317 2496 2520 339165 49521
767 317 2496 2520 339983 49612
768 321 2496 2520 340884 49709
769 322 2496 2520 341757 49823
770 322 2496 2520 342674 49948
771 322 2495 2520 343572 49984
772 322 2495 2520 344484 50077
773 324 2494 2520 345374 50174
774 326 2494 2520 346305 50293
775 327 2494 2520 347221 50433
776 328 2494 2520 348173 50511
777 329 2494 2520 349058 50597
778 330 2494 2520 349984 50666
779 331 2494 2520 350909 50730
780 331 2494 2520 351761 50791
781 331 2494 2520 352650 50982
782 331 2494 2520 353618 51156
783 333 2494 2520 354539 51265
784 334 2494 2520 355437 51424
785 334 2494 2520 356384 51537
786 334 2494 2520 357223 51629
787 334 2494 2520 358047 51732
788 336 2494 2520 358896 51816
789 337 2494 2520 359753 51875
790 338 2493 2520 360673 51999
791 341 2493 2520 361505 52090
792 341 2493 2520 362379 52187
793 343 2493 2520 363316 52328
794 344 2493 2520 364247 52481
795 344 2493 2520 365129 52572
796 344 2493 2520 366034 52691
797 344 2493 2520 366983 52810
798 345 2492 2520 367885 52880
799 345 2492 2520 368783 52989
800 347 2492 2520 369645 53103
801 349 2492 2520 370551 53156
802 350 2491 2520 371484 53240
803 350 2491 2520 372470 53334
804 352 2491 2520 373448 53501
805 352 2491 2520 374420 53612
806 353 2491 2520 375496 53689
807 355 2491 2520 376493 53749
808 355 2491 2520 377511 53805
809 359 2491 2520 378515 53918
810 359 2491 2520 379540 53982
811 361 2491 2520 380600 54103
812 362 2491 2520 381618 54208
813 362 2491 2520 382704 54335
814 362 2491 2520 383775 54450
815 362 2491 2520 384792 54494
816 363 2489 2520 385886 54615
817 364 2489 2520 386907 54744
818 368 2489 2520 387944 54790
819 369 2489 2520 389066 54908
820 369 2489 2520 390150 55013
821 369 2489 2520 391289 55107
822 370 2489 2520 392388 55209
823 370 2489 2520 393327 55279
824 370 2489 2520 394360 55339
825 370 2489 2520 395331 55451
826 370 2489 2520 396264 55511
827 371 2489 2520 397158 55620
828 371 2489 2520 398012 55739
829 371 2489 2520 398920 55799
830 371 2489 2520 399802 55891
831 373 2489 2520 400657 55947
832 374 2489 2520 401513 56058
833 374 2489 2520 402391 56171
834 375 2489 2520 403298 56231
835 375 2489 2520 404160 56308
836 376 2489 2520 405101 56415
837 377 2489 2520 405935 56472
838 378 2489 2520 406852 56617
839 379 2489 2520 407797 56739
840 380 2489 2520 408757 56859
841 381 2489 2520 409685 56986
842 381 2489 2520 410636 57125
843 382 2489 2520 411597 57192
844 384 2489 2520 412615 57305
845 385 2489 2520 413546 57439
846 386 2489 2520 414501 57558
847 387 2489 2520 415477 57666
848 387 2489 2520 416477 57805
849 387 2489 2520 417476 57937
850 387 2489 2520 418486 57983
851 387 2489 2520 419470 58129
852 388 2489 2520 420434 58238
853 388 2489 2520 421369 58305
854 389 2489 2520 422299 58405
855 390 2489 2520 423185 58498
856 390 2489 2520 424048 58557
857 390 2489 2520 424945 58646
858 390 2489 2520 425843 58739
859 391 2489 2520 426669 58831
860 394 2489 2520 427469 58939
861 395 2489 2520 428320 59000
862 395 2489 2520 429232 59089
863 396 2489 2520 430097 59231
864 397 2489 2520 431031 59366
865 398 2489 2520 431971 59470
866 398 2489 2520 432882 59597
867 400 2489 2520 433860 59704
868 401 2489 2520 434718 59827
869 402 2489 2520 435700 59960
870 404 2489 2520 436609 60010
871 409 2489 2520 437504 60068
872 409 2489 2520 438464 60179
873 409 2489 2520 439423 60313
874 411 2489 2520 440408 60405
875 413 2489 2520 441416 60502
876 415 2489 2520 442517 60616
877 416 2489 2520 443620 60758
878 416 2489 2520 444723 60815
879 417 2489 2520 445841 60967
880 418 2489 2520 446913 61103
881 418 2489 2520 448077 61264
882 419 2489 2520 449190 61351
883 421 2489 2520 450239 61461
884 421 2489 2520 451337 61619
885 421 2489 2520 452334 61714
886 422 2489 2520 453371 61802
887 423 2489 2520 454390 61905
888 424 2489 2520 455366 61984
889 425 2489 2520 456453 62162
890 427 2489 2520 457475 62267
891 427 2489 2520 458515 62384
892 427 2489 2520 459519 62485
893 429 2489 2520 460485 62561
894 429 2489 2520 461515 62701
895 431 2489 2520 462536 62834
896 432 2489 2520 463571 62938
897 432 2488 2520 464511 62999
898 432 2488 2520 465536 63115
899 432 2488 2520 466524 63223
900 433 2488 2520 467506 63320
901 433 2488 2520 468373 63414
902 434 2488 2520 469285 63469
903 438 2488 2520 470173 63589
904 438 2488 2520 471033 63651
905 438 2488 2520 471980 63732
906 441 2488 2520 472794 63809
907 443 2488 2520 473696 63899
908 448 2488 2520 474625 63973
909 448 2488 2520 475705 64086
910 448 2488 2520 476850 64238
911 450 2488 2520 477788 64380
912 450 2488 2520 478876 64467
913 451 2488 2520 479967 64631
914 452 2488 2520 481032 64765
915 453 2487 2520 482179 64863
916 454 2487 2520 483266 64983
917 455 2487 2520 484407 65173
918 457 2487 2520 485608 65252
919 457 2487 2520 486770 65317
920 459 2487 2520 487919 65472
921 461 2487 2520 489111 65589
922 461 2487 2520 490229 65680
923 461 2487 2520 491312 65787
924 463 2486 2520 492513 65934
925 463 2486 2520 493653 66042
926 463 2486 2520 494820 66196
927 464 2486 2520 496051 66270
928 465 2486 2520 497138 66331
929 466 2486 2520 498212 66417
930 467 2486 2520 499272 66486
931 468 2486 2520 500330 66568
932 469 2486 2520 501447 66645
933 470 2486 2520 502486 66731
934 471 2485 2520 503599 66904
935 473 2485 2520 504620 66975
936 474 2485 2520 505668 67095
937 476 2485 2520 506745 67214
938 477 2485 2520 507779 67265
939 478 2485 2520 508943 67375
940 479 2484 2520 510108 67535
941 480 2484 2520 511295 67675
942 480 2484 2520 512446 67804
943 482 2484 2520 513638 67923
944 482 2484 2520 514841 68053
945 483 2484 2520 516075 68164
946 485 2484 2520 517253 68260
947 485 2482 2520 518413 68389
948 485 2482 2520 519591 68458
949 486 2482 2520 520744 68555
950 487 2482 2520 521781 68643
951 490 2482 2520 522940 68745
952 490 2482 2520 524136 68881
953 490 2482 2520 525187 68973
954 490 2482 2520 526326 69113
955 490 2482 2520 527450 69230
956 492 2482 2520 528484 69370
957 493 2482 2520 529582 69479
958 493 2482 2520 530640 69628
959 496 2482 2520 531669 69753
960 497 2482 2520 532730 69902
961 497 2482 2520 533829 70035
962 498 2482 2520 534897 70120
963 498 2482 2520 535945 70244
964 499 2482 2520 536894 70336
965 499 2482 2520 537930 70469
966 501 2482 2520 538874 70626
967 503 2482 2520 539872 70740
968 503 2482 2520 540888 70817
969 503 2482 2520 541863 70907
970 506 2482 2520 542744 70965
971 507 2482 2520 543766 71063
972 508 2482 2520 544838 71216
973 509 2482 2520 545830 71286
974 510 2482 2520 546828 71359
975 512 2482 2520 547932 71573
976 514 2482 2520 549018 71685
977 515 2482 2520 550192 71795
978 515 2482 2520 551249 71909
979 515 2481 2520 552322 72075
980 515 2481 2520 553329 72183
981 516 2481 2520 554372 72244
982 516 2481 2520 555476 72338
983 519 2481 2520 556525 72460
984 520 2481 2520 557599 72597
985 523 2481 2520 558634 72666
986 524 2481 2520 559687 72772
987 525 2481 2520 560756 72934
988 526 2481 2520 561875 73045
989 528 2481 2520 562989 73128
990 530 2481 2520 564209 73212
991 531 2481 2520 565395 73305
992 531 2481 2520 566527 73421
993 531 2481 2520 567786 73532
994 532 2481 2520 568876 73610
995 532 2481 2520 570041 73707
996 532 2481 2520 571161 73821
997 534 2481 2520 572197 73909
998 535 2481 2520 573291 74047
999 537 2481 2520 574347 74155
1000 537 2481 2520 575362 74222
