0 1 2519 2520 797 501
1 1 2519 2520 833 522
2 1 2519 2520 858 533
3 1 2519 2520 886 546
4 1 2519 2520 915 563
5 1 2519 2520 934 576
6 1 2519 2520 974 601
7 1 2519 2520 1010 618
8 1 2519 2520 1042 628
9 1 2519 2520 1077 652
10 1 2519 2520 1107 661
11 1 2519 2520 1133 672
12 1 2519 2520 1159 678
13 1 2519 2520 1190 683
14 1 2519 2520 1221 687
15 1 2519 2520 1247 696
16 2 2519 2520 1263 700
17 2 2519 2520 1310 717
18 2 2519 2520 1421 759
19 2 2519 2520 1519 791
20 2 2519 2520 1625 840
21 2 2519 2520 1716 868
22 2 2519 2520 1812 890
23 2 2519 2520 1902 917
24 2 2519 2520 2005 949
25 2 2519 2520 2083 972
26 2 2519 2520 2143 986
27 2 2519 2520 2217 1010
28 2 2519 2520 2278 1029
29 2 2519 2520 2316 1032
30 2 2519 2520 2361 1050
31 2 2519 2520 2391 1058
32 2 2519 2520 2441 1080
33 2 2519 2520 2464 1081
34 3 2519 2520 2487 1089
35 4 2519 2520 2529 1108
36 4 2519 2520 2646 1151
37 4 2519 2520 2780 1213
38 4 2519 2520 2952 1285
39 4 2519 2520 3138 1339
40 4 2519 2520 3302 1386
41 4 2519 2520 3457 1432
42 4 2519 2520 3604 1468
43 4 2519 2520 3728 1491
44 4 2519 2520 3876 1519
45 4 2519 2520 4040 1555
46 4 2519 2520 4170 1589
47 4 2519 2520 4284 1624
48 4 2519 2520 4375 1649
49 4 2519 2520 4467 1681
50 5 2519 2520 4547 1705
51 5 2519 2520 4655 1729
52 5 2519 2520 4791 1768
53 5 2519 2520 4917 1799
54 5 2519 2520 5042 1842
55 5 2519 2520 5179 1862
56 5 2519 2520 5263 1883
57 5 2519 2520 5392 1932
58 6 2519 2520 5479 1964
59 6 2519 2520 5592 1972
60 7 2519 2520 5707 2001
61 8 2519 2520 5876 2040
62 8 2519 2520 6082 2094
63 8 2519 2520 6274 2154
64 8 2519 2520 6500 2209
65 8 2519 2520 6711 2246
66 8 2519 2520 6927 2302
67 8 2518 2520 7124 2331
68 8 2518 2520 7368 2390
69 8 2518 2520 7626 2428
70 8 2518 2520 7849 2482
71 9 2518 2520 8026 2520
72 9 2518 2520 8240 2563
73 9 2518 2520 8443 2623
74 9 2517 2520 8640 2648
75 9 2517 2520 8825 2679
76 9 2517 2520 9029 2719
77 9 2517 2520 9216 2728
78 10 2517 2520 9416 2774
79 10 2517 2520 9631 2818
80 10 2517 2520 9831 2840
81 10 2517 2520 10018 2889
82 11 2517 2520 10218 2903
83 11 2517 2520 10411 2950
84 11 2517 2520 10611 2994
85 12 2517 2520 10811 3027
86 12 2517 2520 11022 3056
87 12 2517 2520 11196 3105
88 12 2517 2520 11382 3155
89 13 2517 2520 11578 3184
90 14 2517 2520 11789 3228
91 14 2517 2520 12051 3286
92 14 2517 2520 12326 3352
93 14 2517 2520 12592 3409
94 14 2517 2520 12851 3486
95 14 2517 2520 13118 3541
96 15 2517 2520 13363 3583
97 15 2517 2520 13623 3615
98 15 2517 2520 13896 3657
99 15 2517 2520 14132 3706
100 15 2516 2520 14358 3728
101 15 2516 2520 14593 3750
102 16 2516 2520 14834 3804
103 16 2516 2520 15074 3815
104 16 2516 2520 15365 3867
105 16 2516 2520 15644 3917
106 16 2516 2520 15885 3952
107 16 2516 2520 16133 3990
108 16 2516 2520 16335 4009
109 16 2516 2520 16535 4033
110 16 2516 2520 16738 4081
111 16 2516 2520 16925 4115
112 16 2516 2520 17095 4144
113 17 2516 2520 17298 4168
114 18 2515 2520 17467 4203
115 18 2515 2520 17664 4249
116 18 2515 2520 17882 4301
117 19 2515 2520 18093 4354
118 19 2515 2520 18294 4367
119 20 2515 2520 18554 4403
120 21 2515 2520 18792 4445
121 21 2515 2520 19066 4508
122 22 2515 2520 19380 4600
123 22 2515 2520 19667 4674
124 22 2515 2520 19983 4713
125 22 2515 2520 20269 4759
126 22 2515 2520 20584 4820
127 22 2515 2520 20853 4880
128 23 2515 2520 21109 4907
129 23 2515 2520 21398 4937
130 23 2515 2520 21689 4980
131 23 2515 2520 21975 5046
132 23 2515 2520 22230 5092
133 23 2515 2520 22482 5136
134 23 2515 2520 22744 5189
135 24 2515 2520 22986 5234
136 24 2515 2520 23237 5268
137 24 2515 2520 23493 5350
138 24 2515 2520 23718 5412
139 24 2515 2520 23933 5454
140 25 2515 2520 24162 5504
141 25 2515 2520 24393 5562
142 25 2515 2520 24630 5587
143 25 2515 2520 24879 5665
144 25 2515 2520 25110 5721
145 26 2515 2520 25315 5768
146 26 2515 2520 25586 5833
147 26 2515 2520 25843 5896
148 26 2515 2520 26102 5945
149 27 2515 2520 26365 5997
150 27 2515 2520 26642 6082
151 27 2515 2520 26907 6122
152 27 2515 2520 27175 6143
153 27 2515 2520 27438 6213
154 27 2515 2520 27660 6252
155 27 2515 2520 27891 6314
156 27 2515 2520 28097 6370
157 27 2515 2520 28295 6405
158 28 2515 2520 28503 6456
159 28 2515 2520 28723 6517
160 29 2515 2520 28968 6556
161 29 2515 2520 29204 6581
162 29 2515 2520 29462 6628
163 30 2515 2520 29712 6677
164 30 2515 2520 29976 6727
165 30 2515 2520 30238 6780
166 30 2515 2520 30482 6839
167 30 2515 2520 30716 6875
168 30 2515 2520 30984 6934
169 30 2515 2520 31263 6969
170 30 2515 2520 31508 7011
171 30 2515 2520 31715 7043
172 30 2515 2520 31919 7068
173 30 2515 2520 32085 7085
174 30 2515 2520 32296 7113
175 31 2515 2520 32512 7168
176 31 2515 2520 32691 7214
177 32 2515 2520 32907 7253
178 33 2515 2520 33088 7275
179 33 2515 2520 33339 7291
180 33 2515 2520 33560 7328
181 33 2515 2520 33772 7362
182 33 2515 2520 34007 7408
183 35 2515 2520 34284 7466
184 35 2515 2520 34565 7515
185 35 2514 2520 34846 7541
186 35 2514 2520 35150 7622
187 35 2514 2520 35459 7693
188 35 2514 2520 35781 7742
189 35 2514 2520 36064 7792
190 36 2514 2520 36349 7858
191 36 2514 2520 36648 7907
192 36 2514 2520 36930 7923
193 37 2514 2520 37259 7989
194 37 2514 2520 37497 8014
195 37 2514 2520 37790 8048
196 38 2514 2520 38092 8080
197 38 2514 2520 38393 8173
198 38 2514 2520 38690 8224
199 38 2514 2520 38947 8278
200 39 2514 2520 39218 8330
201 39 2513 2520 39484 8379
202 39 2513 2520 39793 8451
203 39 2513 2520 40116 8505
204 40 2513 2520 40414 8565
205 40 2513 2520 40721 8580
206 40 2513 2520 40992 8618
207 40 2513 2520 41255 8652
208 41 2513 2520 41554 8685
209 41 2513 2520 41854 8717
210 42 2513 2520 42151 8808
211 42 2513 2520 42475 8860
212 42 2512 2520 42780 8944
213 42 2512 2520 43105 8959
214 43 2512 2520 43420 9013
215 43 2512 2520 43726 9043
216 44 2512 2520 44030 9069
217 44 2512 2520 44307 9124
218 44 2512 2520 44595 9164
219 44 2512 2520 44880 9227
220 44 2512 2520 45117 9233
221 44 2512 2520 45385 9260
222 44 2512 2520 45648 9308
223 44 2512 2520 45878 9370
224 44 2512 2520 46109 9385
225 44 2512 2520 46310 9415
226 44 2512 2520 46527 9455
227 44 2512 2520 46702 9484
228 44 2512 2520 46906 9502
229 44 2512 2520 47066 9544
230 44 2512 2520 47232 9546
231 44 2512 2520 47399 9599
232 46 2512 2520 47528 9618
233 46 2512 2520 47698 9644
234 47 2512 2520 47894 9693
235 47 2512 2520 48074 9712
236 47 2512 2520 48326 9755
237 47 2512 2520 48582 9807
238 48 2512 2520 48803 9828
239 48 2512 2520 49087 9878
240 48 2512 2520 49380 9954
241 48 2512 2520 49657 9997
242 48 2512 2520 49906 10043
243 48 2512 2520 50178 10069
244 48 2512 2520 50426 10126
245 49 2512 2520 50675 10156
246 51 2512 2520 50908 10190
247 51 2512 2520 51182 10244
248 52 2512 2520 51459 10318
249 52 2512 2520 51754 10360
250 52 2512 2520 52092 10428
251 53 2512 2520 52437 10466
252 53 2512 2520 52786 10524
253 53 2512 2520 53088 10575
254 53 2512 2520 53404 10614
255 53 2512 2520 53732 10675
256 53 2512 2520 54053 10723
257 53 2512 2520 54333 10773
258 53 2512 2520 54625 10786
259 53 2512 2520 54939 10839
260 53 2512 2520 55274 10919
261 53 2512 2520 55509 10925
262 54 2512 2520 55774 10969
263 54 2512 2520 56075 11006
264 56 2512 2520 56397 11037
265 56 2512 2520 56690 11079
266 57 2512 2520 57047 11149
267 57 2512 2520 57323 11194
268 57 2512 2520 57637 11258
269 57 2512 2520 57958 11311
270 58 2512 2520 58309 11336
271 58 2512 2520 58642 11383
272 58 2512 2520 58983 11414
273 58 2512 2520 59341 11491
274 59 2512 2520 59691 11538
275 59 2512 2520 60066 11565
276 59 2512 2520 60373 11636
277 60 2512 2520 60723 11722
278 60 2512 2520 61030 11777
279 60 2512 2520 61354 11824
280 60 2512 2520 61678 11897
281 60 2512 2520 61955 11928
282 60 2512 2520 62286 11946
283 60 2512 2520 62562 12000
284 61 2512 2520 62877 12028
285 61 2512 2520 63160 12065
286 61 2512 2520 63434 12117
287 61 2512 2520 63717 12146
288 61 2512 2520 64011 12173
289 61 2512 2520 64308 12239
290 62 2512 2520 64552 12264
291 62 2512 2520 64824 12312
292 62 2512 2520 65109 12382
293 62 2512 2520 65380 12430
294 62 2512 2520 65691 12482
295 62 2512 2520 65970 12516
296 63 2512 2520 66261 12562
297 63 2512 2520 66524 12620
298 63 2512 2520 66815 12656
299 64 2512 2520 67074 12667
300 65 2512 2520 67356 12731
301 65 2512 2520 67662 12764
302 65 2512 2520 67961 12825
303 65 2512 2520 68301 12881
304 65 2512 2520 68638 12932
305 65 2512 2520 68908 12992
306 65 2512 2520 69205 13038
307 65 2512 2520 69473 13086
308 65 2512 2520 69750 13153
309 65 2512 2520 70006 13164
310 65 2512 2520 70228 13199
311 65 2512 2520 70411 13251
312 65 2512 2520 70630 13307
313 65 2512 2520 70846 13354
314 65 2512 2520 71048 13391
315 66 2512 2520 71253 13416
316 66 2512 2520 71433 13443
317 67 2512 2520 71659 13474
318 68 2512 2520 71882 13526
319 69 2512 2520 72114 13547
320 70 2512 2520 72403 13582
321 71 2512 2520 72660 13648
322 71 2512 2520 72950 13704
323 71 2512 2520 73241 13752
324 72 2512 2520 73557 13800
325 72 2512 2520 73796 13841
326 72 2512 2520 74106 13894
327 72 2512 2520 74478 13953
328 72 2512 2520 74794 13996
329 73 2512 2520 75080 14027
330 73 2512 2520 75424 14071
331 73 2512 2520 75738 14100
332 73 2512 2520 76049 14151
333 73 2512 2520 76368 14205
334 74 2512 2520 76723 14280
335 74 2512 2520 77035 14296
336 75 2512 2520 77384 14374
337 75 2512 2520 77758 14392
338 75 2512 2520 78124 14498
339 75 2512 2520 78446 14543
340 75 2512 2520 78767 14598
341 75 2512 2520 79138 14663
342 75 2512 2520 79451 14735
343 75 2512 2520 79736 14759
344 75 2512 2520 80055 14831
345 76 2512 2520 80352 14880
346 76 2512 2520 80612 14913
347 76 2512 2520 80902 14946
348 76 2512 2520 81224 15000
349 76 2512 2520 81521 15035
350 77 2512 2520 81796 15089
351 77 2512 2520 82079 15113
352 77 2512 2520 82366 15166
353 77 2512 2520 82623 15201
354 77 2512 2520 82881 15219
355 78 2512 2520 83127 15252
356 78 2512 2520 83369 15308
357 78 2512 2520 83616 15350
358 79 2512 2520 83925 15391
359 79 2512 2520 84204 15430
360 79 2512 2520 84488 15458
361 79 2512 2520 84798 15455
362 79 2512 2520 85109 15490
363 80 2512 2520 85368 15526
364 80 2512 2520 85638 15578
365 80 2512 2520 85925 15659
366 80 2512 2520 86203 15689
367 82 2512 2520 86480 15703
368 83 2512 2520 86785 15744
369 84 2512 2520 87094 15832
370 85 2512 2520 87400 15880
371 85 2512 2520 87792 15935
372 86 2512 2520 88168 16003
373 86 2512 2520 88549 16101
374 86 2512 2520 88962 16191
375 86 2512 2520 89316 16273
376 87 2511 2520 89724 16314
377 87 2511 2520 90130 16371
378 87 2511 2520 90568 16407
379 88 2511 2520 90984 16472
380 88 2511 2520 91413 16541
381 88 2511 2520 91833 16606
382 88 2511 2520 92245 16636
383 88 2511 2520 92622 16700
384 88 2511 2520 93011 16765
385 88 2511 2520 93417 16819
386 88 2511 2520 93734 16885
387 89 2511 2520 94061 16930
388 89 2511 2520 94420 16974
389 89 2511 2520 94727 17016
390 90 2511 2520 95055 17060
391 90 2511 2520 95379 17081
392 90 2511 2520 95737 17126
393 90 2511 2520 96089 17232
394 92 2511 2520 96439 17301
395 92 2511 2520 96831 17340
396 93 2511 2520 97248 17430
397 93 2511 2520 97672 17483
398 93 2511 2520 98114 17552
399 93 2511 2520 98554 17656
400 94 2511 2520 98943 17716
401 94 2511 2520 99358 17782
402 94 2511 2520 99784 17852
403 95 2511 2520 100204 17895
404 95 2511 2520 100657 17930
405 96 2511 2520 101070 17974
406 97 2511 2520 101505 18056
407 98 2511 2520 101951 18140
408 98 2511 2520 102382 18214
409 98 2511 2520 102784 18253
410 98 2511 2520 103197 18300
411 99 2511 2520 103628 18365
412 99 2511 2520 104013 18435
413 100 2511 2520 104411 18472
414 100 2511 2520 104830 18524
415 100 2511 2520 105219 18564
416 100 2511 2520 105599 18621
417 100 2511 2520 105993 18686
418 101 2511 2520 106370 18736
419 101 2511 2520 106757 18785
420 101 2511 2520 107098 18851
421 101 2511 2520 107476 18883
422 103 2511 2520 107869 18908
423 103 2511 2520 108287 18976
424 104 2511 2520 108729 18981
425 104 2511 2520 109203 19077
426 104 2511 2520 109607 19153
427 104 2511 2520 110006 19196
428 104 2511 2520 110459 19282
429 104 2511 2520 110905 19303
430 105 2511 2520 111333 19398
431 105 2511 2520 111724 19473
432 105 2511 2520 112139 19521
433 105 2511 2520 112521 19570
434 105 2511 2520 112918 19640
435 105 2511 2520 113259 19706
436 105 2511 2520 113605 19725
437 105 2511 2520 113961 19774
438 105 2511 2520 114295 19816
439 106 2511 2520 114629 19861
440 106 2511 2520 115004 19910
441 106 2511 2520 115349 19967
442 107 2511 2520 115681 20000
443 109 2511 2520 116036 20063
444 110 2511 2520 116396 20127
445 111 2511 2520 116763 20186
446 111 2511 2520 117169 20293
447 111 2511 2520 117601 20354
448 112 2511 2520 118009 20376
449 112 2511 2520 118442 20429
450 114 2511 2520 118963 20503
451 115 2511 2520 119414 20563
452 116 2511 2520 119911 20648
453 117 2511 2520 120429 20722
454 117 2511 2520 120935 20788
455 117 2511 2520 121505 20880
456 117 2511 2520 122090 20989
457 117 2511 2520 122596 21075
458 119 2511 2520 123199 21113
459 120 2511 2520 123788 21182
460 121 2511 2520 124328 21273
461 121 2511 2520 124904 21362
462 122 2511 2520 125507 21439
463 122 2511 2520 126082 21526
464 123 2511 2520 126682 21593
465 124 2511 2520 127183 21679
466 124 2511 2520 127704 21743
467 124 2511 2520 128289 21790
468 125 2511 2520 128846 21867
469 127 2511 2520 129396 21935
470 127 2511 2520 129933 22028
471 128 2511 2520 130520 22109
472 128 2511 2520 131062 22193
473 128 2511 2520 131705 22307
474 128 2511 2520 132266 22424
475 129 2511 2520 132858 22470
476 129 2511 2520 133472 22519
477 129 2511 2520 134092 22609
478 130 2511 2520 134684 22681
479 131 2511 2520 135287 22737
480 131 2511 2520 135902 22851
481 131 2511 2520 136456 22960
482 132 2511 2520 136978 23032
483 132 2511 2520 137547 23111
484 133 2511 2520 138138 23202
485 133 2511 2520 138630 23260
486 133 2511 2520 139131 23356
487 134 2511 2520 139712 23426
488 134 2511 2520 140223 23471
489 134 2511 2520 140751 23553
490 134 2511 2520 141287 23633
491 134 2511 2520 141786 23688
492 136 2511 2520 142327 23718
493 136 2511 2520 142896 23818
494 136 2511 2520 143378 23893
495 136 2511 2520 143899 23939
496 136 2511 2520 144382 24000
497 136 2511 2520 144858 24068
498 136 2511 2520 145375 24128
499 137 2511 2520 145901 24209
500 138 2511 2520 146399 24297
501 138 2511 2520 146994 24399
502 139 2511 2520 147552 24479
503 139 2511 2520 148129 24548
504 139 2511 2520 148619 24649
505 139 2511 2520 149107 24756
506 139 2511 2520 149648 24852
507 139 2511 2520 150171 24969
508 140 2511 2520 150660 25026
509 141 2511 2520 151168 25123
510 141 2511 2520 151633 25196
511 142 2511 2520 152148 25253
512 143 2511 2520 152625 25340
513 144 2511 2520 153121 25426
514 145 2511 2520 153716 25523
515 145 2511 2520 154226 25609
516 146 2511 2520 154772 25685
517 146 2511 2520 155285 25764
518 146 2511 2520 155770 25834
519 146 2511 2520 156288 25929
520 146 2511 2520 156812 26039
521 148 2511 2520 157306 26111
522 149 2511 2520 157800 26171
523 149 2511 2520 158311 26270
524 149 2511 2520 158825 26305
525 149 2511 2520 159395 26410
526 149 2511 2520 159908 26505
527 149 2511 2520 160411 26590
528 152 2511 2520 160876 26649
529 152 2511 2520 161422 26734
530 152 2511 2520 161936 26775
531 152 2511 2520 162459 26862
532 154 2511 2520 163013 26934
533 154 2511 2520 163558 26995
534 157 2511 2520 164140 27107
535 157 2511 2520 164740 27197
536 159 2511 2520 165370 27254
537 159 2511 2520 165957 27353
538 160 2511 2520 166694 27461
539 161 2511 2520 167396 27555
540 161 2511 2520 168092 27638
541 161 2511 2520 168813 27725
542 162 2511 2520 169466 27815
543 164 2511 2520 170124 27939
544 165 2511 2520 170766 28055
545 165 2511 2520 171389 28151
546 165 2511 2520 172067 28220
547 165 2511 2520 172735 28302
548 165 2511 2520 173341 28378
549 165 2511 2520 173996 28452
550 165 2511 2520 174545 28543
551 165 2511 2520 175127 28622
552 165 2511 2520 175680 28709
553 165 2511 2520 176198 28772
554 167 2511 2520 176773 28894
555 168 2511 2520 177266 28934
556 169 2511 2520 177789 28994
557 169 2511 2520 178370 29046
558 169 2511 2520 178954 29145
559 170 2511 2520 179472 29223
560 172 2511 2520 179939 29340
561 174 2511 2520 180517 29412
562 174 2510 2520 181128 29533
563 175 2510 2520 181756 29640
564 176 2510 2520 182460 29751
565 177 2510 2520 183095 29849
566 177 2510 2520 183792 29910
567 178 2510 2520 184513 30065
568 179 2510 2520 185251 30153
569 180 2510 2520 185986 30241
570 180 2510 2520 186662 30314
571 180 2510 2520 187401 30418
572 180 2510 2520 188104 30509
573 180 2510 2520 188846 30616
574 181 2510 2520 189520 30719
575 182 2510 2520 190198 30811
576 184 2510 2520 190820 30903
577 184 2510 2520 191532 30996
578 184 2510 2520 192199 31086
579 184 2510 2520 192895 31203
580 184 2510 2520 193574 31272
581 184 2510 2520 194274 31276
582 186 2510 2520 195054 31444
583 186 2510 2520 195750 31565
584 186 2510 2520 196381 31658
585 187 2510 2520 197085 31774
586 187 2510 2520 197742 31868
587 187 2510 2520 198452 31933
588 187 2510 2520 199116 32023
589 187 2510 2520 199727 32119
590 187 2510 2520 200400 32199
591 187 2510 2520 201036 32271
592 188 2510 2520 201618 32352
593 188 2510 2520 202161 32471
594 188 2510 2520 202663 32513
595 188 2510 2520 203161 32590
596 188 2510 2520 203705 32654
597 189 2510 2520 204261 32747
598 189 2510 2520 204778 32782
599 189 2509 2520 205339 32851
600 191 2509 2520 205876 32917
601 191 2509 2520 206365 32980
602 191 2509 2520 206928 33059
603 193 2509 2520 207496 33170
604 195 2509 2520 208078 33254
605 195 2509 2520 208621 33372
606 196 2509 2520 209251 33491
607 197 2509 2520 209791 33587
608 197 2509 2520 210410 33637
609 200 2509 2520 211139 33739
610 201 2509 2520 211780 33870
611 202 2509 2520 212540 33956
612 204 2509 2520 213296 34089
613 206 2509 2520 214050 34165
614 206 2509 2520 214842 34260
615 206 2509 2520 215649 34360
616 207 2509 2520 216495 34524
617 207 2509 2520 217320 34629
618 207 2508 2520 218213 34744
619 208 2508 2520 219034 34809
620 209 2508 2520 219841 34907
621 209 2507 2520 220573 35006
622 209 2507 2520 221360 35166
623 210 2507 2520 222118 35201
624 210 2507 2520 222827 35262
625 212 2506 2520 223522 35320
626 212 2506 2520 224214 35408
627 213 2506 2520 225019 35502
628 213 2506 2520 225695 35560
629 213 2506 2520 226499 35641
630 213 2506 2520 227202 35732
631 213 2506 2520 227960 35822
632 213 2506 2520 228680 35947
633 213 2506 2520 229310 36008
634 213 2506 2520 229949 36050
635 213 2506 2520 230569 36090
636 214 2506 2520 231142 36150
637 215 2506 2520 231747 36224
638 217 2506 2520 232376 36258
639 217 2506 2520 232990 36331
640 218 2506 2520 233596 36384
641 220 2506 2520 234189 36449
642 221 2506 2520 234848 36530
643 222 2506 2520 235499 36610
644 222 2506 2520 236178 36704
645 223 2506 2520 236854 36799
646 223 2506 2520 237596 36872
647 225 2506 2520 238290 36930
648 225 2506 2520 239010 37025
649 226 2506 2520 239780 37137
650 226 2506 2520 240487 37189
651 226 2506 2520 241248 37312
652 228 2506 2520 241968 37385
653 229 2506 2520 242736 37493
654 229 2506 2520 243539 37575
655 229 2506 2520 244281 37678
656 229 2506 2520 244980 37784
657 229 2506 2520 245687 37891
658 230 2506 2520 246379 38034
659 230 2506 2520 247084 38071
660 231 2506 2520 247795 38199
661 231 2506 2520 248500 38259
662 232 2506 2520 249229 38372
663 232 2506 2520 249898 38405
664 233 2506 2520 250634 38507
665 233 2506 2520 251349 38624
666 233 2506 2520 252071 38738
667 234 2506 2520 252700 38825
668 234 2506 2520 253386 38890
669 236 2506 2520 254020 38951
670 237 2506 2520 254578 39029
671 237 2506 2520 255377 39124
672 237 2506 2520 256087 39231
673 238 2506 2520 256775 39293
674 240 2506 2520 257500 39350
675 242 2506 2520 258198 39446
676 243 2506 2520 258835 39507
677 243 2506 2520 259560 39574
678 243 2506 2520 260302 39654
679 244 2506 2520 260937 39714
680 246 2506 2520 261615 39784
681 247 2506 2520 262329 39874
682 248 2506 2520 263026 39962
683 250 2506 2520 263745 40085
684 250 2506 2520 264424 40162
685 251 2506 2520 265240 40258
686 252 2506 2520 266092 40335
687 252 2506 2520 267035 40423
688 252 2506 2520 267825 40508
689 252 2506 2520 268626 40596
690 252 2506 2520 269530 40678
691 254 2506 2520 270289 40784
692 256 2506 2520 271066 40910
693 258 2506 2520 271909 41021
694 260 2506 2520 272839 41124
695 261 2506 2520 273705 41240
696 261 2506 2520 274643 41259
697 261 2506 2520 275473 41299
698 263 2506 2520 276426 41452
699 263 2506 2520 277305 41524
700 264 2506 2520 278278 41625
701 265 2506 2520 279164 41764
702 265 2506 2520 280026 41882
703 265 2506 2520 280906 41980
704 266 2506 2520 281787 42055
705 268 2506 2520 282667 42184
706 269 2506 2520 283507 42293
707 269 2506 2520 284346 42428
708 269 2506 2520 285183 42589
709 271 2506 2520 286065 42728
710 271 2506 2520 286891 42799
711 272 2506 2520 287771 42886
712 273 2506 2520 288639 42961
713 275 2506 2520 289559 43071
714 275 2506 2520 290432 43204
715 275 2506 2520 291314 43280
716 277 2506 2520 292275 43419
717 277 2506 2520 293146 43517
718 277 2506 2520 294037 43613
719 277 2506 2520 294863 43717
720 277 2506 2520 295652 43781
721 277 2506 2520 296471 43887
722 277 2506 2520 297258 44003
723 277 2506 2520 298081 44132
724 279 2506 2520 298825 44257
725 281 2506 2520 299609 44337
726 281 2506 2520 300363 44463
727 281 2506 2520 301195 44569
728 282 2506 2520 301954 44629
729 282 2506 2520 302739 44734
730 286 2506 2520 303552 44847
731 286 2506 2520 304303 44964
732 287 2506 2520 305146 45074
733 289 2506 2520 305941 45166
734 289 2506 2520 306768 45300
735 290 2506 2520 307567 45447
736 290 2506 2520 308441 45537
737 290 2506 2520 309275 45672
738 290 2506 2520 310069 45770
739 290 2506 2520 310894 45822
740 290 2506 2520 311688 45928
741 292 2506 2520 312458 46030
742 293 2506 2520 313250 46163
743 293 2506 2520 314088 46239
744 295 2506 2520 314887 46350
745 296 2506 2520 315665 46427
746 297 2506 2520 316460 46547
747 299 2506 2520 317227 46704
748 299 2506 2520 318042 46812
749 299 2505 2520 318882 46881
750 299 2505 2520 319678 46994
751 300 2505 2520 320448 47115
752 300 2505 2520 321208 47206
753 301 2505 2520 321971 47309
754 302 2505 2520 322770 47361
755 303 2504 2520 323565 47404
756 303 2504 2520 324453 47519
757 303 2504 2520 325266 47647
758 305 2504 2520 326036 47731
759 305 2504 2520 326794 47792
760 308 2503 2520 327611 47888
761 309 2503 2520 328409 47965
762 310 2503 2520 329377 48073
763 311 2503 2520 330265 48158
764 311 2503 2520 331164 48300
765 312 2503 2520 332048 48394
766 312 2503 2520 332893 48504
767 312 2503 2520 333795 48675
768 314 2503 2520 334703 48813
769 318 2503 2520 335666 48901
770 318 2503 2520 336604 48998
771 320 2503 2520 337576 49160
772 320 2503 2520 338519 49273
773 322 2503 2520 339502 49412
774 322 2503 2520 340475 49560
775 322 2503 2520 341501 49694
776 322 2503 2520 342422 49816
777 323 2503 2520 343410 49909
778 324 2503 2520 344286 49966
779 325 2503 2520 345223 50093
780 328 2503 2520 346019 50149
781 328 2503 2520 346890 50302
782 329 2503 2520 347762 50452
783 330 2503 2520 348648 50533
784 330 2503 2520 349505 50583
785 330 2503 2520 350352 50677
786 331 2503 2520 351177 50749
787 332 2503 2520 352055 50877
788 333 2503 2520 352846 50986
789 333 2503 2520 353663 51100
790 333 2503 2520 354577 51169
791 335 2503 2520 355475 51289
792 336 2503 2520 356292 51363
793 338 2503 2520 357111 51493
794 339 2503 2520 358037 51640
795 341 2503 2520 358989 51771
796 343 2503 2520 359896 51867
797 345 2503 2520 360823 51990
798 346 2503 2520 361835 52192
799 346 2503 2520 362817 52331
800 347 2503 2520 363812 52483
801 348 2503 2520 364915 52599
802 348 2503 2520 365996 52744
803 348 2503 2520 367071 52869
804 348 2503 2520 368105 52996
805 349 2503 2520 369151 53112
806 350 2502 2520 370241 53269
807 351 2502 2520 371244 53362
808 351 2502 2520 372187 53457
809 351 2502 2520 373065 53598
810 351 2502 2520 373991 53738
811 352 2502 2520 374911 53803
812 353 2502 2520 375781 53911
813 353 2502 2520 376553 54014
814 353 2502 2520 377321 54077
815 353 2502 2520 378144 54186
816 353 2502 2520 378907 54315
817 355 2502 2520 379665 54413
818 355 2502 2520 380509 54490
819 357 2501 2520 381359 54622
820 358 2501 2520 382182 54738
821 358 2501 2520 383045 54838
822 360 2501 2520 383826 54964
823 361 2501 2520 384685 55054
824 362 2501 2520 385591 55194
825 364 2501 2520 386597 55331
826 364 2501 2520 387577 55481
827 366 2501 2520 388509 55593
828 369 2501 2520 389500 55768
829 370 2501 2520 390488 55857
830 372 2501 2520 391519 55988
831 372 2501 2520 392601 56115
832 373 2501 2520 393714 56248
833 374 2501 2520 394797 56402
834 376 2501 2520 395800 56540
835 376 2501 2520 396890 56677
836 377 2501 2520 397916 56779
837 377 2501 2520 398916 56946
838 377 2501 2520 399926 57081
839 378 2501 2520 400995 57186
840 378 2501 2520 401987 57240
841 378 2501 2520 402968 57332
842 381 2501 2520 403894 57475
843 381 2501 2520 404833 57587
844 383 2500 2520 405702 57664
845 386 2500 2520 406637 57756
846 388 2500 2520 407660 57830
847 389 2500 2520 408654 57972
848 389 2500 2520 409726 58122
849 389 2500 2520 410840 58224
850 390 2500 2520 411898 58378
851 392 2500 2520 412924 58461
852 393 2500 2520 414075 58589
853 395 2500 2520 415277 58732
854 397 2499 2520 416437 58847
855 399 2499 2520 417601 58961
856 400 2499 2520 418752 59091
857 400 2499 2520 419943 59244
858 400 2499 2520 421157 59395
859 401 2499 2520 422332 59532
860 404 2499 2520 423564 59730
861 405 2499 2520 424827 59848
862 407 2499 2520 426031 59947
863 407 2499 2520 427212 60077
864 408 2499 2520 428445 60211
865 408 2499 2520 429724 60347
866 408 2499 2520 430872 60473
867 409 2499 2520 432032 60608
868 409 2499 2520 433130 60734
869 410 2498 2520 434253 60872
870 410 2498 2520 435410 61008
871 410 2498 2520 436414 61137
872 410 2498 2520 437432 61238
873 413 2498 2520 438428 61349
874 414 2498 2520 439411 61483
875 415 2498 2520 440461 61628
876 416 2498 2520 441524 61718
877 417 2498 2520 442559 61892
878 418 2498 2520 443502 62006
879 420 2498 2520 444593 62110
880 421 2498 2520 445659 62234
881 422 2498 2520 446702 62379
882 423 2498 2520 447722 62484
883 424 2498 2520 448828 62644
884 427 2498 2520 449863 62747
885 428 2498 2520 450942 62882
886 428 2498 2520 452133 62995
887 428 2498 2520 453237 63076
888 428 2498 2520 454337 63183
889 428 2498 2520 455501 63327
890 430 2498 2520 456505 63436
891 431 2498 2520 457517 63544
892 432 2498 2520 458636 63664
893 432 2498 2520 459655 63803
894 432 2498 2520 460748 63867
895 432 2498 2520 461837 63939
896 435 2498 2520 462851 64053
897 437 2498 2520 463944 64145
898 438 2498 2520 464999 64289
899 438 2498 2520 466126 64387
900 438 2498 2520 467237 64554
901 438 2496 2520 468284 64654
902 439 2496 2520 469413 64778
903 440 2496 2520 470563 64983
904 441 2496 2520 471666 65159
905 442 2496 2520 472660 65268
906 444 2496 2520 473759 65391
907 445 2496 2520 474803 65567
908 449 2496 2520 475874 65680
909 449 2496 2520 477006 65837
910 452 2496 2520 478265 65963
911 453 2496 2520 479421 66111
912 454 2496 2520 480606 66205
913 455 2496 2520 481905 66437
914 455 2496 2520 483158 66590
915 455 2496 2520 484270 66719
916 455 2495 2520 485566 66814
917 457 2495 2520 486721 66941
918 458 2495 2520 487987 67066
919 458 2495 2520 489291 67223
920 458 2495 2520 490426 67406
921 459 2495 2520 491640 67533
922 461 2495 2520 492734 67717
923 464 2495 2520 493812 67808
924 466 2495 2520 494976 67941
925 466 2495 2520 496064 68011
926 467 2495 2520 497209 68117
927 468 2495 2520 498307 68228
928 470 2495 2520 499525 68356
929 472 2495 2520 500785 68498
930 472 2495 2520 501925 68619
931 474 2495 2520 503223 68768
932 475 2495 2520 504432 68892
933 475 2495 2520 505638 69004
934 476 2495 2520 506731 69105
935 477 2495 2520 507871 69159
936 478 2495 2520 509022 69286
937 481 2495 2520 510220 69369
938 483 2495 2520 511322 69510
939 484 2495 2520 512593 69646
940 484 2495 2520 513786 69769
941 488 2495 2520 514963 69908
942 490 2495 2520 516188 70079
943 491 2495 2520 517411 70244
944 491 2495 2520 518743 70402
945 491 2494 2520 520057 70531
946 491 2494 2520 521368 70611
947 492 2494 2520 522625 70762
948 493 2494 2520 523983 70911
949 494 2494 2520 525236 71072
950 495 2494 2520 526506 71178
951 497 2494 2520 527628 71314
952 499 2494 2520 528935 71458
953 501 2494 2520 530229 71599
954 502 2494 2520 531507 71684
955 502 2494 2520 532805 71793
956 504 2494 2520 534040 71953
957 504 2494 2520 535376 72091
958 504 2494 2520 536616 72210
959 506 2494 2520 537768 72333
960 509 2493 2520 538972 72459
961 509 2493 2520 540239 72581
962 510 2493 2520 541459 72674
963 511 2493 2520 542716 72722
964 513 2493 2520 543854 72859
965 514 2493 2520 545033 72936
966 517 2493 2520 546194 73021
967 517 2493 2520 547431 73100
968 519 2493 2520 548679 73265
969 523 2493 2520 549999 73345
970 524 2493 2520 551325 73467
971 524 2493 2520 552699 73603
972 525 2493 2520 554072 73759
973 526 2493 2520 555443 73915
974 527 2493 2520 556806 74042
975 527 2493 2520 558271 74218
976 527 2493 2520 559648 74372
977 528 2493 2520 560996 74507
978 530 2493 2520 562280 74599
979 533 2493 2520 563636 74713
980 534 2493 2520 564924 74830
981 535 2493 2520 566237 74958
982 535 2493 2520 567553 75064
983 536 2493 2520 568856 75165
984 536 2493 2520 570152 75262
985 537 2493 2520 571447 75445
986 539 2493 2520 572584 75567
987 540 2493 2520 573732 75648
988 541 2493 2520 575001 75686
989 541 2492 2520 576206 75816
990 541 2492 2520 577337 75810
991 541 2492 2520 578524 75875
992 542 2492 2520 579619 75999
993 547 2492 2520 580778 76082
994 548 2492 2520 581898 76166
995 550 2492 2520 583144 76235
996 551 2492 2520 584332 76368
997 553 2492 2520 585553 76453
998 554 2492 2520 586879 76530
999 556 2492 2520 588103 76661
1000 557 2492 2520 589347 76816
