0 1 2519 2520 797 501
1 1 2519 2520 812 512
2 1 2519 2520 847 537
3 1 2519 2520 903 569
4 1 2519 2520 944 591
5 1 2519 2520 974 612
6 1 2519 2520 1003 626
7 1 2519 2520 1039 646
8 1 2519 2520 1070 664
9 1 2519 2520 1102 678
10 1 2519 2520 1126 684
11 1 2519 2520 1152 692
12 1 2519 2520 1168 698
13 1 2519 2520 1196 701
14 1 2519 2520 1232 715
15 1 2519 2520 1247 718
16 1 2519 2520 1262 721
17 2 2519 2520 1282 720
18 2 2519 2520 1339 743
19 2 2519 2520 1418 773
20 2 2519 2520 1502 800
21 2 2519 2520 1620 844
22 2 2519 2520 1713 879
23 2 2519 2520 1796 904
24 2 2519 2520 1884 928
25 2 2519 2520 1984 954
26 2 2519 2520 2052 985
27 2 2519 2520 2115 1005
28 2 2519 2520 2204 1019
29 2 2519 2520 2268 1038
30 2 2519 2520 2318 1058
31 2 2519 2520 2369 1074
32 2 2519 2520 2421 1089
33 2 2519 2520 2460 1096
34 3 2519 2520 2502 1111
35 3 2519 2520 2562 1133
36 3 2519 2520 2654 1153
37 3 2519 2520 2740 1188
38 3 2519 2520 2845 1220
39 4 2519 2520 2934 1242
40 4 2519 2520 3044 1288
41 4 2519 2520 3180 1336
42 4 2519 2520 3315 1382
43 4 2519 2520 3466 1428
44 4 2519 2520 3594 1464
45 4 2519 2520 3724 1494
46 4 2519 2520 3861 1524
47 4 2519 2520 3996 1564
48 4 2519 2520 4123 1612
49 4 2519 2520 4224 1647
50 4 2519 2520 4322 1663
51 4 2519 2520 4414 1692
52 5 2519 2520 4510 1712
53 5 2519 2520 4626 1755
54 6 2519 2520 4759 1800
55 6 2519 2520 4920 1848
56 6 2519 2520 5117 1920
57 6 2519 2520 5321 1956
58 6 2519 2520 5503 2004
59 6 2519 2520 5672 2027
60 6 2519 2520 5862 2088
61 6 2519 2520 6014 2127
62 6 2519 2520 6170 2158
63 6 2519 2520 6321 2192
64 7 2519 2520 6483 2203
65 7 2519 2520 6631 2227
66 8 2519 2520 6763 2269
67 8 2519 2520 6944 2307
68 8 2519 2520 7169 2385
69 8 2519 2520 7410 2419
70 8 2519 2520 7617 2465
71 8 2519 2520 7800 2511
72 8 2518 2520 8002 2537
73 8 2518 2520 8196 2593
74 8 2518 2520 8343 2616
75 10 2518 2520 8547 2666
76 10 2518 2520 8764 2737
77 10 2517 2520 9030 2777
78 10 2517 2520 9306 2814
79 11 2517 2520 9568 2853
80 11 2517 2520 9819 2882
81 11 2517 2520 10137 2939
82 11 2517 2520 10396 2986
83 11 2517 2520 10652 3022
84 11 2517 2520 10888 3051
85 11 2517 2520 11087 3065
86 12 2517 2520 11258 3102
87 12 2517 2520 11433 3146
88 12 2517 2520 11636 3169
89 12 2517 2520 11800 3203
90 12 2517 2520 11977 3234
91 12 2517 2520 12207 3259
92 12 2517 2520 12405 3269
93 14 2517 2520 12573 3308
94 15 2517 2520 12794 3355
95 15 2517 2520 13076 3405
96 16 2517 2520 13328 3444
97 16 2517 2520 13598 3494
98 16 2517 2520 13870 3559
99 17 2516 2520 14130 3639
100 17 2516 2520 14452 3705
101 17 2516 2520 14748 3756
102 17 2516 2520 15049 3796
103 17 2516 2520 15347 3851
104 17 2516 2520 15615 3916
105 19 2516 2520 15923 3951
106 19 2516 2520 16227 4026
107 19 2516 2520 16517 4079
108 19 2516 2520 16803 4116
109 19 2516 2520 17118 4180
110 19 2516 2520 17413 4229
111 19 2515 2520 17722 4277
112 19 2515 2520 18018 4306
113 19 2515 2520 18331 4347
114 19 2515 2520 18610 4367
115 19 2515 2520 18841 4403
116 19 2515 2520 19116 4418
117 19 2515 2520 19343 4431
118 19 2515 2520 19532 4455
119 19 2515 2520 19725 4466
120 19 2515 2520 19896 4489
121 19 2515 2520 20062 4511
122 19 2515 2520 20222 4539
123 20 2515 2520 20393 4588
124 21 2515 2520 20591 4609
125 22 2515 2520 20785 4631
126 22 2515 2520 21024 4679
127 23 2515 2520 21290 4740
128 24 2515 2520 21583 4782
129 24 2515 2520 21930 4848
130 24 2515 2520 22226 4929
131 24 2515 2520 22523 4988
132 24 2515 2520 22852 5040
133 24 2515 2520 23144 5079
134 24 2515 2520 23442 5125
135 24 2515 2520 23745 5179
136 24 2515 2520 24021 5223
137 24 2515 2520 24283 5290
138 25 2515 2520 24558 5333
139 25 2515 2520 24828 5381
140 25 2515 2520 25098 5425
141 26 2515 2520 25331 5480
142 26 2515 2520 25590 5525
143 26 2515 2520 25832 5597
144 26 2515 2520 26053 5618
145 27 2515 2520 26270 5678
146 27 2515 2520 26496 5716
147 27 2515 2520 26740 5769
148 27 2515 2520 26976 5832
149 27 2515 2520 27212 5880
150 28 2515 2520 27479 5943
151 28 2515 2520 27738 5992
152 28 2515 2520 28017 6037
153 28 2515 2520 28294 6109
154 29 2515 2520 28570 6149
155 29 2515 2520 28813 6194
156 29 2515 2520 29076 6265
157 30 2515 2520 29360 6306
158 30 2515 2520 29679 6374
159 31 2515 2520 29935 6419
160 31 2515 2520 30214 6500
161 31 2515 2520 30493 6549
162 31 2515 2520 30814 6573
163 32 2515 2520 31126 6599
164 32 2515 2520 31463 6667
165 32 2515 2520 31791 6710
166 32 2515 2520 32071 6743
167 32 2515 2520 32355 6796
168 32 2515 2520 32598 6815
169 32 2515 2520 32874 6856
170 32 2515 2520 33176 6890
171 32 2515 2520 33412 6915
172 33 2515 2520 33672 6939
173 34 2515 2520 33909 6986
174 34 2515 2520 34118 7031
175 34 2515 2520 34391 7060
176 36 2515 2520 34681 7143
177 36 2515 2520 35009 7210
178 36 2515 2520 35320 7235
179 36 2515 2520 35629 7319
180 37 2515 2520 35946 7365
181 37 2515 2520 36289 7456
182 37 2515 2520 36588 7514
183 38 2515 2520 36928 7570
184 38 2515 2520 37281 7625
185 38 2515 2520 37671 7717
186 38 2515 2520 37996 7787
187 38 2515 2520 38320 7850
188 38 2515 2520 38626 7920
189 39 2515 2520 38951 7985
190 39 2515 2520 39249 8034
191 39 2514 2520 39574 8098
192 39 2514 2520 39870 8120
193 39 2514 2520 40171 8157
194 40 2514 2520 40450 8190
195 40 2514 2520 40736 8245
196 40 2514 2520 41038 8290
197 40 2514 2520 41311 8323
198 40 2514 2520 41580 8358
199 40 2514 2520 41873 8405
200 40 2514 2520 42133 8445
201 40 2514 2520 42404 8503
202 41 2514 2520 42679 8526
203 41 2514 2520 42943 8569
204 42 2514 2520 43168 8612
205 42 2513 2520 43406 8644
206 42 2513 2520 43694 8679
207 42 2513 2520 43982 8718
208 43 2513 2520 44278 8736
209 44 2513 2520 44560 8770
210 44 2513 2520 44848 8803
211 44 2513 2520 45185 8850
212 45 2513 2520 45496 8898
213 46 2513 2520 45835 8937
214 47 2513 2520 46143 8982
215 47 2513 2520 46456 9059
216 47 2513 2520 46814 9112
217 48 2513 2520 47163 9164
218 48 2513 2520 47497 9238
219 48 2513 2520 47896 9298
220 48 2513 2520 48233 9323
221 48 2513 2520 48584 9396
222 48 2513 2520 48888 9449
223 48 2513 2520 49162 9510
224 48 2513 2520 49492 9528
225 48 2513 2520 49775 9573
226 48 2513 2520 50074 9645
227 48 2513 2520 50378 9690
228 48 2513 2520 50626 9701
229 48 2513 2520 50912 9749
230 48 2513 2520 51114 9782
231 48 2513 2520 51345 9823
232 49 2513 2520 51576 9841
233 49 2513 2520 51791 9904
234 49 2513 2520 52000 9946
235 49 2513 2520 52216 9995
236 50 2513 2520 52390 10017
237 51 2513 2520 52602 10016
238 51 2513 2520 52854 10064
239 52 2513 2520 53124 10100
240 53 2513 2520 53407 10156
241 53 2513 2520 53758 10224
242 53 2513 2520 54093 10271
243 53 2513 2520 54441 10320
244 53 2513 2520 54763 10396
245 53 2513 2520 55095 10453
246 53 2513 2520 55422 10508
247 54 2513 2520 55697 10534
248 54 2513 2520 55983 10589
249 54 2513 2520 56288 10671
250 54 2513 2520 56583 10721
251 54 2513 2520 56891 10765
252 54 2513 2520 57202 10829
253 54 2513 2520 57488 10888
254 54 2513 2520 57752 10949
255 54 2513 2520 58008 10965
256 54 2513 2520 58239 10984
257 54 2513 2520 58460 11036
258 56 2513 2520 58701 11073
259 57 2513 2520 58966 11103
260 57 2513 2520 59269 11149
261 57 2513 2520 59585 11213
262 57 2513 2520 59923 11258
263 57 2513 2520 60223 11301
264 58 2513 2520 60506 11349
265 58 2513 2520 60852 11429
266 58 2513 2520 61124 11478
267 59 2513 2520 61430 11509
268 59 2513 2520 61744 11544
269 59 2513 2520 62078 11590
270 59 2513 2520 62390 11638
271 60 2513 2520 62697 11681
272 60 2513 2520 63046 11738
273 60 2513 2520 63401 11807
274 60 2513 2520 63735 11878
275 60 2513 2520 64021 11923
276 60 2513 2520 64327 11947
277 61 2513 2520 64648 11993
278 62 2513 2520 64919 12043
279 65 2513 2520 65203 12103
280 65 2513 2520 65533 12173
281 65 2513 2520 65931 12232
282 65 2513 2520 66351 12292
283 65 2513 2520 66692 12360
284 65 2513 2520 67046 12428
285 66 2513 2520 67462 12507
286 66 2513 2520 67827 12580
287 66 2513 2520 68211 12627
288 66 2513 2520 68581 12673
289 66 2513 2520 68949 12739
290 66 2513 2520 69305 12778
291 67 2513 2520 69620 12821
292 68 2513 2520 69951 12872
293 68 2513 2520 70325 12922
294 69 2512 2520 70707 12986
295 69 2512 2520 71045 13060
296 69 2512 2520 71400 13118
297 69 2512 2520 71777 13179
298 69 2512 2520 72140 13248
299 69 2512 2520 72449 13303
300 69 2512 2520 72815 13347
301 69 2512 2520 73137 13386
302 69 2512 2520 73511 13468
303 69 2512 2520 73850 13522
304 69 2512 2520 74162 13556
305 71 2512 2520 74452 13599
306 71 2512 2520 74757 13637
307 73 2512 2520 75116 13688
308 73 2512 2520 75478 13743
309 73 2512 2520 75878 13826
310 73 2512 2520 76267 13889
311 74 2512 2520 76603 13945
312 74 2512 2520 76953 14031
313 74 2512 2520 77344 14082
314 74 2512 2520 77735 14150
315 75 2512 2520 78100 14187
316 75 2512 2520 78465 14256
317 76 2512 2520 78856 14294
318 76 2512 2520 79263 14358
319 76 2512 2520 79664 14415
320 76 2512 2520 80043 14473
321 76 2512 2520 80366 14522
322 77 2512 2520 80687 14557
323 77 2512 2520 81000 14614
324 78 2512 2520 81343 14686
325 78 2512 2520 81682 14738
326 78 2512 2520 81997 14800
327 79 2512 2520 82291 14838
328 80 2512 2520 82568 14870
329 81 2512 2520 82938 14915
330 81 2512 2520 83340 15026
331 82 2512 2520 83749 15105
332 82 2512 2520 84183 15170
333 82 2512 2520 84599 15223
334 82 2512 2520 84995 15232
335 83 2512 2520 85395 15333
336 83 2512 2520 85823 15384
337 83 2512 2520 86284 15449
338 84 2512 2520 86657 15511
339 84 2512 2520 87069 15585
340 84 2512 2520 87463 15641
341 85 2512 2520 87883 15705
342 85 2512 2520 88266 15758
343 85 2512 2520 88724 15779
344 85 2512 2520 89124 15834
345 85 2512 2520 89516 15893
346 86 2512 2520 89864 15979
347 86 2512 2520 90224 16027
348 86 2512 2520 90552 16090
349 87 2512 2520 90951 16134
350 87 2512 2520 91283 16202
351 88 2512 2520 91606 16248
352 88 2512 2520 91970 16311
353 88 2512 2520 92345 16371
354 88 2512 2520 92696 16453
355 88 2512 2520 93101 16526
356 88 2512 2520 93494 16573
357 88 2512 2520 93824 16622
358 88 2512 2520 94179 16691
359 88 2512 2520 94543 16767
360 90 2512 2520 94891 16871
361 90 2512 2520 95173 16909
362 91 2512 2520 95503 16950
363 91 2512 2520 95809 17000
364 91 2512 2520 96125 17064
365 91 2512 2520 96486 17126
366 93 2512 2520 96815 17158
367 94 2512 2520 97203 17221
368 94 2512 2520 97541 17283
369 94 2512 2520 97976 17344
370 95 2512 2520 98368 17453
371 96 2512 2520 98772 17490
372 96 2512 2520 99216 17578
373 96 2512 2520 99612 17654
374 96 2512 2520 100075 17726
375 96 2512 2520 100538 17811
376 96 2512 2520 100957 17865
377 96 2512 2520 101373 17881
378 97 2512 2520 101794 17929
379 97 2512 2520 102189 17981
380 97 2512 2520 102602 18006
381 99 2512 2520 102996 18083
382 100 2512 2520 103464 18172
383 100 2512 2520 103922 18263
384 100 2512 2520 104385 18321
385 100 2512 2520 104837 18387
386 100 2512 2520 105269 18436
387 101 2512 2520 105738 18477
388 102 2512 2520 106233 18542
389 102 2512 2520 106693 18601
390 103 2512 2520 107158 18678
391 103 2512 2520 107592 18726
392 104 2512 2520 107988 18799
393 104 2512 2520 108400 18868
394 104 2512 2520 108833 18929
395 104 2512 2520 109306 18987
396 104 2512 2520 109727 19051
397 104 2512 2520 110054 19101
398 104 2512 2520 110459 19172
399 104 2512 2520 110799 19219
400 105 2512 2520 111154 19258
401 105 2512 2520 111504 19295
402 109 2512 2520 111899 19316
403 110 2511 2520 112342 19394
404 111 2511 2520 112820 19460
405 112 2511 2520 113295 19527
406 112 2511 2520 113854 19620
407 112 2511 2520 114433 19682
408 112 2511 2520 114980 19742
409 113 2511 2520 115483 19779
410 113 2511 2520 115988 19829
411 113 2511 2520 116508 19887
412 113 2511 2520 117097 19976
413 113 2511 2520 117610 20036
414 113 2511 2520 118019 20089
415 113 2511 2520 118435 20156
416 115 2511 2520 118880 20199
417 115 2510 2520 119353 20287
418 115 2510 2520 119832 20357
419 115 2510 2520 120307 20412
420 115 2510 2520 120772 20479
421 115 2510 2520 121251 20528
422 115 2510 2520 121753 20614
423 115 2510 2520 122178 20657
424 116 2510 2520 122582 20703
425 117 2510 2520 123039 20784
426 117 2510 2520 123420 20842
427 117 2510 2520 123846 20897
428 118 2509 2520 124259 20965
429 119 2509 2520 124648 21001
430 119 2509 2520 125080 21065
431 120 2509 2520 125572 21125
432 120 2509 2520 126027 21180
433 120 2509 2520 126450 21256
434 120 2509 2520 126919 21254
435 120 2509 2520 127334 21321
436 120 2509 2520 127751 21405
437 120 2509 2520 128151 21465
438 121 2509 2520 128608 21528
439 122 2509 2520 129037 21574
440 122 2509 2520 129508 21653
441 125 2509 2520 129951 21715
442 125 2509 2520 130447 21789
443 126 2509 2520 130980 21859
444 126 2509 2520 131475 21913
445 126 2509 2520 131934 21996
446 126 2509 2520 132431 22079
447 126 2509 2520 132993 22167
448 126 2509 2520 133532 22244
449 127 2509 2520 134055 22356
450 127 2509 2520 134556 22409
451 127 2509 2520 135050 22500
452 127 2509 2520 135512 22536
453 128 2509 2520 135999 22614
454 131 2509 2520 136463 22703
455 131 2509 2520 136989 22770
456 131 2509 2520 137531 22825
457 131 2509 2520 138037 22908
458 131 2509 2520 138489 22943
459 132 2509 2520 139005 23067
460 132 2509 2520 139465 23111
461 133 2509 2520 139893 23188
462 133 2509 2520 140341 23264
463 134 2509 2520 140784 23338
464 135 2509 2520 141296 23391
465 135 2509 2520 141754 23484
466 137 2509 2520 142274 23565
467 138 2509 2520 142838 23652
468 138 2509 2520 143421 23736
469 139 2509 2520 143996 23800
470 139 2509 2520 144624 23895
471 139 2509 2520 145221 23975
472 139 2509 2520 145750 23998
473 141 2509 2520 146335 24085
474 143 2509 2520 146921 24166
475 143 2509 2520 147527 24232
476 144 2509 2520 148187 24336
477 145 2509 2520 148797 24439
478 145 2509 2520 149479 24523
479 145 2509 2520 150088 24576
480 145 2509 2520 150744 24644
481 146 2509 2520 151436 24722
482 146 2509 2520 152126 24825
483 146 2509 2520 152768 24918
484 146 2509 2520 153379 24992
485 146 2509 2520 153984 25074
486 147 2509 2520 154583 25143
487 147 2509 2520 155142 25217
488 147 2509 2520 155688 25305
489 147 2509 2520 156217 25398
490 148 2509 2520 156750 25459
491 148 2509 2520 157299 25561
492 148 2509 2520 157828 25607
493 148 2509 2520 158347 25686
494 148 2509 2520 158812 25759
495 148 2509 2520 159322 25794
496 148 2509 2520 159788 25875
497 149 2509 2520 160251 25931
498 150 2509 2520 160745 26003
499 150 2509 2520 161242 26053
500 150 2509 2520 161774 26134
501 150 2509 2520 162234 26193
502 153 2508 2520 162732 26279
503 153 2508 2520 163287 26347
504 154 2508 2520 163864 26443
505 154 2508 2520 164454 26539
506 154 2508 2520 165029 26615
507 154 2508 2520 165569 26692
508 154 2508 2520 166057 26784
509 154 2508 2520 166549 26827
510 154 2508 2520 167056 26912
511 154 2508 2520 167480 26982
512 154 2508 2520 167987 27055
513 154 2508 2520 168431 27139
514 156 2508 2520 168858 27189
515 157 2508 2520 169329 27247
516 159 2508 2520 169796 27317
517 160 2508 2520 170281 27396
518 162 2508 2520 170838 27459
519 162 2508 2520 171393 27530
520 164 2508 2520 171950 27601
521 166 2508 2520 172569 27659
522 166 2508 2520 173198 27760
523 166 2508 2520 173936 27863
524 167 2508 2520 174593 27951
525 167 2508 2520 175282 28020
526 167 2508 2520 175999 28158
527 168 2508 2520 176680 28267
528 168 2508 2520 177430 28404
529 168 2508 2520 178165 28523
530 168 2508 2520 178916 28616
531 169 2508 2520 179580 28699
532 170 2508 2520 180273 28806
533 170 2508 2520 180859 28860
534 170 2508 2520 181532 28930
535 170 2508 2520 182133 29021
536 171 2508 2520 182763 29105
537 171 2508 2520 183395 29212
538 171 2508 2520 183955 29324
539 171 2508 2520 184533 29396
540 171 2508 2520 185102 29482
541 171 2508 2520 185661 29616
542 171 2508 2520 186198 29681
543 172 2508 2520 186681 29751
544 174 2508 2520 187255 29792
545 174 2508 2520 187814 29863
546 174 2508 2520 188392 29954
547 175 2508 2520 188944 30059
548 178 2508 2520 189517 30165
549 179 2508 2520 190081 30233
550 180 2508 2520 190697 30351
551 180 2508 2520 191327 30446
552 182 2508 2520 191966 30552
553 183 2508 2520 192664 30674
554 184 2508 2520 193388 30766
555 186 2508 2520 194095 30868
556 186 2508 2520 194843 30956
557 186 2508 2520 195646 31104
558 186 2508 2520 196381 31266
559 186 2508 2520 197143 31346
560 187 2508 2520 197876 31434
561 187 2508 2520 198663 31568
562 187 2508 2520 199380 31671
563 187 2508 2520 200015 31768
564 188 2508 2520 200715 31870
565 188 2508 2520 201347 31935
566 188 2508 2520 201961 32001
567 188 2508 2520 202627 32132
568 189 2508 2520 203221 32188
569 189 2508 2520 203784 32297
570 189 2508 2520 204375 32375
571 189 2508 2520 204953 32429
572 190 2508 2520 205486 32539
573 192 2508 2520 206000 32606
574 195 2508 2520 206606 32665
575 195 2508 2520 207255 32799
576 196 2508 2520 207906 32891
577 198 2508 2520 208508 32979
578 198 2508 2520 209248 33091
579 199 2508 2520 210028 33211
580 199 2508 2520 210778 33300
581 199 2508 2520 211499 33382
582 200 2508 2520 212266 33508
583 200 2508 2520 213065 33589
584 201 2508 2520 213840 33717
585 202 2508 2520 214605 33829
586 203 2508 2520 215391 33965
587 203 2508 2520 216162 34021
588 203 2508 2520 216885 34119
589 203 2508 2520 217656 34219
590 203 2508 2520 218373 34302
591 203 2508 2520 219156 34422
592 203 2508 2520 219860 34485
593 204 2508 2520 220547 34575
594 205 2508 2520 221196 34679
595 207 2508 2520 221842 34738
596 207 2508 2520 222549 34812
597 207 2508 2520 223122 34897
598 209 2508 2520 223772 34938
599 209 2508 2520 224404 35016
600 210 2508 2520 225147 35129
601 210 2508 2520 225862 35182
602 213 2508 2520 226532 35269
603 213 2508 2520 227241 35390
604 213 2508 2520 227959 35510
605 214 2508 2520 228735 35635
606 214 2508 2520 229481 35761
607 215 2508 2520 230247 35873
608 216 2508 2520 230953 35946
609 217 2508 2520 231686 36039
610 217 2508 2520 232401 36167
611 219 2508 2520 233155 36292
612 219 2508 2520 233858 36437
613 220 2508 2520 234588 36562
614 220 2508 2520 235265 36672
615 221 2508 2520 235996 36742
616 222 2508 2520 236617 36820
617 222 2508 2520 237320 36973
618 222 2508 2520 238027 37048
619 222 2508 2520 238671 37120
620 223 2508 2520 239320 37178
621 225 2508 2520 239940 37242
622 225 2508 2520 240575 37297
623 226 2508 2520 241241 37393
624 226 2508 2520 241861 37444
625 227 2508 2520 242590 37567
626 227 2508 2520 243247 37649
627 228 2508 2520 243881 37703
628 230 2508 2520 244576 37774
629 231 2508 2520 245308 37857
630 233 2508 2520 246121 37990
631 234 2508 2520 246882 38104
632 234 2508 2520 247641 38246
633 234 2508 2520 248443 38353
634 235 2508 2520 249222 38496
635 235 2508 2520 250034 38595
636 236 2508 2520 250821 38722
637 236 2508 2520 251619 38783
638 236 2508 2520 252327 38900
639 237 2508 2520 253042 39013
640 238 2508 2520 253810 39147
641 238 2508 2520 254572 39200
642 239 2508 2520 255294 39274
643 240 2508 2520 256049 39371
644 242 2508 2520 256685 39450
645 242 2508 2520 257397 39556
646 242 2507 2520 258126 39649
647 243 2507 2520 258855 39692
648 243 2507 2520 259601 39764
649 243 2507 2520 260379 39909
650 245 2507 2520 261123 40035
651 245 2507 2520 261808 40127
652 247 2507 2520 262562 40177
653 247 2507 2520 263361 40328
654 247 2507 2520 264155 40436
655 247 2507 2520 264923 40550
656 247 2507 2520 265624 40695
657 247 2507 2520 266365 40787
658 247 2507 2520 267048 40909
659 248 2507 2520 267689 40982
660 249 2507 2520 268387 41106
661 250 2507 2520 269109 41227
662 251 2507 2520 269814 41343
663 251 2506 2520 270506 41421
664 255 2506 2520 271208 41536
665 256 2506 2520 271913 41663
666 258 2506 2520 272693 41806
667 258 2506 2520 273503 41916
668 258 2506 2520 274289 42036
669 259 2506 2520 275083 42137
670 259 2506 2520 275881 42280
671 259 2506 2520 276651 42401
672 259 2506 2520 277455 42500
673 259 2506 2520 278271 42585
674 259 2506 2520 279110 42695
675 260 2506 2520 279874 42776
676 260 2506 2520 280638 42847
677 261 2506 2520 281321 42948
678 261 2506 2520 282064 43064
679 262 2506 2520 282788 43141
680 263 2506 2520 283568 43199
681 265 2506 2520 284325 43244
682 265 2506 2520 285083 43344
683 266 2506 2520 285864 43428
684 268 2506 2520 286589 43517
685 270 2506 2520 287343 43616
686 271 2506 2520 288064 43687
687 273 2506 2520 288828 43856
688 273 2505 2520 289574 43950
689 274 2505 2520 290374 44066
690 275 2505 2520 291124 44161
691 278 2505 2520 291842 44257
692 279 2505 2520 292649 44362
693 281 2505 2520 293486 44465
694 283 2505 2520 294364 44578
695 284 2505 2520 295332 44708
696 285 2505 2520 296295 44831
697 287 2505 2520 297255 44956
698 289 2505 2520 298294 45124
699 290 2505 2520 299345 45234
700 291 2505 2520 300417 45393
701 291 2505 2520 301430 45480
702 291 2505 2520 302412 45617
703 291 2505 2520 303433 45697
704 292 2505 2520 304553 45804
705 292 2505 2520 305607 45955
706 293 2505 2520 306610 46136
707 293 2505 2520 307595 46209
708 294 2504 2520 308596 46339
709 294 2504 2520 309495 46415
710 294 2504 2520 310467 46565
711 294 2504 2520 311315 46673
712 294 2504 2520 312177 46770
713 295 2504 2520 312992 46826
714 296 2504 2520 313823 46938
715 296 2504 2520 314637 47030
716 297 2504 2520 315464 47127
717 297 2503 2520 316246 47212
718 298 2503 2520 317092 47305
719 300 2503 2520 318010 47394
720 300 2503 2520 318860 47482
721 300 2503 2520 319711 47644
722 300 2503 2520 320464 47714
723 301 2503 2520 321296 47817
724 301 2503 2520 322133 47938
725 301 2503 2520 322963 48034
726 301 2502 2520 323754 48180
727 301 2502 2520 324540 48301
728 302 2502 2520 325268 48403
729 303 2502 2520 325956 48505
730 303 2502 2520 326750 48606
731 305 2502 2520 327501 48665
732 306 2502 2520 328257 48786
733 308 2502 2520 329024 48854
734 308 2502 2520 329850 48985
735 310 2502 2520 330695 49127
736 311 2502 2520 331527 49201
737 311 2502 2520 332383 49312
738 311 2502 2520 333188 49449
739 312 2501 2520 334043 49544
740 312 2501 2520 334884 49638
741 313 2501 2520 335707 49769
742 314 2501 2520 336527 49822
743 314 2501 2520 337417 49937
744 314 2501 2520 338231 50020
745 315 2501 2520 339029 50149
746 315 2501 2520 339782 50284
747 315 2501 2520 340595 50411
748 315 2501 2520 341420 50545
749 315 2501 2520 342226 50657
750 318 2501 2520 342932 50771
751 322 2501 2520 343665 50850
752 323 2501 2520 344505 50940
753 323 2501 2520 345317 51009
754 323 2501 2520 346119 51121
755 324 2501 2520 346957 51244
756 326 2501 2520 347746 51286
757 327 2501 2520 348557 51397
758 327 2501 2520 349400 51521
759 328 2501 2520 350224 51627
760 328 2501 2520 351046 51683
761 330 2501 2520 351912 51782
762 331 2501 2520 352772 51908
763 333 2501 2520 353614 51993
764 334 2501 2520 354440 52072
765 335 2501 2520 355327 52159
766 338 2501 2520 356264 52268
767 340 2501 2520 357286 52373
768 342 2501 2520 358285 52513
769 342 2501 2520 359318 52640
770 342 2501 2520 360454 52799
771 342 2501 2520 361567 52905
772 342 2501 2520 362596 53039
773 342 2501 2520 363657 53156
774 342 2501 2520 364679 53285
775 343 2501 2520 365638 53452
776 343 2501 2520 366609 53554
777 344 2501 2520 367604 53681
778 345 2501 2520 368507 53768
779 346 2501 2520 369412 53889
780 346 2501 2520 370370 54037
781 347 2501 2520 371306 54156
782 347 2501 2520 372213 54215
783 348 2501 2520 372983 54338
784 352 2501 2520 373750 54466
785 352 2501 2520 374600 54596
786 352 2500 2520 375475 54684
787 353 2500 2520 376284 54788
788 355 2500 2520 377063 54870
789 355 2500 2520 377952 54985
790 355 2500 2520 378815 55057
791 355 2500 2520 379758 55153
792 357 2500 2520 380693 55286
793 362 2500 2520 381632 55385
794 362 2500 2520 382629 55493
795 365 2500 2520 383624 55625
796 365 2500 2520 384661 55768
797 366 2500 2520 385680 55915
798 366 2500 2520 386731 56038
799 366 2500 2520 387707 56176
800 366 2500 2520 388709 56310
801 367 2500 2520 389762 56415
802 368 2500 2520 390762 56492
803 368 2500 2520 391729 56616
804 369 2500 2520 392774 56773
805 371 2500 2520 393734 56885
806 371 2500 2520 394723 56999
807 371 2500 2520 395713 57107
808 371 2500 2520 396688 57203
809 371 2500 2520 397530 57325
810 372 2500 2520 398456 57383
811 373 2500 2520 399337 57453
812 375 2500 2520 400181 57556
813 376 2500 2520 401035 57660
814 376 2500 2520 401908 57708
815 380 2500 2520 402769 57801
816 380 2499 2520 403610 57888
817 381 2499 2520 404677 58012
818 383 2499 2520 405656 58079
819 384 2499 2520 406691 58234
820 385 2499 2520 407683 58353
821 386 2499 2520 408693 58515
822 386 2498 2520 409734 58637
823 387 2498 2520 410760 58754
824 387 2498 2520 411843 58888
825 388 2498 2520 412911 59001
826 391 2498 2520 413873 59114
827 393 2498 2520 414863 59296
828 393 2498 2520 415873 59475
829 393 2498 2520 416919 59594
830 393 2498 2520 417909 59713
831 394 2498 2520 418911 59813
832 394 2498 2520 419841 59909
833 394 2498 2520 420823 60055
834 394 2498 2520 421850 60215
835 394 2498 2520 422777 60313
836 395 2498 2520 423717 60453
837 395 2498 2520 424632 60564
838 395 2498 2520 425478 60650
839 395 2498 2520 426309 60740
840 397 2498 2520 427149 60853
841 398 2498 2520 427937 60942
842 399 2497 2520 428737 61047
843 400 2497 2520 429585 61159
844 402 2497 2520 430544 61277
845 405 2497 2520 431368 61333
846 407 2496 2520 432238 61453
847 408 2496 2520 433154 61593
848 408 2496 2520 434164 61699
849 408 2496 2520 435155 61837
850 408 2495 2520 436176 61955
851 409 2495 2520 437198 62064
852 410 2495 2520 438242 62209
853 410 2495 2520 439269 62337
854 413 2495 2520 440246 62414
855 413 2495 2520 441185 62504
856 413 2495 2520 442205 62617
857 413 2495 2520 443223 62719
858 413 2495 2520 444274 62849
859 414 2495 2520 445121 63010
860 414 2495 2520 445942 63100
861 415 2495 2520 446784 63172
862 418 2495 2520 447644 63312
863 419 2495 2520 448476 63393
864 421 2495 2520 449343 63504
865 423 2495 2520 450272 63606
866 423 2494 2520 451237 63739
867 423 2494 2520 452199 63837
868 424 2493 2520 453130 63926
869 426 2493 2520 454046 64045
870 427 2493 2520 454927 64138
871 428 2493 2520 455821 64254
872 431 2493 2520 456797 64336
873 433 2493 2520 457742 64390
874 435 2493 2520 458706 64546
875 436 2493 2520 459838 64660
876 437 2493 2520 460873 64778
877 437 2493 2520 462006 64892
878 437 2493 2520 463052 65029
879 437 2493 2520 464045 65205
880 438 2493 2520 465092 65305
881 440 2493 2520 466190 65478
882 440 2493 2520 467177 65599
883 440 2493 2520 468166 65707
884 440 2493 2520 469050 65749
885 442 2493 2520 470013 65843
886 442 2493 2520 470944 65991
887 442 2493 2520 471844 66097
888 443 2493 2520 472743 66199
889 443 2491 2520 473720 66276
890 444 2491 2520 474617 66394
891 445 2491 2520 475524 66423
892 446 2490 2520 476398 66544
893 449 2490 2520 477386 66612
894 449 2490 2520 478391 66717
895 450 2490 2520 479415 66849
896 452 2490 2520 480528 66995
897 454 2490 2520 481528 67118
898 454 2490 2520 482723 67257
899 454 2490 2520 483810 67371
900 454 2490 2520 484869 67493
901 454 2490 2520 485933 67610
902 458 2490 2520 486968 67714
903 459 2490 2520 488005 67842
904 460 2490 2520 489130 67999
905 460 2490 2520 490283 68162
906 460 2490 2520 491351 68268
907 462 2490 2520 492421 68377
908 462 2490 2520 493426 68448
909 463 2490 2520 494526 68604
910 463 2490 2520 495571 68714
911 463 2490 2520 496591 68873
912 465 2490 2520 497547 69006
913 465 2490 2520 498568 69119
914 467 2490 2520 499567 69238
915 467 2490 2520 500548 69365
916 468 2490 2520 501480 69478
917 468 2490 2520 502505 69593
918 468 2490 2520 503517 69713
919 469 2490 2520 504473 69869
920 470 2490 2520 505446 69958
921 470 2490 2520 506358 70076
922 472 2490 2520 507207 70194
923 472 2490 2520 508148 70296
924 474 2490 2520 509053 70414
925 477 2490 2520 509923 70476
926 477 2490 2520 510796 70600
927 478 2490 2520 511827 70696
928 479 2489 2520 512807 70830
929 479 2489 2520 513769 70923
930 480 2489 2520 514754 71062
931 481 2489 2520 515748 71110
932 482 2489 2520 516731 71274
933 485 2489 2520 517691 71342
934 487 2489 2520 518788 71443
935 488 2489 2520 519847 71565
936 488 2489 2520 521078 71710
937 489 2489 2520 522151 71803
938 489 2489 2520 523273 71950
939 490 2489 2520 524233 72048
940 491 2489 2520 525335 72183
941 493 2489 2520 526411 72313
942 495 2489 2520 527433 72472
943 495 2489 2520 528562 72564
944 497 2489 2520 529692 72728
945 497 2489 2520 530915 72877
946 501 2488 2520 532013 73013
947 501 2488 2520 533244 73185
948 503 2487 2520 534431 73360
949 505 2487 2520 535699 73501
950 505 2487 2520 536922 73647
951 505 2487 2520 538150 73791
952 505 2487 2520 539318 73907
953 506 2486 2520 540452 74092
954 506 2486 2520 541575 74253
955 506 2486 2520 542791 74406
956 506 2486 2520 543869 74475
957 507 2486 2520 544987 74603
958 507 2486 2520 546121 74779
959 507 2486 2520 547035 74853
960 507 2486 2520 547979 74940
961 510 2486 2520 548956 75061
962 512 2486 2520 549942 75193
963 513 2486 2520 550912 75294
964 515 2486 2520 551931 75397
965 515 2486 2520 552940 75546
966 515 2486 2520 554010 75666
967 517 2486 2520 555076 75819
968 518 2486 2520 556113 75948
969 519 2486 2520 557211 76098
970 521 2486 2520 558255 76265
971 523 2486 2520 559276 76417
972 523 2486 2520 560300 76503
973 524 2486 2520 561313 76635
974 525 2486 2520 562400 76803
975 525 2486 2520 563593 76940
976 526 2486 2520 564682 77017
977 526 2486 2520 565739 77146
978 526 2486 2520 566824 77254
979 527 2486 2520 567950 77377
980 527 2486 2520 568966 77512
981 532 2486 2520 570065 77665
982 533 2486 2520 571097 77768
983 533 2486 2520 572178 77879
984 535 2486 2520 573184 78090
985 536 2486 2520 574304 78170
986 537 2486 2520 575387 78249
987 539 2486 2520 576469 78407
988 542 2485 2520 577562 78493
989 542 2485 2520 578623 78610
990 542 2484 2520 579736 78743
991 544 2484 2520 580801 78862
992 545 2483 2520 581923 78946
993 546 2483 2520 582974 79113
994 546 2483 2520 583987 79193
995 548 2483 2520 585068 79320
996 549 2483 2520 586127 79453
997 549 2483 2520 587193 79540
998 550 2483 2520 588319 79656
999 550 2483 2520 589455 79839
1000 551 2482 2520 590569 79982
