0 1 2519 2520 797 501
1 1 2519 2520 816 514
2 1 2519 2520 854 540
3 1 2519 2520 890 565
4 1 2519 2520 912 575
5 1 2519 2520 932 583
6 1 2519 2520 963 603
7 1 2519 2520 1007 620
8 1 2519 2520 1037 628
9 1 2519 2520 1062 646
10 1 2519 2520 1086 654
11 1 2519 2520 1109 661
12 1 2519 2520 1134 673
13 1 2519 2520 1169 685
14 1 2519 2520 1201 695
15 1 2519 2520 1226 700
16 1 2519 2520 1248 706
17 1 2519 2520 1253 707
18 1 2519 2520 1269 711
19 1 2519 2520 1291 719
20 1 2519 2520 1312 729
21 1 2519 2520 1318 728
22 1 2519 2520 1330 733
23 1 2519 2520 1343 734
24 2 2519 2520 1355 736
25 2 2519 2520 1383 742
26 2 2519 2520 1467 782
27 2 2519 2520 1553 807
28 2 2519 2520 1639 842
29 2 2519 2520 1747 878
30 2 2519 2520 1846 916
31 2 2519 2520 1949 955
32 2 2519 2520 2059 995
33 2 2519 2520 2137 1015
34 2 2519 2520 2210 1053
35 2 2519 2520 2252 1060
36 2 2519 2520 2308 1084
37 2 2519 2520 2357 1086
38 2 2519 2520 2395 1089
39 2 2519 2520 2453 1104
40 2 2519 2520 2481 1118
41 2 2519 2520 2519 1129
42 2 2519 2520 2539 1126
43 2 2519 2520 2568 1131
44 3 2519 2520 2587 1134
45 3 2519 2520 2622 1148
46 3 2519 2520 2714 1175
47 3 2519 2520 2811 1205
48 4 2519 2520 2892 1217
49 4 2519 2520 2984 1257
50 4 2519 2520 3127 1293
51 4 2519 2520 3234 1334
52 4 2519 2520 3338 1376
53 4 2519 2520 3457 1410
54 4 2519 2520 3576 1446
55 4 2519 2520 3700 1490
56 4 2519 2520 3831 1530
57 4 2519 2520 3959 1565
58 4 2519 2520 4045 1580
59 4 2519 2520 4154 1608
60 4 2519 2520 4271 1647
61 4 2519 2520 4388 1694
62 4 2519 2520 4464 1703
63 4 2519 2520 4557 1749
64 4 2519 2520 4630 1770
65 5 2519 2520 4697 1781
66 5 2519 2520 4795 1804
67 5 2519 2520 4921 1850
68 5 2519 2520 5050 1881
69 5 2519 2520 5160 1923
70 7 2519 2520 5293 1962
71 7 2519 2520 5464 2009
72 8 2519 2520 5677 2077
73 8 2519 2520 5893 2160
74 8 2519 2520 6148 2217
75 8 2519 2520 6437 2310
76 8 2519 2520 6661 2374
77 8 2519 2520 6887 2426
78 8 2519 2520 7132 2491
79 8 2519 2520 7346 2528
80 8 2519 2520 7557 2575
81 8 2519 2520 7780 2607
82 8 2519 2520 7990 2667
83 8 2519 2520 8178 2698
84 8 2519 2520 8317 2736
85 8 2519 2520 8466 2759
86 9 2519 2520 8613 2779
87 9 2519 2520 8810 2813
88 9 2519 2520 9005 2870
89 10 2519 2520 9188 2913
90 10 2519 2520 9357 2950
91 10 2518 2520 9557 2976
92 10 2518 2520 9761 3023
93 10 2518 2520 9977 3071
94 11 2518 2520 10200 3112
95 12 2518 2520 10432 3149
96 13 2518 2520 10702 3182
97 13 2518 2520 10995 3237
98 13 2518 2520 11302 3311
99 13 2518 2520 11584 3342
100 13 2518 2520 11847 3384
101 13 2518 2520 12142 3444
102 13 2517 2520 12409 3498
103 13 2517 2520 12652 3545
104 14 2517 2520 12864 3572
105 14 2517 2520 13091 3605
106 14 2517 2520 13424 3684
107 15 2517 2520 13684 3735
108 15 2517 2520 13935 3768
109 15 2517 2520 14190 3817
110 15 2517 2520 14404 3862
111 15 2517 2520 14641 3904
112 15 2517 2520 14852 3949
113 15 2517 2520 15088 3962
114 16 2517 2520 15287 4022
115 16 2517 2520 15530 4091
116 16 2517 2520 15746 4147
117 16 2517 2520 15968 4178
118 16 2517 2520 16190 4229
119 17 2517 2520 16380 4263
120 17 2517 2520 16602 4321
121 17 2517 2520 16842 4372
122 18 2517 2520 17066 4416
123 18 2517 2520 17356 4487
124 18 2517 2520 17612 4556
125 18 2517 2520 17854 4603
126 18 2517 2520 18077 4630
127 18 2517 2520 18346 4694
128 18 2517 2520 18546 4748
129 18 2517 2520 18769 4816
130 18 2517 2520 18977 4850
131 18 2517 2520 19154 4885
132 19 2517 2520 19347 4911
133 20 2517 2520 19530 4978
134 20 2517 2520 19760 5027
135 20 2517 2520 19973 5067
136 20 2516 2520 20217 5142
137 20 2516 2520 20439 5188
138 21 2516 2520 20647 5198
139 21 2516 2520 20860 5222
140 22 2516 2520 21083 5244
141 23 2516 2520 21329 5275
142 23 2516 2520 21618 5341
143 23 2516 2520 21924 5416
144 23 2516 2520 22242 5479
145 23 2516 2520 22533 5547
146 24 2516 2520 22794 5600
147 24 2516 2520 23046 5621
148 24 2516 2520 23316 5666
149 24 2515 2520 23557 5733
150 24 2515 2520 23821 5783
151 24 2515 2520 24056 5813
152 25 2515 2520 24310 5843
153 25 2515 2520 24560 5875
154 25 2515 2520 24825 5924
155 25 2515 2520 25086 5972
156 25 2515 2520 25335 6016
157 25 2515 2520 25604 6047
158 26 2515 2520 25792 6086
159 27 2515 2520 26078 6137
160 27 2515 2520 26358 6182
161 27 2515 2520 26633 6236
162 27 2515 2520 26883 6277
163 27 2515 2520 27201 6340
164 27 2515 2520 27441 6386
165 27 2515 2520 27707 6439
166 28 2514 2520 27947 6490
167 28 2514 2520 28247 6559
168 28 2514 2520 28489 6586
169 28 2514 2520 28751 6622
170 28 2514 2520 28953 6631
171 28 2514 2520 29187 6652
172 28 2514 2520 29410 6681
173 28 2514 2520 29631 6724
174 28 2514 2520 29832 6768
175 28 2514 2520 30003 6791
176 28 2514 2520 30189 6818
177 29 2514 2520 30351 6841
178 29 2514 2520 30547 6875
179 29 2514 2520 30728 6913
180 30 2514 2520 30956 6975
181 30 2514 2520 31156 7018
182 30 2514 2520 31395 7058
183 30 2514 2520 31632 7111
184 31 2514 2520 31828 7160
185 33 2514 2520 32104 7222
186 34 2514 2520 32389 7291
187 35 2514 2520 32758 7380
188 35 2514 2520 33159 7471
189 35 2514 2520 33555 7525
190 35 2514 2520 33924 7595
191 35 2514 2520 34289 7701
192 35 2514 2520 34630 7759
193 35 2514 2520 34991 7852
194 35 2514 2520 35326 7876
195 35 2514 2520 35627 7937
196 35 2514 2520 35907 7969
197 35 2514 2520 36208 8043
198 35 2514 2520 36513 8112
199 35 2514 2520 36752 8152
200 35 2514 2520 36953 8203
201 35 2514 2520 37170 8266
202 36 2514 2520 37392 8306
203 36 2514 2520 37622 8371
204 36 2514 2520 37836 8414
205 36 2514 2520 38079 8472
206 37 2514 2520 38303 8531
207 37 2514 2520 38533 8600
208 38 2514 2520 38791 8663
209 39 2514 2520 39061 8703
210 39 2514 2520 39358 8771
211 39 2514 2520 39639 8816
212 39 2514 2520 39913 8887
213 39 2514 2520 40176 8932
214 39 2514 2520 40443 8971
215 39 2514 2520 40706 9025
216 39 2514 2520 40975 9086
217 39 2514 2520 41270 9138
218 39 2514 2520 41527 9170
219 40 2514 2520 41761 9216
220 40 2514 2520 42025 9274
221 41 2514 2520 42321 9351
222 41 2514 2520 42579 9411
223 41 2514 2520 42821 9441
224 41 2514 2520 43069 9500
225 41 2514 2520 43318 9585
226 41 2514 2520 43594 9639
227 41 2514 2520 43819 9662
228 42 2514 2520 44087 9703
229 42 2514 2520 44367 9746
230 42 2514 2520 44615 9806
231 42 2514 2520 44865 9883
232 42 2514 2520 45104 9957
233 42 2514 2520 45359 10004
234 43 2514 2520 45610 10061
235 44 2514 2520 45884 10116
236 44 2514 2520 46164 10176
237 44 2514 2520 46472 10232
238 44 2514 2520 46776 10280
239 44 2514 2520 47032 10297
240 44 2514 2520 47308 10369
241 44 2514 2520 47603 10426
242 44 2514 2520 47824 10472
243 45 2514 2520 48088 10519
244 45 2514 2520 48385 10592
245 46 2514 2520 48636 10641
246 46 2514 2520 48935 10694
247 46 2514 2520 49182 10739
248 46 2514 2520 49442 10778
249 46 2514 2520 49689 10806
250 46 2514 2520 49957 10864
251 46 2514 2520 50224 10919
252 46 2514 2520 50444 10971
253 47 2514 2520 50648 11036
254 48 2514 2520 50883 11078
255 48 2514 2520 51147 11118
256 48 2514 2520 51433 11179
257 50 2514 2520 51701 11238
258 51 2514 2520 51979 11280
259 52 2514 2520 52363 11384
260 53 2514 2520 52761 11480
261 53 2514 2520 53170 11574
262 53 2514 2520 53514 11630
263 54 2514 2520 53956 11734
264 54 2513 2520 54373 11807
265 54 2513 2520 54770 11831
266 54 2513 2520 55183 11916
267 54 2513 2520 55607 11952
268 54 2513 2520 56006 12049
269 54 2513 2520 56394 12099
270 54 2513 2520 56774 12165
271 54 2513 2520 57152 12229
272 54 2513 2520 57520 12278
273 54 2513 2520 57849 12312
274 54 2513 2520 58192 12368
275 54 2513 2520 58478 12412
276 54 2513 2520 58712 12447
277 54 2513 2520 59000 12512
278 54 2513 2520 59241 12569
279 54 2513 2520 59483 12606
280 54 2513 2520 59731 12629
281 55 2513 2520 59957 12675
282 55 2513 2520 60161 12699
283 56 2513 2520 60347 12740
284 58 2513 2520 60591 12804
285 60 2513 2520 60823 12852
286 61 2513 2520 61169 12922
287 61 2513 2520 61530 13037
288 62 2513 2520 61920 13079
289 63 2513 2520 62310 13162
290 64 2513 2520 62683 13257
291 65 2513 2520 63133 13345
292 65 2513 2520 63641 13417
293 66 2513 2520 64129 13522
294 67 2513 2520 64631 13581
295 67 2513 2520 65138 13640
296 67 2513 2520 65683 13732
297 67 2513 2520 66160 13842
298 67 2513 2520 66669 13913
299 67 2513 2520 67125 13988
300 67 2513 2520 67573 14058
301 67 2513 2520 68018 14129
302 67 2513 2520 68491 14173
303 67 2513 2520 68842 14217
304 67 2513 2520 69234 14260
305 67 2513 2520 69594 14324
306 68 2513 2520 69930 14397
307 69 2513 2520 70265 14434
308 70 2513 2520 70644 14505
309 70 2513 2520 71033 14573
310 70 2513 2520 71350 14632
311 70 2513 2520 71754 14683
312 70 2513 2520 72097 14765
313 71 2513 2520 72465 14821
314 71 2513 2520 72898 14938
315 72 2513 2520 73280 14973
316 73 2513 2520 73741 15067
317 74 2513 2520 74153 15123
318 75 2513 2520 74577 15185
319 75 2513 2520 75018 15272
320 75 2513 2520 75476 15342
321 75 2512 2520 75975 15417
322 75 2512 2520 76433 15484
323 75 2512 2520 76916 15542
324 75 2512 2520 77344 15588
325 76 2512 2520 77843 15659
326 76 2512 2520 78268 15690
327 76 2512 2520 78715 15772
328 77 2512 2520 79072 15832
329 77 2512 2520 79484 15878
330 77 2511 2520 79853 15945
331 77 2511 2520 80223 15997
332 78 2511 2520 80589 16012
333 78 2511 2520 80938 16081
334 79 2511 2520 81319 16170
335 79 2511 2520 81680 16214
336 80 2511 2520 82088 16246
337 80 2511 2520 82458 16336
338 80 2511 2520 82814 16394
339 80 2511 2520 83226 16475
340 81 2511 2520 83600 16509
341 82 2511 2520 84008 16534
342 82 2511 2520 84454 16582
343 82 2511 2520 84917 16646
344 83 2511 2520 85393 16752
345 83 2511 2520 85807 16861
346 85 2511 2520 86242 16994
347 86 2511 2520 86643 17077
348 87 2511 2520 87095 17156
349 87 2511 2520 87527 17220
350 87 2511 2520 88006 17300
351 87 2511 2520 88447 17372
352 87 2511 2520 88869 17444
353 87 2511 2520 89315 17531
354 87 2511 2520 89800 17620
355 87 2511 2520 90183 17673
356 87 2511 2520 90558 17760
357 87 2511 2520 90927 17821
358 87 2511 2520 91324 17853
359 87 2511 2520 91639 17926
360 87 2511 2520 92016 17978
361 87 2511 2520 92426 17994
362 88 2511 2520 92781 18046
363 88 2511 2520 93122 18075
364 88 2511 2520 93443 18143
365 90 2511 2520 93770 18187
366 90 2511 2520 94100 18238
367 90 2511 2520 94455 18319
368 90 2511 2520 94835 18382
369 90 2511 2520 95238 18451
370 90 2511 2520 95498 18485
371 91 2511 2520 95856 18549
372 93 2511 2520 96225 18630
373 93 2511 2520 96660 18695
374 93 2511 2520 97101 18752
375 93 2511 2520 97517 18822
376 94 2511 2520 97949 18900
377 94 2511 2520 98384 18968
378 94 2511 2520 98792 19020
379 95 2511 2520 99237 19098
380 95 2511 2520 99666 19178
381 95 2511 2520 100060 19218
382 95 2511 2520 100439 19249
383 95 2511 2520 100763 19292
384 95 2511 2520 101154 19342
385 95 2511 2520 101531 19407
386 95 2511 2520 101843 19461
387 95 2511 2520 102135 19488
388 96 2511 2520 102460 19576
389 96 2511 2520 102771 19615
390 96 2511 2520 103077 19669
391 96 2511 2520 103368 19723
392 96 2511 2520 103722 19764
393 96 2511 2520 104028 19815
394 98 2511 2520 104334 19853
395 99 2511 2520 104686 19893
396 100 2511 2520 105079 19932
397 100 2511 2520 105436 20018
398 101 2511 2520 105840 20071
399 101 2511 2520 106278 20143
400 101 2511 2520 106717 20232
401 101 2511 2520 107151 20324
402 101 2510 2520 107583 20369
403 101 2510 2520 108049 20428
404 103 2510 2520 108471 20494
405 103 2510 2520 108839 20548
406 103 2510 2520 109253 20622
407 104 2510 2520 109666 20660
408 104 2510 2520 110096 20701
409 104 2510 2520 110520 20756
410 105 2510 2520 110923 20832
411 106 2510 2520 111367 20880
412 107 2510 2520 111805 20954
413 107 2510 2520 112250 21003
414 107 2510 2520 112670 21081
415 108 2510 2520 113091 21124
416 108 2510 2520 113510 21204
417 108 2510 2520 113922 21284
418 108 2510 2520 114325 21333
419 108 2510 2520 114702 21359
420 108 2510 2520 115074 21376
421 108 2510 2520 115449 21436
422 109 2510 2520 115763 21470
423 110 2510 2520 116104 21494
424 110 2510 2520 116468 21572
425 110 2510 2520 116829 21618
426 110 2510 2520 117181 21719
427 110 2510 2520 117495 21747
428 110 2510 2520 117863 21801
429 110 2510 2520 118200 21843
430 111 2510 2520 118549 21909
431 111 2510 2520 118881 21945
432 111 2510 2520 119284 22048
433 112 2510 2520 119621 22098
434 112 2510 2520 119958 22149
435 113 2510 2520 120338 22213
436 113 2510 2520 120682 22287
437 113 2510 2520 121001 22321
438 113 2510 2520 121338 22363
439 113 2510 2520 121688 22437
440 113 2510 2520 122010 22484
441 113 2510 2520 122298 22535
442 114 2510 2520 122595 22589
443 115 2510 2520 122927 22659
444 116 2510 2520 123328 22740
445 116 2510 2520 123728 22831
446 116 2510 2520 124096 22868
447 116 2510 2520 124481 22951
448 116 2510 2520 124882 23034
449 117 2510 2520 125307 23115
450 117 2510 2520 125703 23153
451 118 2510 2520 126115 23203
452 118 2510 2520 126510 23256
453 119 2510 2520 126947 23358
454 119 2510 2520 127322 23408
455 119 2510 2520 127736 23498
456 119 2510 2520 128108 23515
457 119 2510 2520 128515 23572
458 119 2510 2520 128870 23600
459 119 2510 2520 129214 23653
460 119 2510 2520 129580 23716
461 119 2510 2520 129871 23766
462 119 2510 2520 130215 23776
463 119 2510 2520 130511 23817
464 119 2510 2520 130846 23835
465 121 2510 2520 131150 23885
466 122 2510 2520 131445 23919
467 123 2510 2520 131702 23984
468 123 2510 2520 132065 24025
469 125 2510 2520 132421 24092
470 125 2510 2520 132833 24124
471 127 2510 2520 133289 24202
472 128 2510 2520 133754 24289
473 130 2510 2520 134171 24319
474 130 2510 2520 134661 24403
475 130 2510 2520 135186 24499
476 130 2510 2520 135761 24565
477 131 2510 2520 136285 24644
478 131 2510 2520 136804 24729
479 132 2510 2520 137315 24772
480 133 2510 2520 137856 24885
481 134 2510 2520 138429 24952
482 134 2510 2520 139077 25043
483 134 2510 2520 139634 25085
484 134 2510 2520 140185 25162
485 136 2510 2520 140750 25229
486 136 2509 2520 141341 25314
487 136 2509 2520 141902 25400
488 136 2509 2520 142471 25484
489 136 2509 2520 142986 25590
490 137 2509 2520 143478 25680
491 138 2508 2520 144022 25711
492 138 2508 2520 144547 25792
493 139 2508 2520 145062 25844
494 139 2508 2520 145618 25923
495 139 2508 2520 146142 25983
496 140 2508 2520 146710 26031
497 141 2508 2520 147185 26055
498 143 2508 2520 147781 26167
499 143 2508 2520 148378 26246
500 143 2508 2520 149023 26329
501 143 2508 2520 149656 26442
502 143 2507 2520 150289 26564
503 143 2507 2520 150805 26626
504 143 2507 2520 151347 26682
505 143 2507 2520 151870 26732
506 144 2507 2520 152363 26767
507 147 2507 2520 152899 26831
508 148 2507 2520 153484 26946
509 148 2507 2520 154028 26996
510 148 2507 2520 154579 27039
511 148 2507 2520 155142 27094
512 148 2507 2520 155676 27126
513 148 2507 2520 156284 27174
514 149 2507 2520 156796 27228
515 150 2507 2520 157268 27285
516 151 2507 2520 157861 27387
517 152 2507 2520 158432 27462
518 152 2507 2520 158984 27535
519 153 2507 2520 159555 27638
520 153 2507 2520 160109 27675
521 153 2507 2520 160686 27753
522 154 2507 2520 161267 27841
523 154 2507 2520 161836 27919
524 154 2507 2520 162367 27998
525 154 2507 2520 162909 28127
526 154 2507 2520 163439 28187
527 154 2507 2520 163929 28256
528 154 2507 2520 164447 28336
529 154 2507 2520 164917 28401
530 154 2507 2520 165363 28496
531 155 2507 2520 165809 28563
532 156 2507 2520 166232 28592
533 157 2507 2520 166708 28707
534 157 2507 2520 167254 28776
535 157 2507 2520 167784 28879
536 159 2507 2520 168290 28967
537 159 2507 2520 168777 29078
538 161 2507 2520 169365 29150
539 161 2507 2520 169913 29293
540 162 2507 2520 170503 29450
541 163 2507 2520 171098 29572
542 164 2507 2520 171746 29691
543 164 2507 2520 172396 29795
544 165 2507 2520 173137 29904
545 165 2507 2520 173797 30053
546 165 2507 2520 174453 30143
547 165 2507 2520 175094 30281
548 165 2507 2520 175740 30369
549 166 2507 2520 176363 30482
550 167 2507 2520 176972 30542
551 167 2506 2520 177617 30620
552 170 2506 2520 178212 30729
553 170 2506 2520 178812 30813
554 170 2505 2520 179445 30857
555 170 2505 2520 180107 30912
556 170 2505 2520 180709 30991
557 170 2505 2520 181340 31082
558 171 2505 2520 181997 31148
559 173 2505 2520 182610 31229
560 173 2505 2520 183217 31263
561 173 2505 2520 183870 31350
562 173 2505 2520 184486 31397
563 174 2505 2520 185144 31490
564 176 2505 2520 185685 31517
565 176 2505 2520 186269 31588
566 176 2505 2520 186872 31674
567 176 2505 2520 187539 31760
568 177 2505 2520 188076 31784
569 177 2505 2520 188594 31853
570 179 2505 2520 189156 31935
571 179 2505 2520 189686 32044
572 179 2505 2520 190209 32135
573 179 2505 2520 190803 32223
574 180 2505 2520 191330 32278
575 181 2505 2520 191919 32364
576 181 2505 2520 192534 32433
577 184 2505 2520 193144 32513
578 185 2505 2520 193784 32618
579 186 2505 2520 194435 32706
580 186 2505 2520 195053 32801
581 186 2505 2520 195729 32880
582 187 2505 2520 196429 32978
583 187 2505 2520 197112 33083
584 187 2504 2520 197788 33163
585 187 2504 2520 198476 33227
586 187 2504 2520 199111 33310
587 187 2504 2520 199731 33422
588 187 2504 2520 200347 33484
589 187 2504 2520 200940 33508
590 188 2504 2520 201541 33602
591 188 2504 2520 202126 33622
592 188 2503 2520 202733 33725
593 190 2503 2520 203299 33791
594 190 2503 2520 203846 33867
595 191 2503 2520 204401 33941
596 191 2503 2520 204975 34039
597 191 2503 2520 205505 34110
598 191 2503 2520 206003 34203
599 191 2503 2520 206520 34270
600 191 2503 2520 207043 34309
601 192 2503 2520 207539 34343
602 192 2503 2520 208069 34458
603 193 2503 2520 208589 34500
604 194 2503 2520 209080 34576
605 194 2503 2520 209640 34627
606 194 2502 2520 210119 34743
607 194 2502 2520 210619 34829
608 197 2502 2520 211115 34867
609 198 2502 2520 211677 34965
610 199 2502 2520 212262 35056
611 201 2502 2520 212815 35107
612 201 2502 2520 213392 35152
613 201 2502 2520 214002 35220
614 201 2502 2520 214649 35276
615 202 2502 2520 215253 35383
616 204 2502 2520 215926 35433
617 204 2502 2520 216618 35533
618 205 2502 2520 217214 35632
619 205 2502 2520 217893 35734
620 205 2502 2520 218492 35841
621 207 2501 2520 219182 35947
622 207 2501 2520 219818 36060
623 208 2501 2520 220466 36127
624 209 2501 2520 221181 36217
625 209 2501 2520 221944 36330
626 211 2501 2520 222698 36443
627 212 2501 2520 223527 36597
628 212 2500 2520 224314 36720
629 212 2500 2520 225143 36756
630 213 2500 2520 225993 36924
631 213 2500 2520 226777 36993
632 213 2500 2520 227539 37115
633 213 2500 2520 228199 37196
634 213 2500 2520 228853 37260
635 213 2500 2520 229627 37314
636 214 2500 2520 230277 37438
637 214 2500 2520 230875 37510
638 214 2500 2520 231495 37569
639 217 2500 2520 232008 37615
640 218 2500 2520 232529 37691
641 219 2500 2520 233096 37739
642 221 2500 2520 233701 37810
643 221 2500 2520 234335 37904
644 221 2500 2520 234998 37998
645 222 2500 2520 235616 38061
646 222 2500 2520 236273 38152
647 223 2500 2520 236900 38245
648 225 2500 2520 237565 38341
649 226 2500 2520 238233 38381
650 226 2500 2520 238968 38538
651 226 2500 2520 239695 38625
652 226 2500 2520 240447 38687
653 227 2500 2520 241156 38786
654 228 2500 2520 241834 38914
655 229 2500 2520 242493 38995
656 229 2500 2520 243170 39115
657 231 2499 2520 243877 39213
658 234 2499 2520 244540 39315
659 235 2499 2520 245272 39387
660 236 2499 2520 245975 39433
661 237 2499 2520 246760 39543
662 237 2498 2520 247502 39656
663 238 2498 2520 248313 39778
664 240 2498 2520 249072 39820
665 241 2498 2520 249904 39922
666 241 2498 2520 250709 40030
667 241 2498 2520 251540 40077
668 241 2498 2520 252346 40136
669 242 2498 2520 253106 40198
670 243 2498 2520 253840 40291
671 243 2498 2520 254650 40384
672 243 2498 2520 255322 40474
673 243 2498 2520 256045 40540
674 243 2498 2520 256799 40649
675 243 2497 2520 257464 40736
676 245 2497 2520 258154 40766
677 246 2497 2520 258853 40837
678 246 2497 2520 259648 40948
679 246 2497 2520 260385 41061
680 247 2497 2520 261018 41119
681 247 2497 2520 261736 41212
682 247 2497 2520 262419 41269
683 247 2497 2520 263126 41401
684 247 2497 2520 263817 41452
685 247 2497 2520 264480 41544
686 247 2497 2520 265144 41637
687 248 2497 2520 265752 41719
688 249 2497 2520 266321 41811
689 249 2497 2520 267070 41895
690 250 2497 2520 267739 41987
691 252 2496 2520 268363 42030
692 252 2496 2520 269011 42140
693 253 2496 2520 269734 42294
694 253 2496 2520 270394 42379
695 254 2496 2520 271072 42471
696 254 2496 2520 271728 42615
697 255 2496 2520 272445 42707
698 255 2496 2520 273110 42790
699 255 2496 2520 273757 42873
700 256 2496 2520 274454 42949
701 257 2496 2520 275124 43032
702 258 2496 2520 275781 43118
703 260 2496 2520 276423 43185
704 260 2496 2520 277120 43260
705 262 2496 2520 277799 43341
706 262 2496 2520 278544 43436
707 262 2495 2520 279314 43534
708 262 2495 2520 280119 43638
709 262 2495 2520 280858 43726
710 262 2495 2520 281561 43837
711 263 2493 2520 282270 43892
712 264 2493 2520 282980 43979
713 265 2493 2520 283691 44047
714 266 2493 2520 284348 44140
715 267 2493 2520 285072 44150
716 267 2493 2520 285788 44243
717 268 2493 2520 286481 44296
718 268 2493 2520 287178 44340
719 268 2493 2520 287770 44376
720 270 2493 2520 288381 44421
721 270 2493 2520 289031 44463
722 274 2492 2520 289615 44492
723 274 2492 2520 290289 44567
724 276 2491 2520 291011 44655
725 276 2491 2520 291767 44769
726 277 2491 2520 292557 44906
727 278 2491 2520 293400 45030
728 278 2491 2520 294118 45119
729 278 2491 2520 294869 45197
730 279 2491 2520 295660 45358
731 281 2491 2520 296459 45446
732 281 2491 2520 297270 45568
733 282 2491 2520 298041 45705
734 282 2491 2520 298924 45753
735 284 2491 2520 299755 45899
736 284 2491 2520 300566 45973
737 284 2491 2520 301438 46108
738 285 2491 2520 302295 46201
739 285 2491 2520 303139 46342
740 285 2491 2520 303860 46458
741 285 2491 2520 304641 46544
742 287 2491 2520 305469 46612
743 290 2491 2520 306144 46672
744 290 2491 2520 306963 46793
745 290 2491 2520 307769 46910
746 291 2491 2520 308505 47034
747 292 2491 2520 309242 47141
748 294 2490 2520 309988 47280
749 294 2490 2520 310793 47320
750 294 2490 2520 311630 47481
751 295 2490 2520 312425 47580
752 297 2490 2520 313254 47641
753 297 2490 2520 314122 47796
754 297 2490 2520 314944 47898
755 297 2490 2520 315784 47995
756 297 2490 2520 316621 48136
757 299 2490 2520 317418 48226
758 300 2489 2520 318220 48293
759 302 2489 2520 319065 48376
760 302 2489 2520 319939 48519
761 304 2489 2520 320786 48654
762 305 2489 2520 321650 48732
763 306 2488 2520 322574 48800
764 306 2488 2520 323480 48921
765 308 2487 2520 324389 48990
766 308 2487 2520 325388 49103
767 309 2487 2520 326306 49167
768 310 2487 2520 327208 49277
769 310 2487 2520 328115 49382
770 311 2487 2520 329113 49461
771 312 2487 2520 330038 49506
772 312 2487 2520 331004 49625
773 312 2486 2520 331935 49676
774 312 2486 2520 332837 49771
775 314 2485 2520 333689 49866
776 315 2485 2520 334552 49971
777 315 2485 2520 335321 50042
778 316 2485 2520 336207 50088
779 316 2483 2520 337095 50181
780 317 2483 2520 337986 50255
781 319 2483 2520 338929 50349
782 320 2483 2520 339833 50444
783 321 2483 2520 340644 50540
784 321 2483 2520 341524 50673
785 321 2483 2520 342337 50772
786 321 2483 2520 343230 50907
787 323 2482 2520 344021 50991
788 323 2482 2520 344877 51084
789 323 2482 2520 345740 51169
790 324 2482 2520 346530 51251
791 324 2482 2520 347281 51307
792 325 2482 2520 348022 51360
793 325 2482 2520 348792 51523
794 325 2482 2520 349534 51584
795 325 2482 2520 350248 51678
796 326 2482 2520 351084 51746
797 327 2482 2520 351823 51892
798 329 2482 2520 352603 52074
799 329 2482 2520 353342 52148
800 329 2482 2520 354125 52258
801 330 2482 2520 354832 52348
802 331 2482 2520 355539 52447
803 333 2482 2520 356344 52538
804 333 2481 2520 357095 52650
805 334 2481 2520 357909 52710
806 334 2481 2520 358727 52831
807 335 2481 2520 359495 52945
808 336 2481 2520 360316 53078
809 336 2481 2520 361182 53184
810 336 2481 2520 361991 53257
811 338 2481 2520 362793 53346
812 340 2481 2520 363595 53469
813 341 2481 2520 364316 53554
814 342 2481 2520 365150 53679
815 342 2481 2520 365924 53760
816 342 2481 2520 366777 53896
817 342 2481 2520 367569 54000
818 342 2481 2520 368309 54131
819 345 2481 2520 369088 54292
820 345 2481 2520 369883 54446
821 346 2481 2520 370708 54623
822 347 2481 2520 371565 54658
823 348 2481 2520 372400 54776
824 350 2481 2520 373337 54896
825 351 2481 2520 374159 55001
826 351 2481 2520 375086 55137
827 352 2481 2520 376002 55258
828 353 2481 2520 376922 55371
829 356 2480 2520 377904 55541
830 358 2480 2520 378851 55669
831 359 2480 2520 379927 55829
832 359 2480 2520 380948 55984
833 360 2480 2520 382007 56105
834 360 2480 2520 383026 56272
835 362 2480 2520 384121 56436
836 363 2480 2520 385231 56595
837 365 2480 2520 386184 56750
838 366 2480 2520 387165 56923
839 366 2479 2520 388078 57075
840 366 2479 2520 388960 57173
841 366 2478 2520 389847 57292
842 366 2478 2520 390800 57394
843 366 2478 2520 391726 57493
844 367 2478 2520 392638 57621
845 368 2478 2520 393516 57760
846 368 2478 2520 394403 57862
847 368 2478 2520 395289 57956
848 369 2478 2520 396125 58070
849 369 2478 2520 396911 58168
850 369 2478 2520 397728 58270
851 372 2478 2520 398604 58367
852 374 2478 2520 399415 58482
853 375 2478 2520 400325 58673
854 375 2478 2520 401137 58802
855 376 2478 2520 401973 58868
856 377 2478 2520 402828 58995
857 378 2478 2520 403746 59132
858 379 2478 2520 404684 59296
859 379 2478 2520 405533 59377
860 380 2478 2520 406473 59544
861 381 2478 2520 407402 59683
862 383 2478 2520 408379 59851
863 383 2478 2520 409317 59947
864 386 2478 2520 410220 60038
865 386 2478 2520 411178 60160
866 387 2478 2520 412141 60278
867 387 2478 2520 413090 60419
868 388 2478 2520 414097 60580
869 388 2478 2520 414939 60749
870 388 2478 2520 415915 60899
871 388 2478 2520 416926 61073
872 389 2478 2520 417910 61173
873 390 2478 2520 418875 61246
874 391 2478 2520 419749 61341
875 392 2478 2520 420687 61449
876 392 2478 2520 421662 61524
877 394 2478 2520 422567 61656
878 395 2478 2520 423501 61749
879 397 2478 2520 424411 61857
880 397 2478 2520 425402 61944
881 397 2478 2520 426412 62065
882 397 2478 2520 427396 62205
883 398 2478 2520 428309 62307
884 400 2478 2520 429161 62406
885 400 2478 2520 430074 62502
886 400 2478 2520 431005 62655
887 403 2478 2520 431963 62815
888 403 2478 2520 432954 62964
889 404 2478 2520 433921 63111
890 404 2478 2520 434841 63209
891 405 2478 2520 435757 63359
892 405 2478 2520 436660 63478
893 405 2478 2520 437631 63608
894 405 2478 2520 438487 63726
895 406 2478 2520 439303 63832
896 407 2478 2520 440100 63898
897 410 2478 2520 440958 64017
898 410 2478 2520 441769 64144
899 410 2478 2520 442585 64264
900 411 2478 2520 443413 64374
901 411 2478 2520 444197 64470
902 412 2478 2520 445033 64582
903 413 2478 2520 445860 64716
904 414 2478 2520 446620 64824
905 414 2478 2520 447396 64887
906 417 2478 2520 448297 64997
907 419 2478 2520 449139 65105
908 420 2478 2520 450045 65259
909 420 2478 2520 450966 65422
910 421 2478 2520 451874 65560
911 422 2478 2520 452758 65706
912 422 2478 2520 453712 65808
913 423 2478 2520 454628 65884
914 424 2478 2520 455529 66003
915 424 2478 2520 456449 66084
916 424 2478 2520 457419 66183
917 424 2478 2520 458296 66194
918 425 2478 2520 459122 66276
919 425 2478 2520 460040 66366
920 426 2478 2520 460876 66491
921 426 2478 2520 461729 66608
922 431 2478 2520 462615 66705
923 433 2478 2520 463471 66833
924 434 2478 2520 464351 66992
925 436 2478 2520 465343 67108
926 437 2478 2520 466260 67192
927 437 2478 2520 467328 67252
928 437 2478 2520 468296 67340
929 440 2478 2520 469352 67447
930 441 2478 2520 470439 67582
931 443 2477 2520 471571 67730
932 443 2477 2520 472626 67857
933 447 2477 2520 473797 68004
934 447 2477 2520 474850 68168
935 448 2477 2520 476027 68295
936 448 2477 2520 477162 68378
937 451 2477 2520 478313 68501
938 451 2477 2520 479456 68622
939 453 2477 2520 480568 68751
940 453 2477 2520 481675 68902
941 453 2477 2520 482887 69032
942 453 2477 2520 484055 69152
943 455 2477 2520 485152 69259
944 456 2476 2520 486218 69339
945 456 2476 2520 487274 69459
946 457 2476 2520 488360 69605
947 458 2476 2520 489338 69686
948 458 2476 2520 490403 69755
949 458 2476 2520 491428 69817
950 460 2476 2520 492467 69953
951 460 2475 2520 493404 70012
952 461 2475 2520 494347 70123
953 462 2475 2520 495293 70220
954 462 2474 2520 496250 70303
955 464 2474 2520 497242 70462
956 466 2474 2520 498170 70514
957 466 2474 2520 499062 70579
958 466 2473 2520 499980 70684
959 467 2472 2520 501088 70748
960 470 2472 2520 502063 70864
961 471 2472 2520 503048 70962
962 473 2472 2520 504086 71004
963 473 2472 2520 505165 71121
964 473 2472 2520 506230 71247
965 474 2471 2520 507252 71301
966 474 2471 2520 508308 71407
967 474 2471 2520 509227 71500
968 474 2471 2520 510212 71590
969 474 2471 2520 511242 71713
970 476 2471 2520 512181 71770
971 477 2471 2520 513198 71885
972 479 2471 2520 514056 71894
973 480 2471 2520 515014 71974
974 482 2471 2520 516049 72082
975 483 2470 2520 517067 72205
976 484 2470 2520 517976 72283
977 484 2470 2520 518999 72353
978 484 2469 2520 519987 72495
979 487 2469 2520 521028 72579
980 487 2468 2520 522056 72731
981 487 2468 2520 523095 72836
982 488 2467 2520 524108 72927
983 488 2466 2520 525084 73019
984 489 2465 2520 526076 73119
985 491 2465 2520 527076 73167
986 494 2465 2520 527993 73248
987 495 2465 2520 529062 73387
988 495 2465 2520 530082 73485
989 496 2465 2520 531111 73577
990 498 2465 2520 532145 73674
991 499 2464 2520 533092 73736
992 500 2464 2520 534181 73757
993 502 2464 2520 535248 73788
994 503 2464 2520 536388 73921
995 503 2464 2520 537511 74085
996 506 2464 2520 538583 74196
997 509 2464 2520 539727 74351
998 509 2464 2520 540806 74501
999 510 2464 2520 541950 74627
1000 510 2464 2520 543077 74728
