0 1 2519 2520 795 499
1 1 2519 2520 813 513
2 1 2519 2520 845 536
3 1 2519 2520 887 555
4 1 2519 2520 919 579
5 1 2519 2520 965 605
6 1 2519 2520 1009 634
7 1 2519 2520 1038 647
8 1 2519 2520 1062 657
9 1 2519 2520 1101 673
10 1 2519 2520 1128 690
11 1 2519 2520 1153 696
12 1 2519 2520 1185 706
13 1 2519 2520 1201 714
14 1 2519 2520 1230 728
15 1 2519 2520 1242 730
16 1 2519 2520 1267 733
17 1 2519 2520 1284 734
18 1 2519 2520 1302 738
19 1 2519 2520 1322 740
20 1 2519 2520 1326 742
21 1 2519 2520 1331 738
22 1 2519 2520 1337 737
23 2 2519 2520 1342 737
24 2 2519 2520 1363 752
25 2 2519 2520 1450 786
26 2 2519 2520 1558 833
27 2 2519 2520 1646 857
28 2 2519 2520 1744 892
29 2 2519 2520 1836 924
30 2 2519 2520 1930 953
31 2 2519 2520 2013 988
32 2 2519 2520 2084 1004
33 2 2519 2520 2135 1007
34 2 2519 2520 2202 1028
35 2 2519 2520 2251 1044
36 2 2519 2520 2293 1052
37 2 2519 2520 2339 1062
38 2 2519 2520 2378 1077
39 2 2519 2520 2425 1095
40 2 2519 2520 2474 1110
41 2 2519 2520 2501 1119
42 2 2519 2520 2537 1129
43 2 2519 2520 2555 1131
44 2 2519 2520 2587 1142
45 2 2519 2520 2603 1151
46 4 2519 2520 2611 1149
47 4 2519 2520 2675 1167
48 4 2519 2520 2812 1214
49 4 2519 2520 2917 1250
50 4 2519 2520 3065 1299
51 4 2519 2520 3211 1345
52 4 2519 2520 3387 1407
53 4 2519 2520 3548 1447
54 4 2519 2520 3714 1502
55 4 2519 2520 3853 1546
56 4 2519 2520 3978 1576
57 4 2519 2520 4111 1632
58 4 2519 2520 4239 1662
59 4 2519 2520 4353 1693
60 4 2519 2520 4449 1718
61 4 2519 2520 4538 1751
62 4 2519 2520 4607 1761
63 4 2519 2520 4691 1779
64 4 2519 2520 4760 1797
65 5 2519 2520 4818 1813
66 5 2519 2520 4903 1829
67 6 2519 2520 5018 1859
68 6 2519 2520 5160 1896
69 7 2519 2520 5290 1936
70 7 2519 2520 5483 1999
71 7 2519 2520 5711 2060
72 8 2519 2520 5904 2097
73 8 2519 2520 6125 2133
74 8 2519 2520 6376 2222
75 8 2519 2520 6635 2263
76 8 2519 2520 6800 2305
77 8 2519 2520 7036 2350
78 8 2518 2520 7249 2383
79 8 2518 2520 7529 2440
80 8 2518 2520 7713 2479
81 8 2518 2520 7890 2513
82 8 2518 2520 8100 2529
83 8 2518 2520 8283 2554
84 8 2518 2520 8462 2565
85 8 2518 2520 8599 2591
86 8 2518 2520 8761 2606
87 8 2517 2520 8878 2630
88 8 2517 2520 8997 2660
89 9 2517 2520 9097 2659
90 10 2517 2520 9218 2689
91 10 2517 2520 9376 2726
92 10 2517 2520 9551 2757
93 10 2517 2520 9728 2796
94 10 2517 2520 9902 2835
95 11 2517 2520 10067 2871
96 11 2517 2520 10228 2887
97 11 2517 2520 10421 2931
98 11 2517 2520 10608 2965
99 11 2517 2520 10813 3009
100 11 2517 2520 10997 3045
101 11 2517 2520 11181 3076
102 12 2517 2520 11343 3124
103 12 2517 2520 11525 3155
104 12 2517 2520 11677 3184
105 12 2517 2520 11837 3209
106 12 2517 2520 12000 3254
107 12 2517 2520 12143 3283
108 12 2517 2520 12295 3320
109 12 2517 2520 12429 3339
110 12 2517 2520 12585 3345
111 13 2517 2520 12718 3377
112 14 2517 2520 12855 3419
113 14 2517 2520 13044 3452
114 14 2517 2520 13243 3492
115 14 2517 2520 13445 3535
116 14 2517 2520 13609 3583
117 14 2517 2520 13766 3604
118 15 2517 2520 13946 3638
119 15 2517 2520 14151 3684
120 15 2517 2520 14395 3730
121 15 2517 2520 14574 3781
122 15 2517 2520 14789 3834
123 15 2516 2520 15001 3878
124 15 2516 2520 15228 3936
125 15 2516 2520 15437 3971
126 16 2516 2520 15624 3994
127 16 2516 2520 15796 3994
128 16 2516 2520 16016 4050
129 16 2516 2520 16244 4102
130 16 2516 2520 16484 4163
131 17 2516 2520 16658 4197
132 17 2516 2520 16858 4238
133 17 2516 2520 17053 4321
134 17 2516 2520 17243 4361
135 18 2516 2520 17367 4389
136 18 2516 2520 17562 4432
137 18 2516 2520 17785 4476
138 18 2516 2520 17980 4514
139 18 2516 2520 18147 4545
140 18 2516 2520 18355 4582
141 18 2516 2520 18519 4609
142 18 2516 2520 18739 4640
143 20 2516 2520 18946 4703
144 20 2516 2520 19144 4726
145 20 2516 2520 19383 4788
146 20 2516 2520 19599 4825
147 20 2516 2520 19828 4862
148 20 2516 2520 20034 4919
149 20 2516 2520 20271 4965
150 20 2516 2520 20485 4988
151 21 2516 2520 20632 5029
152 21 2516 2520 20860 5076
153 21 2516 2520 21094 5136
154 22 2516 2520 21311 5159
155 22 2516 2520 21528 5200
156 22 2516 2520 21768 5254
157 22 2516 2520 21973 5299
158 23 2516 2520 22190 5339
159 23 2516 2520 22421 5388
160 23 2516 2520 22659 5418
161 23 2516 2520 22884 5441
162 23 2516 2520 23088 5497
163 23 2516 2520 23296 5533
164 23 2516 2520 23521 5574
165 23 2516 2520 23699 5620
166 23 2516 2520 23914 5646
167 23 2515 2520 24089 5680
168 23 2515 2520 24247 5713
169 24 2515 2520 24456 5741
170 24 2515 2520 24674 5758
171 24 2515 2520 24855 5794
172 24 2515 2520 25065 5811
173 24 2515 2520 25287 5842
174 24 2515 2520 25494 5891
175 24 2515 2520 25637 5887
176 25 2515 2520 25815 5936
177 25 2515 2520 25987 5925
178 25 2515 2520 26178 5977
179 25 2515 2520 26372 6031
180 25 2515 2520 26579 6068
181 25 2515 2520 26761 6114
182 25 2515 2520 26941 6148
183 26 2515 2520 27124 6174
184 26 2515 2520 27274 6194
185 26 2515 2520 27495 6243
186 26 2515 2520 27686 6277
187 27 2515 2520 27859 6305
188 27 2515 2520 27999 6339
189 27 2515 2520 28194 6389
190 27 2515 2520 28411 6419
191 27 2515 2520 28580 6460
192 29 2515 2520 28744 6499
193 29 2515 2520 28935 6530
194 29 2515 2520 29142 6558
195 30 2515 2520 29362 6597
196 30 2515 2520 29622 6660
197 30 2515 2520 29857 6711
198 31 2515 2520 30117 6774
199 32 2515 2520 30339 6830
200 32 2515 2520 30591 6894
201 32 2515 2520 30874 6946
202 32 2515 2520 31167 7009
203 32 2515 2520 31477 7072
204 32 2515 2520 31787 7126
205 32 2515 2520 32091 7171
206 32 2515 2520 32363 7209
207 32 2515 2520 32661 7260
208 32 2515 2520 32948 7327
209 32 2515 2520 33207 7368
210 32 2515 2520 33466 7427
211 32 2515 2520 33703 7461
212 32 2515 2520 33916 7504
213 32 2514 2520 34146 7572
214 33 2514 2520 34350 7592
215 35 2514 2520 34585 7644
216 35 2514 2520 34831 7675
217 35 2514 2520 35103 7725
218 36 2514 2520 35402 7779
219 36 2514 2520 35727 7831
220 36 2514 2520 36046 7864
221 36 2514 2520 36350 7913
222 36 2514 2520 36625 7940
223 36 2514 2520 36886 7984
224 36 2514 2520 37178 8020
225 36 2514 2520 37438 8061
226 36 2514 2520 37702 8114
227 36 2514 2520 37957 8165
228 36 2514 2520 38208 8203
229 37 2514 2520 38461 8252
230 37 2514 2520 38738 8318
231 37 2514 2520 38966 8356
232 37 2514 2520 39187 8382
233 38 2514 2520 39440 8416
234 38 2514 2520 39644 8477
235 38 2514 2520 39868 8508
236 39 2514 2520 40079 8554
237 39 2514 2520 40305 8596
238 39 2514 2520 40568 8612
239 39 2514 2520 40823 8668
240 40 2514 2520 41062 8728
241 41 2514 2520 41350 8782
242 42 2514 2520 41614 8844
243 42 2514 2520 41912 8898
244 44 2514 2520 42221 8952
245 44 2514 2520 42515 9000
246 44 2514 2520 42919 9090
247 44 2514 2520 43260 9146
248 44 2514 2520 43622 9198
249 44 2514 2520 43948 9277
250 46 2514 2520 44312 9332
251 46 2514 2520 44774 9419
252 46 2514 2520 45181 9507
253 46 2514 2520 45556 9565
254 46 2514 2520 45911 9620
255 46 2514 2520 46277 9681
256 46 2514 2520 46606 9703
257 46 2514 2520 46987 9754
258 47 2514 2520 47350 9817
259 47 2514 2520 47648 9877
260 47 2514 2520 47974 9913
261 47 2514 2520 48301 9972
262 47 2514 2520 48637 10002
263 47 2514 2520 48924 10004
264 47 2514 2520 49184 10025
265 47 2514 2520 49427 10049
266 48 2513 2520 49644 10091
267 49 2513 2520 49912 10161
268 49 2513 2520 50230 10189
269 49 2513 2520 50563 10228
270 49 2513 2520 50840 10286
271 49 2513 2520 51105 10354
272 49 2513 2520 51383 10396
273 51 2513 2520 51637 10451
274 51 2513 2520 51936 10505
275 53 2513 2520 52259 10563
276 53 2513 2520 52557 10631
277 53 2513 2520 52934 10677
278 53 2513 2520 53253 10699
279 53 2513 2520 53619 10775
280 53 2513 2520 53939 10860
281 53 2513 2520 54293 10921
282 53 2513 2520 54623 10970
283 53 2513 2520 54927 11015
284 53 2513 2520 55250 11079
285 53 2513 2520 55539 11139
286 53 2512 2520 55812 11190
287 53 2512 2520 56121 11245
288 53 2512 2520 56367 11244
289 53 2512 2520 56605 11253
290 54 2512 2520 56850 11280
291 54 2512 2520 57076 11310
292 54 2512 2520 57339 11338
293 54 2512 2520 57635 11358
294 55 2512 2520 57930 11434
295 55 2512 2520 58171 11482
296 55 2512 2520 58462 11538
297 55 2512 2520 58739 11578
298 55 2512 2520 58992 11603
299 55 2512 2520 59280 11662
300 55 2512 2520 59562 11714
301 56 2512 2520 59758 11736
302 56 2512 2520 59962 11793
303 56 2511 2520 60217 11855
304 57 2511 2520 60456 11910
305 58 2511 2520 60661 11954
306 58 2511 2520 60964 12011
307 59 2511 2520 61248 12035
308 59 2511 2520 61555 12087
309 60 2511 2520 61868 12114
310 60 2511 2520 62188 12162
311 60 2511 2520 62573 12248
312 62 2511 2520 62877 12292
313 63 2511 2520 63244 12357
314 63 2511 2520 63643 12429
315 64 2511 2520 64022 12480
316 64 2511 2520 64435 12541
317 64 2511 2520 64836 12611
318 64 2511 2520 65261 12691
319 65 2511 2520 65642 12787
320 65 2511 2520 65986 12835
321 65 2511 2520 66384 12885
322 65 2511 2520 66771 12958
323 65 2511 2520 67162 13024
324 65 2511 2520 67590 13110
325 65 2511 2520 67999 13182
326 65 2511 2520 68310 13239
327 66 2511 2520 68695 13323
328 67 2511 2520 69052 13389
329 67 2511 2520 69338 13441
330 67 2511 2520 69724 13521
331 68 2511 2520 70074 13591
332 68 2511 2520 70385 13644
333 69 2511 2520 70703 13677
334 69 2511 2520 71020 13713
335 69 2511 2520 71324 13750
336 70 2511 2520 71650 13839
337 71 2511 2520 71986 13893
338 71 2511 2520 72391 13994
339 71 2511 2520 72787 14072
340 71 2511 2520 73184 14131
341 71 2511 2520 73570 14165
342 71 2511 2520 73965 14265
343 71 2511 2520 74326 14334
344 72 2511 2520 74649 14404
345 73 2511 2520 75079 14471
346 73 2511 2520 75478 14529
347 73 2511 2520 75857 14581
348 74 2511 2520 76229 14636
349 74 2511 2520 76531 14689
350 74 2511 2520 76926 14757
351 74 2511 2520 77321 14809
352 75 2511 2520 77682 14877
353 75 2511 2520 78032 14946
354 76 2511 2520 78380 15018
355 76 2511 2520 78774 15099
356 77 2511 2520 79165 15123
357 77 2511 2520 79597 15205
358 77 2511 2520 79965 15295
359 78 2511 2520 80391 15341
360 78 2510 2520 80825 15415
361 79 2510 2520 81228 15449
362 79 2510 2520 81689 15517
363 79 2510 2520 82101 15602
364 80 2509 2520 82515 15688
365 81 2509 2520 82932 15775
366 81 2509 2520 83333 15831
367 81 2509 2520 83759 15891
368 81 2509 2520 84213 15985
369 81 2509 2520 84658 16057
370 81 2509 2520 85060 16080
371 81 2509 2520 85480 16127
372 81 2509 2520 85878 16171
373 81 2509 2520 86231 16197
374 81 2509 2520 86607 16283
375 81 2509 2520 86979 16378
376 81 2509 2520 87266 16423
377 81 2509 2520 87545 16462
378 81 2509 2520 87830 16487
379 81 2509 2520 88147 16498
380 81 2509 2520 88429 16535
381 81 2509 2520 88709 16574
382 82 2509 2520 88958 16640
383 83 2509 2520 89189 16685
384 83 2509 2520 89453 16716
385 84 2509 2520 89770 16760
386 84 2509 2520 90061 16826
387 84 2509 2520 90394 16880
388 85 2509 2520 90706 16940
389 86 2509 2520 91100 16993
390 87 2509 2520 91510 17067
391 87 2509 2520 91941 17142
392 87 2509 2520 92353 17213
393 88 2509 2520 92707 17289
394 88 2509 2520 93162 17387
395 88 2509 2520 93615 17455
396 88 2509 2520 94045 17520
397 88 2509 2520 94451 17623
398 89 2509 2520 94871 17688
399 89 2509 2520 95287 17769
400 89 2509 2520 95667 17837
401 89 2509 2520 96008 17890
402 90 2509 2520 96380 17963
403 90 2509 2520 96744 18034
404 92 2509 2520 97095 18092
405 92 2509 2520 97480 18158
406 92 2509 2520 97854 18190
407 92 2509 2520 98234 18258
408 92 2509 2520 98639 18343
409 92 2509 2520 98977 18392
410 92 2509 2520 99373 18437
411 92 2509 2520 99725 18486
412 94 2509 2520 100072 18515
413 94 2509 2520 100452 18599
414 96 2509 2520 100809 18637
415 96 2509 2520 101201 18695
416 96 2509 2520 101590 18729
417 96 2509 2520 102001 18846
418 97 2509 2520 102409 18901
419 98 2509 2520 102885 18959
420 100 2509 2520 103337 19029
421 100 2509 2520 103792 19101
422 100 2509 2520 104283 19205
423 101 2509 2520 104727 19285
424 102 2509 2520 105220 19368
425 102 2509 2520 105727 19414
426 102 2508 2520 106281 19513
427 102 2508 2520 106769 19593
428 102 2508 2520 107273 19642
429 102 2508 2520 107801 19729
430 102 2508 2520 108220 19788
431 102 2508 2520 108710 19847
432 103 2508 2520 109193 19874
433 104 2508 2520 109647 19921
434 105 2508 2520 110128 19984
435 105 2508 2520 110585 20046
436 106 2508 2520 111055 20105
437 108 2508 2520 111569 20206
438 108 2508 2520 112067 20275
439 108 2508 2520 112635 20362
440 108 2508 2520 113185 20488
441 108 2508 2520 113768 20587
442 108 2508 2520 114258 20655
443 109 2508 2520 114725 20772
444 109 2508 2520 115202 20835
445 110 2508 2520 115639 20925
446 110 2508 2520 116108 20962
447 110 2508 2520 116562 20996
448 111 2508 2520 117005 21077
449 111 2508 2520 117472 21139
450 111 2508 2520 117946 21207
451 113 2508 2520 118440 21237
452 115 2508 2520 118880 21292
453 116 2508 2520 119378 21403
454 117 2508 2520 119968 21460
455 117 2508 2520 120487 21516
456 117 2508 2520 121083 21576
457 117 2508 2520 121639 21694
458 117 2508 2520 122137 21804
459 117 2508 2520 122612 21866
460 117 2508 2520 123127 21946
461 119 2508 2520 123639 22052
462 120 2508 2520 124101 22143
463 121 2508 2520 124649 22215
464 122 2508 2520 125206 22311
465 122 2508 2520 125757 22386
466 123 2508 2520 126346 22442
467 123 2508 2520 126961 22501
468 124 2508 2520 127567 22625
469 125 2508 2520 128198 22731
470 125 2508 2520 128828 22857
471 125 2508 2520 129441 22978
472 127 2508 2520 130042 23103
473 127 2508 2520 130719 23236
474 128 2508 2520 131278 23323
475 128 2508 2520 131838 23401
476 128 2508 2520 132490 23456
477 128 2508 2520 133081 23541
478 129 2508 2520 133729 23648
479 130 2508 2520 134276 23704
480 130 2508 2520 134861 23793
481 130 2508 2520 135466 23901
482 130 2508 2520 136053 23987
483 130 2508 2520 136550 24069
484 131 2508 2520 137020 24132
485 131 2508 2520 137534 24189
486 131 2508 2520 138047 24241
487 132 2508 2520 138502 24264
488 133 2508 2520 139046 24318
489 134 2508 2520 139573 24411
490 134 2508 2520 140141 24524
491 134 2508 2520 140697 24621
492 134 2508 2520 141200 24689
493 136 2508 2520 141736 24768
494 136 2508 2520 142288 24833
495 136 2508 2520 142852 24926
496 137 2508 2520 143448 25012
497 138 2508 2520 143950 25085
498 140 2508 2520 144530 25174
499 141 2508 2520 145125 25295
500 141 2508 2520 145756 25410
501 142 2508 2520 146358 25495
502 142 2508 2520 146926 25566
503 143 2508 2520 147553 25682
504 143 2508 2520 148188 25785
505 143 2508 2520 148801 25882
506 143 2508 2520 149443 25965
507 143 2508 2520 150071 26052
508 143 2508 2520 150627 26112
509 145 2508 2520 151237 26210
510 146 2508 2520 151831 26292
511 146 2508 2520 152449 26408
512 146 2508 2520 153093 26486
513 146 2508 2520 153796 26580
514 148 2508 2520 154427 26648
515 148 2508 2520 155038 26732
516 148 2508 2520 155617 26813
517 149 2508 2520 156234 26897
518 149 2508 2520 156856 26986
519 149 2507 2520 157511 27091
520 149 2507 2520 158143 27229
521 150 2507 2520 158679 27267
522 151 2507 2520 159216 27340
523 152 2507 2520 159739 27443
524 153 2506 2520 160380 27532
525 153 2506 2520 160974 27622
526 154 2506 2520 161558 27698
527 154 2506 2520 162161 27796
528 154 2506 2520 162805 27876
529 154 2506 2520 163467 27920
530 154 2506 2520 164039 27969
531 155 2506 2520 164653 28052
532 155 2506 2520 165168 28137
533 155 2506 2520 165809 28256
534 156 2506 2520 166404 28317
535 158 2506 2520 166979 28394
536 158 2506 2520 167540 28448
537 158 2506 2520 168123 28539
538 159 2506 2520 168652 28624
539 159 2506 2520 169244 28677
540 159 2506 2520 169901 28755
541 160 2506 2520 170556 28899
542 161 2506 2520 171088 28956
543 163 2506 2520 171665 29054
544 164 2506 2520 172205 29154
545 164 2506 2520 172821 29239
546 164 2506 2520 173436 29357
547 166 2506 2520 174030 29429
548 166 2506 2520 174695 29568
549 166 2506 2520 175285 29629
550 168 2506 2520 175901 29741
551 170 2506 2520 176552 29824
552 170 2506 2520 177284 29932
553 171 2506 2520 178035 30043
554 172 2506 2520 178820 30172
555 172 2506 2520 179552 30327
556 172 2506 2520 180291 30478
557 172 2506 2520 181033 30556
558 173 2506 2520 181774 30658
559 173 2506 2520 182454 30747
560 173 2506 2520 183155 30829
561 173 2506 2520 183924 30922
562 175 2506 2520 184664 31029
563 178 2506 2520 185413 31119
564 178 2506 2520 186061 31158
565 178 2506 2520 186770 31209
566 178 2506 2520 187481 31325
567 178 2506 2520 188182 31397
568 179 2506 2520 188810 31493
569 179 2505 2520 189505 31589
570 181 2505 2520 190244 31655
571 182 2505 2520 190940 31758
572 183 2505 2520 191695 31873
573 184 2505 2520 192419 31989
574 184 2505 2520 193169 32101
575 184 2505 2520 193853 32187
576 185 2505 2520 194516 32308
577 186 2505 2520 195192 32395
578 186 2505 2520 195852 32532
579 187 2505 2520 196457 32583
580 188 2505 2520 197120 32700
581 190 2505 2520 197787 32822
582 190 2505 2520 198467 32934
583 190 2505 2520 199181 33051
584 190 2505 2520 199837 33127
585 192 2505 2520 200544 33249
586 192 2505 2520 201220 33387
587 193 2505 2520 202015 33510
588 194 2505 2520 202729 33631
589 194 2505 2520 203499 33703
590 194 2505 2520 204245 33813
591 195 2505 2520 205024 33928
592 195 2505 2520 205741 34029
593 195 2505 2520 206508 34164
594 196 2505 2520 207268 34298
595 196 2505 2520 207992 34379
596 197 2505 2520 208757 34467
597 197 2505 2520 209410 34532
598 197 2505 2520 210034 34633
599 199 2505 2520 210657 34755
600 199 2505 2520 211298 34799
601 200 2505 2520 211921 34851
602 200 2505 2520 212629 34922
603 200 2505 2520 213302 35021
604 200 2505 2520 213922 35115
605 200 2505 2520 214504 35208
606 200 2505 2520 215068 35221
607 200 2505 2520 215609 35236
608 200 2505 2520 216142 35330
609 201 2505 2520 216633 35404
610 201 2505 2520 217089 35458
611 203 2505 2520 217657 35551
612 203 2505 2520 218206 35626
613 203 2505 2520 218817 35728
614 206 2505 2520 219390 35781
615 206 2505 2520 219988 35852
616 207 2505 2520 220590 35944
617 209 2505 2520 221234 36059
618 210 2505 2520 221867 36175
619 210 2505 2520 222553 36278
620 212 2505 2520 223187 36387
621 213 2505 2520 223889 36500
622 215 2505 2520 224578 36630
623 216 2505 2520 225286 36697
624 216 2505 2520 226116 36759
625 216 2505 2520 226929 36898
626 217 2505 2520 227698 36973
627 218 2505 2520 228543 37102
628 219 2505 2520 229364 37248
629 220 2505 2520 230084 37367
630 221 2505 2520 230859 37468
631 221 2505 2520 231670 37552
632 221 2505 2520 232491 37663
633 222 2505 2520 233263 37767
634 223 2504 2520 234097 37859
635 224 2504 2520 234856 37937
636 224 2504 2520 235603 38033
637 224 2504 2520 236379 38179
638 225 2504 2520 237146 38276
639 225 2504 2520 237917 38373
640 225 2504 2520 238722 38466
641 225 2504 2520 239474 38576
642 226 2504 2520 240125 38642
643 226 2504 2520 240821 38719
644 226 2503 2520 241529 38788
645 226 2503 2520 242216 38873
646 226 2503 2520 242880 38977
647 227 2503 2520 243575 39086
648 229 2503 2520 244202 39164
649 231 2503 2520 244814 39210
650 232 2503 2520 245506 39303
651 233 2503 2520 246238 39408
652 234 2503 2520 246902 39465
653 235 2503 2520 247616 39603
654 236 2503 2520 248375 39633
655 236 2503 2520 249147 39751
656 236 2503 2520 249941 39829
657 236 2503 2520 250761 39946
658 239 2503 2520 251563 40058
659 239 2503 2520 252258 40189
660 241 2502 2520 253085 40255
661 242 2502 2520 253873 40381
662 243 2502 2520 254662 40474
663 243 2502 2520 255473 40567
664 244 2502 2520 256334 40699
665 244 2502 2520 257194 40781
666 244 2502 2520 258062 40882
667 244 2502 2520 258902 40962
668 246 2502 2520 259783 41103
669 247 2502 2520 260570 41200
670 247 2502 2520 261399 41287
671 247 2502 2520 262224 41375
672 247 2502 2520 263073 41463
673 248 2502 2520 263908 41554
674 248 2502 2520 264699 41683
675 249 2502 2520 265492 41778
676 250 2500 2520 266191 41873
677 250 2500 2520 266925 41968
678 251 2500 2520 267683 42023
679 251 2500 2520 268412 42135
680 251 2500 2520 269156 42231
681 251 2500 2520 269875 42291
682 251 2500 2520 270555 42369
683 251 2500 2520 271229 42477
684 252 2500 2520 271855 42536
685 255 2500 2520 272532 42580
686 256 2500 2520 273194 42699
687 257 2500 2520 273936 42808
688 259 2500 2520 274681 42890
689 260 2500 2520 275391 43024
690 260 2500 2520 276234 43164
691 263 2500 2520 277092 43309
692 264 2500 2520 277917 43454
693 264 2500 2520 278767 43567
694 265 2499 2520 279724 43681
695 265 2499 2520 280592 43786
696 265 2499 2520 281498 43926
697 266 2499 2520 282455 44030
698 266 2499 2520 283322 44087
699 267 2499 2520 284161 44159
700 268 2499 2520 285075 44283
701 268 2499 2520 285954 44374
702 270 2499 2520 286805 44454
703 271 2499 2520 287676 44560
704 272 2499 2520 288514 44625
705 272 2499 2520 289462 44748
706 274 2499 2520 290387 44840
707 274 2499 2520 291273 44912
708 274 2499 2520 292078 45023
709 275 2499 2520 292910 45095
710 277 2499 2520 293816 45227
711 278 2499 2520 294615 45384
712 279 2499 2520 295558 45471
713 279 2499 2520 296520 45581
714 279 2499 2520 297362 45734
715 279 2499 2520 298322 45836
716 283 2499 2520 299127 45923
717 283 2499 2520 300041 46043
718 284 2499 2520 300976 46141
719 284 2499 2520 301875 46215
720 285 2499 2520 302810 46359
721 285 2499 2520 303730 46489
722 285 2499 2520 304598 46565
723 285 2499 2520 305456 46671
724 287 2499 2520 306369 46736
725 287 2499 2520 307311 46879
726 287 2499 2520 308189 46972
727 288 2499 2520 309096 47073
728 289 2499 2520 309968 47193
729 290 2499 2520 310848 47266
730 292 2499 2520 311651 47395
731 292 2499 2520 312475 47499
732 294 2499 2520 313329 47584
733 296 2499 2520 314287 47726
734 296 2499 2520 315183 47820
735 297 2499 2520 316045 47963
736 298 2499 2520 316874 48008
737 298 2499 2520 317754 48081
738 300 2499 2520 318673 48196
739 301 2499 2520 319603 48287
740 302 2499 2520 320508 48439
741 302 2499 2520 321418 48519
742 302 2499 2520 322326 48637
743 302 2499 2520 323284 48735
744 303 2499 2520 324162 48848
745 305 2499 2520 325046 48951
746 308 2499 2520 326011 49060
747 309 2499 2520 327085 49186
748 310 2499 2520 328087 49282
749 312 2499 2520 329129 49397
750 313 2499 2520 330119 49504
751 313 2499 2520 331149 49597
752 313 2499 2520 332150 49696
753 314 2499 2520 333114 49819
754 316 2499 2520 334019 49924
755 317 2499 2520 335046 50028
756 318 2499 2520 336063 50137
757 319 2499 2520 337049 50273
758 319 2499 2520 338089 50404
759 320 2499 2520 338991 50516
760 320 2499 2520 340054 50644
761 321 2499 2520 341112 50767
762 321 2499 2520 342031 50885
763 323 2499 2520 343074 51022
764 323 2499 2520 344074 51146
765 325 2499 2520 345041 51268
766 325 2499 2520 345958 51393
767 325 2498 2520 346981 51504
768 326 2498 2520 347926 51612
769 326 2498 2520 348834 51722
770 327 2498 2520 349791 51856
771 327 2498 2520 350668 51951
772 327 2498 2520 351582 52057
773 327 2498 2520 352476 52209
774 328 2498 2520 353352 52289
775 328 2498 2520 354182 52414
776 328 2498 2520 355068 52535
777 330 2498 2520 355832 52620
778 332 2498 2520 356645 52654
779 332 2498 2520 357511 52727
780 334 2498 2520 358380 52834
781 335 2498 2520 359223 52939
782 337 2498 2520 360168 53095
783 338 2498 2520 361081 53234
784 338 2498 2520 362068 53345
785 339 2498 2520 363032 53481
786 339 2498 2520 364036 53613
787 340 2498 2520 364972 53737
788 342 2497 2520 365856 53839
789 343 2497 2520 366824 53972
790 343 2497 2520 367757 54052
791 345 2497 2520 368742 54212
792 347 2497 2520 369656 54289
793 350 2497 2520 370596 54468
794 351 2497 2520 371600 54597
795 351 2497 2520 372663 54730
796 351 2497 2520 373726 54886
797 351 2497 2520 374726 55081
798 351 2497 2520 375741 55175
799 351 2497 2520 376704 55317
800 351 2497 2520 377587 55403
801 351 2497 2520 378488 55510
802 351 2497 2520 379498 55655
803 351 2497 2520 380375 55744
804 352 2497 2520 381231 55842
805 354 2497 2520 382062 55933
806 355 2497 2520 382967 56031
807 358 2497 2520 383835 56128
808 360 2497 2520 384698 56276
809 360 2497 2520 385697 56445
810 362 2497 2520 386679 56613
811 364 2497 2520 387652 56700
812 365 2497 2520 388645 56825
813 365 2497 2520 389664 56960
814 365 2497 2520 390752 57024
815 365 2497 2520 391760 57171
816 365 2497 2520 392688 57291
817 365 2497 2520 393621 57398
818 365 2497 2520 394663 57498
819 366 2497 2520 395568 57623
820 366 2497 2520 396506 57754
821 367 2497 2520 397444 57814
822 368 2497 2520 398362 57975
823 369 2497 2520 399318 58131
824 369 2497 2520 400154 58233
825 372 2497 2520 401009 58357
826 372 2497 2520 401879 58470
827 374 2497 2520 402798 58551
828 375 2497 2520 403738 58683
829 375 2497 2520 404627 58769
830 375 2497 2520 405557 58823
831 378 2497 2520 406412 58981
832 380 2497 2520 407395 59109
833 380 2497 2520 408434 59237
834 381 2497 2520 409393 59320
835 383 2497 2520 410296 59409
836 385 2497 2520 411248 59535
837 385 2497 2520 412200 59635
838 385 2497 2520 413162 59750
839 385 2497 2520 414150 59870
840 387 2497 2520 415113 59987
841 389 2497 2520 416134 60064
842 391 2497 2520 417045 60153
843 392 2497 2520 418156 60267
844 393 2496 2520 419253 60382
845 393 2496 2520 420258 60511
846 394 2496 2520 421398 60661
847 396 2496 2520 422446 60761
848 396 2496 2520 423563 60874
849 396 2495 2520 424588 60992
850 398 2495 2520 425522 61097
851 398 2495 2520 426461 61189
852 398 2495 2520 427394 61257
853 400 2495 2520 428382 61387
854 400 2495 2520 429374 61457
855 401 2495 2520 430285 61579
856 403 2495 2520 431225 61696
857 404 2495 2520 432192 61760
858 405 2495 2520 433174 61847
859 406 2495 2520 434150 61966
860 408 2495 2520 435037 62118
861 410 2495 2520 436062 62220
862 412 2495 2520 437102 62295
863 413 2495 2520 438085 62404
864 415 2495 2520 439108 62530
865 415 2495 2520 440159 62641
866 416 2495 2520 441316 62772
867 418 2495 2520 442468 62889
868 418 2495 2520 443575 63008
869 418 2495 2520 444695 63189
870 419 2495 2520 445846 63316
871 420 2495 2520 446932 63385
872 422 2495 2520 448004 63529
873 422 2495 2520 449061 63669
874 423 2495 2520 450219 63824
875 423 2495 2520 451239 63895
876 424 2495 2520 452323 64027
877 426 2495 2520 453362 64180
878 426 2495 2520 454341 64305
879 427 2495 2520 455430 64434
880 427 2494 2520 456514 64550
881 427 2494 2520 457552 64616
882 427 2493 2520 458592 64774
883 429 2493 2520 459639 64912
884 431 2493 2520 460643 65045
885 432 2492 2520 461663 65165
886 433 2492 2520 462787 65236
887 433 2492 2520 463857 65389
888 435 2492 2520 465021 65515
889 435 2491 2520 466104 65640
890 437 2491 2520 467206 65681
891 438 2491 2520 468255 65798
892 439 2491 2520 469404 65892
893 442 2491 2520 470510 65966
894 443 2491 2520 471640 66111
895 445 2491 2520 472894 66216
896 445 2491 2520 474174 66344
897 446 2491 2520 475420 66425
898 448 2491 2520 476588 66492
899 448 2491 2520 477748 66580
900 449 2491 2520 478949 66712
901 450 2490 2520 480198 66837
902 451 2490 2520 481360 66928
903 451 2490 2520 482569 67050
904 453 2490 2520 483692 67159
905 453 2490 2520 484804 67298
906 455 2490 2520 485889 67449
907 456 2490 2520 486937 67493
908 457 2490 2520 488043 67627
909 458 2490 2520 489229 67773
910 461 2490 2520 490467 67890
911 463 2490 2520 491734 67996
912 463 2490 2520 493008 68161
913 464 2490 2520 494303 68354
914 464 2489 2520 495580 68483
915 464 2489 2520 496781 68639
916 465 2489 2520 498033 68744
917 467 2489 2520 499200 68874
918 468 2489 2520 500296 68979
919 469 2489 2520 501469 69072
920 471 2489 2520 502633 69240
921 472 2489 2520 503770 69396
922 472 2489 2520 504955 69539
923 472 2489 2520 506126 69729
924 474 2489 2520 507321 69806
925 475 2489 2520 508504 69955
926 476 2489 2520 509651 70079
927 478 2489 2520 510774 70192
928 479 2489 2520 511888 70322
929 480 2489 2520 513050 70427
930 481 2489 2520 514229 70557
931 481 2489 2520 515351 70726
932 481 2489 2520 516530 70889
933 481 2489 2520 517662 71051
934 484 2489 2520 518802 71158
935 489 2489 2520 519948 71255
936 490 2489 2520 521129 71433
937 491 2489 2520 522406 71584
938 491 2489 2520 523524 71658
939 492 2489 2520 524802 71793
940 492 2489 2520 526021 71898
941 495 2489 2520 527271 72031
942 495 2489 2520 528456 72157
943 495 2489 2520 529778 72389
944 496 2489 2520 530973 72528
945 499 2489 2520 532060 72632
946 500 2489 2520 533163 72791
947 501 2489 2520 534362 72944
948 502 2489 2520 535470 73065
949 505 2489 2520 536678 73156
950 506 2489 2520 537850 73305
951 506 2489 2520 539161 73430
952 509 2489 2520 540413 73587
953 509 2489 2520 541614 73693
954 510 2488 2520 542860 73903
955 511 2488 2520 544089 74048
956 511 2488 2520 545366 74162
957 512 2488 2520 546648 74220
958 513 2488 2520 547935 74406
959 513 2488 2520 549327 74525
960 514 2488 2520 550660 74661
961 515 2488 2520 551789 74864
962 515 2488 2520 553086 74992
963 515 2488 2520 554219 75132
964 516 2488 2520 555315 75249
965 517 2488 2520 556326 75307
966 519 2488 2520 557495 75457
967 522 2487 2520 558679 75584
968 523 2487 2520 559945 75763
969 523 2487 2520 561192 75923
970 523 2487 2520 562363 75997
971 525 2487 2520 563561 76174
972 525 2487 2520 564798 76317
973 526 2487 2520 565992 76489
974 526 2487 2520 567163 76646
975 528 2487 2520 568306 76740
976 528 2487 2520 569418 76916
977 531 2487 2520 570615 77068
978 534 2487 2520 571737 77226
979 536 2486 2520 572894 77302
980 539 2486 2520 574173 77505
981 540 2486 2520 575398 77600
982 543 2486 2520 576649 77731
983 547 2486 2520 577876 77814
984 548 2486 2520 579127 77943
985 551 2485 2520 580555 78082
986 551 2485 2520 581898 78207
987 553 2485 2520 583260 78371
988 554 2485 2520 584588 78469
989 555 2485 2520 586009 78588
990 556 2485 2520 587402 78767
991 559 2485 2520 588789 78965
992 561 2485 2520 590278 79152
993 561 2485 2520 591723 79280
994 562 2485 2520 593280 79446
995 563 2485 2520 594766 79652
996 564 2484 2520 596186 79833
997 564 2484 2520 597620 79970
998 564 2484 2520 599067 80060
999 566 2484 2520 600349 80201
1000 566 2484 2520 601643 80292
