0 1 2519 2520 795 499
1 1 2519 2520 817 511
2 1 2519 2520 853 532
3 1 2519 2520 903 564
4 1 2519 2520 948 586
5 1 2519 2520 996 606
6 1 2519 2520 1047 634
7 1 2519 2520 1093 652
8 1 2519 2520 1122 669
9 1 2519 2520 1163 678
10 1 2519 2520 1191 693
11 1 2519 2520 1214 700
12 1 2519 2520 1240 704
13 1 2519 2520 1257 704
14 1 2519 2520 1283 711
15 1 2519 2520 1307 716
16 1 2519 2520 1328 723
17 1 2519 2520 1347 731
18 1 2519 2520 1365 738
19 1 2519 2520 1377 744
20 1 2519 2520 1386 747
21 1 2519 2520 1397 748
22 1 2519 2520 1409 753
23 1 2519 2520 1414 751
24 2 2519 2520 1403 744
25 2 2519 2520 1430 753
26 2 2519 2520 1519 785
27 2 2519 2520 1614 834
28 2 2519 2520 1707 857
29 2 2519 2520 1806 892
30 2 2519 2520 1879 907
31 2 2519 2520 1965 939
32 2 2519 2520 2060 976
33 2 2519 2520 2146 1002
34 2 2519 2520 2202 1010
35 2 2519 2520 2289 1042
36 2 2519 2520 2336 1048
37 2 2519 2520 2400 1067
38 2 2519 2520 2453 1081
39 2 2519 2520 2483 1086
40 2 2519 2520 2532 1096
41 2 2519 2520 2562 1100
42 2 2519 2520 2596 1116
43 3 2519 2520 2608 1113
44 3 2519 2520 2653 1134
45 3 2519 2520 2737 1158
46 4 2519 2520 2815 1185
47 4 2519 2520 2927 1222
48 4 2519 2520 3063 1275
49 4 2519 2520 3217 1349
50 4 2519 2520 3364 1389
51 4 2519 2520 3533 1445
52 4 2519 2520 3664 1498
53 4 2519 2520 3831 1529
54 4 2519 2520 3983 1573
55 4 2519 2520 4145 1617
56 4 2519 2520 4249 1638
57 4 2519 2520 4349 1655
58 4 2519 2520 4454 1671
59 4 2519 2520 4543 1692
60 4 2519 2520 4622 1703
61 4 2519 2520 4712 1729
62 4 2519 2520 4776 1747
63 6 2519 2520 4864 1760
64 6 2519 2520 4992 1778
65 6 2519 2520 5187 1853
66 6 2519 2520 5397 1918
67 7 2519 2520 5617 1977
68 7 2519 2520 5838 2036
69 7 2519 2520 6057 2095
70 7 2519 2520 6295 2148
71 8 2519 2520 6528 2204
72 8 2519 2520 6774 2261
73 8 2519 2520 7045 2313
74 8 2519 2520 7272 2372
75 8 2519 2520 7500 2420
76 8 2519 2520 7702 2457
77 8 2519 2520 7921 2508
78 8 2519 2520 8139 2548
79 8 2519 2520 8355 2609
80 8 2519 2520 8544 2647
81 9 2519 2520 8698 2670
82 9 2519 2520 8862 2704
83 9 2519 2520 9088 2749
84 10 2519 2520 9276 2797
85 10 2519 2520 9498 2865
86 11 2518 2520 9723 2930
87 11 2518 2520 9947 2980
88 11 2518 2520 10231 3051
89 12 2518 2520 10497 3116
90 13 2518 2520 10789 3187
91 13 2518 2520 11078 3239
92 13 2518 2520 11402 3289
93 13 2517 2520 11726 3342
94 14 2517 2520 12074 3399
95 14 2517 2520 12437 3470
96 14 2517 2520 12780 3513
97 14 2517 2520 13125 3556
98 14 2517 2520 13420 3629
99 14 2517 2520 13732 3708
100 15 2517 2520 14033 3752
101 15 2517 2520 14309 3818
102 15 2517 2520 14594 3864
103 15 2517 2520 14851 3907
104 15 2517 2520 15111 3949
105 15 2517 2520 15366 3987
106 15 2517 2520 15604 4018
107 15 2517 2520 15827 4056
108 16 2517 2520 16016 4116
109 17 2517 2520 16282 4165
110 17 2517 2520 16578 4238
111 17 2517 2520 16882 4313
112 17 2517 2520 17183 4375
113 17 2517 2520 17460 4454
114 17 2517 2520 17711 4506
115 18 2517 2520 18001 4559
116 21 2517 2520 18272 4603
117 21 2517 2520 18625 4669
118 21 2517 2520 18993 4751
119 22 2517 2520 19417 4827
120 22 2517 2520 19802 4911
121 22 2517 2520 20244 5014
122 22 2517 2520 20614 5095
123 22 2517 2520 20999 5193
124 23 2517 2520 21375 5248
125 23 2517 2520 21732 5296
126 23 2517 2520 22067 5358
127 23 2517 2520 22387 5411
128 23 2516 2520 22704 5476
129 23 2516 2520 23052 5550
130 25 2516 2520 23427 5582
131 25 2516 2520 23806 5613
132 26 2516 2520 24184 5660
133 27 2516 2520 24634 5728
134 27 2516 2520 25071 5804
135 27 2516 2520 25452 5873
136 29 2516 2520 25902 5975
137 29 2516 2520 26382 6071
138 29 2516 2520 26908 6157
139 29 2516 2520 27393 6268
140 29 2516 2520 27860 6342
141 29 2516 2520 28279 6376
142 29 2516 2520 28745 6440
143 30 2515 2520 29096 6510
144 30 2515 2520 29497 6592
145 30 2515 2520 29901 6681
146 30 2514 2520 30269 6710
147 30 2514 2520 30661 6761
148 31 2514 2520 31006 6836
149 31 2514 2520 31386 6907
150 33 2514 2520 31775 6975
151 34 2514 2520 32236 7050
152 34 2514 2520 32701 7124
153 34 2514 2520 33145 7235
154 34 2514 2520 33577 7304
155 34 2514 2520 34046 7387
156 34 2514 2520 34409 7413
157 34 2514 2520 34781 7480
158 35 2514 2520 35145 7557
159 36 2514 2520 35514 7624
160 37 2514 2520 35966 7713
161 37 2514 2520 36397 7803
162 38 2514 2520 36839 7863
163 38 2514 2520 37285 7901
164 38 2514 2520 37765 8010
165 38 2514 2520 38205 8063
166 38 2514 2520 38649 8157
167 38 2514 2520 39098 8208
168 39 2514 2520 39507 8282
169 39 2514 2520 39935 8318
170 39 2514 2520 40374 8371
171 39 2514 2520 40778 8428
172 39 2514 2520 41148 8489
173 40 2514 2520 41532 8582
174 40 2514 2520 41918 8656
175 40 2514 2520 42253 8711
176 41 2514 2520 42646 8778
177 43 2514 2520 43048 8876
178 43 2514 2520 43529 8973
179 45 2514 2520 43932 9047
180 45 2514 2520 44353 9137
181 47 2514 2520 44829 9243
182 47 2514 2520 45282 9312
183 47 2514 2520 45856 9424
184 47 2514 2520 46428 9522
185 48 2514 2520 46986 9597
186 48 2514 2520 47601 9742
187 48 2514 2520 48189 9874
188 48 2514 2520 48670 9949
189 48 2514 2520 49189 10013
190 48 2514 2520 49654 10085
191 49 2514 2520 50179 10156
192 50 2514 2520 50634 10222
193 50 2514 2520 51060 10297
194 50 2514 2520 51537 10393
195 50 2514 2520 51992 10471
196 51 2514 2520 52439 10565
197 51 2514 2520 52903 10680
198 51 2514 2520 53330 10744
199 52 2513 2520 53793 10830
200 52 2513 2520 54252 10892
201 53 2513 2520 54700 10953
202 54 2513 2520 55138 11024
203 55 2513 2520 55609 11047
204 55 2513 2520 56080 11091
205 56 2513 2520 56591 11216
206 56 2513 2520 57067 11316
207 57 2513 2520 57569 11371
208 57 2513 2520 58086 11494
209 58 2513 2520 58590 11561
210 59 2513 2520 59064 11608
211 59 2513 2520 59589 11697
212 59 2513 2520 60145 11801
213 59 2513 2520 60697 11873
214 59 2513 2520 61183 11958
215 59 2513 2520 61614 12025
216 59 2512 2520 62024 12098
217 59 2512 2520 62421 12134
218 59 2512 2520 62916 12163
219 59 2512 2520 63327 12199
220 61 2512 2520 63720 12276
221 63 2512 2520 64152 12373
222 65 2512 2520 64583 12449
223 65 2512 2520 65048 12472
224 65 2512 2520 65583 12553
225 65 2512 2520 66146 12604
226 66 2512 2520 66665 12681
227 66 2512 2520 67176 12762
228 66 2512 2520 67712 12841
229 68 2511 2520 68278 12922
230 68 2511 2520 68852 12993
231 68 2511 2520 69454 13078
232 68 2511 2520 70039 13136
233 70 2511 2520 70646 13220
234 70 2511 2520 71233 13324
235 70 2511 2520 71868 13434
236 72 2511 2520 72497 13500
237 72 2511 2520 73090 13571
238 72 2511 2520 73671 13683
239 72 2511 2520 74319 13765
240 72 2511 2520 74875 13812
241 72 2511 2520 75421 13920
242 73 2511 2520 76010 13988
243 73 2511 2520 76592 14043
244 73 2511 2520 77148 14101
245 74 2511 2520 77689 14216
246 74 2511 2520 78189 14267
247 74 2511 2520 78701 14348
248 74 2511 2520 79226 14463
249 75 2511 2520 79734 14553
250 75 2511 2520 80170 14624
251 75 2511 2520 80631 14697
252 75 2511 2520 81058 14789
253 75 2511 2520 81537 14860
254 77 2511 2520 82007 14950
255 79 2511 2520 82463 15046
256 80 2511 2520 82944 15157
257 80 2511 2520 83473 15257
258 80 2511 2520 84004 15342
259 81 2511 2520 84581 15423
260 82 2511 2520 85088 15503
261 83 2511 2520 85674 15630
262 87 2510 2520 86276 15714
263 87 2510 2520 86980 15823
264 88 2510 2520 87697 15933
265 88 2510 2520 88415 16028
266 90 2510 2520 89151 16161
267 90 2510 2520 89966 16240
268 90 2510 2520 90733 16337
269 90 2510 2520 91483 16410
270 91 2510 2520 92197 16476
271 94 2510 2520 92892 16526
272 95 2510 2520 93603 16619
273 95 2510 2520 94324 16695
274 95 2510 2520 95082 16765
275 95 2510 2520 95846 16870
276 95 2510 2520 96549 16993
277 95 2510 2520 97270 17073
278 95 2510 2520 97975 17181
279 96 2510 2520 98694 17261
280 98 2510 2520 99351 17383
281 98 2510 2520 100086 17439
282 99 2510 2520 100786 17528
283 99 2510 2520 101512 17650
284 100 2510 2520 102225 17755
285 100 2510 2520 102949 17845
286 100 2510 2520 103626 17903
287 101 2510 2520 104308 18023
288 102 2510 2520 105041 18160
289 102 2510 2520 105731 18247
290 103 2510 2520 106413 18328
291 104 2510 2520 107100 18426
292 105 2510 2520 107806 18513
293 105 2510 2520 108508 18598
294 105 2510 2520 109269 18699
295 105 2510 2520 109905 18798
296 106 2510 2520 110593 18887
297 106 2510 2520 111283 19017
298 106 2510 2520 111956 19132
299 106 2510 2520 112537 19201
300 106 2510 2520 113115 19247
301 106 2510 2520 113669 19321
302 106 2510 2520 114261 19378
303 106 2510 2520 114825 19449
304 106 2510 2520 115326 19533
305 106 2510 2520 115840 19571
306 109 2510 2520 116321 19648
307 114 2510 2520 116883 19711
308 114 2510 2520 117534 19807
309 114 2510 2520 118253 19912
310 114 2510 2520 118993 20064
311 115 2510 2520 119717 20184
312 116 2510 2520 120459 20338
313 116 2510 2520 121242 20459
314 116 2510 2520 122008 20652
315 117 2510 2520 122703 20759
316 117 2510 2520 123385 20842
317 117 2510 2520 124113 20994
318 119 2510 2520 124847 21090
319 121 2510 2520 125594 21168
320 122 2510 2520 126383 21285
321 122 2510 2520 127160 21412
322 123 2510 2520 127919 21526
323 123 2510 2520 128684 21634
324 123 2510 2520 129505 21747
325 123 2510 2520 130264 21868
326 123 2510 2520 130974 21995
327 123 2510 2520 131698 22153
328 123 2510 2520 132411 22266
329 125 2510 2520 133068 22354
330 125 2510 2520 133722 22452
331 125 2510 2520 134450 22543
332 126 2510 2520 135054 22650
333 129 2510 2520 135688 22671
334 130 2510 2520 136366 22761
335 130 2509 2520 137070 22854
336 132 2509 2520 137801 23004
337 136 2509 2520 138532 23068
338 136 2509 2520 139340 23221
339 136 2509 2520 140249 23389
340 136 2509 2520 141211 23542
341 137 2508 2520 142175 23701
342 139 2508 2520 143229 23822
343 139 2508 2520 144185 23958
344 139 2508 2520 145148 24015
345 141 2508 2520 146062 24136
346 142 2508 2520 146958 24168
347 142 2508 2520 147862 24285
348 143 2508 2520 148771 24367
349 143 2508 2520 149651 24513
350 143 2508 2520 150436 24615
351 143 2508 2520 151255 24678
352 143 2508 2520 152079 24782
353 143 2508 2520 152775 24932
354 143 2508 2520 153502 25009
355 143 2508 2520 154234 25125
356 144 2508 2520 154923 25197
357 146 2508 2520 155517 25295
358 149 2508 2520 156143 25378
359 152 2508 2520 156870 25473
360 154 2508 2520 157620 25610
361 155 2508 2520 158566 25750
362 155 2508 2520 159545 25892
363 155 2508 2520 160476 26020
364 156 2508 2520 161419 26157
365 157 2508 2520 162320 26306
366 158 2508 2520 163299 26444
367 158 2508 2520 164269 26560
368 158 2508 2520 165260 26723
369 159 2508 2520 166269 26877
370 159 2507 2520 167240 26937
371 162 2507 2520 168206 27045
372 162 2507 2520 169156 27154
373 163 2507 2520 170181 27335
374 163 2507 2520 171156 27439
375 163 2507 2520 172126 27540
376 165 2507 2520 172991 27640
377 165 2507 2520 173917 27754
378 165 2507 2520 174792 27872
379 167 2507 2520 175741 27976
380 167 2507 2520 176641 28125
381 168 2507 2520 177512 28250
382 169 2507 2520 178442 28403
383 170 2507 2520 179371 28557
384 171 2507 2520 180324 28732
385 171 2507 2520 181241 28932
386 172 2507 2520 182188 29055
387 173 2507 2520 183037 29226
388 175 2507 2520 184054 29385
389 176 2507 2520 185060 29505
390 177 2507 2520 186051 29623
391 177 2507 2520 186997 29761
392 177 2507 2520 187971 29915
393 179 2506 2520 188919 30029
394 181 2506 2520 189953 30154
395 181 2506 2520 190906 30264
396 181 2506 2520 191938 30422
397 182 2506 2520 193046 30594
398 183 2506 2520 194020 30749
399 183 2506 2520 194963 30856
400 184 2506 2520 195862 30941
401 186 2506 2520 196860 31039
402 187 2506 2520 197848 31209
403 187 2506 2520 198750 31325
404 187 2506 2520 199699 31494
405 188 2506 2520 200562 31566
406 188 2506 2520 201386 31647
407 188 2506 2520 202298 31785
408 188 2506 2520 203206 31916
409 189 2506 2520 204079 32035
410 191 2506 2520 204901 32147
411 192 2506 2520 205781 32317
412 194 2506 2520 206658 32428
413 196 2506 2520 207519 32571
414 196 2506 2520 208468 32675
415 198 2506 2520 209485 32847
416 201 2506 2520 210470 32977
417 201 2506 2520 211538 33113
418 203 2505 2520 212579 33272
419 203 2505 2520 213611 33430
420 204 2505 2520 214692 33612
421 205 2505 2520 215832 33739
422 207 2505 2520 216891 33888
423 207 2505 2520 217925 33961
424 208 2505 2520 218984 34082
425 208 2505 2520 220001 34217
426 208 2505 2520 221052 34344
427 209 2505 2520 222005 34446
428 210 2505 2520 222917 34558
429 212 2505 2520 223801 34697
430 213 2505 2520 224814 34810
431 215 2505 2520 225764 34908
432 215 2504 2520 226726 35038
433 215 2504 2520 227789 35130
434 215 2504 2520 228875 35231
435 217 2504 2520 229842 35311
436 217 2504 2520 230817 35479
437 217 2504 2520 231792 35605
438 218 2504 2520 232789 35728
439 220 2504 2520 233776 35860
440 220 2504 2520 234764 35991
441 221 2504 2520 235793 36122
442 223 2504 2520 236747 36261
443 224 2503 2520 237875 36365
444 225 2503 2520 238932 36505
445 229 2503 2520 240013 36686
446 229 2503 2520 241130 36846
447 229 2503 2520 242335 36989
448 229 2503 2520 243491 37125
449 229 2503 2520 244621 37260
450 230 2503 2520 245708 37391
451 233 2503 2520 246818 37527
452 233 2503 2520 247989 37705
453 235 2503 2520 249110 37841
454 235 2503 2520 250190 37987
455 235 2503 2520 251345 38154
456 237 2502 2520 252481 38292
457 239 2502 2520 253475 38371
458 240 2502 2520 254718 38514
459 240 2502 2520 255817 38598
460 242 2502 2520 256991 38675
461 244 2502 2520 258143 38807
462 245 2502 2520 259335 38916
463 246 2502 2520 260488 39068
464 246 2502 2520 261625 39201
465 248 2502 2520 262858 39364
466 250 2501 2520 264096 39548
467 251 2501 2520 265367 39692
468 251 2501 2520 266619 39828
469 251 2501 2520 267806 40009
470 252 2500 2520 268956 40120
471 253 2500 2520 270083 40216
472 253 2500 2520 271281 40320
473 256 2500 2520 272311 40428
474 257 2500 2520 273411 40511
475 259 2500 2520 274546 40647
476 261 2500 2520 275724 40849
477 263 2500 2520 276841 40954
478 263 2500 2520 278162 41129
479 263 2500 2520 279396 41268
480 264 2500 2520 280603 41420
481 265 2500 2520 281855 41574
482 266 2500 2520 283028 41741
483 268 2500 2520 284174 41875
484 269 2500 2520 285325 41973
485 270 2500 2520 286511 42162
486 271 2500 2520 287643 42305
487 273 2500 2520 288850 42418
488 274 2500 2520 290018 42584
489 275 2500 2520 291251 42699
490 275 2500 2520 292485 42866
491 275 2500 2520 293670 43058
492 278 2500 2520 294892 43188
493 279 2500 2520 296150 43353
494 280 2500 2520 297491 43520
495 281 2500 2520 298889 43715
496 283 2500 2520 300201 43942
497 283 2500 2520 301468 44089
498 285 2500 2520 302766 44249
499 287 2500 2520 304036 44397
500 287 2500 2520 305276 44489
501 290 2500 2520 306580 44606
502 291 2500 2520 308002 44773
503 292 2500 2520 309361 44940
504 293 2500 2520 310602 45068
505 293 2500 2520 311862 45200
506 293 2500 2520 313210 45405
507 293 2500 2520 314574 45532
508 294 2500 2520 315833 45700
509 295 2500 2520 317063 45822
510 295 2500 2520 318225 45952
511 298 2500 2520 319502 46071
512 300 2500 2520 320747 46239
513 301 2500 2520 321995 46425
514 302 2500 2520 323446 46667
515 304 2500 2520 324818 46805
516 306 2500 2520 326192 46950
517 306 2500 2520 327581 47193
518 307 2500 2520 328979 47379
519 308 2500 2520 330379 47592
520 309 2500 2520 331768 47778
521 310 2500 2520 333196 47984
522 312 2500 2520 334562 48096
523 316 2500 2520 335951 48171
524 316 2500 2520 337293 48344
525 317 2500 2520 338668 48513
526 320 2500 2520 340056 48615
527 321 2500 2520 341502 48807
528 321 2500 2520 342895 49015
529 321 2500 2520 344390 49138
530 325 2500 2520 345806 49367
531 327 2500 2520 347202 49470
532 329 2500 2520 348717 49616
533 332 2500 2520 350176 49781
534 334 2500 2520 351707 49942
535 337 2500 2520 353290 50186
536 338 2500 2520 354849 50362
537 339 2500 2520 356348 50578
538 342 2500 2520 357909 50715
539 342 2500 2520 359594 50927
540 343 2500 2520 361211 51042
541 344 2500 2520 362839 51238
542 345 2500 2520 364387 51430
543 346 2500 2520 365987 51594
544 347 2500 2520 367612 51733
545 348 2500 2520 369193 51917
546 349 2500 2520 370675 52037
547 351 2500 2520 372295 52201
548 352 2500 2520 373923 52407
549 353 2500 2520 375516 52581
550 354 2500 2520 377018 52721
551 357 2500 2520 378607 52897
552 357 2500 2520 380194 53144
553 357 2500 2520 381654 53279
554 359 2500 2520 383195 53421
555 359 2500 2520 384535 53574
556 359 2500 2520 385895 53663
557 363 2500 2520 387217 53759
558 363 2500 2520 388601 53855
559 366 2500 2520 389987 53991
560 368 2500 2520 391341 54116
561 370 2500 2520 392824 54310
562 372 2500 2520 394247 54556
563 372 2499 2520 395791 54726
564 373 2499 2520 397387 54922
565 374 2499 2520 398989 55099
566 378 2499 2520 400536 55275
567 380 2499 2520 402197 55509
568 381 2499 2520 403912 55786
569 383 2499 2520 405598 55941
570 386 2499 2520 407310 56171
571 386 2499 2520 408990 56416
572 387 2499 2520 410858 56615
573 387 2499 2520 412514 56826
574 389 2499 2520 414204 57037
575 391 2499 2520 415841 57215
576 392 2499 2520 417471 57391
577 395 2499 2520 419057 57552
578 396 2499 2520 420602 57689
579 398 2499 2520 422050 57803
580 398 2499 2520 423625 57957
581 398 2499 2520 425186 58189
582 400 2499 2520 426727 58306
583 403 2499 2520 428210 58442
584 404 2499 2520 429695 58576
585 404 2498 2520 431264 58752
586 407 2498 2520 432671 58867
587 407 2498 2520 434151 59012
588 410 2498 2520 435531 59099
589 412 2498 2520 437008 59207
590 413 2498 2520 438583 59311
591 413 2498 2520 440100 59451
592 415 2497 2520 441728 59715
593 416 2497 2520 443334 59886
594 418 2496 2520 444947 60079
595 418 2496 2520 446608 60250
596 419 2496 2520 448218 60411
597 420 2496 2520 449908 60532
598 420 2496 2520 451446 60720
599 423 2495 2520 453015 60853
600 424 2495 2520 454598 60951
601 426 2495 2520 456156 61092
602 428 2495 2520 457711 61272
603 430 2495 2520 459307 61442
604 431 2495 2520 460982 61631
605 433 2495 2520 462605 61753
606 435 2495 2520 464229 61954
607 436 2495 2520 465930 62154
608 436 2495 2520 467571 62341
609 436 2495 2520 469152 62518
610 438 2495 2520 470758 62667
611 440 2495 2520 472280 62774
612 442 2495 2520 473877 63056
613 443 2495 2520 475420 63161
614 444 2495 2520 477003 63355
615 449 2495 2520 478792 63538
616 452 2495 2520 480536 63766
617 452 2495 2520 482373 64035
618 454 2495 2520 484035 64241
619 455 2495 2520 485624 64332
620 455 2495 2520 487265 64553
621 457 2495 2520 488991 64721
622 457 2495 2520 490480 64830
623 458 2495 2520 492130 64977
624 460 2495 2520 493716 65152
625 462 2495 2520 495389 65307
626 463 2495 2520 496968 65503
627 465 2495 2520 498605 65610
628 465 2495 2520 500164 65745
629 465 2495 2520 501659 65915
630 466 2495 2520 503108 66116
631 467 2495 2520 504591 66231
632 471 2495 2520 506049 66379
633 473 2495 2520 507486 66553
634 475 2495 2520 509023 66628
635 479 2495 2520 510529 66729
636 479 2495 2520 512134 66794
637 482 2495 2520 513814 66939
638 483 2495 2520 515420 67150
639 484 2495 2520 517145 67320
640 486 2495 2520 518744 67508
641 487 2495 2520 520520 67689
642 488 2495 2520 522262 67856
643 491 2495 2520 523928 68063
644 493 2495 2520 525539 68186
645 494 2495 2520 527148 68329
646 494 2495 2520 528807 68444
647 496 2494 2520 530378 68583
648 499 2494 2520 531958 68776
649 502 2494 2520 533692 68914
650 502 2494 2520 535517 69095
651 505 2494 2520 537310 69294
652 506 2494 2520 539123 69503
653 506 2494 2520 540865 69672
654 508 2494 2520 542644 69874
655 510 2494 2520 544413 70150
656 511 2494 2520 546213 70261
657 513 2494 2520 548056 70468
658 517 2494 2520 549926 70676
659 518 2494 2520 551728 70926
660 522 2494 2520 553570 71132
661 524 2493 2520 555400 71302
662 524 2493 2520 557451 71552
663 525 2493 2520 559294 71687
664 527 2493 2520 561210 71877
665 528 2493 2520 563156 72037
666 528 2493 2520 564997 72212
667 528 2493 2520 566828 72354
668 529 2493 2520 568571 72535
669 530 2493 2520 570346 72757
670 530 2493 2520 572032 72914
671 534 2493 2520 573632 73063
672 536 2493 2520 575348 73261
673 540 2493 2520 577031 73398
674 542 2493 2520 578727 73599
675 544 2493 2520 580532 73770
676 547 2493 2520 582379 73952
677 548 2493 2520 584094 74191
678 550 2493 2520 585811 74337
679 552 2493 2520 587633 74520
680 555 2493 2520 589393 74710
681 558 2493 2520 591183 74869
682 559 2493 2520 593090 75078
683 559 2493 2520 594976 75241
684 559 2493 2520 596962 75428
685 561 2493 2520 598879 75588
686 562 2493 2520 600694 75797
687 563 2493 2520 602628 75980
688 565 2493 2520 604525 76101
689 566 2493 2520 606422 76283
690 570 2493 2520 608202 76474
691 571 2493 2520 609989 76642
692 572 2493 2520 611765 76802
693 572 2493 2520 613524 76945
694 572 2493 2520 615375 77171
695 574 2493 2520 617134 77292
696 576 2493 2520 618883 77468
697 578 2493 2520 620618 77632
698 580 2493 2520 622301 77792
699 584 2493 2520 623980 77893
700 584 2493 2520 625910 78070
701 589 2493 2520 627647 78152
702 594 2493 2520 629564 78358
703 597 2493 2520 631533 78511
704 597 2493 2520 633531 78776
705 599 2493 2520 635563 78972
706 600 2493 2520 637584 79113
707 602 2493 2520 639739 79356
708 604 2493 2520 641681 79542
709 605 2493 2520 643777 79732
710 606 2493 2520 645801 79898
711 607 2493 2520 647815 80164
712 608 2493 2520 649815 80337
713 610 2493 2520 651691 80513
714 612 2493 2520 653558 80633
715 612 2493 2520 655482 80812
716 613 2493 2520 657314 80990
717 615 2493 2520 659139 81156
718 618 2493 2520 661013 81253
719 622 2493 2520 662941 81432
720 622 2493 2520 664858 81634
721 623 2493 2520 666600 81812
722 624 2493 2520 668428 81942
723 625 2493 2520 670237 82128
724 628 2493 2520 672094 82310
725 628 2493 2520 673963 82505
726 629 2493 2520 675814 82699
727 634 2493 2520 677690 82782
728 635 2493 2520 679514 82973
729 637 2493 2520 681424 83208
730 642 2493 2520 683345 83437
731 645 2493 2520 685297 83668
732 646 2493 2520 687284 83862
733 647 2492 2520 689413 84090
734 650 2492 2520 691550 84339
735 650 2492 2520 693507 84507
736 653 2492 2520 695599 84661
737 653 2492 2520 697665 84863
738 654 2492 2520 699763 85062
739 656 2492 2520 701987 85232
740 657 2492 2520 704086 85433
741 658 2492 2520 706071 85687
742 659 2492 2520 708108 85905
743 661 2492 2520 710005 86115
744 662 2492 2520 711931 86280
745 663 2492 2520 713811 86439
746 665 2492 2520 715673 86625
747 666 2492 2520 717466 86801
748 666 2492 2520 719299 86977
749 668 2492 2520 720994 87110
750 669 2492 2520 722801 87270
751 670 2492 2520 724551 87422
752 673 2492 2520 726365 87563
753 679 2492 2520 728130 87691
754 681 2492 2520 729866 87893
755 684 2492 2520 731863 88127
756 688 2492 2520 733871 88305
757 690 2492 2520 735860 88513
758 693 2492 2520 737965 88707
759 697 2492 2520 740105 88938
760 699 2492 2520 742384 89146
761 700 2492 2520 744660 89478
762 702 2491 2520 746938 89690
763 702 2491 2520 749254 89876
764 705 2490 2520 751456 90057
765 708 2490 2520 753909 90352
766 711 2490 2520 756110 90559
767 712 2490 2520 758292 90715
768 712 2489 2520 760547 90931
769 713 2489 2520 762868 91165
770 715 2489 2520 765016 91370
771 718 2489 2520 767065 91582
772 719 2488 2520 769199 91755
773 719 2488 2520 771339 91906
774 723 2487 2520 773314 92061
775 725 2487 2520 775333 92231
776 728 2487 2520 777493 92378
777 729 2487 2520 779594 92521
778 730 2487 2520 781750 92689
779 731 2487 2520 783840 92818
780 733 2487 2520 785870 93014
781 735 2487 2520 788022 93247
782 739 2487 2520 790019 93456
783 743 2487 2520 792151 93591
784 744 2487 2520 794351 93800
785 748 2487 2520 796715 93916
786 752 2487 2520 798952 94221
787 752 2487 2520 801338 94474
788 757 2487 2520 803822 94736
789 758 2487 2520 806217 95000
790 761 2487 2520 808700 95284
791 763 2487 2520 811154 95510
792 766 2487 2520 813741 95801
793 767 2487 2520 816040 96083
794 768 2487 2520 818413 96245
795 768 2487 2520 820733 96481
796 768 2487 2520 823091 96633
797 770 2487 2520 825339 96876
798 770 2487 2520 827506 97035
799 773 2487 2520 829660 97234
800 774 2487 2520 831659 97375
801 777 2487 2520 833763 97565
802 777 2487 2520 835713 97695
803 781 2487 2520 837712 97882
804 782 2487 2520 839674 98030
805 784 2487 2520 841674 98300
806 788 2487 2520 843591 98457
807 790 2487 2520 845546 98667
808 795 2487 2520 847602 98851
809 795 2487 2520 849781 99027
810 799 2487 2520 851972 99261
811 802 2487 2520 854201 99412
812 803 2487 2520 856478 99656
813 805 2487 2520 858931 99906
814 808 2487 2520 861294 100110
815 811 2487 2520 863766 100350
816 814 2487 2520 866154 100563
817 816 2487 2520 868508 100772
818 819 2487 2520 871008 101026
819 821 2487 2520 873477 101308
820 822 2487 2520 875871 101530
821 824 2487 2520 878333 101826
822 828 2487 2520 880738 102019
823 828 2487 2520 883283 102209
824 828 2487 2520 885868 102398
825 829 2487 2520 888294 102596
826 831 2487 2520 890576 102817
827 835 2487 2520 892889 103011
828 839 2487 2520 895186 103247
829 840 2487 2520 897523 103429
830 840 2487 2520 899646 103563
831 840 2487 2520 901800 103750
832 842 2487 2520 903953 103951
833 842 2487 2520 906141 104114
834 843 2487 2520 908315 104372
835 845 2487 2520 910378 104577
836 848 2487 2520 912454 104783
837 849 2487 2520 914700 104907
838 854 2487 2520 916822 104949
839 855 2487 2520 918934 105115
840 855 2487 2520 921031 105372
841 858 2487 2520 923141 105497
842 864 2487 2520 925238 105657
843 869 2487 2520 927520 105850
844 872 2487 2520 929865 106104
845 875 2487 2520 932321 106311
846 878 2487 2520 934706 106511
847 878 2487 2520 936952 106667
848 879 2487 2520 939451 106910
849 882 2487 2520 941845 107078
850 887 2487 2520 944291 107282
851 888 2487 2520 946654 107436
852 890 2487 2520 949288 107612
853 892 2487 2520 951829 107839
854 892 2487 2520 954381 108046
855 894 2487 2520 957029 108277
856 897 2487 2520 959525 108433
857 898 2487 2520 961976 108670
858 900 2487 2520 964461 108842
859 901 2487 2520 966821 108997
860 904 2487 2520 969257 109141
861 904 2487 2520 971627 109352
862 906 2487 2520 973916 109495
863 907 2487 2520 976141 109664
864 911 2487 2520 978335 109828
865 913 2487 2520 980657 110036
866 917 2487 2520 982944 110226
867 918 2487 2520 985195 110420
868 921 2487 2520 987677 110560
869 926 2487 2520 990023 110844
870 929 2487 2520 992404 111025
871 932 2487 2520 994724 111129
872 933 2487 2520 997163 111287
873 933 2487 2520 999570 111454
874 935 2487 2520 1002043 111617
875 936 2487 2520 1004471 111806
876 940 2487 2520 1006880 111947
877 944 2486 2520 1009339 112171
878 946 2486 2520 1011836 112308
879 950 2486 2520 1014158 112516
880 954 2486 2520 1016719 112730
881 957 2485 2520 1019209 112916
882 960 2485 2520 1021763 113143
883 960 2485 2520 1024363 113382
884 962 2485 2520 1027064 113613
885 963 2485 2520 1029740 113817
886 965 2485 2520 1032396 114060
887 967 2485 2520 1034838 114194
888 968 2485 2520 1037224 114386
889 971 2485 2520 1039703 114611
890 972 2485 2520 1042132 114775
891 976 2485 2520 1044532 114919
892 980 2485 2520 1046992 115127
893 982 2485 2520 1049507 115308
894 984 2484 2520 1051933 115573
895 989 2484 2520 1054392 115716
896 990 2484 2520 1056924 115940
897 991 2483 2520 1059505 116128
898 995 2483 2520 1062010 116366
899 996 2483 2520 1064560 116627
900 997 2483 2520 1066994 116845
901 998 2483 2520 1069598 116945
902 1002 2483 2520 1071979 117120
903 1005 2483 2520 1074538 117231
904 1006 2483 2520 1077129 117417
905 1010 2483 2520 1079682 117630
906 1012 2483 2520 1082265 117765
907 1013 2483 2520 1084856 117924
908 1016 2483 2520 1087336 118111
909 1019 2483 2520 1089898 118301
910 1021 2483 2520 1092393 118530
911 1022 2483 2520 1095054 118730
912 1024 2483 2520 1097436 118880
913 1024 2483 2520 1099852 119100
914 1027 2483 2520 1102181 119234
915 1028 2483 2520 1104592 119394
916 1032 2483 2520 1106950 119570
917 1034 2483 2520 1109410 119747
918 1035 2483 2520 1111780 119900
919 1037 2483 2520 1114339 120165
920 1037 2483 2520 1116746 120357
921 1041 2483 2520 1119204 120520
922 1044 2483 2520 1121629 120730
923 1046 2483 2520 1124052 120981
924 1046 2483 2520 1126338 121105
925 1049 2482 2520 1128756 121278
926 1053 2481 2520 1131340 121411
927 1055 2481 2520 1133740 121587
928 1056 2481 2520 1136160 121786
929 1058 2481 2520 1138806 121933
930 1066 2481 2520 1141287 122177
931 1069 2481 2520 1143675 122433
932 1069 2481 2520 1146188 122640
933 1073 2481 2520 1148797 122841
934 1073 2481 2520 1151395 123044
935 1077 2481 2520 1153959 123233
936 1077 2481 2520 1156496 123538
937 1083 2481 2520 1159043 123731
938 1085 2481 2520 1161577 123836
939 1087 2481 2520 1164213 124044
940 1090 2481 2520 1166792 124353
941 1090 2481 2520 1169515 124604
942 1092 2481 2520 1172046 124816
943 1096 2481 2520 1174677 124992
944 1099 2481 2520 1177366 125203
945 1103 2481 2520 1179989 125448
946 1103 2481 2520 1182664 125580
947 1108 2481 2520 1185178 125799
948 1111 2481 2520 1187752 126032
949 1112 2481 2520 1190374 126171
950 1116 2481 2520 1193065 126467
951 1117 2481 2520 1195619 126687
952 1118 2481 2520 1198359 126903
953 1120 2480 2520 1201035 127180
954 1120 2480 2520 1203755 127316
955 1121 2480 2520 1206224 127469
956 1127 2480 2520 1208785 127630
957 1130 2480 2520 1211306 127726
958 1131 2480 2520 1213928 127995
959 1133 2480 2520 1216655 128202
960 1133 2480 2520 1219422 128389
961 1135 2480 2520 1222114 128610
962 1135 2480 2520 1224693 128818
963 1141 2480 2520 1227295 128941
964 1143 2480 2520 1229818 129093
965 1145 2480 2520 1232346 129195
966 1145 2480 2520 1234871 129416
967 1148 2480 2520 1237435 129656
968 1152 2480 2520 1239974 129817
969 1153 2480 2520 1242538 130058
970 1155 2480 2520 1245022 130251
971 1158 2480 2520 1247559 130463
972 1161 2480 2520 1250080 130564
973 1161 2480 2520 1252683 130783
974 1163 2480 2520 1255256 131006
975 1168 2480 2520 1257784 131192
976 1170 2480 2520 1260385 131388
977 1171 2480 2520 1263020 131573
978 1173 2480 2520 1265549 131688
979 1174 2480 2520 1268152 131875
980 1176 2480 2520 1270666 132073
981 1178 2480 2520 1273179 132278
982 1182 2480 2520 1275604 132412
983 1184 2480 2520 1278078 132551
984 1185 2480 2520 1280599 132768
985 1188 2480 2520 1283091 133022
986 1194 2480 2520 1285604 133168
987 1196 2480 2520 1288089 133368
988 1199 2480 2520 1290709 133515
989 1200 2480 2520 1293141 133688
990 1202 2480 2520 1295669 133833
991 1205 2480 2520 1298056 134135
992 1208 2480 2520 1300578 134298
993 1212 2480 2520 1302992 134585
994 1215 2480 2520 1305484 134764
995 1217 2480 2520 1308037 134941
996 1220 2480 2520 1310686 135101
997 1222 2480 2520 1313193 135235
998 1226 2480 2520 1315771 135374
999 1227 2480 2520 1318309 135552
1000 1232 2480 2520 1320863 135785
