0 1 2519 2520 795 499
1 1 2519 2520 835 523
2 1 2519 2520 877 552
3 1 2519 2520 924 574
4 1 2519 2520 971 599
5 1 2519 2520 1020 627
6 1 2519 2520 1060 643
7 1 2519 2520 1108 659
8 1 2519 2520 1150 677
9 1 2519 2520 1184 688
10 1 2519 2520 1210 689
11 1 2519 2520 1242 696
12 1 2519 2520 1261 697
13 1 2519 2520 1281 702
14 1 2519 2520 1305 712
15 1 2519 2520 1316 716
16 1 2519 2520 1328 722
17 1 2519 2520 1343 726
18 1 2519 2520 1354 732
19 1 2519 2520 1368 734
20 1 2519 2520 1382 737
21 1 2519 2520 1399 741
22 1 2519 2520 1403 737
23 1 2519 2520 1412 739
24 2 2519 2520 1430 744
25 2 2519 2520 1449 748
26 2 2519 2520 1535 787
27 2 2519 2520 1626 816
28 2 2519 2520 1706 847
29 2 2519 2520 1786 886
30 2 2519 2520 1873 915
31 2 2519 2520 1953 936
32 2 2519 2520 2036 964
33 2 2519 2520 2096 975
34 2 2519 2520 2161 997
35 2 2519 2520 2223 997
36 2 2519 2520 2272 1001
37 2 2519 2520 2325 1018
38 2 2519 2520 2375 1034
39 2 2519 2520 2417 1041
40 2 2519 2520 2461 1047
41 2 2519 2520 2502 1065
42 2 2519 2520 2536 1077
43 2 2519 2520 2568 1091
44 2 2519 2520 2609 1106
45 4 2519 2520 2647 1119
46 4 2519 2520 2715 1141
47 4 2519 2520 2906 1211
48 4 2519 2520 3075 1265
49 4 2519 2520 3254 1327
50 4 2519 2520 3418 1378
51 4 2519 2520 3603 1415
52 4 2519 2520 3795 1468
53 4 2519 2520 3947 1521
54 4 2519 2520 4061 1539
55 4 2519 2520 4203 1558
56 4 2519 2520 4318 1595
57 4 2519 2520 4429 1628
58 4 2519 2520 4543 1654
59 4 2519 2520 4620 1671
60 4 2519 2520 4697 1697
61 4 2519 2520 4761 1718
62 4 2519 2520 4820 1727
63 6 2519 2520 4910 1756
64 6 2519 2520 5035 1809
65 7 2519 2520 5246 1886
66 8 2519 2520 5465 1971
67 8 2519 2520 5789 2065
68 8 2519 2520 6072 2136
69 8 2519 2520 6359 2239
70 8 2519 2520 6659 2318
71 8 2519 2520 6948 2350
72 8 2519 2520 7243 2414
73 8 2518 2520 7528 2470
74 8 2518 2520 7773 2507
75 8 2518 2520 8011 2538
76 8 2518 2520 8231 2577
77 8 2518 2520 8463 2642
78 8 2518 2520 8647 2663
79 8 2518 2520 8839 2681
80 8 2518 2520 9043 2728
81 8 2518 2520 9194 2762
82 10 2517 2520 9326 2796
83 10 2517 2520 9550 2862
84 11 2517 2520 9770 2921
85 11 2517 2520 10044 2949
86 11 2517 2520 10317 3000
87 13 2517 2520 10554 3014
88 14 2517 2520 10855 3096
89 14 2517 2520 11168 3146
90 14 2517 2520 11568 3250
91 14 2517 2520 11930 3330
92 14 2517 2520 12281 3385
93 14 2517 2520 12633 3456
94 15 2517 2520 13014 3520
95 15 2517 2520 13348 3589
96 15 2517 2520 13691 3647
97 15 2517 2520 14049 3719
98 15 2517 2520 14341 3759
99 15 2517 2520 14623 3832
100 15 2517 2520 14890 3876
101 15 2517 2520 15127 3933
102 16 2517 2520 15386 3975
103 16 2517 2520 15609 4017
104 16 2517 2520 15861 4068
105 16 2516 2520 16141 4122
106 16 2516 2520 16384 4176
107 16 2516 2520 16624 4220
108 18 2516 2520 16885 4272
109 20 2516 2520 17151 4277
110 21 2516 2520 17525 4367
111 21 2516 2520 17931 4439
112 21 2515 2520 18385 4538
113 21 2515 2520 18794 4638
114 21 2515 2520 19230 4706
115 22 2515 2520 19635 4759
116 22 2515 2520 20029 4863
117 22 2515 2520 20465 4936
118 22 2515 2520 20840 5002
119 22 2515 2520 21224 5069
120 22 2515 2520 21554 5121
121 23 2515 2520 21891 5187
122 23 2515 2520 22184 5213
123 23 2515 2520 22558 5284
124 23 2515 2520 22871 5346
125 23 2515 2520 23185 5406
126 23 2515 2520 23469 5468
127 23 2515 2520 23727 5522
128 23 2515 2520 23984 5548
129 23 2515 2520 24271 5614
130 24 2515 2520 24515 5648
131 24 2515 2520 24775 5685
132 25 2515 2520 25005 5733
133 25 2515 2520 25274 5798
134 25 2515 2520 25567 5865
135 27 2515 2520 25826 5929
136 27 2515 2520 26130 5992
137 27 2515 2520 26499 6100
138 28 2515 2520 26863 6188
139 28 2515 2520 27245 6266
140 28 2515 2520 27646 6355
141 28 2515 2520 28086 6441
142 29 2514 2520 28499 6511
143 29 2514 2520 28911 6594
144 29 2514 2520 29272 6656
145 29 2514 2520 29670 6713
146 30 2514 2520 29997 6735
147 30 2514 2520 30372 6811
148 30 2514 2520 30728 6836
149 30 2514 2520 31047 6869
150 30 2514 2520 31365 6930
151 30 2514 2520 31688 6976
152 30 2514 2520 32004 7010
153 30 2514 2520 32261 7074
154 30 2514 2520 32549 7133
155 30 2514 2520 32793 7173
156 30 2514 2520 32995 7197
157 31 2514 2520 33214 7265
158 32 2514 2520 33441 7325
159 33 2514 2520 33716 7383
160 36 2514 2520 33993 7438
161 36 2514 2520 34367 7521
162 36 2514 2520 34737 7563
163 37 2514 2520 35138 7643
164 37 2514 2520 35536 7695
165 37 2514 2520 35979 7807
166 38 2514 2520 36395 7877
167 39 2514 2520 36922 7979
168 39 2514 2520 37424 8063
169 39 2514 2520 37970 8192
170 39 2514 2520 38505 8314
171 39 2514 2520 38997 8372
172 39 2514 2520 39460 8444
173 39 2514 2520 39922 8519
174 39 2514 2520 40365 8575
175 39 2514 2520 40762 8637
176 40 2514 2520 41159 8704
177 40 2514 2520 41548 8743
178 40 2514 2520 41910 8834
179 40 2514 2520 42242 8891
180 40 2514 2520 42581 8951
181 40 2514 2520 42866 8991
182 41 2514 2520 43160 9042
183 41 2514 2520 43505 9095
184 41 2514 2520 43807 9130
185 41 2514 2520 44142 9170
186 42 2514 2520 44415 9237
187 44 2514 2520 44700 9309
188 45 2514 2520 45027 9354
189 48 2514 2520 45440 9464
190 48 2514 2520 45918 9596
191 48 2514 2520 46433 9692
192 48 2514 2520 46982 9791
193 48 2514 2520 47506 9878
194 48 2514 2520 47968 9955
195 48 2514 2520 48447 10087
196 48 2514 2520 48903 10172
197 49 2514 2520 49364 10260
198 50 2514 2520 49904 10382
199 50 2514 2520 50325 10420
200 50 2514 2520 50788 10543
201 50 2514 2520 51243 10604
202 51 2514 2520 51679 10662
203 51 2514 2520 52126 10725
204 51 2514 2520 52528 10807
205 51 2514 2520 52953 10836
206 51 2514 2520 53395 10921
207 51 2514 2520 53801 10991
208 51 2514 2520 54272 11070
209 51 2514 2520 54650 11135
210 52 2514 2520 54981 11210
211 52 2514 2520 55342 11261
212 53 2514 2520 55693 11326
213 53 2514 2520 56111 11407
214 54 2514 2520 56520 11491
215 55 2514 2520 56882 11570
216 55 2514 2520 57360 11675
217 55 2514 2520 57821 11772
218 55 2514 2520 58272 11862
219 55 2514 2520 58684 11943
220 55 2514 2520 59093 11998
221 55 2513 2520 59453 12051
222 57 2513 2520 59860 12104
223 58 2513 2520 60331 12174
224 58 2513 2520 60786 12286
225 58 2513 2520 61240 12332
226 58 2513 2520 61709 12407
227 58 2513 2520 62105 12459
228 59 2513 2520 62498 12514
229 59 2513 2520 62888 12603
230 60 2513 2520 63297 12671
231 61 2513 2520 63679 12722
232 62 2513 2520 64133 12800
233 63 2513 2520 64566 12866
234 64 2513 2520 65092 12974
235 65 2513 2520 65627 13082
236 65 2513 2520 66162 13151
237 66 2513 2520 66673 13236
238 67 2513 2520 67247 13319
239 68 2513 2520 67920 13449
240 69 2513 2520 68596 13540
241 69 2513 2520 69164 13635
242 71 2513 2520 69767 13771
243 71 2513 2520 70334 13830
244 71 2513 2520 70936 13934
245 72 2513 2520 71542 14029
246 72 2513 2520 72120 14073
247 72 2513 2520 72735 14182
248 72 2513 2520 73325 14283
249 72 2512 2520 73911 14366
250 72 2512 2520 74455 14417
251 72 2512 2520 75028 14487
252 72 2512 2520 75546 14559
253 72 2512 2520 76044 14594
254 72 2512 2520 76498 14661
255 72 2511 2520 76937 14733
256 72 2511 2520 77394 14765
257 73 2511 2520 77798 14806
258 73 2511 2520 78225 14879
259 73 2511 2520 78682 14989
260 75 2511 2520 79112 15030
261 75 2510 2520 79630 15113
262 76 2510 2520 80128 15197
263 76 2510 2520 80623 15285
264 77 2510 2520 81121 15369
265 78 2510 2520 81619 15435
266 78 2510 2520 82201 15514
267 79 2510 2520 82769 15588
268 80 2510 2520 83292 15661
269 82 2510 2520 83872 15728
270 82 2510 2520 84460 15818
271 82 2510 2520 85101 15899
272 82 2510 2520 85708 16034
273 82 2510 2520 86289 16148
274 82 2510 2520 86895 16245
275 82 2510 2520 87412 16293
276 84 2510 2520 87956 16371
277 84 2510 2520 88455 16449
278 84 2510 2520 89011 16495
279 84 2510 2520 89538 16575
280 84 2510 2520 90077 16664
281 87 2510 2520 90537 16724
282 88 2510 2520 91078 16803
283 89 2510 2520 91645 16893
284 89 2510 2520 92225 16946
285 91 2510 2520 92831 17033
286 93 2510 2520 93469 17178
287 93 2510 2520 94086 17261
288 93 2510 2520 94741 17361
289 94 2510 2520 95343 17409
290 95 2510 2520 95927 17521
291 95 2510 2520 96582 17590
292 95 2510 2520 97250 17712
293 95 2510 2520 97917 17827
294 95 2510 2520 98616 17898
295 95 2510 2520 99265 17972
296 95 2510 2520 99911 18070
297 95 2510 2520 100504 18181
298 95 2510 2520 101065 18268
299 95 2510 2520 101568 18348
300 97 2510 2520 102102 18450
301 98 2510 2520 102596 18534
302 98 2510 2520 103154 18649
303 99 2510 2520 103692 18728
304 100 2510 2520 104203 18830
305 100 2510 2520 104780 18948
306 101 2510 2520 105318 19021
307 102 2509 2520 105843 19062
308 102 2508 2520 106407 19094
309 102 2508 2520 107037 19170
310 102 2508 2520 107669 19228
311 104 2508 2520 108299 19353
312 106 2508 2520 108876 19455
313 106 2508 2520 109584 19573
314 107 2508 2520 110289 19704
315 108 2508 2520 110968 19784
316 108 2508 2520 111632 19844
317 108 2508 2520 112386 19956
318 108 2508 2520 113171 20093
319 109 2508 2520 113824 20174
320 110 2508 2520 114528 20278
321 111 2508 2520 115265 20432
322 111 2508 2520 116006 20540
323 111 2508 2520 116696 20665
324 111 2508 2520 117312 20706
325 111 2508 2520 117948 20799
326 111 2508 2520 118536 20887
327 111 2508 2520 119110 21018
328 111 2508 2520 119682 21059
329 111 2508 2520 120262 21158
330 111 2508 2520 120769 21217
331 111 2507 2520 121256 21260
332 113 2507 2520 121746 21368
333 114 2507 2520 122235 21425
334 118 2507 2520 122723 21457
335 118 2507 2520 123205 21534
336 119 2507 2520 123811 21643
337 119 2507 2520 124405 21695
338 120 2507 2520 125057 21775
339 123 2507 2520 125697 21872
340 123 2507 2520 126372 22007
341 123 2507 2520 127155 22110
342 123 2507 2520 127822 22170
343 124 2506 2520 128508 22288
344 124 2506 2520 129336 22425
345 124 2506 2520 130055 22511
346 124 2506 2520 130810 22606
347 125 2506 2520 131609 22720
348 126 2506 2520 132260 22805
349 127 2506 2520 132963 22918
350 127 2506 2520 133722 23062
351 127 2506 2520 134392 23171
352 127 2506 2520 134968 23265
353 128 2506 2520 135571 23353
354 128 2506 2520 136204 23417
355 130 2505 2520 136807 23509
356 130 2505 2520 137457 23640
357 131 2505 2520 138084 23670
358 132 2505 2520 138694 23766
359 132 2505 2520 139388 23848
360 132 2505 2520 140081 23932
361 133 2505 2520 140763 24006
362 135 2505 2520 141459 24109
363 136 2505 2520 142077 24219
364 137 2505 2520 142839 24286
365 137 2505 2520 143574 24331
366 137 2505 2520 144319 24462
367 138 2505 2520 145117 24516
368 139 2505 2520 145843 24616
369 139 2505 2520 146562 24743
370 140 2505 2520 147282 24854
371 140 2505 2520 147955 24940
372 140 2505 2520 148675 25038
373 140 2505 2520 149409 25111
374 140 2505 2520 150088 25225
375 140 2505 2520 150695 25326
376 142 2505 2520 151363 25464
377 143 2505 2520 151983 25591
378 144 2505 2520 152650 25655
379 145 2505 2520 153364 25713
380 145 2505 2520 154076 25821
381 147 2505 2520 154756 25958
382 147 2504 2520 155418 26045
383 149 2504 2520 156217 26161
384 150 2504 2520 157000 26282
385 150 2504 2520 157750 26392
386 151 2504 2520 158479 26526
387 151 2504 2520 159284 26570
388 151 2504 2520 160136 26728
389 151 2504 2520 160952 26837
390 152 2504 2520 161733 26963
391 153 2504 2520 162551 27054
392 153 2504 2520 163323 27190
393 154 2504 2520 164064 27293
394 155 2504 2520 164813 27330
395 155 2504 2520 165598 27490
396 155 2504 2520 166367 27598
397 156 2504 2520 167114 27716
398 156 2504 2520 167764 27799
399 158 2503 2520 168548 27954
400 159 2503 2520 169261 28047
401 162 2503 2520 169957 28143
402 164 2503 2520 170791 28351
403 164 2503 2520 171616 28473
404 165 2503 2520 172473 28581
405 167 2503 2520 173360 28720
406 167 2503 2520 174285 28778
407 168 2503 2520 175242 28931
408 168 2503 2520 176138 29021
409 169 2503 2520 177062 29118
410 171 2503 2520 177991 29246
411 172 2503 2520 178910 29393
412 173 2503 2520 179844 29577
413 174 2503 2520 180902 29757
414 174 2503 2520 181891 29909
415 174 2503 2520 182831 30030
416 174 2503 2520 183807 30146
417 174 2503 2520 184786 30311
418 174 2503 2520 185732 30425
419 174 2503 2520 186649 30533
420 174 2503 2520 187581 30671
421 174 2503 2520 188428 30791
422 178 2503 2520 189200 30873
423 178 2502 2520 190031 30961
424 179 2502 2520 190880 31078
425 181 2502 2520 191698 31238
426 181 2502 2520 192585 31340
427 183 2502 2520 193505 31440
428 183 2502 2520 194389 31557
429 185 2502 2520 195237 31640
430 185 2502 2520 196133 31781
431 186 2502 2520 197053 31930
432 187 2502 2520 197973 32047
433 187 2502 2520 198878 32198
434 188 2502 2520 199722 32333
435 188 2502 2520 200584 32470
436 190 2502 2520 201493 32622
437 190 2502 2520 202360 32760
438 190 2502 2520 203346 32889
439 191 2502 2520 204280 32998
440 192 2502 2520 205164 33105
441 192 2502 2520 206102 33254
442 194 2502 2520 206915 33339
443 195 2502 2520 207807 33436
444 195 2502 2520 208733 33538
445 197 2502 2520 209665 33689
446 198 2502 2520 210601 33869
447 199 2502 2520 211600 33973
448 199 2502 2520 212554 34056
449 200 2502 2520 213521 34172
450 200 2502 2520 214476 34346
451 200 2502 2520 215468 34430
452 200 2502 2520 216347 34474
453 200 2502 2520 217286 34586
454 203 2502 2520 218176 34679
455 204 2502 2520 219051 34797
456 208 2502 2520 220029 34943
457 209 2502 2520 221055 35058
458 209 2502 2520 222136 35225
459 209 2502 2520 223155 35363
460 209 2502 2520 224158 35551
461 210 2502 2520 225127 35611
462 210 2501 2520 226257 35753
463 211 2501 2520 227246 35849
464 212 2501 2520 228209 35963
465 212 2501 2520 229072 36081
466 214 2501 2520 230092 36187
467 215 2501 2520 231095 36223
468 217 2501 2520 232122 36346
469 219 2501 2520 233101 36435
470 219 2501 2520 234125 36582
471 220 2501 2520 235066 36756
472 221 2501 2520 236057 36879
473 222 2501 2520 237140 36976
474 222 2501 2520 238110 37092
475 222 2501 2520 239116 37200
476 223 2501 2520 240131 37341
477 223 2501 2520 241179 37479
478 228 2501 2520 242194 37623
479 229 2501 2520 243257 37782
480 231 2501 2520 244357 37908
481 232 2501 2520 245495 38010
482 234 2501 2520 246619 38147
483 235 2501 2520 247805 38270
484 237 2501 2520 249032 38442
485 238 2501 2520 250054 38586
486 241 2501 2520 251150 38688
487 241 2501 2520 252330 38822
488 242 2501 2520 253511 39004
489 242 2501 2520 254682 39154
490 243 2501 2520 255965 39305
491 245 2501 2520 257064 39420
492 246 2501 2520 258311 39583
493 246 2501 2520 259506 39657
494 247 2501 2520 260789 39787
495 247 2501 2520 262026 39993
496 249 2501 2520 263207 40113
497 250 2501 2520 264463 40216
498 251 2501 2520 265676 40347
499 252 2501 2520 266894 40438
500 254 2499 2520 268066 40535
501 255 2499 2520 269348 40694
502 257 2499 2520 270625 40881
503 260 2499 2520 271917 41011
504 262 2499 2520 273241 41150
505 262 2499 2520 274723 41342
506 263 2499 2520 276043 41505
507 265 2499 2520 277337 41617
508 265 2499 2520 278758 41739
509 267 2499 2520 280082 41907
510 267 2499 2520 281436 42071
511 269 2499 2520 282810 42227
512 269 2499 2520 284190 42412
513 271 2499 2520 285540 42547
514 271 2499 2520 286767 42679
515 271 2499 2520 288078 42868
516 274 2499 2520 289294 42987
517 275 2499 2520 290560 43103
518 276 2499 2520 291831 43245
519 277 2499 2520 293224 43415
520 278 2499 2520 294554 43549
521 279 2499 2520 295815 43741
522 280 2499 2520 296985 43892
523 280 2499 2520 298203 44045
524 281 2498 2520 299388 44146
525 284 2498 2520 300564 44281
526 284 2498 2520 301779 44468
527 284 2498 2520 302997 44617
528 285 2498 2520 304200 44790
529 286 2498 2520 305499 44933
530 289 2498 2520 306634 45074
531 292 2498 2520 307857 45210
532 292 2497 2520 308979 45348
533 295 2497 2520 310275 45510
534 297 2497 2520 311619 45613
535 300 2497 2520 312929 45786
536 300 2497 2520 314261 45962
537 302 2497 2520 315712 46132
538 303 2497 2520 317126 46328
539 303 2497 2520 318599 46510
540 304 2497 2520 320053 46720
541 304 2497 2520 321459 46880
542 304 2497 2520 322947 47027
543 307 2497 2520 324338 47216
544 308 2497 2520 325677 47310
545 308 2497 2520 327085 47460
546 308 2497 2520 328483 47705
547 309 2497 2520 329795 47819
548 309 2497 2520 331103 48024
549 309 2497 2520 332398 48162
550 311 2497 2520 333589 48300
551 312 2497 2520 334838 48356
552 316 2497 2520 336086 48510
553 317 2497 2520 337335 48668
554 320 2497 2520 338638 48797
555 321 2497 2520 340071 48979
556 323 2497 2520 341377 49092
557 323 2496 2520 342712 49252
558 323 2495 2520 344071 49453
559 324 2495 2520 345412 49591
560 326 2495 2520 346768 49780
561 328 2495 2520 348141 49971
562 331 2495 2520 349552 50069
563 332 2495 2520 351020 50277
564 333 2495 2520 352507 50426
565 335 2494 2520 354001 50636
566 337 2494 2520 355552 50788
567 340 2493 2520 357027 50973
568 340 2493 2520 358713 51104
569 340 2493 2520 360258 51251
570 340 2493 2520 361774 51429
571 342 2493 2520 363173 51622
572 342 2493 2520 364640 51812
573 344 2493 2520 366115 51976
574 346 2493 2520 367550 52143
575 346 2493 2520 369070 52333
576 346 2493 2520 370539 52557
577 349 2493 2520 371983 52756
578 351 2493 2520 373533 52941
579 352 2493 2520 375029 53159
580 354 2493 2520 376575 53424
581 354 2492 2520 377999 53572
582 357 2492 2520 379458 53710
583 360 2492 2520 380960 53921
584 361 2492 2520 382482 54127
585 361 2492 2520 384012 54278
586 361 2492 2520 385398 54415
587 362 2492 2520 386959 54612
588 363 2492 2520 388380 54713
589 364 2492 2520 389868 54874
590 367 2492 2520 391202 54969
591 368 2492 2520 392610 55134
592 372 2492 2520 394087 55254
593 373 2492 2520 395449 55399
594 375 2492 2520 396967 55621
595 375 2492 2520 398459 55784
596 379 2492 2520 399975 55956
597 379 2492 2520 401528 56105
598 380 2492 2520 403076 56281
599 382 2492 2520 404577 56476
600 383 2492 2520 406193 56627
601 383 2492 2520 407768 56765
602 386 2492 2520 409339 56992
603 390 2492 2520 410941 57209
604 390 2492 2520 412557 57441
605 391 2492 2520 414156 57647
606 393 2492 2520 415829 57857
607 394 2492 2520 417480 57915
608 397 2492 2520 419089 58120
609 397 2492 2520 420634 58255
610 398 2492 2520 422232 58380
611 399 2492 2520 423876 58505
612 400 2492 2520 425573 58710
613 402 2492 2520 427135 58828
614 404 2492 2520 428805 59042
615 405 2492 2520 430287 59199
616 405 2492 2520 431871 59329
617 410 2492 2520 433310 59470
618 413 2492 2520 434843 59553
619 416 2492 2520 436380 59739
620 417 2492 2520 438054 59935
621 419 2492 2520 439726 60117
622 421 2492 2520 441534 60325
623 423 2492 2520 443389 60576
624 423 2492 2520 445282 60744
625 423 2492 2520 447049 60874
626 423 2492 2520 448780 61028
627 424 2492 2520 450438 61222
628 426 2491 2520 452160 61357
629 427 2491 2520 453852 61517
630 427 2491 2520 455490 61675
631 429 2491 2520 457053 61802
632 432 2491 2520 458648 61937
633 435 2491 2520 460302 62072
634 435 2491 2520 461942 62302
635 435 2491 2520 463587 62487
636 436 2490 2520 465165 62616
637 439 2490 2520 466788 62742
638 440 2490 2520 468367 62933
639 440 2490 2520 469991 63115
640 441 2490 2520 471536 63320
641 442 2490 2520 473068 63468
642 442 2490 2520 474630 63639
643 444 2490 2520 476289 63848
644 448 2489 2520 477870 64050
645 448 2489 2520 479367 64172
646 451 2489 2520 480845 64311
647 455 2489 2520 482426 64394
648 459 2489 2520 484024 64636
649 462 2489 2520 485617 64808
650 462 2489 2520 487352 64942
651 463 2489 2520 488992 65142
652 465 2489 2520 490796 65298
653 467 2489 2520 492585 65462
654 470 2489 2520 494428 65663
655 473 2489 2520 496364 65841
656 475 2489 2520 498346 66073
657 476 2489 2520 500237 66299
658 476 2489 2520 502074 66515
659 478 2489 2520 503884 66661
660 480 2489 2520 505718 66844
661 480 2489 2520 507573 67023
662 482 2489 2520 509449 67239
663 482 2489 2520 511331 67449
664 482 2489 2520 513212 67666
665 483 2489 2520 514926 67816
666 484 2488 2520 516754 68043
667 486 2488 2520 518420 68235
668 486 2488 2520 520030 68392
669 487 2488 2520 521569 68641
670 487 2488 2520 523158 68848
671 488 2488 2520 524743 68955
672 491 2488 2520 526299 69095
673 492 2488 2520 527888 69184
674 493 2488 2520 529519 69356
675 494 2488 2520 531087 69483
676 494 2488 2520 532570 69646
677 496 2487 2520 534047 69756
678 498 2487 2520 535667 69955
679 499 2487 2520 537151 70149
680 502 2487 2520 538687 70263
681 503 2487 2520 540191 70330
682 505 2487 2520 541721 70473
683 508 2487 2520 543355 70653
684 512 2487 2520 544991 70797
685 515 2487 2520 546717 70962
686 516 2487 2520 548595 71194
687 516 2487 2520 550475 71388
688 516 2487 2520 552177 71648
689 516 2487 2520 553948 71855
690 516 2487 2520 555753 72011
691 516 2487 2520 557452 72182
692 517 2487 2520 559084 72364
693 518 2487 2520 560654 72545
694 519 2486 2520 562233 72746
695 523 2486 2520 563706 72860
696 529 2486 2520 565279 73079
697 529 2486 2520 566921 73206
698 530 2486 2520 568666 73357
699 531 2486 2520 570365 73543
700 532 2486 2520 572059 73689
701 534 2486 2520 573639 73856
702 535 2486 2520 575270 74004
703 535 2486 2520 576968 74208
704 535 2486 2520 578577 74329
705 536 2486 2520 580227 74426
706 536 2486 2520 581870 74590
707 540 2486 2520 583360 74729
708 543 2486 2520 584779 74909
709 546 2486 2520 586415 75070
710 548 2486 2520 588044 75267
711 548 2486 2520 589829 75475
712 551 2486 2520 591528 75705
713 553 2486 2520 593157 75848
714 555 2486 2520 594947 76052
715 555 2486 2520 596728 76253
716 558 2486 2520 598373 76375
717 558 2485 2520 600126 76583
718 559 2485 2520 601805 76712
719 561 2485 2520 603563 76838
720 564 2485 2520 605375 77044
721 565 2485 2520 607108 77248
722 566 2485 2520 608850 77487
723 567 2485 2520 610771 77695
724 567 2485 2520 612564 77892
725 567 2485 2520 614311 77989
726 569 2485 2520 616046 78185
727 571 2485 2520 617768 78372
728 575 2485 2520 619470 78558
729 576 2485 2520 621141 78761
730 576 2485 2520 622835 78903
731 578 2485 2520 624703 79109
732 582 2485 2520 626339 79258
733 582 2484 2520 628064 79423
734 585 2484 2520 629834 79610
735 588 2484 2520 631639 79763
736 589 2484 2520 633466 79966
737 590 2484 2520 635374 80105
738 591 2484 2520 637203 80301
739 593 2484 2520 639020 80472
740 593 2484 2520 640879 80704
741 597 2484 2520 642633 80804
742 598 2484 2520 644391 80977
743 600 2484 2520 646264 81191
744 601 2484 2520 648197 81403
745 603 2484 2520 650044 81573
746 608 2484 2520 651861 81785
747 609 2484 2520 653754 81898
748 610 2484 2520 655663 82082
749 611 2484 2520 657446 82321
750 611 2484 2520 659311 82444
751 612 2484 2520 661140 82610
752 616 2484 2520 662908 82808
753 620 2484 2520 664766 82974
754 623 2484 2520 666616 83187
755 624 2484 2520 668606 83354
756 624 2484 2520 670542 83542
757 626 2484 2520 672405 83718
758 630 2484 2520 674355 83964
759 632 2483 2520 676437 84164
760 636 2483 2520 678394 84472
761 641 2483 2520 680330 84656
762 643 2483 2520 682339 84790
763 649 2483 2520 684465 85040
764 650 2483 2520 686637 85317
765 653 2483 2520 688810 85532
766 653 2483 2520 691093 85771
767 656 2483 2520 693321 85982
768 659 2483 2520 695667 86282
769 664 2483 2520 698011 86507
770 664 2483 2520 700353 86788
771 665 2482 2520 702757 86952
772 667 2482 2520 705098 87199
773 668 2482 2520 707347 87421
774 669 2482 2520 709575 87544
775 671 2482 2520 711756 87783
776 671 2482 2520 713945 87885
777 672 2482 2520 716048 88127
778 673 2482 2520 718168 88231
779 675 2482 2520 720245 88480
780 676 2482 2520 722318 88648
781 676 2481 2520 724351 88759
782 677 2481 2520 726418 88966
783 678 2481 2520 728349 89176
784 681 2481 2520 730297 89340
785 683 2481 2520 732340 89521
786 684 2481 2520 734346 89728
787 688 2481 2520 736324 89877
788 690 2480 2520 738365 90117
789 690 2480 2520 740562 90396
790 693 2480 2520 742674 90570
791 693 2480 2520 744720 90867
792 696 2480 2520 746901 91056
793 699 2480 2520 748853 91201
794 701 2480 2520 750815 91355
795 703 2480 2520 752827 91623
796 703 2480 2520 754856 91763
797 704 2480 2520 756798 91901
798 706 2480 2520 758792 92033
799 708 2480 2520 760741 92228
800 711 2479 2520 762683 92465
801 713 2479 2520 764702 92664
802 714 2479 2520 766722 92872
803 716 2478 2520 768777 93054
804 718 2477 2520 770862 93308
805 720 2477 2520 772948 93544
806 722 2477 2520 775124 93634
807 724 2476 2520 777202 93830
808 725 2476 2520 779146 93985
809 726 2476 2520 781228 94124
810 727 2476 2520 783131 94316
811 727 2476 2520 785189 94514
812 728 2476 2520 787196 94694
813 730 2476 2520 789144 94849
814 731 2476 2520 791038 95020
815 738 2476 2520 792938 95168
816 742 2476 2520 794846 95290
817 742 2476 2520 796838 95436
818 745 2476 2520 798930 95664
819 747 2476 2520 801009 95831
820 749 2476 2520 803149 96053
821 753 2476 2520 805254 96308
822 755 2476 2520 807403 96532
823 755 2476 2520 809506 96724
824 755 2476 2520 811695 96990
825 756 2476 2520 813862 97210
826 759 2476 2520 815946 97440
827 762 2476 2520 817945 97588
828 765 2476 2520 820218 97808
829 769 2476 2520 822338 97949
830 771 2476 2520 824519 98180
831 772 2476 2520 826704 98412
832 775 2476 2520 828947 98596
833 775 2475 2520 831258 98840
834 776 2475 2520 833335 98991
835 778 2475 2520 835508 99152
836 782 2475 2520 837682 99335
837 786 2475 2520 839878 99565
838 788 2475 2520 842052 99744
839 788 2475 2520 844234 99915
840 791 2475 2520 846290 100061
841 791 2475 2520 848366 100320
842 794 2475 2520 850471 100428
843 798 2475 2520 852504 100546
844 801 2475 2520 854577 100740
845 802 2475 2520 856720 100912
846 803 2475 2520 859091 101158
847 803 2474 2520 861204 101425
848 804 2474 2520 863345 101594
849 804 2474 2520 865440 101724
850 807 2474 2520 867535 101875
851 809 2474 2520 869514 101951
852 810 2474 2520 871668 102105
853 813 2473 2520 873815 102316
854 814 2473 2520 875925 102487
855 816 2472 2520 878025 102660
856 817 2472 2520 880058 102828
857 819 2472 2520 882110 102998
858 821 2472 2520 884058 103171
859 826 2472 2520 886214 103298
860 826 2472 2520 888378 103543
861 828 2472 2520 890433 103749
862 830 2472 2520 892574 103929
863 833 2472 2520 894662 104118
864 835 2472 2520 896807 104336
865 838 2472 2520 898960 104580
866 839 2472 2520 901085 104748
867 843 2472 2520 903306 104930
868 844 2471 2520 905429 105064
869 847 2471 2520 907635 105219
870 849 2471 2520 909745 105352
871 850 2471 2520 911819 105572
872 850 2471 2520 913951 105752
873 854 2471 2520 916083 105987
874 855 2471 2520 918025 106099
875 858 2471 2520 920157 106218
876 861 2471 2520 922384 106416
877 862 2471 2520 924569 106604
878 866 2471 2520 926760 106803
879 869 2471 2520 928895 106966
880 872 2471 2520 931162 107175
881 875 2471 2520 933425 107416
882 877 2471 2520 935636 107598
883 877 2471 2520 938002 107850
884 882 2471 2520 940354 108094
885 885 2471 2520 942502 108375
886 887 2471 2520 944895 108532
887 887 2471 2520 947200 108741
888 889 2471 2520 949511 108963
889 889 2471 2520 951889 109205
890 892 2471 2520 954276 109406
891 895 2471 2520 956428 109560
892 900 2471 2520 958666 109787
893 900 2471 2520 960992 109992
894 901 2471 2520 963375 110265
895 902 2471 2520 965676 110473
896 904 2470 2520 967840 110706
897 906 2470 2520 970154 110968
898 909 2470 2520 972293 111094
899 912 2470 2520 974491 111333
900 914 2470 2520 976807 111525
901 914 2470 2520 979124 111740
902 917 2470 2520 981443 111933
903 921 2470 2520 983804 112231
904 922 2470 2520 986088 112400
905 923 2470 2520 988231 112616
906 923 2470 2520 990690 112778
907 927 2470 2520 992904 112944
908 930 2470 2520 995147 113140
909 935 2469 2520 997604 113410
910 937 2469 2520 1000038 113600
911 941 2469 2520 1002492 113808
912 943 2469 2520 1004960 114033
913 944 2469 2520 1007545 114250
914 948 2469 2520 1010072 114456
915 949 2467 2520 1012534 114710
916 949 2466 2520 1015016 114854
917 949 2466 2520 1017488 115078
918 950 2466 2520 1019977 115269
919 952 2466 2520 1022385 115449
920 955 2466 2520 1024789 115556
921 956 2466 2520 1027170 115772
922 959 2466 2520 1029449 115954
923 964 2466 2520 1031708 116155
924 966 2466 2520 1034098 116349
925 969 2466 2520 1036436 116572
926 970 2466 2520 1038835 116830
927 971 2465 2520 1041139 116928
928 974 2465 2520 1043454 117048
929 975 2465 2520 1045829 117284
930 975 2465 2520 1048084 117426
931 975 2464 2520 1050440 117538
932 977 2464 2520 1052655 117667
933 980 2464 2520 1054811 117849
934 982 2464 2520 1057056 117972
935 984 2464 2520 1059122 118091
936 985 2464 2520 1061397 118281
937 985 2463 2520 1063514 118499
938 989 2463 2520 1065674 118675
939 995 2463 2520 1067965 118753
940 996 2463 2520 1070106 118945
941 998 2463 2520 1072398 119203
942 1006 2463 2520 1074702 119309
943 1008 2462 2520 1077001 119470
944 1010 2462 2520 1079485 119708
945 1012 2462 2520 1082039 119928
946 1014 2461 2520 1084544 120081
947 1017 2461 2520 1086969 120235
948 1018 2461 2520 1089481 120472
949 1021 2461 2520 1092076 120653
950 1023 2460 2520 1094666 120891
951 1027 2460 2520 1097367 121048
952 1029 2460 2520 1100120 121222
953 1033 2460 2520 1102865 121407
954 1034 2460 2520 1105623 121719
955 1035 2460 2520 1108185 121941
956 1036 2460 2520 1110755 122068
957 1038 2459 2520 1113316 122344
958 1039 2459 2520 1115807 122582
959 1042 2458 2520 1118238 122789
960 1045 2458 2520 1120670 122943
961 1048 2458 2520 1123210 123120
962 1049 2458 2520 1125794 123284
963 1050 2458 2520 1128287 123509
964 1053 2457 2520 1130837 123706
965 1054 2457 2520 1133487 123861
966 1055 2457 2520 1135900 124070
967 1057 2456 2520 1138240 124265
968 1060 2456 2520 1140604 124402
969 1060 2456 2520 1143033 124692
970 1063 2456 2520 1145377 124815
971 1066 2456 2520 1147784 125019
972 1066 2456 2520 1150095 125142
973 1069 2455 2520 1152428 125355
974 1072 2455 2520 1154709 125467
975 1074 2455 2520 1157010 125670
976 1077 2455 2520 1159310 125887
977 1082 2455 2520 1161645 126096
978 1085 2455 2520 1164100 126277
979 1085 2455 2520 1166503 126452
980 1089 2454 2520 1168993 126652
981 1093 2454 2520 1171335 126776
982 1095 2454 2520 1173845 127003
983 1097 2454 2520 1176424 127224
984 1098 2454 2520 1179014 127398
985 1100 2454 2520 1181349 127621
986 1100 2454 2520 1183833 127846
987 1102 2454 2520 1186191 127967
988 1103 2454 2520 1188692 128131
989 1104 2454 2520 1191143 128334
990 1107 2454 2520 1193526 128489
991 1112 2454 2520 1195801 128588
992 1116 2454 2520 1198270 128722
993 1118 2454 2520 1200642 128814
994 1123 2453 2520 1203086 129070
995 1123 2453 2520 1205581 129251
996 1125 2452 2520 1208061 129441
997 1128 2452 2520 1210514 129567
998 1131 2452 2520 1212996 129706
999 1133 2452 2520 1215360 129924
1000 1135 2451 2520 1217771 130045
