0 1 2519 2520 795 499
1 1 2519 2520 812 511
2 1 2519 2520 846 531
3 1 2519 2520 900 560
4 1 2519 2520 943 582
5 1 2519 2520 992 598
6 1 2519 2520 1050 622
7 1 2519 2520 1114 645
8 1 2519 2520 1167 666
9 1 2519 2520 1207 683
10 1 2519 2520 1237 698
11 1 2519 2520 1258 697
12 1 2519 2520 1292 705
13 1 2519 2520 1329 717
14 1 2519 2520 1351 720
15 1 2519 2520 1373 731
16 1 2519 2520 1378 725
17 1 2519 2520 1387 728
18 1 2519 2520 1390 727
19 1 2519 2520 1393 728
20 2 2519 2520 1401 731
21 2 2519 2520 1424 737
22 2 2519 2520 1500 775
23 2 2519 2520 1579 812
24 2 2519 2520 1662 843
25 2 2519 2520 1750 882
26 2 2519 2520 1838 898
27 2 2519 2520 1927 933
28 2 2519 2520 2017 969
29 2 2519 2520 2115 992
30 2 2519 2520 2189 1012
31 2 2519 2520 2249 1028
32 2 2519 2520 2295 1042
33 2 2519 2520 2349 1059
34 2 2519 2520 2409 1079
35 2 2519 2520 2449 1092
36 2 2519 2520 2496 1097
37 3 2519 2520 2540 1120
38 3 2519 2520 2607 1134
39 3 2519 2520 2710 1168
40 4 2519 2520 2801 1194
41 4 2519 2520 2927 1235
42 4 2519 2520 3081 1285
43 4 2519 2520 3256 1346
44 4 2519 2520 3447 1415
45 4 2519 2520 3584 1445
46 4 2519 2520 3767 1497
47 4 2519 2520 3911 1527
48 4 2519 2520 4059 1557
49 4 2519 2520 4199 1581
50 4 2519 2520 4321 1606
51 4 2519 2520 4437 1629
52 4 2519 2520 4566 1664
53 4 2519 2520 4673 1683
54 4 2519 2520 4757 1701
55 4 2519 2520 4827 1717
56 5 2519 2520 4894 1741
57 5 2519 2520 4985 1779
58 5 2519 2520 5127 1835
59 6 2519 2520 5274 1880
60 7 2519 2520 5426 1918
61 7 2519 2520 5596 1952
62 7 2519 2520 5842 2035
63 8 2519 2520 6091 2098
64 8 2519 2520 6329 2171
65 8 2519 2520 6606 2242
66 8 2519 2520 6866 2277
67 8 2519 2520 7102 2325
68 8 2519 2520 7350 2373
69 8 2519 2520 7608 2422
70 8 2519 2520 7868 2489
71 8 2519 2520 8076 2540
72 8 2519 2520 8293 2572
73 8 2519 2520 8514 2615
74 8 2519 2520 8688 2653
75 8 2519 2520 8859 2684
76 8 2518 2520 9022 2721
77 8 2518 2520 9194 2745
78 9 2518 2520 9367 2762
79 9 2517 2520 9507 2783
80 9 2517 2520 9710 2828
81 10 2517 2520 9884 2860
82 11 2517 2520 10077 2893
83 13 2517 2520 10302 2944
84 15 2517 2520 10610 3003
85 15 2517 2520 11004 3090
86 15 2517 2520 11454 3192
87 15 2517 2520 11914 3273
88 15 2517 2520 12358 3369
89 15 2517 2520 12731 3422
90 15 2517 2520 13132 3505
91 15 2517 2520 13461 3549
92 15 2517 2520 13811 3619
93 15 2517 2520 14150 3664
94 15 2517 2520 14463 3725
95 15 2517 2520 14762 3788
96 15 2517 2520 15071 3838
97 15 2517 2520 15382 3898
98 15 2517 2520 15646 3962
99 15 2517 2520 15904 4010
100 15 2517 2520 16147 4057
101 15 2517 2520 16384 4115
102 15 2517 2520 16565 4142
103 16 2517 2520 16730 4182
104 16 2517 2520 16912 4240
105 17 2516 2520 17134 4292
106 17 2516 2520 17371 4353
107 19 2516 2520 17594 4379
108 19 2516 2520 17896 4470
109 19 2516 2520 18273 4550
110 20 2516 2520 18601 4643
111 21 2516 2520 18960 4713
112 21 2516 2520 19304 4771
113 22 2516 2520 19622 4859
114 22 2516 2520 20018 4918
115 22 2515 2520 20453 4976
116 22 2515 2520 20888 5025
117 22 2515 2520 21288 5065
118 22 2515 2520 21673 5129
119 22 2515 2520 21980 5161
120 23 2515 2520 22330 5226
121 24 2515 2520 22678 5299
122 24 2515 2520 23019 5352
123 24 2515 2520 23393 5418
124 24 2515 2520 23742 5495
125 25 2515 2520 24018 5524
126 26 2515 2520 24310 5563
127 26 2515 2520 24694 5656
128 26 2515 2520 25102 5738
129 26 2515 2520 25429 5785
130 27 2515 2520 25777 5873
131 27 2515 2520 26122 5928
132 27 2515 2520 26517 6026
133 27 2514 2520 26884 6083
134 27 2514 2520 27276 6145
135 27 2514 2520 27614 6198
136 28 2514 2520 27926 6228
137 28 2514 2520 28237 6271
138 28 2514 2520 28602 6313
139 29 2514 2520 28925 6346
140 29 2514 2520 29298 6399
141 29 2514 2520 29634 6455
142 29 2514 2520 29989 6539
143 29 2514 2520 30309 6611
144 30 2514 2520 30635 6688
145 30 2514 2520 30912 6765
146 31 2514 2520 31277 6831
147 31 2514 2520 31573 6872
148 32 2514 2520 31965 6921
149 32 2514 2520 32336 7007
150 33 2514 2520 32728 7090
151 33 2514 2520 33125 7168
152 33 2514 2520 33519 7230
153 35 2514 2520 33933 7341
154 35 2514 2520 34355 7404
155 35 2514 2520 34846 7479
156 37 2514 2520 35266 7586
157 38 2514 2520 35749 7667
158 38 2514 2520 36291 7784
159 38 2514 2520 36815 7869
160 38 2514 2520 37292 7962
161 38 2514 2520 37791 8043
162 38 2514 2520 38273 8090
163 39 2514 2520 38737 8150
164 39 2514 2520 39217 8237
165 39 2514 2520 39661 8294
166 39 2514 2520 40100 8357
167 40 2514 2520 40531 8437
168 40 2514 2520 40962 8513
169 40 2514 2520 41369 8587
170 41 2514 2520 41754 8664
171 42 2514 2520 42154 8757
172 42 2514 2520 42571 8829
173 43 2514 2520 43068 8945
174 43 2513 2520 43517 9039
175 43 2513 2520 43973 9117
176 44 2513 2520 44444 9173
177 44 2513 2520 44915 9244
178 45 2513 2520 45387 9338
179 45 2513 2520 45832 9418
180 45 2513 2520 46272 9486
181 46 2513 2520 46746 9573
182 46 2513 2520 47247 9656
183 47 2513 2520 47719 9722
184 48 2513 2520 48143 9796
185 48 2513 2520 48620 9879
186 48 2513 2520 49070 9955
187 48 2513 2520 49522 10032
188 48 2513 2520 49995 10101
189 50 2513 2520 50536 10176
190 50 2513 2520 51001 10219
191 50 2513 2520 51443 10329
192 51 2513 2520 51914 10391
193 51 2513 2520 52417 10502
194 51 2513 2520 52886 10568
195 51 2513 2520 53343 10637
196 51 2513 2520 53807 10717
197 51 2513 2520 54218 10825
198 51 2513 2520 54664 10859
199 53 2513 2520 55038 10924
200 53 2513 2520 55462 10976
201 55 2513 2520 55953 11063
202 57 2513 2520 56409 11133
203 57 2513 2520 56996 11231
204 57 2513 2520 57532 11326
205 57 2513 2520 58053 11405
206 57 2513 2520 58639 11504
207 58 2513 2520 59121 11613
208 58 2513 2520 59669 11694
209 58 2513 2520 60252 11833
210 59 2513 2520 60772 11945
211 59 2513 2520 61321 12021
212 59 2513 2520 61841 12129
213 59 2513 2520 62300 12200
214 60 2513 2520 62813 12327
215 61 2513 2520 63277 12395
216 61 2513 2520 63743 12451
217 61 2513 2520 64244 12539
218 61 2513 2520 64777 12647
219 61 2513 2520 65274 12748
220 62 2513 2520 65760 12850
221 62 2513 2520 66226 12919
222 62 2513 2520 66714 13011
223 63 2513 2520 67156 13095
224 63 2513 2520 67605 13146
225 63 2513 2520 68026 13241
226 63 2513 2520 68483 13318
227 63 2513 2520 68873 13386
228 63 2513 2520 69289 13460
229 65 2513 2520 69663 13539
230 66 2513 2520 70013 13573
231 66 2513 2520 70496 13691
232 68 2513 2520 70971 13754
233 69 2513 2520 71459 13831
234 70 2513 2520 71928 13906
235 70 2513 2520 72483 13987
236 72 2513 2520 73036 14107
237 72 2513 2520 73604 14181
238 73 2513 2520 74253 14247
239 73 2512 2520 74857 14356
240 74 2512 2520 75445 14436
241 74 2512 2520 76087 14534
242 75 2512 2520 76731 14684
243 75 2512 2520 77344 14763
244 76 2512 2520 77955 14852
245 76 2512 2520 78580 14929
246 78 2512 2520 79160 15035
247 78 2512 2520 79788 15133
248 79 2512 2520 80443 15206
249 79 2512 2520 81031 15288
250 79 2512 2520 81698 15386
251 79 2512 2520 82356 15464
252 79 2512 2520 82920 15537
253 79 2512 2520 83508 15602
254 80 2512 2520 84050 15673
255 80 2512 2520 84679 15740
256 82 2512 2520 85231 15824
257 83 2512 2520 85783 15890
258 83 2511 2520 86348 15996
259 84 2511 2520 86948 16060
260 85 2511 2520 87588 16122
261 86 2511 2520 88257 16234
262 86 2511 2520 88902 16318
263 88 2511 2520 89537 16415
264 88 2511 2520 90211 16517
265 89 2510 2520 90957 16617
266 89 2510 2520 91641 16738
267 89 2510 2520 92416 16798
268 90 2510 2520 93059 16838
269 90 2510 2520 93734 16941
270 91 2509 2520 94387 17031
271 91 2509 2520 95053 17153
272 91 2509 2520 95767 17280
273 92 2509 2520 96449 17396
274 93 2508 2520 97082 17451
275 93 2508 2520 97741 17478
276 93 2508 2520 98335 17519
277 93 2508 2520 98916 17583
278 94 2508 2520 99534 17685
279 94 2508 2520 100029 17745
280 96 2508 2520 100614 17804
281 99 2508 2520 101150 17890
282 99 2508 2520 101761 17983
283 99 2508 2520 102417 18099
284 100 2508 2520 103134 18172
285 100 2508 2520 103804 18237
286 100 2508 2520 104470 18336
287 100 2508 2520 105177 18438
288 101 2508 2520 105800 18541
289 101 2508 2520 106494 18639
290 104 2508 2520 107149 18771
291 105 2508 2520 107823 18830
292 105 2508 2520 108542 18960
293 105 2508 2520 109291 19038
294 106 2508 2520 109999 19152
295 107 2508 2520 110656 19237
296 109 2508 2520 111329 19331
297 109 2508 2520 112123 19421
298 109 2508 2520 112868 19568
299 109 2508 2520 113629 19738
300 109 2508 2520 114265 19841
301 109 2508 2520 114934 19890
302 109 2508 2520 115622 20024
303 110 2507 2520 116238 20124
304 110 2507 2520 116939 20211
305 111 2507 2520 117609 20302
306 111 2507 2520 118209 20415
307 111 2507 2520 118883 20483
308 111 2507 2520 119462 20565
309 112 2506 2520 120082 20622
310 113 2506 2520 120704 20681
311 113 2506 2520 121263 20776
312 114 2506 2520 121918 20837
313 114 2505 2520 122506 20918
314 115 2505 2520 123205 20990
315 116 2505 2520 123886 21087
316 117 2505 2520 124510 21182
317 117 2505 2520 125148 21294
318 117 2505 2520 125775 21365
319 119 2505 2520 126451 21386
320 121 2505 2520 127185 21450
321 121 2505 2520 127846 21522
322 122 2505 2520 128565 21596
323 123 2504 2520 129321 21693
324 125 2504 2520 130083 21798
325 127 2503 2520 130917 21875
326 127 2503 2520 131806 21995
327 127 2503 2520 132663 22128
328 129 2503 2520 133429 22238
329 129 2503 2520 134310 22316
330 131 2503 2520 135142 22369
331 131 2503 2520 135954 22490
332 132 2503 2520 136778 22581
333 133 2503 2520 137651 22663
334 133 2503 2520 138508 22794
335 134 2503 2520 139387 22937
336 134 2503 2520 140281 23048
337 135 2503 2520 141020 23121
338 135 2503 2520 141818 23181
339 136 2503 2520 142561 23296
340 137 2503 2520 143326 23352
341 137 2503 2520 144077 23431
342 139 2503 2520 144914 23535
343 140 2503 2520 145667 23648
344 140 2503 2520 146515 23791
345 141 2503 2520 147355 23942
346 141 2503 2520 148174 24081
347 141 2503 2520 149027 24199
348 141 2503 2520 149851 24335
349 143 2503 2520 150646 24457
350 145 2502 2520 151436 24527
351 146 2502 2520 152263 24636
352 146 2502 2520 153124 24751
353 150 2502 2520 153969 24829
354 152 2502 2520 154854 24929
355 154 2502 2520 155843 25138
356 155 2502 2520 156824 25282
357 156 2502 2520 157762 25427
358 156 2502 2520 158787 25535
359 156 2502 2520 159886 25712
360 156 2502 2520 160933 25808
361 156 2502 2520 161949 25943
362 156 2502 2520 163014 26041
363 156 2502 2520 163999 26159
364 157 2502 2520 164959 26278
365 158 2502 2520 165865 26393
366 160 2502 2520 166774 26467
367 160 2502 2520 167707 26571
368 161 2502 2520 168563 26675
369 164 2502 2520 169477 26766
370 165 2502 2520 170423 26875
371 167 2502 2520 171333 26950
372 168 2502 2520 172392 27118
373 168 2502 2520 173426 27271
374 169 2502 2520 174472 27400
375 170 2502 2520 175448 27504
376 172 2502 2520 176452 27697
377 172 2502 2520 177499 27832
378 174 2502 2520 178554 28013
379 175 2502 2520 179650 28121
380 177 2502 2520 180678 28255
381 180 2502 2520 181812 28414
382 180 2502 2520 182885 28605
383 181 2502 2520 184087 28779
384 181 2502 2520 185201 28965
385 181 2502 2520 186366 29119
386 181 2502 2520 187528 29302
387 181 2502 2520 188706 29429
388 181 2502 2520 189769 29520
389 182 2502 2520 190801 29672
390 183 2502 2520 191807 29784
391 183 2502 2520 192700 29871
392 183 2502 2520 193673 29998
393 183 2502 2520 194517 30125
394 184 2502 2520 195335 30204
395 184 2501 2520 196154 30282
396 185 2501 2520 197059 30311
397 185 2501 2520 197853 30403
398 185 2501 2520 198651 30477
399 187 2501 2520 199434 30573
400 188 2501 2520 200211 30650
401 190 2501 2520 201027 30738
402 191 2501 2520 201948 30846
403 192 2501 2520 202872 30976
404 194 2501 2520 203793 31101
405 194 2501 2520 204741 31224
406 196 2501 2520 205611 31346
407 196 2501 2520 206552 31474
408 198 2501 2520 207533 31634
409 200 2501 2520 208422 31748
410 201 2501 2520 209432 31878
411 204 2501 2520 210457 32017
412 205 2501 2520 211517 32167
413 206 2501 2520 212629 32355
414 207 2500 2520 213700 32499
415 207 2500 2520 214772 32610
416 207 2500 2520 215802 32731
417 209 2500 2520 216838 32910
418 210 2500 2520 217868 33047
419 210 2499 2520 218953 33186
420 212 2499 2520 220010 33344
421 212 2499 2520 221106 33433
422 212 2499 2520 222103 33530
423 212 2499 2520 223131 33690
424 213 2499 2520 224158 33808
425 214 2498 2520 225163 33919
426 214 2498 2520 226081 34026
427 214 2498 2520 227036 34142
428 215 2498 2520 227931 34227
429 216 2498 2520 228894 34341
430 218 2498 2520 229840 34502
431 218 2497 2520 230820 34635
432 219 2497 2520 231753 34730
433 220 2497 2520 232771 34785
434 225 2497 2520 233748 34964
435 225 2497 2520 234752 35077
436 227 2497 2520 235803 35200
437 227 2497 2520 236928 35347
438 228 2497 2520 238033 35490
439 230 2497 2520 239122 35604
440 231 2497 2520 240193 35773
441 232 2497 2520 241347 35926
442 232 2497 2520 242471 36065
443 232 2497 2520 243549 36225
444 232 2497 2520 244630 36392
445 235 2497 2520 245676 36532
446 238 2496 2520 246702 36677
447 239 2496 2520 247838 36822
448 240 2496 2520 249081 36934
449 241 2496 2520 250207 37057
450 242 2496 2520 251424 37226
451 243 2496 2520 252640 37392
452 244 2496 2520 253849 37544
453 244 2496 2520 255152 37746
454 244 2496 2520 256321 37822
455 247 2496 2520 257404 37940
456 248 2496 2520 258459 38091
457 248 2496 2520 259652 38224
458 248 2495 2520 260864 38371
459 248 2494 2520 261965 38511
460 249 2494 2520 263148 38643
461 251 2494 2520 264274 38733
462 251 2494 2520 265382 38865
463 253 2494 2520 266441 39003
464 254 2494 2520 267550 39128
465 254 2494 2520 268667 39306
466 255 2494 2520 269863 39421
467 257 2494 2520 271007 39546
468 257 2494 2520 272138 39695
469 258 2494 2520 273322 39829
470 260 2494 2520 274437 39946
471 261 2494 2520 275547 40080
472 261 2494 2520 276625 40234
473 261 2494 2520 277724 40336
474 262 2493 2520 278694 40465
475 262 2493 2520 279646 40550
476 262 2492 2520 280684 40662
477 263 2492 2520 281763 40811
478 267 2492 2520 282788 40950
479 268 2492 2520 283801 41011
480 269 2492 2520 284950 41137
481 271 2492 2520 286019 41232
482 273 2492 2520 287068 41345
483 275 2492 2520 288332 41427
484 277 2492 2520 289627 41587
485 278 2492 2520 290896 41796
486 280 2492 2520 292154 41951
487 280 2492 2520 293475 42127
488 280 2492 2520 294821 42316
489 280 2492 2520 296127 42474
490 281 2492 2520 297306 42607
491 282 2491 2520 298535 42668
492 284 2491 2520 299738 42768
493 285 2491 2520 300976 42916
494 287 2490 2520 302245 43000
495 287 2490 2520 303582 43069
496 287 2489 2520 304742 43213
497 287 2489 2520 305930 43311
498 288 2489 2520 307097 43409
499 289 2489 2520 308148 43495
500 291 2489 2520 309309 43570
501 293 2488 2520 310442 43710
502 294 2488 2520 311616 43874
503 296 2488 2520 312772 44036
504 296 2488 2520 313844 44128
505 298 2488 2520 314983 44248
506 299 2488 2520 316220 44378
507 300 2488 2520 317506 44563
508 303 2488 2520 318773 44602
509 303 2488 2520 319992 44688
510 304 2488 2520 321215 44790
511 305 2488 2520 322446 44951
512 306 2487 2520 323696 45094
513 309 2487 2520 324973 45250
514 310 2487 2520 326202 45360
515 311 2487 2520 327479 45576
516 313 2487 2520 328795 45741
517 313 2487 2520 330011 45929
518 314 2487 2520 331218 46076
519 318 2487 2520 332559 46217
520 318 2487 2520 333825 46404
521 320 2487 2520 335080 46560
522 322 2487 2520 336447 46773
523 322 2487 2520 337735 46932
524 322 2487 2520 339035 47050
525 322 2487 2520 340301 47177
526 322 2487 2520 341547 47358
527 322 2487 2520 342803 47463
528 323 2487 2520 343946 47576
529 323 2487 2520 345127 47736
530 324 2487 2520 346266 47875
531 324 2487 2520 347402 47973
532 324 2487 2520 348588 48092
533 326 2487 2520 349599 48180
534 327 2487 2520 350672 48326
535 330 2486 2520 351797 48449
536 331 2486 2520 352888 48595
537 334 2486 2520 354059 48792
538 334 2486 2520 355353 48896
539 336 2486 2520 356619 49062
540 337 2486 2520 357777 49254
541 340 2486 2520 359062 49389
542 342 2486 2520 360410 49518
543 344 2486 2520 361820 49721
544 345 2486 2520 363227 49861
545 346 2486 2520 364616 50010
546 347 2486 2520 365983 50167
547 347 2485 2520 367437 50330
548 348 2485 2520 368781 50436
549 349 2485 2520 370166 50581
550 350 2485 2520 371612 50717
551 350 2485 2520 373026 50821
552 350 2485 2520 374387 50965
553 350 2485 2520 375737 51100
554 353 2485 2520 376984 51246
555 355 2485 2520 378231 51287
556 358 2485 2520 379543 51445
557 359 2485 2520 380885 51568
558 360 2485 2520 382238 51729
559 360 2485 2520 383522 51906
560 361 2485 2520 384811 52080
561 363 2485 2520 386130 52273
562 363 2485 2520 387478 52370
563 364 2485 2520 388813 52519
564 365 2485 2520 390167 52667
565 367 2484 2520 391429 52784
566 369 2484 2520 392823 52935
567 370 2483 2520 394139 53046
568 371 2483 2520 395532 53196
569 373 2483 2520 396943 53388
570 374 2483 2520 398310 53531
571 374 2483 2520 399648 53710
572 375 2483 2520 401100 53852
573 377 2482 2520 402457 54038
574 378 2482 2520 403834 54161
575 380 2482 2520 405161 54257
576 382 2482 2520 406563 54380
577 383 2482 2520 408030 54483
578 384 2482 2520 409419 54684
579 390 2482 2520 410873 54860
580 393 2482 2520 412174 55005
581 393 2482 2520 413671 55161
582 393 2482 2520 415157 55302
583 394 2482 2520 416643 55434
584 397 2481 2520 418192 55542
585 397 2481 2520 419799 55740
586 399 2481 2520 421348 55894
587 400 2481 2520 422895 56046
588 402 2481 2520 424568 56195
589 402 2481 2520 426134 56332
590 402 2481 2520 427632 56529
591 404 2480 2520 429132 56633
592 405 2480 2520 430587 56800
593 408 2480 2520 432142 56959
594 410 2480 2520 433568 57059
595 411 2480 2520 435113 57235
596 412 2480 2520 436662 57433
597 412 2479 2520 438237 57592
598 413 2479 2520 439719 57784
599 414 2479 2520 441241 57931
600 414 2479 2520 442814 58033
601 416 2479 2520 444290 58178
602 418 2479 2520 445782 58306
603 419 2479 2520 447262 58478
604 420 2479 2520 448856 58585
605 421 2479 2520 450351 58770
606 423 2478 2520 451751 58885
607 423 2478 2520 453155 59008
608 424 2478 2520 454632 59106
609 425 2478 2520 456015 59229
610 427 2478 2520 457397 59348
611 429 2478 2520 458831 59496
612 430 2478 2520 460130 59618
613 432 2478 2520 461512 59697
614 432 2478 2520 462804 59806
615 433 2478 2520 464219 60040
616 435 2478 2520 465603 60176
617 436 2477 2520 467038 60303
618 437 2477 2520 468533 60467
619 439 2477 2520 470054 60622
620 439 2477 2520 471543 60794
621 440 2477 2520 472978 60909
622 444 2477 2520 474427 61093
623 444 2477 2520 475867 61212
624 445 2477 2520 477343 61374
625 449 2477 2520 478854 61539
626 450 2477 2520 480407 61698
627 452 2477 2520 481858 61856
628 454 2477 2520 483407 62059
629 455 2477 2520 485042 62288
630 456 2475 2520 486700 62481
631 456 2475 2520 488153 62602
632 458 2475 2520 489817 62739
633 458 2475 2520 491416 62947
634 460 2475 2520 493021 63076
635 461 2475 2520 494609 63249
636 464 2475 2520 496213 63429
637 468 2474 2520 497810 63617
638 468 2474 2520 499528 63774
639 468 2474 2520 501181 63913
640 470 2473 2520 502840 64121
641 472 2473 2520 504290 64306
642 472 2473 2520 505925 64450
643 473 2472 2520 507577 64617
644 473 2471 2520 509089 64712
645 473 2471 2520 510605 64932
646 475 2471 2520 512096 65078
647 478 2471 2520 513568 65206
648 479 2471 2520 515108 65379
649 479 2471 2520 516618 65542
650 479 2471 2520 518141 65715
651 479 2471 2520 519551 65871
652 479 2471 2520 520910 65996
653 481 2471 2520 522294 66112
654 482 2471 2520 523637 66221
655 484 2471 2520 525097 66402
656 486 2471 2520 526433 66553
657 488 2471 2520 527838 66731
658 490 2471 2520 529292 66880
659 491 2471 2520 530708 67078
660 495 2471 2520 532108 67264
661 497 2471 2520 533628 67430
662 497 2471 2520 535245 67562
663 499 2471 2520 536869 67722
664 503 2471 2520 538442 67904
665 504 2471 2520 540044 68174
666 505 2471 2520 541784 68353
667 506 2471 2520 543501 68544
668 506 2471 2520 545224 68769
669 509 2471 2520 546885 68964
670 514 2471 2520 548527 69071
671 514 2471 2520 550165 69297
672 516 2471 2520 551797 69481
673 517 2471 2520 553546 69589
674 517 2471 2520 555290 69783
675 517 2471 2520 557034 70009
676 518 2471 2520 558745 70241
677 518 2471 2520 560408 70412
678 519 2471 2520 562114 70628
679 519 2471 2520 563667 70768
680 521 2471 2520 565179 70869
681 523 2471 2520 566731 71027
682 526 2471 2520 568359 71223
683 527 2471 2520 569924 71397
684 529 2471 2520 571480 71604
685 529 2471 2520 573097 71715
686 532 2471 2520 574780 71920
687 536 2471 2520 576256 72063
688 537 2471 2520 577838 72201
689 538 2471 2520 579418 72374
690 544 2471 2520 581011 72446
691 546 2471 2520 582609 72595
692 546 2471 2520 584273 72781
693 547 2471 2520 586055 73006
694 548 2471 2520 587887 73263
695 552 2471 2520 589651 73464
696 553 2471 2520 591399 73598
697 558 2471 2520 593156 73772
698 559 2471 2520 594975 73938
699 559 2471 2520 596864 74064
700 560 2471 2520 598641 74280
701 561 2471 2520 600413 74484
702 564 2471 2520 602255 74663
703 567 2470 2520 604037 74809
704 570 2470 2520 605914 75023
705 571 2470 2520 607732 75135
706 574 2470 2520 609609 75339
707 577 2470 2520 611453 75555
708 580 2470 2520 613364 75660
709 580 2470 2520 615442 75832
710 583 2470 2520 617301 76084
711 585 2470 2520 619239 76156
712 585 2470 2520 621289 76349
713 585 2470 2520 623245 76546
714 585 2470 2520 625182 76811
715 588 2470 2520 626991 76936
716 590 2470 2520 628893 77095
717 591 2470 2520 630753 77298
718 592 2469 2520 632542 77431
719 593 2469 2520 634547 77707
720 595 2469 2520 636361 77897
721 597 2469 2520 638136 77988
722 597 2469 2520 639853 78121
723 599 2469 2520 641582 78197
724 602 2469 2520 643349 78349
725 602 2469 2520 645098 78524
726 606 2469 2520 646855 78657
727 610 2469 2520 648478 78855
728 611 2469 2520 650342 79056
729 611 2469 2520 652171 79299
730 612 2469 2520 653977 79409
731 612 2469 2520 655703 79537
732 615 2469 2520 657446 79653
733 620 2469 2520 659200 79768
734 620 2468 2520 660933 79953
735 620 2467 2520 662798 80201
736 622 2467 2520 664663 80395
737 624 2467 2520 666482 80621
738 625 2467 2520 668303 80761
739 628 2467 2520 670079 80970
740 630 2467 2520 671928 81182
741 630 2466 2520 673575 81292
742 630 2466 2520 675380 81450
743 632 2466 2520 677040 81600
744 633 2466 2520 678728 81712
745 633 2466 2520 680437 81927
746 633 2466 2520 682200 82095
747 633 2466 2520 683892 82196
748 634 2465 2520 685456 82348
749 638 2465 2520 687045 82417
750 638 2465 2520 688621 82515
751 639 2465 2520 690235 82639
752 640 2465 2520 691814 82774
753 641 2465 2520 693513 82926
754 641 2464 2520 694991 83064
755 643 2464 2520 696455 83223
756 649 2464 2520 697987 83380
757 651 2464 2520 699517 83494
758 653 2464 2520 701150 83688
759 653 2464 2520 702811 83835
760 656 2464 2520 704407 84036
761 656 2463 2520 706243 84189
762 657 2463 2520 707948 84394
763 661 2463 2520 709709 84598
764 663 2463 2520 711524 84714
765 667 2463 2520 713266 84855
766 668 2463 2520 715138 85106
767 672 2463 2520 717012 85281
768 674 2463 2520 718829 85435
769 674 2463 2520 720656 85588
770 675 2463 2520 722425 85780
771 676 2463 2520 724262 85974
772 678 2463 2520 726174 86158
773 679 2463 2520 728192 86357
774 679 2463 2520 730171 86561
775 680 2463 2520 731975 86670
776 680 2463 2520 733818 86899
777 681 2463 2520 735580 86997
778 681 2463 2520 737171 87120
779 682 2463 2520 738875 87246
780 684 2463 2520 740434 87404
781 685 2463 2520 742147 87582
782 685 2463 2520 743790 87735
783 687 2463 2520 745324 87908
784 687 2463 2520 746818 88024
785 691 2463 2520 748369 88226
786 694 2463 2520 749981 88349
787 699 2463 2520 751556 88426
788 702 2463 2520 753212 88535
789 706 2463 2520 755002 88726
790 707 2463 2520 756938 88944
791 707 2463 2520 758801 89223
792 709 2463 2520 760748 89449
793 710 2462 2520 762691 89643
794 712 2462 2520 764724 89854
795 713 2462 2520 766597 89944
796 714 2461 2520 768482 90104
797 716 2461 2520 770426 90237
798 718 2461 2520 772260 90384
799 720 2461 2520 774208 90583
800 721 2461 2520 776034 90706
801 723 2461 2520 777894 90882
802 725 2461 2520 779685 91027
803 726 2461 2520 781427 91190
804 728 2461 2520 783217 91355
805 731 2460 2520 784982 91496
806 731 2460 2520 786719 91634
807 732 2460 2520 788545 91695
808 734 2460 2520 790340 91911
809 735 2460 2520 792155 92088
810 737 2460 2520 793988 92222
811 740 2460 2520 795876 92364
812 742 2460 2520 797734 92538
813 747 2460 2520 799675 92707
814 750 2460 2520 801536 92814
815 751 2460 2520 803560 93047
816 753 2460 2520 805578 93217
817 753 2460 2520 807613 93341
818 754 2460 2520 809703 93493
819 756 2460 2520 811790 93690
820 758 2460 2520 813724 93836
821 760 2460 2520 815801 93993
822 760 2460 2520 817759 94195
823 761 2460 2520 819789 94348
824 762 2460 2520 821861 94500
825 763 2460 2520 823799 94658
826 768 2460 2520 825770 94797
827 771 2459 2520 827639 95022
828 773 2459 2520 829584 95116
829 777 2459 2520 831586 95305
830 777 2459 2520 833604 95441
831 779 2459 2520 835690 95645
832 780 2459 2520 837743 95888
833 783 2459 2520 839733 96031
834 787 2459 2520 841762 96106
835 787 2459 2520 843671 96225
836 788 2459 2520 845717 96458
837 788 2459 2520 847736 96653
838 789 2458 2520 849700 96826
839 794 2458 2520 851727 97031
840 794 2458 2520 853865 97249
841 798 2458 2520 855834 97373
842 801 2458 2520 857807 97517
843 803 2458 2520 859835 97663
844 803 2457 2520 861992 97818
845 805 2457 2520 864079 98008
846 805 2457 2520 866311 98162
847 807 2457 2520 868447 98361
848 809 2457 2520 870413 98484
849 811 2457 2520 872538 98770
850 812 2457 2520 874675 98890
851 812 2457 2520 876705 99063
852 815 2457 2520 878642 99158
853 817 2457 2520 880579 99334
854 821 2455 2520 882541 99520
855 823 2455 2520 884594 99685
856 825 2455 2520 886633 99830
857 827 2454 2520 888812 100025
858 828 2454 2520 890910 100230
859 830 2453 2520 892980 100335
860 831 2453 2520 894924 100458
861 833 2453 2520 897093 100626
862 839 2453 2520 899222 100832
863 839 2453 2520 901374 101044
864 840 2453 2520 903592 101242
865 842 2453 2520 905834 101411
866 844 2453 2520 907954 101567
867 849 2453 2520 910148 101658
868 854 2453 2520 912457 101889
869 855 2452 2520 914911 102013
870 857 2451 2520 917280 102302
871 858 2451 2520 919613 102571
872 858 2451 2520 921919 102779
873 860 2451 2520 924250 103084
874 861 2451 2520 926520 103304
875 861 2451 2520 928631 103467
876 862 2451 2520 930789 103608
877 862 2451 2520 932805 103746
878 867 2451 2520 935024 103948
879 868 2451 2520 937112 104119
880 871 2450 2520 939201 104191
881 872 2450 2520 941215 104448
882 873 2450 2520 943226 104606
883 876 2450 2520 945235 104737
884 879 2450 2520 947177 104913
885 881 2450 2520 949167 105117
886 881 2449 2520 951260 105292
887 884 2449 2520 953213 105467
888 887 2449 2520 955208 105662
889 889 2449 2520 957324 105918
890 889 2448 2520 959480 106088
891 891 2447 2520 961576 106285
892 891 2447 2520 963752 106491
893 893 2447 2520 965937 106605
894 896 2447 2520 968095 106795
895 901 2447 2520 970156 106990
896 904 2447 2520 972394 107114
897 905 2447 2520 974574 107301
898 906 2447 2520 976785 107402
899 912 2447 2520 978870 107578
900 915 2447 2520 981037 107804
901 916 2447 2520 983417 107950
902 919 2447 2520 985716 108172
903 920 2447 2520 988052 108377
904 923 2447 2520 990303 108556
905 924 2447 2520 992535 108717
906 925 2447 2520 994816 108877
907 926 2447 2520 997052 109023
908 929 2447 2520 999182 109275
909 932 2447 2520 1001279 109507
910 933 2447 2520 1003457 109691
911 937 2447 2520 1005605 109908
912 941 2447 2520 1007755 110080
913 943 2447 2520 1010038 110251
914 944 2447 2520 1012312 110467
915 946 2447 2520 1014626 110653
916 950 2447 2520 1016892 110803
917 952 2447 2520 1019163 110951
918 957 2447 2520 1021460 111076
919 960 2447 2520 1023837 111277
920 962 2447 2520 1026222 111454
921 967 2447 2520 1028766 111625
922 971 2447 2520 1031223 111814
923 973 2447 2520 1033722 111930
924 975 2447 2520 1036229 112120
925 977 2447 2520 1038772 112195
926 980 2447 2520 1041411 112383
927 982 2447 2520 1043956 112644
928 985 2447 2520 1046557 112923
929 987 2447 2520 1049070 113097
930 990 2447 2520 1051617 113247
931 992 2447 2520 1054278 113372
932 993 2447 2520 1056929 113590
933 995 2446 2520 1059406 113739
934 996 2446 2520 1061991 113901
935 999 2446 2520 1064500 114125
936 1003 2446 2520 1067016 114368
937 1004 2446 2520 1069595 114577
938 1004 2446 2520 1071967 114759
939 1005 2446 2520 1074507 115001
940 1007 2446 2520 1076896 115185
941 1007 2446 2520 1079170 115345
942 1008 2446 2520 1081447 115456
943 1008 2446 2520 1083741 115634
944 1012 2446 2520 1086056 115821
945 1012 2446 2520 1088266 115956
946 1015 2446 2520 1090558 116168
947 1015 2445 2520 1092728 116234
948 1017 2445 2520 1094930 116423
949 1020 2445 2520 1097046 116523
950 1022 2445 2520 1099278 116668
951 1026 2445 2520 1101629 116923
952 1027 2445 2520 1103901 117184
953 1028 2445 2520 1106041 117423
954 1031 2445 2520 1108196 117534
955 1032 2445 2520 1110440 117722
956 1035 2445 2520 1112671 117897
957 1037 2445 2520 1114787 118123
958 1042 2445 2520 1116987 118284
959 1046 2445 2520 1119267 118480
960 1050 2445 2520 1121517 118564
961 1051 2445 2520 1123852 118757
962 1054 2445 2520 1126316 118960
963 1057 2445 2520 1128775 119156
964 1058 2444 2520 1131182 119336
965 1060 2443 2520 1133591 119443
966 1062 2443 2520 1135995 119647
967 1064 2443 2520 1138473 119936
968 1066 2442 2520 1140867 120126
969 1068 2442 2520 1143365 120329
970 1070 2441 2520 1145794 120578
971 1071 2441 2520 1148328 120786
972 1072 2440 2520 1150811 120937
973 1075 2439 2520 1153196 121111
974 1078 2439 2520 1155577 121273
975 1079 2439 2520 1158107 121498
976 1080 2439 2520 1160404 121673
977 1085 2439 2520 1162857 121916
978 1087 2439 2520 1165219 122035
979 1089 2439 2520 1167637 122212
980 1092 2439 2520 1170051 122315
981 1092 2439 2520 1172479 122547
982 1093 2439 2520 1174743 122721
983 1094 2439 2520 1177014 122846
984 1095 2439 2520 1179294 122974
985 1100 2439 2520 1181528 123125
986 1101 2439 2520 1183859 123230
987 1105 2438 2520 1186112 123415
988 1109 2438 2520 1188375 123586
989 1112 2438 2520 1190633 123693
990 1115 2438 2520 1192964 123794
991 1115 2438 2520 1195277 124007
992 1119 2438 2520 1197567 124226
993 1121 2438 2520 1200009 124384
994 1124 2437 2520 1202455 124626
995 1125 2437 2520 1204999 124853
996 1129 2436 2520 1207449 125078
997 1130 2436 2520 1210079 125231
998 1131 2436 2520 1212645 125395
999 1133 2436 2520 1215052 125601
1000 1135 2436 2520 1217704 125683
