0 1 2519 2520 797 501
1 1 2519 2520 831 524
2 1 2519 2520 867 546
3 1 2519 2520 913 568
4 1 2519 2520 958 595
5 1 2519 2520 1011 619
6 1 2519 2520 1072 641
7 1 2519 2520 1109 661
8 1 2519 2520 1152 686
9 1 2519 2520 1180 694
10 1 2519 2520 1207 700
11 1 2519 2520 1246 716
12 1 2519 2520 1262 727
13 1 2519 2520 1287 730
14 1 2519 2520 1313 741
15 1 2519 2520 1330 743
16 1 2519 2520 1357 755
17 1 2519 2520 1375 760
18 2 2519 2520 1376 754
19 2 2519 2520 1413 761
20 2 2519 2520 1519 805
21 2 2519 2520 1632 848
22 2 2519 2520 1762 892
23 2 2519 2520 1881 950
24 2 2519 2520 1997 981
25 2 2519 2520 2097 1007
26 2 2519 2520 2192 1025
27 2 2519 2520 2262 1053
28 2 2519 2520 2338 1071
29 2 2519 2520 2378 1085
30 2 2519 2520 2427 1097
31 2 2519 2520 2441 1098
32 2 2519 2520 2484 1115
33 2 2519 2520 2534 1130
34 2 2519 2520 2565 1137
35 2 2519 2520 2577 1139
36 3 2519 2520 2608 1154
37 3 2519 2520 2645 1168
38 3 2519 2520 2744 1205
39 3 2519 2520 2843 1238
40 4 2519 2520 2941 1258
41 4 2519 2520 3074 1296
42 4 2519 2520 3248 1364
43 4 2519 2520 3438 1434
44 4 2519 2520 3622 1486
45 4 2519 2520 3793 1513
46 4 2519 2520 3928 1527
47 4 2519 2520 4087 1569
48 4 2519 2520 4213 1598
49 4 2519 2520 4354 1631
50 4 2519 2520 4446 1668
51 4 2519 2520 4541 1683
52 4 2519 2520 4638 1712
53 4 2519 2520 4726 1736
54 4 2519 2520 4829 1756
55 4 2519 2520 4901 1768
56 4 2519 2520 4974 1786
57 4 2519 2520 5030 1808
58 4 2519 2520 5081 1816
59 5 2519 2520 5124 1823
60 7 2519 2520 5203 1847
61 7 2519 2520 5358 1892
62 7 2519 2520 5575 1959
63 7 2519 2520 5774 2047
64 7 2519 2520 6006 2123
65 7 2519 2520 6251 2207
66 8 2519 2520 6493 2266
67 8 2519 2520 6749 2333
68 8 2519 2520 7073 2394
69 8 2519 2520 7384 2474
70 8 2519 2520 7627 2537
71 8 2519 2520 7866 2588
72 8 2519 2520 8132 2630
73 8 2519 2520 8364 2693
74 8 2519 2520 8531 2714
75 8 2519 2520 8761 2751
76 8 2519 2520 8939 2768
77 8 2519 2520 9113 2817
78 9 2519 2520 9271 2842
79 9 2519 2520 9447 2878
80 10 2519 2520 9632 2917
81 12 2519 2520 9816 2970
82 13 2519 2520 10065 3006
83 13 2518 2520 10365 3074
84 13 2518 2520 10773 3192
85 13 2518 2520 11132 3256
86 13 2518 2520 11507 3292
87 13 2518 2520 11825 3350
88 14 2518 2520 12155 3401
89 14 2518 2520 12513 3481
90 14 2518 2520 12911 3523
91 14 2518 2520 13228 3584
92 14 2518 2520 13537 3624
93 15 2518 2520 13862 3677
94 15 2518 2520 14171 3747
95 15 2518 2520 14505 3816
96 15 2518 2520 14790 3851
97 16 2518 2520 15090 3908
98 16 2518 2520 15386 3975
99 16 2518 2520 15688 4011
100 16 2518 2520 15962 4067
101 16 2518 2520 16264 4138
102 17 2518 2520 16506 4185
103 19 2518 2520 16786 4245
104 19 2518 2520 17126 4313
105 21 2518 2520 17511 4385
106 21 2518 2520 17925 4466
107 21 2518 2520 18327 4559
108 21 2518 2520 18727 4631
109 21 2518 2520 19146 4715
110 21 2518 2520 19532 4809
111 21 2518 2520 19892 4900
112 21 2518 2520 20284 4951
113 21 2518 2520 20646 4989
114 21 2518 2520 21043 5079
115 21 2518 2520 21330 5118
116 21 2518 2520 21632 5168
117 21 2518 2520 21915 5212
118 22 2518 2520 22165 5277
119 23 2518 2520 22420 5322
120 23 2518 2520 22683 5381
121 23 2517 2520 22996 5421
122 23 2517 2520 23304 5461
123 23 2517 2520 23612 5519
124 24 2517 2520 23924 5584
125 25 2517 2520 24235 5596
126 25 2517 2520 24570 5676
127 26 2517 2520 24921 5715
128 26 2517 2520 25264 5780
129 26 2517 2520 25627 5840
130 27 2517 2520 26000 5896
131 28 2517 2520 26355 5945
132 28 2517 2520 26736 6023
133 28 2517 2520 27121 6112
134 28 2517 2520 27503 6179
135 28 2517 2520 27906 6269
136 28 2517 2520 28234 6325
137 28 2517 2520 28598 6392
138 29 2517 2520 28947 6435
139 30 2517 2520 29312 6523
140 30 2517 2520 29695 6607
141 30 2517 2520 30037 6665
142 30 2517 2520 30349 6755
143 30 2517 2520 30721 6830
144 30 2517 2520 31107 6922
145 31 2517 2520 31423 6958
146 33 2517 2520 31732 7014
147 33 2517 2520 32099 7116
148 33 2517 2520 32508 7222
149 33 2517 2520 32907 7310
150 33 2517 2520 33343 7392
151 34 2517 2520 33770 7478
152 34 2517 2520 34197 7555
153 34 2517 2520 34613 7622
154 34 2517 2520 35028 7687
155 34 2517 2520 35437 7760
156 34 2517 2520 35815 7820
157 35 2517 2520 36168 7895
158 35 2517 2520 36504 7900
159 35 2517 2520 36824 7959
160 35 2517 2520 37162 8025
161 36 2517 2520 37479 8077
162 36 2517 2520 37793 8164
163 37 2517 2520 38130 8225
164 39 2517 2520 38472 8250
165 39 2517 2520 38855 8353
166 40 2517 2520 39274 8433
167 40 2517 2520 39730 8521
168 40 2517 2520 40189 8608
169 41 2517 2520 40627 8707
170 42 2517 2520 41077 8827
171 42 2517 2520 41531 8915
172 42 2517 2520 42089 9007
173 43 2517 2520 42612 9108
174 43 2517 2520 43141 9198
175 43 2517 2520 43644 9320
176 43 2517 2520 44087 9386
177 43 2517 2520 44559 9444
178 44 2517 2520 44986 9526
179 44 2517 2520 45384 9585
180 45 2517 2520 45838 9656
181 45 2517 2520 46263 9720
182 46 2516 2520 46675 9744
183 46 2516 2520 47081 9836
184 46 2516 2520 47535 9900
185 47 2516 2520 47994 9953
186 48 2516 2520 48456 10028
187 48 2516 2520 48960 10142
188 49 2516 2520 49471 10218
189 50 2516 2520 50029 10312
190 50 2516 2520 50545 10427
191 50 2516 2520 51017 10490
192 50 2516 2520 51529 10573
193 50 2516 2520 52013 10624
194 50 2516 2520 52477 10727
195 50 2516 2520 52885 10797
196 50 2516 2520 53331 10894
197 51 2516 2520 53754 10955
198 51 2516 2520 54106 11024
199 55 2516 2520 54501 11103
200 55 2516 2520 55023 11216
201 55 2516 2520 55554 11320
202 55 2516 2520 56142 11458
203 56 2516 2520 56690 11568
204 57 2516 2520 57239 11648
205 58 2516 2520 57856 11758
206 59 2516 2520 58452 11865
207 59 2516 2520 59056 11963
208 60 2516 2520 59681 12058
209 60 2516 2520 60303 12167
210 60 2516 2520 60877 12241
211 60 2516 2520 61427 12331
212 60 2516 2520 61945 12413
213 60 2516 2520 62465 12534
214 60 2516 2520 62991 12631
215 60 2516 2520 63532 12720
216 60 2516 2520 64009 12773
217 61 2516 2520 64421 12849
218 62 2516 2520 64827 12948
219 62 2516 2520 65281 13025
220 62 2516 2520 65709 13099
221 62 2516 2520 66109 13178
222 63 2516 2520 66562 13253
223 64 2516 2520 67037 13340
224 65 2516 2520 67522 13367
225 65 2516 2520 68054 13433
226 66 2516 2520 68609 13504
227 66 2516 2520 69165 13621
228 68 2516 2520 69749 13705
229 69 2516 2520 70347 13841
230 69 2516 2520 71009 13967
231 71 2516 2520 71654 14031
232 73 2516 2520 72342 14162
233 73 2516 2520 72999 14242
234 73 2516 2520 73693 14347
235 74 2516 2520 74395 14456
236 74 2516 2520 75077 14578
237 74 2516 2520 75749 14692
238 74 2516 2520 76351 14768
239 74 2516 2520 76988 14857
240 74 2516 2520 77626 14929
241 74 2516 2520 78287 15047
242 74 2516 2520 78894 15117
243 75 2516 2520 79479 15163
244 75 2516 2520 79954 15268
245 75 2516 2520 80468 15347
246 78 2516 2520 80928 15394
247 78 2516 2520 81479 15480
248 80 2516 2520 82062 15563
249 81 2516 2520 82681 15676
250 82 2516 2520 83364 15823
251 82 2516 2520 84097 15955
252 82 2516 2520 84797 16048
253 82 2516 2520 85477 16150
254 82 2516 2520 86136 16232
255 84 2516 2520 86804 16338
256 84 2516 2520 87471 16461
257 84 2516 2520 88117 16522
258 85 2516 2520 88777 16651
259 85 2516 2520 89462 16745
260 86 2516 2520 90133 16845
261 87 2515 2520 90774 16956
262 87 2514 2520 91441 17049
263 87 2514 2520 92127 17120
264 87 2514 2520 92804 17206
265 87 2514 2520 93350 17265
266 88 2514 2520 93974 17362
267 88 2514 2520 94601 17425
268 90 2514 2520 95191 17557
269 91 2514 2520 95815 17629
270 93 2514 2520 96546 17764
271 95 2513 2520 97281 17871
272 97 2513 2520 97995 18001
273 98 2513 2520 98781 18114
274 98 2513 2520 99564 18238
275 98 2513 2520 100333 18328
276 98 2513 2520 101130 18465
277 98 2513 2520 101922 18582
278 98 2513 2520 102649 18660
279 98 2513 2520 103376 18805
280 99 2513 2520 104034 18911
281 99 2513 2520 104701 19019
282 100 2513 2520 105365 19082
283 101 2513 2520 106031 19152
284 101 2513 2520 106729 19289
285 101 2513 2520 107443 19380
286 101 2513 2520 108094 19461
287 101 2513 2520 108739 19584
288 102 2513 2520 109319 19679
289 103 2513 2520 109915 19746
290 103 2513 2520 110526 19840
291 105 2513 2520 111108 19910
292 107 2513 2520 111700 20000
293 109 2513 2520 112343 20098
294 112 2513 2520 113065 20230
295 113 2513 2520 113876 20344
296 113 2513 2520 114727 20493
297 113 2513 2520 115625 20665
298 115 2513 2520 116506 20768
299 116 2513 2520 117395 20896
300 116 2513 2520 118274 21056
301 116 2513 2520 119191 21184
302 117 2513 2520 120089 21328
303 117 2513 2520 120985 21439
304 117 2513 2520 121818 21562
305 117 2513 2520 122623 21659
306 118 2513 2520 123378 21776
307 118 2513 2520 124134 21849
308 118 2513 2520 124934 21992
309 118 2513 2520 125739 22071
310 118 2513 2520 126478 22181
311 118 2513 2520 127192 22273
312 121 2513 2520 127860 22409
313 123 2513 2520 128572 22514
314 125 2513 2520 129399 22612
315 125 2513 2520 130250 22784
316 127 2513 2520 131041 22868
317 129 2513 2520 131920 22973
318 132 2513 2520 132777 23102
319 133 2512 2520 133805 23228
320 133 2512 2520 134843 23413
321 133 2512 2520 135861 23528
322 133 2512 2520 136793 23639
323 133 2512 2520 137705 23742
324 133 2512 2520 138654 23827
325 135 2512 2520 139512 23957
326 137 2512 2520 140367 24091
327 137 2512 2520 141236 24257
328 139 2512 2520 142112 24343
329 140 2512 2520 143062 24491
330 140 2511 2520 144034 24624
331 140 2511 2520 144951 24774
332 142 2511 2520 145907 24923
333 142 2511 2520 146789 25027
334 142 2511 2520 147750 25129
335 143 2511 2520 148642 25232
336 144 2511 2520 149545 25318
337 145 2511 2520 150459 25479
338 145 2510 2520 151364 25571
339 145 2510 2520 152270 25765
340 147 2510 2520 153102 25838
341 148 2510 2520 153993 25960
342 150 2510 2520 154865 26054
343 153 2510 2520 155643 26141
344 154 2510 2520 156603 26281
345 155 2510 2520 157687 26518
346 155 2510 2520 158813 26718
347 155 2510 2520 159933 26876
348 155 2510 2520 160954 27002
349 156 2510 2520 161949 27085
350 158 2510 2520 162985 27217
351 158 2510 2520 164018 27394
352 158 2510 2520 165044 27549
353 159 2510 2520 166077 27664
354 159 2510 2520 167097 27805
355 160 2509 2520 168018 27894
356 160 2509 2520 168969 27996
357 160 2509 2520 169819 28023
358 161 2509 2520 170685 28124
359 162 2509 2520 171561 28206
360 162 2508 2520 172420 28352
361 163 2508 2520 173207 28458
362 163 2508 2520 174034 28559
363 165 2508 2520 174843 28635
364 166 2508 2520 175661 28742
365 168 2508 2520 176467 28839
366 170 2508 2520 177345 28966
367 172 2507 2520 178317 29071
368 173 2507 2520 179355 29258
369 173 2507 2520 180454 29433
370 173 2507 2520 181548 29604
371 175 2506 2520 182517 29712
372 177 2506 2520 183528 29806
373 177 2506 2520 184588 29893
374 177 2506 2520 185735 30055
375 178 2506 2520 186786 30218
376 178 2506 2520 187862 30321
377 179 2506 2520 188874 30407
378 180 2506 2520 189856 30552
379 181 2506 2520 190856 30683
380 182 2506 2520 191846 30810
381 182 2506 2520 192873 30916
382 183 2506 2520 193918 31069
383 183 2506 2520 194928 31241
384 183 2506 2520 195966 31315
385 184 2506 2520 196821 31423
386 184 2506 2520 197742 31588
387 186 2506 2520 198593 31704
388 187 2506 2520 199505 31847
389 188 2506 2520 200351 31945
390 189 2506 2520 201189 32061
391 192 2506 2520 202068 32144
392 193 2506 2520 203033 32225
393 195 2506 2520 204090 32363
394 195 2506 2520 205152 32554
395 197 2506 2520 206223 32672
396 197 2506 2520 207279 32862
397 198 2506 2520 208390 33053
398 201 2506 2520 209599 33232
399 205 2506 2520 210759 33383
400 206 2506 2520 212053 33555
401 207 2506 2520 213360 33712
402 207 2505 2520 214629 33867
403 207 2505 2520 215917 34052
404 207 2505 2520 217252 34204
405 207 2505 2520 218507 34387
406 208 2505 2520 219680 34594
407 208 2504 2520 220892 34703
408 209 2504 2520 222064 34880
409 210 2504 2520 223113 35042
410 211 2504 2520 224181 35155
411 212 2504 2520 225354 35333
412 212 2504 2520 226428 35485
413 212 2504 2520 227443 35652
414 214 2504 2520 228538 35738
415 214 2504 2520 229630 35893
416 214 2504 2520 230756 35987
417 215 2504 2520 231871 36151
418 215 2504 2520 232937 36297
419 215 2504 2520 233965 36448
420 219 2504 2520 234968 36530
421 219 2504 2520 235976 36684
422 222 2504 2520 236900 36816
423 224 2504 2520 237958 36983
424 226 2504 2520 239063 37174
425 228 2504 2520 240238 37337
426 228 2504 2520 241426 37504
427 228 2504 2520 242635 37599
428 231 2504 2520 243841 37707
429 231 2503 2520 244949 37833
430 231 2503 2520 246180 37970
431 232 2503 2520 247360 38076
432 232 2503 2520 248580 38214
433 237 2503 2520 249735 38325
434 239 2503 2520 250912 38477
435 239 2502 2520 252112 38635
436 240 2502 2520 253416 38780
437 242 2502 2520 254659 38897
438 242 2502 2520 255962 39074
439 243 2502 2520 257116 39151
440 243 2502 2520 258275 39356
441 246 2502 2520 259470 39451
442 247 2502 2520 260736 39655
443 247 2502 2520 261920 39806
444 249 2502 2520 263181 39979
445 251 2502 2520 264459 40163
446 254 2502 2520 265707 40342
447 254 2502 2520 266946 40482
448 255 2502 2520 268280 40636
449 255 2502 2520 269573 40809
450 255 2502 2520 270914 40955
451 258 2502 2520 272220 41078
452 259 2502 2520 273502 41218
453 261 2502 2520 274746 41364
454 262 2502 2520 275932 41471
455 262 2502 2520 277213 41657
456 263 2502 2520 278437 41819
457 263 2502 2520 279737 42023
458 263 2502 2520 280978 42140
459 266 2502 2520 282139 42273
460 268 2502 2520 283291 42389
461 270 2502 2520 284471 42522
462 272 2502 2520 285759 42644
463 273 2502 2520 287146 42792
464 275 2501 2520 288431 42949
465 276 2501 2520 289738 43099
466 279 2501 2520 291082 43228
467 281 2501 2520 292380 43396
468 281 2501 2520 293806 43540
469 284 2500 2520 295297 43723
470 285 2500 2520 296780 43864
471 288 2500 2520 298222 44026
472 290 2500 2520 299798 44246
473 290 2500 2520 301317 44403
474 290 2500 2520 302883 44583
475 291 2500 2520 304480 44755
476 291 2500 2520 305969 44924
477 291 2499 2520 307319 45087
478 296 2499 2520 308752 45242
479 297 2499 2520 310321 45438
480 299 2499 2520 311836 45604
481 299 2499 2520 313329 45698
482 300 2498 2520 314781 45841
483 300 2498 2520 316265 45896
484 301 2498 2520 317760 46083
485 302 2498 2520 319135 46170
486 303 2498 2520 320532 46322
487 304 2497 2520 322022 46569
488 305 2497 2520 323500 46707
489 306 2496 2520 324871 46832
490 309 2496 2520 326342 46960
491 310 2496 2520 327794 47209
492 310 2496 2520 329284 47369
493 311 2496 2520 330799 47472
494 312 2496 2520 332236 47663
495 312 2496 2520 333699 47776
496 314 2496 2520 335127 47928
497 316 2496 2520 336472 48145
498 320 2496 2520 337852 48319
499 321 2496 2520 339219 48464
500 323 2496 2520 340614 48601
501 326 2496 2520 342070 48773
502 327 2496 2520 343600 48948
503 327 2496 2520 345166 49133
504 330 2496 2520 346648 49308
505 332 2496 2520 348319 49546
506 334 2496 2520 349921 49693
507 336 2496 2520 351597 49905
508 337 2496 2520 353216 50098
509 339 2496 2520 354833 50269
510 340 2496 2520 356497 50416
511 341 2496 2520 358273 50520
512 344 2495 2520 359860 50693
513 344 2495 2520 361464 50864
514 346 2494 2520 363062 51032
515 347 2494 2520 364620 51206
516 348 2494 2520 366227 51421
517 350 2494 2520 367779 51575
518 350 2494 2520 369356 51683
519 351 2494 2520 370914 51827
520 352 2493 2520 372475 51949
521 352 2493 2520 373936 52081
522 353 2493 2520 375376 52183
523 354 2492 2520 376823 52330
524 355 2491 2520 378336 52475
525 356 2491 2520 379749 52593
526 359 2491 2520 381189 52749
527 360 2491 2520 382696 52879
528 363 2491 2520 384057 53047
529 365 2491 2520 385564 53178
530 365 2491 2520 387032 53283
531 365 2490 2520 388579 53471
532 366 2490 2520 390066 53540
533 366 2490 2520 391581 53651
534 368 2490 2520 392995 53817
535 370 2490 2520 394439 53997
536 370 2490 2520 395992 54142
537 372 2490 2520 397575 54210
538 372 2490 2520 398961 54366
539 373 2490 2520 400458 54521
540 374 2490 2520 401887 54633
541 375 2490 2520 403254 54774
542 375 2490 2520 404644 54917
543 375 2490 2520 405913 55003
544 376 2490 2520 407150 55091
545 380 2490 2520 408508 55176
546 381 2490 2520 409901 55315
547 383 2490 2520 411213 55455
548 384 2490 2520 412702 55635
549 387 2489 2520 414127 55739
550 391 2489 2520 415472 55883
551 392 2489 2520 416885 55959
552 392 2489 2520 418416 56119
553 394 2489 2520 419916 56276
554 395 2488 2520 421494 56427
555 396 2487 2520 423088 56578
556 399 2487 2520 424734 56744
557 401 2487 2520 426223 56879
558 403 2487 2520 427833 56976
559 404 2487 2520 429507 57170
560 406 2487 2520 431170 57341
561 410 2487 2520 432738 57465
562 410 2487 2520 434453 57595
563 413 2487 2520 436078 57730
564 414 2486 2520 437744 57894
565 415 2486 2520 439496 58066
566 415 2486 2520 441181 58265
567 417 2486 2520 442894 58484
568 420 2486 2520 444608 58666
569 420 2486 2520 446326 58779
570 421 2486 2520 447918 58917
571 422 2486 2520 449540 59093
572 423 2486 2520 451044 59216
573 424 2485 2520 452751 59353
574 426 2485 2520 454186 59467
575 428 2485 2520 455699 59606
576 430 2485 2520 457249 59744
577 430 2485 2520 458767 59890
578 430 2485 2520 460263 60040
579 430 2485 2520 461726 60158
580 430 2484 2520 463269 60230
581 431 2484 2520 464886 60400
582 435 2484 2520 466380 60458
583 436 2484 2520 467849 60573
584 438 2484 2520 469306 60790
585 438 2483 2520 470910 60894
586 443 2483 2520 472497 61066
587 443 2483 2520 474031 61308
588 444 2483 2520 475564 61446
589 444 2483 2520 477201 61677
590 446 2483 2520 478892 61806
591 447 2483 2520 480524 61962
592 447 2483 2520 482242 62168
593 447 2483 2520 483903 62433
594 447 2483 2520 485463 62654
595 449 2483 2520 486981 62842
596 450 2483 2520 488407 62971
597 452 2483 2520 489922 63042
598 454 2483 2520 491384 63186
599 455 2483 2520 492802 63283
600 455 2483 2520 494285 63436
601 459 2483 2520 495675 63541
602 462 2483 2520 497084 63623
603 466 2483 2520 498520 63781
604 470 2483 2520 500091 63910
605 471 2483 2520 501747 64021
606 473 2483 2520 503343 64213
607 475 2483 2520 505087 64340
608 476 2483 2520 506804 64511
609 476 2483 2520 508377 64660
610 481 2483 2520 510131 64790
611 483 2483 2520 511965 65011
612 487 2483 2520 513817 65228
613 489 2483 2520 515680 65376
614 490 2482 2520 517504 65559
615 490 2482 2520 519485 65768
616 490 2482 2520 521495 65971
617 490 2482 2520 523379 66128
618 493 2482 2520 525149 66353
619 495 2482 2520 526971 66557
620 495 2482 2520 528753 66729
621 496 2482 2520 530530 66867
622 497 2482 2520 532291 67043
623 499 2482 2520 533934 67200
624 501 2482 2520 535629 67329
625 502 2482 2520 537286 67452
626 504 2482 2520 538924 67591
627 505 2481 2520 540511 67697
628 506 2481 2520 542198 67850
629 507 2481 2520 543861 67961
630 509 2481 2520 545547 68168
631 511 2481 2520 547189 68290
632 513 2481 2520 548778 68472
633 514 2481 2520 550339 68628
634 515 2481 2520 552010 68806
635 517 2480 2520 553600 68889
636 518 2480 2520 555262 69027
637 520 2480 2520 556821 69112
638 523 2480 2520 558412 69244
639 524 2480 2520 560058 69416
640 526 2480 2520 561674 69619
641 527 2480 2520 563258 69828
642 528 2480 2520 565096 70052
643 528 2480 2520 566922 70205
644 528 2480 2520 568627 70392
645 532 2479 2520 570322 70528
646 534 2479 2520 572067 70641
647 534 2479 2520 573817 70837
648 535 2479 2520 575515 71023
649 538 2479 2520 577399 71226
650 538 2478 2520 579024 71312
651 539 2478 2520 580712 71455
652 540 2478 2520 582443 71633
653 540 2478 2520 584166 71798
654 541 2478 2520 585710 71967
655 545 2478 2520 587259 72079
656 548 2478 2520 588861 72218
657 551 2478 2520 590488 72330
658 554 2478 2520 592047 72487
659 554 2478 2520 593661 72674
660 558 2478 2520 595352 72738
661 562 2478 2520 597008 72914
662 565 2477 2520 598834 73072
663 566 2477 2520 600722 73355
664 567 2477 2520 602634 73577
665 568 2477 2520 604576 73716
666 569 2477 2520 606467 73837
667 570 2477 2520 608454 74021
668 575 2477 2520 610324 74188
669 575 2477 2520 612269 74349
670 578 2477 2520 614191 74480
671 582 2477 2520 616078 74530
672 582 2477 2520 618051 74705
673 583 2477 2520 620027 74871
674 583 2477 2520 621986 75064
675 584 2477 2520 623878 75288
676 586 2477 2520 625673 75417
677 586 2477 2520 627577 75557
678 587 2477 2520 629402 75739
679 588 2476 2520 631181 75847
680 592 2476 2520 632986 75936
681 593 2476 2520 634706 76063
682 593 2476 2520 636465 76210
683 596 2476 2520 638157 76390
684 598 2476 2520 639947 76540
685 599 2476 2520 641725 76689
686 603 2476 2520 643580 76789
687 603 2476 2520 645345 77005
688 606 2476 2520 647113 77244
689 608 2476 2520 648950 77375
690 608 2476 2520 650846 77517
691 608 2476 2520 652729 77728
692 609 2476 2520 654765 77880
693 613 2476 2520 656630 78050
694 614 2476 2520 658452 78289
695 616 2476 2520 660340 78466
696 618 2476 2520 662152 78609
697 620 2476 2520 663971 78850
698 623 2476 2520 665822 79077
699 625 2476 2520 667659 79312
700 627 2476 2520 669392 79439
701 628 2476 2520 671111 79666
702 630 2476 2520 672946 79913
703 635 2476 2520 674874 80055
704 635 2475 2520 676799 80282
705 638 2475 2520 678872 80475
706 641 2475 2520 680884 80676
707 643 2475 2520 682965 80899
708 645 2475 2520 685048 81064
709 649 2474 2520 687127 81236
710 651 2474 2520 689211 81460
711 652 2474 2520 691396 81712
712 652 2474 2520 693529 81913
713 653 2474 2520 695706 82105
714 654 2474 2520 697744 82224
715 655 2474 2520 699786 82387
716 656 2474 2520 701819 82591
717 657 2474 2520 703818 82753
718 658 2474 2520 705767 82915
719 660 2474 2520 707690 83060
720 660 2474 2520 709453 83185
721 664 2474 2520 711175 83232
722 666 2474 2520 713046 83417
723 667 2474 2520 714918 83622
724 670 2474 2520 716862 83884
725 671 2474 2520 718745 84059
726 673 2474 2520 720675 84241
727 675 2474 2520 722649 84384
728 675 2474 2520 724588 84569
729 676 2474 2520 726485 84712
730 679 2474 2520 728300 84880
731 682 2473 2520 730202 85092
732 683 2473 2520 732167 85277
733 685 2473 2520 734159 85400
734 687 2473 2520 736128 85568
735 691 2473 2520 738110 85710
736 692 2473 2520 740101 85885
737 696 2473 2520 742263 86050
738 696 2473 2520 744431 86205
739 697 2473 2520 746568 86440
740 699 2473 2520 748725 86628
741 700 2473 2520 750858 86806
742 702 2473 2520 752917 87029
743 704 2473 2520 754991 87225
744 705 2473 2520 757126 87453
745 707 2473 2520 759162 87662
746 709 2473 2520 761275 87805
747 712 2473 2520 763403 87982
748 713 2473 2520 765515 88235
749 715 2473 2520 767561 88376
750 717 2473 2520 769546 88596
751 719 2473 2520 771470 88770
752 719 2473 2520 773639 88988
753 720 2473 2520 775704 89102
754 721 2472 2520 777544 89243
755 722 2472 2520 779418 89436
756 724 2472 2520 781459 89616
757 726 2472 2520 783348 89796
758 729 2472 2520 785414 90040
759 733 2471 2520 787398 90237
760 734 2471 2520 789412 90448
761 736 2471 2520 791354 90559
762 737 2470 2520 793340 90705
763 741 2470 2520 795488 90879
764 742 2470 2520 797561 91111
765 747 2470 2520 799749 91319
766 750 2470 2520 801766 91507
767 750 2470 2520 804073 91733
768 751 2470 2520 806330 91878
769 752 2470 2520 808506 91996
770 755 2470 2520 810604 92171
771 756 2470 2520 812577 92340
772 760 2470 2520 814587 92486
773 760 2470 2520 816807 92708
774 761 2470 2520 818816 92888
775 763 2470 2520 820730 93092
776 764 2470 2520 822772 93263
777 766 2470 2520 824695 93395
778 767 2470 2520 826603 93552
779 769 2470 2520 828593 93745
780 772 2470 2520 830565 93923
781 773 2470 2520 832566 94035
782 775 2470 2520 834594 94268
783 779 2470 2520 836645 94452
784 781 2470 2520 838654 94640
785 785 2470 2520 840665 94885
786 786 2470 2520 842682 95104
787 790 2470 2520 844724 95283
788 791 2470 2520 847016 95453
789 795 2470 2520 849213 95684
790 796 2470 2520 851397 95933
791 796 2470 2520 853660 96127
792 796 2470 2520 856001 96385
793 797 2469 2520 858187 96460
794 801 2469 2520 860326 96678
795 802 2469 2520 862383 96848
796 805 2469 2520 864488 97031
797 807 2469 2520 866645 97190
798 808 2469 2520 868730 97347
799 809 2469 2520 870933 97542
800 810 2469 2520 873023 97716
801 813 2469 2520 875025 97874
802 817 2469 2520 876901 98035
803 819 2469 2520 879009 98257
804 821 2469 2520 881069 98407
805 824 2469 2520 883092 98604
806 826 2469 2520 885214 98783
807 827 2469 2520 887422 98979
808 828 2469 2520 889603 99176
809 829 2469 2520 891797 99417
810 829 2469 2520 894046 99628
811 831 2469 2520 896145 99748
812 835 2469 2520 898223 99959
813 835 2469 2520 900251 100150
814 836 2469 2520 902407 100327
815 838 2469 2520 904489 100453
816 838 2469 2520 906546 100662
817 839 2469 2520 908564 100806
818 840 2469 2520 910625 100966
819 840 2469 2520 912641 101100
820 842 2469 2520 914568 101250
821 842 2469 2520 916473 101358
822 843 2469 2520 918325 101548
823 850 2469 2520 920059 101674
824 855 2469 2520 921954 101906
825 856 2469 2520 923896 102055
826 861 2469 2520 925908 102220
827 862 2468 2520 927958 102375
828 863 2468 2520 930106 102585
829 866 2467 2520 932225 102698
830 868 2467 2520 934434 102878
831 871 2467 2520 936510 103068
832 873 2467 2520 938757 103268
833 874 2467 2520 940943 103515
834 877 2467 2520 943182 103686
835 877 2467 2520 945489 103869
836 878 2467 2520 947810 104144
837 882 2467 2520 950043 104332
838 884 2466 2520 952198 104539
839 886 2465 2520 954443 104764
840 888 2465 2520 956640 104907
841 891 2465 2520 958968 105147
842 895 2465 2520 961267 105346
843 896 2465 2520 963545 105526
844 897 2465 2520 965770 105641
845 897 2465 2520 967889 105834
846 898 2465 2520 969976 105969
847 899 2465 2520 972138 106195
848 901 2465 2520 974195 106346
849 904 2465 2520 976284 106494
850 906 2465 2520 978380 106692
851 908 2465 2520 980512 106889
852 913 2465 2520 982711 107057
853 917 2465 2520 984948 107231
854 921 2465 2520 987105 107384
855 923 2465 2520 989420 107565
856 930 2464 2520 991682 107815
857 931 2464 2520 994204 108091
858 936 2464 2520 996722 108289
859 940 2464 2520 999284 108478
860 942 2464 2520 1002111 108743
861 943 2464 2520 1004765 108981
862 946 2464 2520 1007566 109213
863 950 2464 2520 1010199 109386
864 950 2464 2520 1012873 109589
865 952 2464 2520 1015622 109895
866 954 2464 2520 1018299 110097
867 957 2464 2520 1020916 110345
868 960 2464 2520 1023576 110557
869 960 2464 2520 1026257 110681
870 962 2464 2520 1028928 110967
871 965 2464 2520 1031475 111257
872 967 2464 2520 1033964 111446
873 972 2464 2520 1036523 111604
874 972 2464 2520 1039093 111856
875 975 2464 2520 1041570 112089
876 975 2464 2520 1044101 112308
877 976 2464 2520 1046413 112532
878 980 2464 2520 1048898 112773
879 983 2464 2520 1051413 112994
880 983 2464 2520 1053935 113206
881 987 2464 2520 1056569 113451
882 988 2464 2520 1059038 113656
883 991 2464 2520 1061502 113860
884 991 2464 2520 1063867 114115
885 994 2464 2520 1066298 114348
886 995 2464 2520 1068755 114556
887 999 2464 2520 1071190 114737
888 1000 2464 2520 1073596 114924
889 1004 2464 2520 1075977 115185
890 1008 2464 2520 1078334 115401
891 1009 2464 2520 1080654 115567
892 1012 2464 2520 1083069 115775
893 1012 2463 2520 1085615 115961
894 1014 2463 2520 1087986 116121
895 1015 2463 2520 1090446 116365
896 1016 2463 2520 1092820 116512
897 1021 2463 2520 1095256 116644
898 1023 2463 2520 1097604 116857
899 1024 2463 2520 1099992 116983
900 1024 2463 2520 1102330 117121
901 1024 2463 2520 1104729 117255
902 1029 2463 2520 1106970 117369
903 1030 2463 2520 1109209 117494
904 1033 2463 2520 1111525 117656
905 1036 2463 2520 1113855 117833
906 1041 2462 2520 1116050 118006
907 1041 2462 2520 1118339 118228
908 1042 2462 2520 1120688 118367
909 1043 2462 2520 1123036 118472
910 1046 2462 2520 1125254 118639
911 1050 2462 2520 1127683 118804
912 1052 2462 2520 1130016 119032
913 1055 2462 2520 1132401 119288
914 1056 2462 2520 1134944 119579
915 1057 2462 2520 1137291 119758
916 1059 2462 2520 1139835 119994
917 1062 2462 2520 1142214 120163
918 1064 2462 2520 1144631 120291
919 1066 2462 2520 1147013 120474
920 1067 2462 2520 1149422 120596
921 1067 2462 2520 1151908 120758
922 1068 2462 2520 1154300 120917
923 1068 2462 2520 1156609 121154
924 1070 2462 2520 1158954 121344
925 1075 2462 2520 1161150 121549
926 1078 2462 2520 1163407 121654
927 1079 2462 2520 1165609 121804
928 1084 2462 2520 1167886 121925
929 1085 2462 2520 1170149 122030
930 1087 2462 2520 1172501 122192
931 1089 2462 2520 1174909 122326
932 1092 2462 2520 1177242 122486
933 1096 2462 2520 1179560 122670
934 1100 2462 2520 1181954 122829
935 1106 2462 2520 1184542 123124
936 1107 2462 2520 1187072 123386
937 1109 2462 2520 1189699 123594
938 1111 2462 2520 1192375 123813
939 1113 2462 2520 1194979 124060
940 1116 2462 2520 1197566 124332
941 1119 2462 2520 1200103 124481
942 1122 2462 2520 1202878 124704
943 1123 2462 2520 1205578 124891
944 1130 2462 2520 1208166 125073
945 1131 2462 2520 1210786 125282
946 1131 2462 2520 1213406 125473
947 1134 2462 2520 1215877 125659
948 1134 2462 2520 1218463 125842
949 1136 2462 2520 1221101 125975
950 1137 2462 2520 1223677 126215
951 1138 2462 2520 1226072 126367
952 1139 2462 2520 1228634 126617
953 1143 2462 2520 1231180 126741
954 1147 2462 2520 1233631 126839
955 1148 2462 2520 1236227 127099
956 1153 2462 2520 1238771 127342
957 1155 2462 2520 1241467 127646
958 1158 2462 2520 1244022 127816
959 1160 2461 2520 1246634 127925
960 1161 2461 2520 1249247 128148
961 1162 2461 2520 1251873 128290
962 1164 2461 2520 1254406 128502
963 1167 2461 2520 1256867 128739
964 1168 2460 2520 1259253 128896
965 1172 2460 2520 1261764 129015
966 1175 2460 2520 1264410 129228
967 1177 2460 2520 1266940 129407
968 1180 2459 2520 1269517 129604
969 1185 2459 2520 1272156 129783
970 1188 2458 2520 1274918 130073
971 1189 2458 2520 1277509 130248
972 1190 2458 2520 1280186 130469
973 1195 2457 2520 1282919 130758
974 1195 2457 2520 1285625 130948
975 1196 2457 2520 1288273 131122
976 1202 2457 2520 1290896 131289
977 1206 2457 2520 1293640 131519
978 1208 2457 2520 1296274 131661
979 1208 2457 2520 1298929 131871
980 1210 2457 2520 1301634 132013
981 1211 2457 2520 1304148 132168
982 1214 2457 2520 1306770 132398
983 1216 2456 2520 1309352 132615
984 1217 2456 2520 1312036 132819
985 1218 2456 2520 1314513 133010
986 1223 2456 2520 1316949 133194
987 1228 2456 2520 1319576 133392
988 1230 2455 2520 1322203 133601
989 1237 2455 2520 1324832 133704
990 1239 2455 2520 1327476 133925
991 1239 2455 2520 1330202 134009
992 1241 2455 2520 1332706 134194
993 1241 2455 2520 1335317 134360
994 1244 2455 2520 1338005 134561
995 1245 2455 2520 1340597 134737
996 1246 2455 2520 1343320 134847
997 1247 2455 2520 1345962 135007
998 1251 2455 2520 1348414 135187
999 1252 2455 2520 1351047 135335
1000 1254 2455 2520 1353556 135557
