0 1 2519 2520 795 500
1 1 2519 2520 811 512
2 1 2519 2520 836 532
3 1 2519 2520 855 545
4 1 2519 2520 876 559
5 1 2519 2520 909 579
6 1 2519 2520 930 588
7 1 2519 2520 951 603
8 1 2519 2520 969 614
9 1 2519 2520 989 622
10 1 2519 2520 1017 638
11 1 2519 2520 1041 651
12 1 2519 2520 1075 660
13 1 2519 2520 1096 667
14 1 2519 2520 1118 670
15 1 2519 2520 1135 680
16 1 2519 2520 1159 688
17 1 2519 2520 1189 706
18 1 2519 2520 1209 717
19 2 2519 2520 1222 718
20 2 2519 2520 1259 731
21 2 2519 2520 1356 762
22 2 2519 2520 1448 798
23 2 2519 2520 1552 839
24 2 2519 2520 1642 864
25 2 2519 2520 1719 884
26 2 2519 2520 1778 900
27 2 2519 2520 1850 920
28 2 2519 2520 1919 941
29 2 2519 2520 1975 959
30 2 2519 2520 2038 976
31 2 2519 2520 2098 998
32 2 2519 2520 2141 1000
33 2 2519 2520 2197 1013
34 2 2519 2520 2251 1028
35 2 2519 2520 2289 1048
36 2 2519 2520 2313 1055
37 2 2519 2520 2356 1067
38 2 2519 2520 2381 1064
39 2 2519 2520 2409 1065
40 3 2519 2520 2440 1073
41 4 2519 2520 2473 1082
42 4 2519 2520 2575 1121
43 4 2519 2520 2687 1156
44 4 2519 2520 2810 1205
45 4 2519 2520 2956 1260
46 4 2519 2520 3101 1307
47 4 2519 2520 3250 1347
48 4 2519 2520 3397 1407
49 4 2519 2520 3523 1442
50 4 2519 2520 3661 1475
51 4 2519 2520 3769 1514
52 4 2519 2520 3866 1548
53 4 2519 2520 3972 1566
54 4 2519 2520 4053 1581
55 4 2519 2520 4118 1589
56 4 2519 2520 4226 1630
57 4 2519 2520 4312 1674
58 4 2519 2520 4360 1684
59 4 2519 2520 4458 1706
60 4 2519 2520 4523 1722
61 4 2519 2520 4614 1750
62 4 2519 2520 4654 1760
63 4 2519 2520 4715 1768
64 4 2519 2520 4757 1781
65 5 2519 2520 4832 1797
66 6 2519 2520 4909 1819
67 7 2519 2520 5040 1875
68 8 2519 2520 5191 1934
69 8 2519 2520 5364 1992
70 8 2519 2520 5593 2040
71 8 2519 2520 5821 2091
72 8 2519 2520 6043 2139
73 8 2519 2520 6249 2187
74 8 2519 2520 6451 2232
75 8 2519 2520 6641 2268
76 8 2519 2520 6836 2305
77 8 2519 2520 7013 2350
78 8 2518 2520 7195 2369
79 8 2518 2520 7392 2412
80 8 2517 2520 7551 2422
81 8 2517 2520 7728 2453
82 8 2517 2520 7881 2478
83 8 2517 2520 8040 2490
84 8 2517 2520 8217 2528
85 8 2517 2520 8359 2549
86 8 2517 2520 8498 2546
87 8 2517 2520 8619 2560
88 9 2517 2520 8733 2599
89 9 2517 2520 8865 2624
90 9 2517 2520 9001 2651
91 9 2517 2520 9130 2684
92 11 2517 2520 9246 2697
93 11 2517 2520 9421 2724
94 12 2517 2520 9640 2779
95 12 2517 2520 9843 2832
96 12 2517 2520 10051 2891
97 12 2517 2520 10258 2943
98 12 2517 2520 10478 2981
99 12 2517 2520 10669 3010
100 12 2517 2520 10892 3045
101 12 2517 2520 11110 3101
102 13 2517 2520 11298 3131
103 13 2517 2520 11474 3183
104 13 2517 2520 11672 3222
105 13 2517 2520 11884 3274
106 13 2517 2520 12084 3298
107 14 2517 2520 12281 3358
108 14 2517 2520 12479 3421
109 14 2517 2520 12653 3456
110 14 2517 2520 12849 3503
111 14 2517 2520 13043 3524
112 14 2517 2520 13253 3582
113 14 2517 2520 13458 3637
114 14 2517 2520 13654 3677
115 14 2517 2520 13802 3716
116 14 2517 2520 13967 3734
117 14 2517 2520 14125 3784
118 14 2517 2520 14279 3789
119 14 2517 2520 14413 3818
120 14 2517 2520 14559 3861
121 14 2517 2520 14668 3896
122 14 2517 2520 14783 3914
123 14 2517 2520 14867 3940
124 15 2517 2520 15000 3957
125 16 2517 2520 15118 3984
126 16 2517 2520 15255 4037
127 17 2517 2520 15432 4086
128 17 2517 2520 15595 4111
129 17 2517 2520 15769 4160
130 17 2517 2520 15949 4203
131 17 2517 2520 16118 4251
132 17 2517 2520 16309 4280
133 17 2517 2520 16524 4335
134 17 2517 2520 16676 4380
135 17 2517 2520 16812 4416
136 18 2517 2520 16979 4462
137 18 2517 2520 17138 4490
138 18 2517 2520 17322 4524
139 18 2517 2520 17483 4573
140 18 2517 2520 17621 4598
141 19 2517 2520 17766 4629
142 19 2517 2520 17924 4669
143 20 2517 2520 18152 4741
144 20 2517 2520 18348 4779
145 20 2517 2520 18528 4815
146 20 2517 2520 18711 4862
147 20 2517 2520 18915 4916
148 20 2517 2520 19116 4967
149 20 2517 2520 19319 5009
150 20 2517 2520 19512 5053
151 20 2517 2520 19703 5101
152 20 2517 2520 19876 5127
153 20 2517 2520 20043 5155
154 20 2517 2520 20208 5192
155 21 2517 2520 20339 5225
156 21 2517 2520 20483 5269
157 21 2517 2520 20635 5311
158 23 2517 2520 20798 5336
159 23 2517 2520 20943 5362
160 23 2517 2520 21149 5407
161 23 2517 2520 21339 5449
162 23 2517 2520 21539 5488
163 23 2517 2520 21738 5523
164 23 2517 2520 21899 5585
165 23 2517 2520 22055 5612
166 23 2517 2520 22217 5622
167 23 2517 2520 22400 5632
168 23 2517 2520 22570 5682
169 23 2517 2520 22747 5709
170 23 2517 2520 22886 5725
171 23 2517 2520 23055 5742
172 23 2517 2520 23219 5774
173 23 2517 2520 23397 5815
174 23 2517 2520 23546 5843
175 23 2517 2520 23688 5868
176 23 2517 2520 23812 5871
177 23 2517 2520 23949 5887
178 23 2517 2520 24071 5922
179 23 2517 2520 24176 5944
180 23 2517 2520 24296 5993
181 23 2517 2520 24440 6020
182 23 2517 2520 24556 6054
183 23 2517 2520 24677 6064
184 23 2517 2520 24762 6077
185 23 2517 2520 24829 6094
186 25 2517 2520 24934 6115
187 25 2517 2520 25059 6137
188 26 2517 2520 25172 6186
189 26 2517 2520 25290 6213
190 26 2517 2520 25397 6253
191 27 2517 2520 25537 6273
192 28 2517 2520 25674 6314
193 28 2517 2520 25864 6354
194 28 2517 2520 26044 6392
195 28 2517 2520 26262 6447
196 28 2517 2520 26505 6488
197 28 2517 2520 26690 6529
198 29 2517 2520 26881 6573
199 30 2517 2520 27068 6603
200 30 2517 2520 27268 6625
201 30 2517 2520 27495 6678
202 31 2517 2520 27723 6727
203 32 2517 2520 27930 6741
204 32 2517 2520 28219 6784
205 32 2517 2520 28487 6825
206 32 2517 2520 28759 6859
207 32 2517 2520 29075 6933
208 32 2517 2520 29391 6992
209 32 2517 2520 29686 7041
210 32 2517 2520 29953 7083
211 32 2517 2520 30231 7158
212 32 2517 2520 30459 7193
213 32 2517 2520 30699 7251
214 32 2517 2520 30955 7311
215 32 2517 2520 31153 7345
216 32 2517 2520 31341 7378
217 32 2517 2520 31538 7435
218 32 2517 2520 31720 7462
219 32 2517 2520 31933 7506
220 32 2517 2520 32092 7533
221 32 2517 2520 32240 7586
222 33 2517 2520 32372 7608
223 33 2517 2520 32553 7636
224 33 2517 2520 32746 7682
225 33 2517 2520 32921 7740
226 33 2517 2520 33106 7773
227 33 2517 2520 33259 7796
228 33 2517 2520 33429 7838
229 33 2517 2520 33591 7842
230 33 2517 2520 33764 7871
231 33 2517 2520 33905 7897
232 33 2517 2520 34050 7913
233 33 2517 2520 34218 7936
234 33 2517 2520 34359 7943
235 33 2517 2520 34515 7963
236 33 2517 2520 34591 7975
237 33 2517 2520 34700 7990
238 33 2517 2520 34832 8021
239 33 2517 2520 34986 8060
240 33 2517 2520 35102 8073
241 33 2517 2520 35230 8115
242 33 2517 2520 35349 8133
243 34 2517 2520 35435 8168
244 35 2517 2520 35556 8198
245 35 2517 2520 35670 8225
246 35 2517 2520 35817 8271
247 35 2517 2520 35980 8323
248 35 2517 2520 36120 8351
249 35 2517 2520 36256 8380
250 36 2517 2520 36387 8398
251 36 2517 2520 36573 8445
252 37 2517 2520 36729 8469
253 38 2517 2520 36918 8514
254 38 2517 2520 37107 8567
255 38 2517 2520 37312 8627
256 38 2517 2520 37491 8686
257 40 2517 2520 37659 8702
258 40 2517 2520 37876 8757
259 41 2517 2520 38117 8825
260 41 2517 2520 38358 8870
261 41 2517 2520 38580 8913
262 41 2517 2520 38818 8957
263 41 2517 2520 39088 9009
264 41 2517 2520 39346 9052
265 41 2517 2520 39622 9098
266 41 2517 2520 39902 9144
267 41 2517 2520 40155 9183
268 41 2517 2520 40410 9249
269 41 2517 2520 40635 9284
270 41 2517 2520 40861 9333
271 41 2517 2520 41119 9379
272 41 2517 2520 41309 9418
273 41 2517 2520 41477 9446
274 41 2517 2520 41677 9502
275 41 2517 2520 41846 9524
276 41 2517 2520 42041 9566
277 41 2517 2520 42216 9620
278 41 2517 2520 42399 9664
279 41 2517 2520 42602 9712
280 41 2517 2520 42772 9747
281 41 2517 2520 42915 9759
282 41 2517 2520 43066 9802
283 41 2517 2520 43221 9838
284 41 2517 2520 43358 9867
285 41 2517 2520 43486 9904
286 41 2517 2520 43614 9940
287 42 2517 2520 43748 9944
288 42 2517 2520 43872 9981
289 43 2517 2520 44038 10034
290 43 2517 2520 44186 10072
291 43 2517 2520 44400 10117
292 43 2517 2520 44568 10163
293 44 2516 2520 44741 10209
294 44 2516 2520 44953 10262
295 44 2516 2520 45160 10327
296 44 2516 2520 45415 10360
297 44 2516 2520 45597 10388
298 44 2516 2520 45829 10418
299 44 2516 2520 46045 10458
300 44 2516 2520 46269 10521
301 44 2516 2520 46469 10571
302 44 2516 2520 46660 10616
303 44 2516 2520 46884 10653
304 44 2516 2520 47087 10704
305 44 2516 2520 47226 10752
306 44 2516 2520 47373 10749
307 46 2516 2520 47546 10783
308 46 2516 2520 47732 10829
309 46 2516 2520 47883 10839
310 46 2516 2520 48015 10850
311 46 2516 2520 48151 10877
312 46 2516 2520 48297 10910
313 47 2516 2520 48439 10960
314 47 2516 2520 48611 10964
315 47 2516 2520 48823 11002
316 47 2516 2520 48995 11026
317 48 2516 2520 49158 11063
318 48 2516 2520 49353 11107
319 48 2516 2520 49536 11146
320 49 2516 2520 49731 11176
321 49 2516 2520 49948 11217
322 50 2516 2520 50151 11272
323 51 2516 2520 50350 11330
324 51 2516 2520 50623 11377
325 51 2516 2520 50892 11423
326 51 2516 2520 51119 11495
327 51 2516 2520 51363 11553
328 51 2516 2520 51576 11557
329 51 2516 2520 51832 11581
330 51 2516 2520 52112 11639
331 51 2516 2520 52366 11688
332 51 2516 2520 52584 11738
333 51 2516 2520 52788 11793
334 51 2516 2520 52987 11825
335 51 2516 2520 53218 11849
336 51 2516 2520 53402 11872
337 51 2516 2520 53592 11910
338 51 2516 2520 53789 11929
339 51 2516 2520 53971 11982
340 51 2516 2520 54133 12005
341 51 2516 2520 54312 12035
342 51 2516 2520 54473 12064
343 52 2516 2520 54635 12097
344 52 2516 2520 54777 12125
345 52 2516 2520 54913 12153
346 52 2516 2520 55054 12182
347 53 2516 2520 55189 12188
348 53 2516 2520 55402 12229
349 54 2516 2520 55559 12257
350 54 2516 2520 55771 12303
351 54 2516 2520 55994 12329
352 54 2516 2520 56171 12364
353 54 2516 2520 56401 12429
354 55 2516 2520 56638 12484
355 55 2516 2520 56857 12538
356 55 2516 2520 57061 12578
357 55 2516 2520 57313 12615
358 55 2516 2520 57515 12668
359 55 2516 2520 57707 12720
360 55 2516 2520 57918 12732
361 55 2516 2520 58099 12765
362 55 2516 2520 58285 12789
363 55 2516 2520 58491 12835
364 55 2516 2520 58623 12890
365 56 2516 2520 58845 12948
366 56 2516 2520 59040 12973
367 56 2516 2520 59216 12994
368 56 2516 2520 59412 13026
369 56 2516 2520 59587 13049
370 56 2516 2520 59795 13088
371 57 2516 2520 59967 13121
372 58 2516 2520 60163 13165
373 58 2516 2520 60325 13227
374 58 2516 2520 60510 13259
375 58 2516 2520 60664 13265
376 58 2516 2520 60789 13304
377 58 2516 2520 60929 13330
378 58 2516 2520 61070 13347
379 58 2516 2520 61275 13381
380 58 2516 2520 61415 13403
381 58 2516 2520 61543 13428
382 59 2516 2520 61729 13456
383 59 2516 2520 61904 13475
384 59 2516 2520 62112 13530
385 59 2516 2520 62269 13562
386 59 2516 2520 62429 13590
387 59 2516 2520 62593 13626
388 59 2516 2520 62784 13670
389 59 2516 2520 62974 13704
390 60 2516 2520 63131 13755
391 62 2516 2520 63321 13797
392 62 2516 2520 63537 13859
393 62 2516 2520 63802 13905
394 62 2516 2520 64051 13949
395 62 2516 2520 64282 13982
396 63 2516 2520 64509 14041
397 63 2516 2520 64729 14087
398 64 2516 2520 64967 14143
399 64 2516 2520 65219 14174
400 64 2516 2520 65487 14217
401 64 2516 2520 65779 14255
402 64 2516 2520 66049 14316
403 64 2516 2520 66307 14349
404 64 2516 2520 66542 14367
405 64 2516 2520 66794 14407
406 64 2516 2520 67030 14456
407 64 2516 2520 67236 14486
408 64 2516 2520 67449 14538
409 65 2516 2520 67701 14587
410 65 2516 2520 67914 14618
411 65 2516 2520 68119 14654
412 65 2516 2520 68275 14681
413 65 2516 2520 68461 14708
414 65 2516 2520 68653 14731
415 65 2516 2520 68879 14777
416 65 2516 2520 69035 14785
417 65 2516 2520 69186 14817
418 65 2516 2520 69341 14841
419 65 2516 2520 69495 14878
420 65 2516 2520 69649 14906
421 65 2516 2520 69815 14927
422 65 2516 2520 69973 14947
423 65 2516 2520 70124 14989
424 66 2516 2520 70261 15016
425 67 2516 2520 70438 15039
426 68 2516 2520 70663 15075
427 70 2516 2520 70884 15125
428 70 2516 2520 71157 15171
429 71 2516 2520 71412 15226
430 71 2516 2520 71700 15287
431 71 2516 2520 72004 15322
432 71 2516 2520 72303 15374
433 71 2516 2520 72599 15460
434 72 2516 2520 72892 15473
435 72 2516 2520 73182 15544
436 72 2516 2520 73475 15605
437 72 2516 2520 73774 15663
438 72 2516 2520 74027 15719
439 72 2516 2520 74283 15790
440 73 2516 2520 74497 15825
441 73 2516 2520 74729 15877
442 73 2516 2520 74978 15923
443 73 2516 2520 75213 15967
444 73 2516 2520 75459 16032
445 73 2516 2520 75664 16046
446 73 2516 2520 75917 16093
447 73 2516 2520 76187 16118
448 73 2516 2520 76477 16188
449 73 2516 2520 76720 16202
450 73 2516 2520 76957 16252
451 73 2516 2520 77212 16280
452 73 2516 2520 77420 16324
453 74 2516 2520 77623 16363
454 74 2516 2520 77838 16422
455 75 2516 2520 78056 16476
456 76 2516 2520 78283 16527
457 77 2516 2520 78561 16565
458 77 2515 2520 78783 16591
459 77 2515 2520 79025 16615
460 77 2515 2520 79317 16667
461 77 2515 2520 79569 16730
462 77 2515 2520 79819 16768
463 77 2515 2520 80071 16779
464 77 2515 2520 80328 16819
465 77 2515 2520 80605 16864
466 77 2515 2520 80901 16909
467 77 2515 2520 81147 16946
468 77 2515 2520 81425 17009
469 77 2515 2520 81672 17027
470 77 2515 2520 81918 17083
471 77 2515 2520 82133 17122
472 77 2515 2520 82287 17146
473 77 2515 2520 82517 17186
474 77 2515 2520 82739 17231
475 78 2515 2520 82921 17285
476 78 2515 2520 83140 17330
477 78 2515 2520 83307 17364
478 79 2515 2520 83520 17392
479 79 2515 2520 83742 17445
480 79 2515 2520 84005 17493
481 81 2515 2520 84202 17531
482 81 2515 2520 84509 17575
483 81 2515 2520 84790 17643
484 81 2515 2520 85069 17689
485 81 2515 2520 85323 17750
486 81 2515 2520 85575 17803
487 82 2515 2520 85842 17869
488 82 2515 2520 86159 17915
489 82 2515 2520 86468 18013
490 83 2515 2520 86733 18058
491 84 2515 2520 87079 18147
492 84 2515 2520 87371 18200
493 84 2515 2520 87676 18251
494 84 2515 2520 87972 18289
495 84 2515 2520 88234 18342
496 84 2515 2520 88456 18377
497 84 2515 2520 88727 18411
498 84 2515 2520 89020 18466
499 84 2515 2520 89307 18481
500 84 2515 2520 89610 18518
501 84 2515 2520 89873 18551
502 84 2515 2520 90139 18589
503 84 2515 2520 90416 18635
504 86 2515 2520 90671 18695
505 87 2515 2520 90924 18742
506 88 2515 2520 91218 18755
507 88 2515 2520 91475 18777
508 88 2515 2520 91777 18824
509 90 2515 2520 92101 18909
510 90 2515 2520 92425 18974
511 90 2515 2520 92807 18998
512 92 2515 2520 93161 19053
513 92 2515 2520 93493 19123
514 92 2515 2520 93830 19183
515 92 2515 2520 94183 19252
516 92 2515 2520 94528 19305
517 92 2515 2520 94851 19362
518 92 2515 2520 95206 19423
519 92 2515 2520 95535 19470
520 92 2515 2520 95834 19509
521 92 2515 2520 96151 19539
522 93 2515 2520 96436 19576
523 93 2515 2520 96771 19640
524 94 2515 2520 97111 19723
525 95 2515 2520 97396 19765
526 96 2515 2520 97720 19811
527 96 2515 2520 98051 19863
528 96 2515 2520 98476 19952
529 97 2515 2520 98774 20002
530 97 2515 2520 99087 20062
531 97 2515 2520 99458 20143
532 97 2515 2520 99807 20202
533 97 2515 2520 100155 20249
534 97 2515 2520 100496 20319
535 97 2515 2520 100770 20369
536 97 2515 2520 101065 20394
537 97 2515 2520 101362 20469
538 97 2515 2520 101664 20519
539 98 2515 2520 101968 20545
540 99 2515 2520 102267 20621
541 99 2515 2520 102542 20639
542 100 2515 2520 102854 20700
543 100 2515 2520 103146 20737
544 100 2515 2520 103500 20811
545 100 2515 2520 103812 20883
546 100 2515 2520 104121 20934
547 100 2515 2520 104457 20985
548 100 2515 2520 104753 21045
549 101 2515 2520 105062 21103
550 101 2515 2520 105363 21112
551 102 2515 2520 105654 21187
552 103 2515 2520 105956 21223
553 103 2515 2520 106267 21269
554 103 2515 2520 106538 21343
555 103 2515 2520 106806 21385
556 103 2515 2520 107074 21417
557 104 2515 2520 107342 21439
558 104 2515 2520 107664 21485
559 104 2515 2520 107972 21536
560 105 2515 2520 108264 21581
561 105 2515 2520 108587 21597
562 105 2515 2520 108916 21634
563 105 2515 2520 109239 21680
564 105 2515 2520 109518 21727
565 105 2515 2520 109827 21789
566 106 2515 2520 110133 21802
567 107 2515 2520 110461 21871
568 107 2515 2520 110768 21919
569 107 2515 2520 111125 22000
570 107 2515 2520 111454 22057
571 107 2515 2520 111786 22093
572 107 2515 2520 112102 22109
573 107 2515 2520 112400 22189
574 107 2515 2520 112660 22232
575 107 2515 2520 112974 22254
576 108 2515 2520 113277 22301
577 108 2515 2520 113593 22365
578 108 2515 2520 113876 22402
579 108 2515 2520 114170 22454
580 108 2515 2520 114504 22506
581 108 2515 2520 114790 22544
582 108 2515 2520 115089 22625
583 108 2515 2520 115394 22664
584 110 2515 2520 115640 22700
585 110 2515 2520 115953 22746
586 111 2515 2520 116257 22794
587 111 2515 2520 116554 22830
588 111 2515 2520 116836 22881
589 111 2515 2520 117149 22957
590 112 2515 2520 117451 23000
591 112 2515 2520 117743 23064
592 112 2515 2520 118022 23108
593 113 2515 2520 118292 23165
594 113 2515 2520 118586 23210
595 114 2515 2520 118861 23266
596 114 2515 2520 119228 23317
597 114 2515 2520 119568 23416
598 114 2515 2520 119900 23451
599 114 2515 2520 120201 23484
600 115 2515 2520 120573 23543
601 115 2515 2520 120895 23596
602 115 2515 2520 121220 23643
603 115 2515 2520 121586 23704
604 115 2515 2520 121930 23793
605 115 2515 2520 122216 23795
606 115 2515 2520 122552 23873
607 115 2515 2520 122826 23895
608 115 2515 2520 123111 23939
609 116 2515 2520 123399 23976
610 116 2515 2520 123678 23985
611 117 2515 2520 123994 24037
612 117 2515 2520 124278 24099
613 118 2515 2520 124587 24163
614 118 2515 2520 124874 24197
615 118 2515 2520 125176 24269
616 118 2515 2520 125531 24348
617 118 2515 2520 125809 24391
618 119 2515 2520 126136 24429
619 120 2515 2520 126455 24471
620 120 2515 2520 126718 24541
621 120 2515 2520 127024 24588
622 120 2515 2520 127330 24611
623 123 2515 2520 127643 24675
624 124 2515 2520 127977 24732
625 124 2515 2520 128330 24751
626 126 2515 2520 128737 24816
627 127 2515 2520 129096 24863
628 127 2515 2520 129517 24964
629 127 2515 2520 129972 25059
630 127 2515 2520 130382 25119
631 128 2515 2520 130778 25223
632 128 2515 2520 131167 25288
633 129 2515 2520 131640 25354
634 129 2515 2520 132084 25402
635 130 2515 2520 132553 25460
636 130 2515 2520 132966 25525
637 130 2515 2520 133431 25559
638 130 2515 2520 133899 25612
639 130 2515 2520 134378 25678
640 130 2515 2520 134816 25706
641 130 2515 2520 135300 25758
642 130 2515 2520 135700 25848
643 131 2515 2520 136143 25892
644 131 2515 2520 136568 25954
645 132 2515 2520 136950 25989
646 132 2515 2520 137333 26061
647 132 2515 2520 137712 26091
648 132 2515 2520 138102 26164
649 132 2515 2520 138449 26220
650 132 2515 2520 138844 26265
651 132 2515 2520 139199 26304
652 132 2515 2520 139541 26347
653 132 2515 2520 139830 26376
654 132 2515 2520 140157 26400
655 132 2515 2520 140505 26444
656 133 2515 2520 140806 26496
657 134 2515 2520 141144 26587
658 134 2515 2520 141519 26583
659 134 2515 2520 141850 26670
660 134 2515 2520 142218 26720
661 134 2515 2520 142538 26770
662 135 2515 2520 142889 26802
663 135 2515 2520 143224 26850
664 136 2515 2520 143576 26889
665 136 2515 2520 143862 26899
666 136 2515 2520 144157 26983
667 136 2515 2520 144474 27044
668 136 2515 2520 144778 27079
669 136 2515 2520 145107 27138
670 136 2515 2520 145408 27186
671 137 2515 2520 145700 27261
672 138 2515 2520 145955 27296
673 138 2515 2520 146247 27334
674 138 2515 2520 146511 27370
675 139 2515 2520 146852 27432
676 139 2515 2520 147179 27463
677 139 2515 2520 147515 27538
678 140 2515 2520 147840 27568
679 141 2514 2520 148241 27617
680 141 2514 2520 148580 27653
681 141 2514 2520 148916 27691
682 141 2514 2520 149301 27731
683 141 2514 2520 149655 27769
684 141 2514 2520 149982 27807
685 141 2514 2520 150345 27884
686 141 2514 2520 150648 27908
687 141 2514 2520 150952 27937
688 141 2514 2520 151277 27992
689 141 2514 2520 151606 28027
690 141 2514 2520 151884 28097
691 142 2514 2520 152176 28128
692 144 2514 2520 152483 28157
693 145 2514 2520 152852 28212
694 146 2514 2520 153179 28288
695 146 2514 2520 153537 28321
696 146 2514 2520 153965 28387
697 146 2514 2520 154384 28441
698 146 2514 2520 154720 28493
699 146 2514 2520 155096 28543
700 146 2514 2520 155509 28598
701 147 2514 2520 155898 28621
702 147 2514 2520 156254 28634
703 147 2514 2520 156539 28692
704 148 2514 2520 156880 28726
705 148 2514 2520 157236 28764
706 148 2514 2520 157557 28806
707 150 2514 2520 157858 28838
708 150 2514 2520 158150 28845
709 151 2514 2520 158541 28903
710 151 2514 2520 158861 28935
711 151 2514 2520 159230 28994
712 152 2514 2520 159580 29031
713 153 2514 2520 159880 29076
714 153 2514 2520 160305 29149
715 155 2514 2520 160709 29195
716 155 2514 2520 161068 29265
717 155 2514 2520 161540 29343
718 155 2514 2520 161927 29403
719 155 2514 2520 162372 29449
720 155 2514 2520 162776 29525
721 155 2514 2520 163234 29574
722 155 2514 2520 163637 29622
723 155 2514 2520 164024 29690
724 155 2513 2520 164406 29766
725 155 2513 2520 164743 29790
726 155 2513 2520 165109 29828
727 156 2513 2520 165473 29904
728 156 2513 2520 165851 29945
729 156 2513 2520 166236 30000
730 156 2513 2520 166610 30012
731 157 2513 2520 166956 30041
732 157 2513 2520 167266 30057
733 157 2513 2520 167622 30093
734 157 2513 2520 167903 30147
735 158 2513 2520 168282 30200
736 159 2513 2520 168661 30233
737 159 2513 2520 168987 30277
738 159 2513 2520 169371 30323
739 159 2513 2520 169746 30401
740 159 2513 2520 170058 30409
741 160 2513 2520 170351 30451
742 160 2513 2520 170726 30517
743 160 2513 2520 171086 30565
744 160 2513 2520 171378 30611
745 160 2513 2520 171693 30653
746 160 2513 2520 172030 30705
747 161 2513 2520 172314 30740
748 162 2513 2520 172640 30780
749 162 2513 2520 172951 30843
750 162 2513 2520 173246 30888
751 162 2513 2520 173571 30948
752 162 2513 2520 173847 30998
753 162 2513 2520 174123 31011
754 163 2513 2520 174445 31041
755 163 2513 2520 174702 31059
756 164 2513 2520 175035 31100
757 165 2513 2520 175346 31154
758 165 2513 2520 175735 31191
759 165 2513 2520 176049 31255
760 165 2513 2520 176349 31297
761 165 2513 2520 176625 31341
762 165 2513 2520 176856 31361
763 165 2513 2520 177184 31405
764 165 2513 2520 177468 31453
765 165 2513 2520 177736 31472
766 165 2513 2520 178036 31509
767 166 2513 2520 178369 31581
768 166 2513 2520 178708 31631
769 166 2513 2520 179015 31659
770 166 2513 2520 179284 31711
771 166 2513 2520 179613 31752
772 167 2513 2520 179879 31780
773 167 2513 2520 180134 31782
774 167 2513 2520 180410 31838
775 167 2513 2520 180700 31896
776 168 2513 2520 181011 31938
777 169 2513 2520 181289 31969
778 169 2513 2520 181592 31997
779 169 2513 2520 181857 32029
780 169 2513 2520 182214 32088
781 171 2513 2520 182526 32164
782 171 2513 2520 182852 32220
783 171 2513 2520 183192 32265
784 171 2513 2520 183503 32332
785 171 2513 2520 183876 32388
786 172 2513 2520 184256 32429
787 173 2513 2520 184599 32474
788 173 2513 2520 184907 32539
789 173 2513 2520 185228 32589
790 175 2513 2520 185588 32638
791 175 2513 2520 185936 32674
792 175 2513 2520 186288 32732
793 176 2513 2520 186623 32759
794 176 2513 2520 186968 32793
795 176 2513 2520 187355 32873
796 176 2513 2520 187658 32926
797 176 2513 2520 187984 32968
798 176 2513 2520 188361 33051
799 176 2513 2520 188681 33076
800 176 2513 2520 188993 33105
801 176 2513 2520 189299 33148
802 176 2513 2520 189659 33200
803 176 2513 2520 189971 33272
804 176 2513 2520 190276 33310
805 176 2513 2520 190573 33358
806 176 2513 2520 190878 33385
807 177 2513 2520 191209 33449
808 178 2513 2520 191485 33514
809 178 2513 2520 191764 33540
810 178 2513 2520 192052 33573
811 178 2513 2520 192342 33633
812 178 2513 2520 192631 33669
813 179 2513 2520 192927 33708
814 179 2513 2520 193214 33722
815 180 2513 2520 193509 33782
816 182 2513 2520 193818 33827
817 182 2513 2520 194184 33884
818 182 2513 2520 194505 33925
819 182 2513 2520 194774 33982
820 182 2513 2520 195162 34073
821 182 2513 2520 195454 34085
822 183 2513 2520 195795 34114
823 183 2513 2520 196110 34155
824 184 2513 2520 196462 34202
825 184 2513 2520 196778 34300
826 184 2513 2520 197160 34365
827 184 2513 2520 197543 34474
828 185 2513 2520 197877 34548
829 185 2513 2520 198238 34619
830 185 2513 2520 198580 34675
831 185 2513 2520 198857 34691
832 185 2513 2520 199188 34763
833 185 2513 2520 199510 34775
834 187 2513 2520 199843 34826
835 187 2513 2520 200108 34877
836 187 2513 2520 200434 34951
837 188 2513 2520 200759 35019
838 188 2513 2520 201039 35046
839 188 2513 2520 201396 35093
840 188 2513 2520 201663 35151
841 188 2513 2520 201969 35185
842 188 2513 2520 202298 35206
843 188 2513 2520 202563 35283
844 188 2513 2520 202891 35345
845 189 2513 2520 203213 35364
846 189 2513 2520 203464 35415
847 189 2513 2520 203792 35470
848 189 2513 2520 204108 35525
849 189 2513 2520 204427 35555
850 189 2513 2520 204669 35599
851 190 2513 2520 204938 35628
852 191 2513 2520 205247 35678
853 191 2513 2520 205555 35761
854 191 2513 2520 205903 35820
855 192 2513 2520 206205 35869
856 192 2513 2520 206548 35908
857 193 2513 2520 206831 35927
858 193 2513 2520 207164 35974
859 193 2513 2520 207479 36044
860 194 2513 2520 207819 36083
861 195 2513 2520 208119 36126
862 195 2513 2520 208497 36141
863 196 2513 2520 208877 36176
864 197 2513 2520 209220 36181
865 197 2513 2520 209558 36200
866 197 2513 2520 209930 36268
867 197 2513 2520 210317 36295
868 199 2513 2520 210711 36333
869 199 2513 2520 211086 36384
870 200 2513 2520 211548 36482
871 200 2513 2520 212002 36568
872 201 2513 2520 212446 36635
873 201 2513 2520 212921 36715
874 201 2513 2520 213409 36801
875 201 2513 2520 213890 36895
876 202 2513 2520 214358 36962
877 203 2513 2520 214809 36994
878 203 2513 2520 215318 37104
879 203 2513 2520 215791 37161
880 203 2513 2520 216232 37218
881 203 2513 2520 216648 37247
882 203 2513 2520 217061 37324
883 204 2513 2520 217462 37408
884 205 2513 2520 217869 37471
885 206 2513 2520 218359 37536
886 206 2513 2520 218778 37567
887 206 2513 2520 219211 37632
888 206 2513 2520 219608 37702
889 207 2513 2520 220031 37737
890 208 2513 2520 220503 37836
891 208 2513 2520 220884 37907
892 209 2513 2520 221339 37994
893 209 2513 2520 221723 38062
894 209 2513 2520 222170 38100
895 210 2513 2520 222609 38174
896 210 2513 2520 223029 38270
897 210 2513 2520 223452 38346
898 210 2513 2520 223811 38416
899 210 2513 2520 224224 38432
900 210 2513 2520 224665 38482
901 210 2513 2520 225057 38545
902 210 2513 2520 225468 38618
903 211 2513 2520 225883 38670
904 211 2513 2520 226306 38722
905 211 2513 2520 226712 38739
906 211 2513 2520 227126 38771
907 211 2513 2520 227495 38820
908 212 2513 2520 227813 38858
909 214 2513 2520 228250 38946
910 214 2513 2520 228678 39000
911 214 2513 2520 229053 39028
912 215 2513 2520 229422 39085
913 215 2513 2520 229830 39149
914 215 2513 2520 230286 39227
915 215 2513 2520 230657 39295
916 216 2513 2520 231067 39312
917 216 2513 2520 231486 39350
918 217 2513 2520 231867 39409
919 218 2513 2520 232224 39479
920 219 2513 2520 232687 39540
921 220 2513 2520 233135 39604
922 220 2513 2520 233587 39667
923 220 2513 2520 234049 39746
924 221 2513 2520 234581 39785
925 221 2513 2520 235081 39840
926 221 2513 2520 235545 39930
927 222 2513 2520 235989 39980
928 223 2513 2520 236439 40047
929 224 2513 2520 236876 40113
930 224 2513 2520 237359 40155
931 224 2513 2520 237838 40203
932 224 2513 2520 238272 40266
933 224 2513 2520 238700 40287
934 225 2513 2520 239112 40355
935 225 2513 2520 239595 40446
936 225 2513 2520 240109 40505
937 225 2513 2520 240544 40557
938 225 2512 2520 241014 40618
939 225 2512 2520 241514 40673
940 225 2512 2520 242009 40704
941 225 2512 2520 242501 40773
942 225 2512 2520 242967 40795
943 225 2512 2520 243360 40839
944 225 2512 2520 243800 40920
945 226 2512 2520 244202 40972
946 226 2512 2520 244591 41035
947 226 2512 2520 245011 41066
948 227 2512 2520 245359 41142
949 227 2512 2520 245738 41151
950 227 2512 2520 246125 41218
951 227 2512 2520 246492 41290
952 227 2512 2520 246842 41354
953 227 2512 2520 247153 41371
954 228 2512 2520 247519 41422
955 228 2512 2520 247826 41494
956 229 2512 2520 248153 41540
957 229 2512 2520 248510 41562
958 229 2512 2520 248841 41612
959 231 2512 2520 249195 41688
960 232 2512 2520 249555 41701
961 233 2512 2520 249967 41778
962 234 2512 2520 250328 41863
963 234 2512 2520 250720 41954
964 235 2512 2520 251099 41974
965 235 2512 2520 251583 42051
966 236 2512 2520 251985 42095
967 236 2512 2520 252389 42137
968 238 2512 2520 252876 42230
969 239 2512 2520 253342 42308
970 239 2512 2520 253861 42370
971 240 2512 2520 254369 42439
972 241 2512 2520 254904 42513
973 242 2512 2520 255355 42578
974 242 2512 2520 255986 42647
975 243 2512 2520 256543 42737
976 243 2512 2520 257118 42811
977 244 2512 2520 257609 42867
978 244 2512 2520 258150 42957
979 244 2512 2520 258800 43041
980 245 2512 2520 259363 43131
981 245 2512 2520 259951 43184
982 246 2512 2520 260455 43289
983 246 2512 2520 260968 43364
984 247 2512 2520 261560 43423
985 247 2512 2520 262143 43485
986 247 2512 2520 262755 43526
987 247 2512 2520 263240 43608
988 247 2512 2520 263755 43658
989 247 2512 2520 264237 43722
990 247 2512 2520 264750 43807
991 249 2512 2520 265246 43848
992 251 2512 2520 265772 43918
993 251 2512 2520 266319 44015
994 252 2512 2520 266866 44095
995 253 2512 2520 267414 44145
996 253 2512 2520 267905 44236
997 253 2512 2520 268452 44327
998 253 2512 2520 269014 44369
999 253 2512 2520 269475 44495
1000 253 2512 2520 269991 44580
