0 1 2519 2520 797 501
1 1 2519 2520 807 505
2 1 2519 2520 823 520
3 1 2519 2520 844 533
4 1 2519 2520 867 546
5 1 2519 2520 892 563
6 1 2519 2520 923 579
7 1 2519 2520 951 594
8 1 2519 2520 981 608
9 1 2519 2520 1012 621
10 1 2519 2520 1047 629
11 1 2519 2520 1068 634
12 1 2519 2520 1092 639
13 1 2519 2520 1113 649
14 1 2519 2520 1142 658
15 1 2519 2520 1168 665
16 1 2519 2520 1186 671
17 1 2519 2520 1206 681
18 1 2519 2520 1222 684
19 1 2519 2520 1230 685
20 1 2519 2520 1241 688
21 2 2519 2520 1247 690
22 2 2519 2520 1279 701
23 2 2519 2520 1351 728
24 2 2519 2520 1427 755
25 2 2519 2520 1492 783
26 2 2519 2520 1561 800
27 2 2519 2520 1640 831
28 2 2519 2520 1721 867
29 2 2519 2520 1787 887
30 2 2519 2520 1854 898
31 2 2519 2520 1931 928
32 2 2519 2520 1965 934
33 2 2519 2520 2038 962
34 2 2519 2520 2101 987
35 2 2519 2520 2169 1006
36 2 2519 2520 2221 1026
37 2 2519 2520 2270 1036
38 2 2519 2520 2314 1039
39 2 2519 2520 2349 1049
40 2 2519 2520 2391 1064
41 2 2519 2520 2436 1072
42 2 2519 2520 2469 1078
43 4 2519 2520 2487 1083
44 4 2519 2520 2565 1115
45 4 2519 2520 2713 1175
46 4 2519 2520 2845 1233
47 4 2519 2520 2986 1286
48 4 2519 2520 3117 1308
49 4 2519 2520 3266 1347
50 4 2519 2520 3381 1385
51 4 2519 2520 3516 1430
52 4 2519 2520 3637 1463
53 4 2519 2520 3764 1505
54 4 2519 2520 3879 1540
55 4 2519 2520 3984 1567
56 4 2519 2520 4101 1599
57 4 2519 2520 4181 1623
58 4 2519 2520 4275 1634
59 4 2519 2520 4362 1667
60 4 2519 2520 4428 1682
61 4 2519 2520 4517 1702
62 4 2519 2520 4598 1723
63 4 2519 2520 4676 1761
64 4 2519 2520 4719 1771
65 5 2519 2520 4771 1789
66 6 2519 2520 4844 1811
67 7 2519 2520 4959 1850
68 7 2519 2520 5121 1892
69 7 2519 2520 5312 1947
70 7 2519 2520 5520 1990
71 7 2519 2520 5685 2037
72 7 2519 2520 5842 2056
73 7 2519 2520 6018 2091
74 8 2519 2520 6237 2143
75 8 2519 2520 6427 2178
76 8 2519 2520 6634 2236
77 8 2519 2520 6835 2263
78 8 2519 2520 6998 2276
79 8 2519 2520 7148 2302
80 8 2519 2520 7346 2353
81 8 2519 2520 7527 2389
82 8 2518 2520 7681 2410
83 8 2518 2520 7826 2440
84 8 2518 2520 7998 2488
85 8 2518 2520 8139 2528
86 8 2518 2520 8276 2535
87 8 2518 2520 8392 2557
88 8 2518 2520 8496 2574
89 8 2518 2520 8610 2607
90 8 2517 2520 8714 2624
91 9 2517 2520 8792 2625
92 9 2517 2520 8911 2643
93 9 2517 2520 9044 2659
94 11 2517 2520 9162 2677
95 11 2517 2520 9328 2711
96 11 2517 2520 9535 2761
97 11 2517 2520 9742 2807
98 11 2517 2520 9943 2856
99 11 2517 2520 10108 2885
100 11 2517 2520 10280 2925
101 11 2517 2520 10459 2959
102 11 2517 2520 10588 2989
103 12 2517 2520 10739 3008
104 12 2517 2520 10881 3040
105 12 2517 2520 11038 3086
106 12 2517 2520 11211 3121
107 12 2517 2520 11375 3146
108 12 2517 2520 11528 3168
109 12 2517 2520 11686 3202
110 12 2517 2520 11802 3228
111 12 2517 2520 11961 3261
112 12 2517 2520 12096 3300
113 13 2517 2520 12223 3331
114 13 2517 2520 12362 3401
115 13 2517 2520 12520 3436
116 13 2517 2520 12662 3472
117 13 2517 2520 12784 3501
118 13 2517 2520 12912 3530
119 13 2517 2520 13028 3557
120 13 2517 2520 13175 3593
121 13 2517 2520 13315 3645
122 13 2517 2520 13415 3676
123 13 2517 2520 13515 3709
124 13 2517 2520 13645 3759
125 13 2517 2520 13750 3776
126 13 2517 2520 13846 3783
127 13 2517 2520 13957 3815
128 15 2517 2520 14066 3848
129 15 2517 2520 14178 3883
130 15 2517 2520 14349 3910
131 15 2517 2520 14499 3954
132 15 2517 2520 14699 3996
133 15 2517 2520 14844 4028
134 15 2517 2520 15005 4072
135 15 2517 2520 15171 4107
136 15 2517 2520 15332 4176
137 15 2517 2520 15469 4211
138 15 2517 2520 15586 4243
139 15 2517 2520 15693 4266
140 15 2517 2520 15786 4280
141 16 2517 2520 15933 4310
142 16 2517 2520 16058 4357
143 16 2517 2520 16238 4406
144 17 2517 2520 16394 4449
145 18 2517 2520 16567 4466
146 18 2517 2520 16727 4525
147 18 2517 2520 16913 4553
148 18 2517 2520 17145 4605
149 18 2517 2520 17309 4634
150 18 2517 2520 17485 4693
151 18 2517 2520 17655 4727
152 18 2517 2520 17834 4754
153 19 2517 2520 17998 4803
154 19 2517 2520 18197 4845
155 19 2517 2520 18386 4890
156 19 2517 2520 18571 4936
157 19 2517 2520 18716 4970
158 19 2517 2520 18885 5002
159 19 2517 2520 19048 5043
160 19 2517 2520 19210 5076
161 19 2517 2520 19371 5103
162 19 2517 2520 19544 5160
163 19 2517 2520 19708 5191
164 19 2517 2520 19863 5234
165 19 2517 2520 20017 5270
166 19 2517 2520 20185 5311
167 19 2517 2520 20307 5334
168 19 2517 2520 20436 5369
169 19 2517 2520 20562 5393
170 19 2517 2520 20679 5424
171 19 2517 2520 20775 5432
172 19 2517 2520 20852 5461
173 20 2517 2520 20941 5480
174 21 2517 2520 21036 5472
175 22 2517 2520 21181 5523
176 22 2517 2520 21353 5582
177 23 2517 2520 21533 5630
178 23 2517 2520 21708 5668
179 23 2517 2520 21906 5704
180 24 2517 2520 22068 5763
181 25 2517 2520 22269 5814
182 25 2517 2520 22528 5865
183 26 2517 2520 22769 5934
184 26 2517 2520 23017 5996
185 26 2517 2520 23268 6023
186 26 2517 2520 23487 6076
187 26 2517 2520 23713 6127
188 26 2517 2520 23988 6197
189 26 2517 2520 24221 6252
190 26 2517 2520 24463 6301
191 26 2517 2520 24695 6358
192 26 2517 2520 24914 6400
193 26 2517 2520 25122 6436
194 26 2517 2520 25334 6485
195 26 2517 2520 25530 6521
196 26 2517 2520 25731 6561
197 26 2517 2520 25900 6587
198 26 2517 2520 26037 6599
199 26 2517 2520 26193 6639
200 26 2517 2520 26395 6676
201 26 2517 2520 26527 6708
202 26 2517 2520 26661 6727
203 26 2517 2520 26789 6778
204 27 2517 2520 26975 6814
205 27 2517 2520 27126 6846
206 27 2517 2520 27298 6894
207 27 2517 2520 27469 6932
208 27 2517 2520 27648 6955
209 28 2517 2520 27793 6971
210 28 2517 2520 27955 7025
211 28 2517 2520 28164 7050
212 28 2517 2520 28291 7091
213 28 2517 2520 28424 7118
214 28 2517 2520 28571 7132
215 28 2517 2520 28717 7171
216 28 2517 2520 28855 7195
217 29 2517 2520 29030 7203
218 31 2517 2520 29212 7255
219 31 2517 2520 29419 7304
220 31 2517 2520 29699 7392
221 31 2517 2520 29908 7431
222 31 2517 2520 30164 7483
223 31 2517 2520 30427 7540
224 33 2517 2520 30678 7588
225 33 2517 2520 30943 7651
226 33 2517 2520 31213 7675
227 34 2517 2520 31473 7736
228 34 2517 2520 31710 7795
229 34 2517 2520 32011 7838
230 34 2517 2520 32268 7861
231 34 2517 2520 32549 7907
232 35 2517 2520 32839 7975
233 35 2517 2520 33096 8009
234 35 2517 2520 33349 8065
235 35 2517 2520 33635 8107
236 35 2517 2520 33907 8189
237 35 2517 2520 34200 8259
238 35 2517 2520 34437 8321
239 35 2517 2520 34702 8378
240 35 2517 2520 34936 8431
241 35 2517 2520 35192 8497
242 35 2517 2520 35383 8532
243 35 2517 2520 35556 8576
244 35 2517 2520 35795 8630
245 35 2517 2520 35963 8702
246 35 2517 2520 36136 8735
247 35 2517 2520 36286 8757
248 35 2517 2520 36433 8773
249 35 2517 2520 36589 8788
250 35 2517 2520 36761 8845
251 35 2517 2520 36890 8885
252 35 2517 2520 37031 8913
253 35 2517 2520 37137 8953
254 35 2517 2520 37261 8962
255 35 2517 2520 37390 9021
256 35 2516 2520 37500 9055
257 35 2516 2520 37631 9072
258 35 2516 2520 37748 9112
259 36 2516 2520 37902 9129
260 36 2516 2520 38039 9160
261 36 2516 2520 38195 9180
262 36 2516 2520 38349 9185
263 36 2516 2520 38478 9200
264 37 2516 2520 38628 9245
265 38 2516 2520 38763 9269
266 39 2516 2520 38954 9313
267 39 2516 2520 39161 9338
268 40 2516 2520 39365 9413
269 40 2516 2520 39601 9424
270 40 2516 2520 39833 9491
271 40 2516 2520 40057 9524
272 41 2516 2520 40312 9568
273 41 2516 2520 40513 9602
274 41 2516 2520 40761 9646
275 41 2516 2520 41004 9715
276 41 2516 2520 41221 9772
277 41 2516 2520 41435 9816
278 41 2516 2520 41658 9856
279 42 2516 2520 41833 9879
280 43 2516 2520 42045 9906
281 43 2516 2520 42277 9939
282 43 2516 2520 42515 9981
283 44 2516 2520 42708 10040
284 44 2516 2520 42937 10074
285 44 2516 2520 43114 10102
286 44 2516 2520 43325 10147
287 44 2516 2520 43517 10179
288 44 2515 2520 43758 10203
289 44 2515 2520 43985 10267
290 44 2515 2520 44213 10310
291 44 2515 2520 44433 10340
292 44 2515 2520 44672 10385
293 44 2515 2520 44903 10414
294 44 2515 2520 45090 10457
295 44 2515 2520 45286 10451
296 44 2515 2520 45436 10486
297 44 2515 2520 45627 10519
298 44 2515 2520 45790 10549
299 44 2515 2520 45962 10546
300 44 2515 2520 46099 10562
301 44 2515 2520 46234 10602
302 44 2515 2520 46376 10629
303 44 2515 2520 46491 10661
304 44 2515 2520 46612 10671
305 45 2515 2520 46731 10696
306 45 2515 2520 46874 10719
307 46 2515 2520 47032 10732
308 46 2515 2520 47178 10762
309 46 2515 2520 47329 10801
310 46 2515 2520 47486 10821
311 46 2515 2520 47681 10854
312 46 2515 2520 47856 10877
313 46 2515 2520 48029 10896
314 46 2515 2520 48181 10926
315 46 2515 2520 48321 10954
316 46 2515 2520 48505 10987
317 46 2515 2520 48693 11031
318 46 2515 2520 48852 11054
319 46 2515 2520 49025 11056
320 46 2515 2520 49184 11083
321 46 2515 2520 49335 11124
322 46 2515 2520 49473 11142
323 46 2515 2520 49617 11174
324 46 2515 2520 49753 11196
325 47 2515 2520 49905 11216
326 47 2515 2520 50042 11246
327 48 2515 2520 50177 11248
328 48 2515 2520 50317 11259
329 49 2515 2520 50463 11291
330 49 2515 2520 50646 11321
331 49 2515 2520 50845 11338
332 49 2515 2520 51033 11387
333 50 2515 2520 51196 11421
334 51 2515 2520 51367 11442
335 51 2515 2520 51579 11476
336 51 2515 2520 51859 11556
337 51 2515 2520 52090 11622
338 51 2515 2520 52329 11646
339 51 2515 2520 52504 11676
340 51 2515 2520 52708 11717
341 52 2515 2520 52883 11757
342 53 2515 2520 53107 11792
343 53 2515 2520 53392 11831
344 53 2515 2520 53655 11876
345 53 2515 2520 53886 11925
346 53 2515 2520 54122 11962
347 53 2515 2520 54343 12003
348 53 2515 2520 54615 12054
349 53 2515 2520 54831 12064
350 53 2515 2520 55069 12108
351 53 2515 2520 55302 12142
352 54 2515 2520 55496 12158
353 54 2515 2520 55704 12210
354 54 2515 2520 55891 12230
355 54 2515 2520 56104 12282
356 54 2515 2520 56288 12316
357 55 2515 2520 56508 12360
358 55 2515 2520 56739 12398
359 55 2515 2520 56947 12430
360 55 2515 2520 57150 12458
361 55 2515 2520 57367 12505
362 55 2515 2520 57564 12549
363 55 2515 2520 57772 12599
364 55 2515 2520 57953 12637
365 55 2515 2520 58170 12662
366 55 2515 2520 58347 12688
367 56 2515 2520 58522 12740
368 56 2515 2520 58713 12783
369 56 2515 2520 58930 12829
370 56 2515 2520 59163 12857
371 56 2515 2520 59384 12884
372 56 2515 2520 59606 12901
373 56 2515 2520 59780 12941
374 57 2515 2520 59971 12961
375 57 2515 2520 60121 12982
376 57 2515 2520 60312 13032
377 59 2515 2520 60487 13060
378 59 2515 2520 60718 13119
379 59 2515 2520 60900 13140
380 59 2515 2520 61113 13191
381 59 2515 2520 61334 13219
382 59 2515 2520 61545 13222
383 59 2515 2520 61752 13266
384 59 2515 2520 61964 13323
385 59 2515 2520 62167 13357
386 59 2515 2520 62353 13404
387 59 2515 2520 62571 13431
388 59 2515 2520 62773 13465
389 60 2515 2520 62958 13515
390 60 2515 2520 63124 13529
391 60 2515 2520 63330 13580
392 61 2515 2520 63537 13605
393 62 2515 2520 63725 13644
394 62 2515 2520 63930 13687
395 62 2515 2520 64132 13704
396 63 2515 2520 64406 13763
397 63 2515 2520 64616 13791
398 63 2515 2520 64864 13825
399 63 2515 2520 65119 13887
400 63 2515 2520 65327 13914
401 63 2515 2520 65531 13956
402 63 2515 2520 65726 13994
403 64 2515 2520 65945 14031
404 64 2515 2520 66154 14068
405 64 2515 2520 66365 14082
406 64 2515 2520 66598 14125
407 65 2515 2520 66845 14156
408 65 2515 2520 67073 14204
409 65 2515 2520 67300 14226
410 65 2515 2520 67557 14247
411 65 2515 2520 67783 14305
412 67 2515 2520 68021 14363
413 67 2515 2520 68238 14387
414 67 2515 2520 68442 14426
415 67 2515 2520 68648 14454
416 67 2515 2520 68836 14469
417 67 2515 2520 69029 14512
418 67 2515 2520 69286 14548
419 67 2515 2520 69532 14570
420 68 2515 2520 69738 14590
421 68 2515 2520 69929 14613
422 68 2515 2520 70141 14628
423 68 2515 2520 70366 14645
424 69 2515 2520 70591 14670
425 69 2515 2520 70812 14715
426 69 2515 2520 71045 14745
427 70 2515 2520 71266 14802
428 70 2515 2520 71497 14844
429 70 2515 2520 71772 14875
430 71 2515 2520 72017 14930
431 71 2515 2520 72264 14970
432 72 2515 2520 72545 15046
433 72 2515 2520 72823 15103
434 72 2515 2520 73070 15126
435 72 2515 2520 73370 15173
436 72 2515 2520 73695 15233
437 72 2515 2520 73940 15286
438 72 2515 2520 74204 15301
439 72 2515 2520 74457 15364
440 72 2515 2520 74720 15380
441 72 2515 2520 74958 15418
442 72 2515 2520 75152 15442
443 72 2515 2520 75403 15454
444 72 2515 2520 75644 15494
445 72 2515 2520 75870 15548
446 72 2515 2520 76066 15555
447 72 2515 2520 76309 15609
448 72 2515 2520 76516 15641
449 72 2515 2520 76688 15663
450 72 2515 2520 76895 15685
451 72 2515 2520 77072 15718
452 72 2515 2520 77273 15760
453 72 2515 2520 77398 15778
454 72 2515 2520 77524 15822
455 72 2515 2520 77681 15841
456 72 2515 2520 77814 15857
457 72 2515 2520 77970 15885
458 72 2515 2520 78123 15888
459 73 2515 2520 78307 15931
460 73 2515 2520 78433 15958
461 73 2515 2520 78589 15970
462 73 2515 2520 78749 16005
463 74 2515 2520 78893 16013
464 74 2515 2520 79074 16044
465 75 2515 2520 79209 16075
466 75 2515 2520 79410 16105
467 76 2515 2520 79609 16156
468 77 2515 2520 79863 16208
469 77 2515 2520 80083 16247
470 77 2515 2520 80288 16289
471 77 2515 2520 80537 16309
472 79 2515 2520 80796 16362
473 79 2515 2520 81012 16405
474 79 2515 2520 81266 16450
475 79 2515 2520 81549 16503
476 80 2515 2520 81826 16556
477 80 2515 2520 82090 16597
478 80 2515 2520 82360 16610
479 80 2515 2520 82593 16662
480 80 2515 2520 82860 16696
481 81 2515 2520 83087 16714
482 82 2515 2520 83373 16763
483 82 2515 2520 83618 16797
484 82 2515 2520 83883 16820
485 82 2515 2520 84207 16847
486 82 2515 2520 84431 16892
487 82 2514 2520 84705 16935
488 82 2514 2520 84992 16977
489 82 2514 2520 85282 17026
490 82 2514 2520 85525 17071
491 82 2514 2520 85818 17098
492 82 2514 2520 86100 17121
493 82 2514 2520 86362 17171
494 82 2514 2520 86592 17225
495 82 2514 2520 86803 17265
496 83 2514 2520 87049 17293
497 83 2514 2520 87289 17341
498 83 2514 2520 87547 17387
499 83 2514 2520 87815 17447
500 84 2514 2520 88035 17472
501 84 2514 2520 88266 17540
502 84 2514 2520 88535 17611
503 84 2514 2520 88737 17635
504 84 2514 2520 88980 17668
505 84 2514 2520 89219 17737
506 85 2514 2520 89445 17766
507 85 2514 2520 89708 17788
508 85 2514 2520 90000 17831
509 85 2514 2520 90261 17871
510 85 2514 2520 90528 17917
511 85 2514 2520 90774 17965
512 85 2514 2520 91004 18011
513 86 2514 2520 91268 18056
514 86 2514 2520 91512 18102
515 86 2514 2520 91758 18149
516 86 2514 2520 91968 18202
517 86 2514 2520 92135 18226
518 86 2514 2520 92354 18255
519 86 2514 2520 92569 18314
520 86 2514 2520 92757 18322
521 87 2514 2520 92971 18353
522 89 2514 2520 93202 18394
523 89 2514 2520 93412 18437
524 89 2514 2520 93694 18518
525 89 2514 2520 93956 18550
526 89 2514 2520 94222 18604
527 89 2514 2520 94490 18636
528 89 2514 2520 94736 18692
529 90 2514 2520 94981 18741
530 90 2514 2520 95264 18783
531 90 2514 2520 95569 18861
532 92 2514 2520 95852 18896
533 92 2514 2520 96150 18949
534 92 2514 2520 96468 18982
535 92 2514 2520 96799 19012
536 92 2514 2520 97070 19066
537 92 2514 2520 97304 19118
538 92 2514 2520 97528 19167
539 92 2514 2520 97756 19197
540 92 2514 2520 97988 19265
541 92 2514 2520 98242 19305
542 93 2514 2520 98468 19363
543 93 2514 2520 98703 19377
544 93 2514 2520 98973 19416
545 95 2514 2520 99206 19471
546 96 2514 2520 99437 19499
547 97 2514 2520 99708 19531
548 97 2514 2520 100057 19588
549 97 2514 2520 100398 19660
550 97 2514 2520 100745 19734
551 97 2514 2520 101069 19761
552 98 2514 2520 101381 19785
553 98 2514 2520 101692 19837
554 98 2514 2520 101979 19855
555 98 2514 2520 102325 19924
556 99 2514 2520 102672 19983
557 99 2514 2520 103029 20034
558 99 2514 2520 103376 20085
559 99 2514 2520 103725 20165
560 99 2514 2520 104094 20241
561 99 2514 2520 104373 20281
562 99 2514 2520 104624 20349
563 99 2514 2520 104895 20397
564 99 2514 2520 105169 20422
565 99 2514 2520 105396 20467
566 99 2514 2520 105603 20513
567 102 2514 2520 105876 20567
568 102 2514 2520 106130 20627
569 102 2514 2520 106424 20696
570 103 2514 2520 106706 20708
571 103 2513 2520 107016 20779
572 103 2513 2520 107335 20828
573 103 2513 2520 107704 20906
574 103 2513 2520 108028 20945
575 103 2513 2520 108363 21001
576 103 2513 2520 108660 21040
577 103 2513 2520 108925 21088
578 104 2513 2520 109213 21130
579 104 2513 2520 109490 21173
580 104 2513 2520 109769 21206
581 104 2513 2520 110080 21265
582 105 2513 2520 110374 21298
583 105 2513 2520 110681 21362
584 105 2513 2520 111016 21400
585 106 2513 2520 111261 21439
586 107 2513 2520 111537 21480
587 108 2513 2520 111843 21544
588 108 2513 2520 112158 21583
589 108 2513 2520 112469 21634
590 108 2513 2520 112759 21668
591 108 2513 2520 113115 21730
592 108 2513 2520 113469 21781
593 108 2513 2520 113796 21825
594 108 2513 2520 114104 21854
595 110 2513 2520 114451 21931
596 110 2512 2520 114779 21993
597 110 2512 2520 115120 22011
598 110 2512 2520 115468 22069
599 110 2512 2520 115843 22150
600 110 2512 2520 116130 22155
601 110 2512 2520 116479 22227
602 110 2512 2520 116793 22226
603 111 2512 2520 117068 22279
604 111 2512 2520 117325 22321
605 111 2512 2520 117666 22389
606 113 2512 2520 117977 22414
607 114 2512 2520 118226 22456
608 114 2512 2520 118525 22479
609 114 2512 2520 118860 22509
610 114 2512 2520 119172 22542
611 114 2512 2520 119484 22592
612 115 2512 2520 119784 22642
613 115 2512 2520 120049 22692
614 115 2512 2520 120409 22749
615 115 2512 2520 120783 22850
616 116 2512 2520 121101 22918
617 116 2512 2520 121474 22988
618 116 2511 2520 121758 23033
619 116 2511 2520 122077 23105
620 116 2511 2520 122427 23111
621 116 2511 2520 122739 23174
622 117 2511 2520 123038 23227
623 117 2511 2520 123406 23280
624 118 2511 2520 123681 23292
625 118 2511 2520 123978 23338
626 118 2511 2520 124313 23389
627 118 2511 2520 124645 23437
628 119 2511 2520 124956 23473
629 120 2511 2520 125243 23528
630 120 2511 2520 125545 23604
631 120 2511 2520 125835 23654
632 121 2511 2520 126193 23686
633 121 2511 2520 126537 23737
634 121 2511 2520 126884 23797
635 121 2511 2520 127260 23867
636 121 2511 2520 127572 23916
637 121 2511 2520 127850 23968
638 121 2511 2520 128158 24040
639 121 2511 2520 128469 24080
640 121 2511 2520 128756 24121
641 121 2511 2520 129043 24142
642 122 2511 2520 129321 24170
643 122 2511 2520 129624 24200
644 122 2511 2520 129890 24257
645 122 2511 2520 130186 24303
646 123 2511 2520 130476 24390
647 124 2511 2520 130730 24434
648 124 2511 2520 131034 24472
649 124 2511 2520 131256 24506
650 124 2511 2520 131526 24576
651 125 2511 2520 131791 24628
652 125 2511 2520 132054 24669
653 125 2511 2520 132336 24722
654 126 2511 2520 132630 24773
655 126 2511 2520 132958 24841
656 126 2511 2520 133296 24893
657 126 2511 2520 133598 24929
658 126 2511 2520 133877 24992
659 126 2511 2520 134235 25064
660 126 2511 2520 134513 25112
661 126 2511 2520 134779 25174
662 126 2511 2520 135044 25246
663 127 2511 2520 135373 25314
664 128 2511 2520 135640 25399
665 128 2511 2520 135960 25417
666 128 2511 2520 136185 25436
667 128 2511 2520 136473 25485
668 128 2511 2520 136710 25504
669 128 2511 2520 136944 25560
670 129 2510 2520 137163 25617
671 130 2510 2520 137436 25669
672 130 2510 2520 137691 25721
673 130 2510 2520 137980 25735
674 130 2510 2520 138303 25771
675 131 2510 2520 138586 25840
676 131 2510 2520 138888 25908
677 132 2510 2520 139214 25980
678 132 2510 2520 139514 26003
679 132 2510 2520 139850 26079
680 132 2510 2520 140107 26109
681 132 2510 2520 140424 26145
682 134 2510 2520 140753 26181
683 134 2510 2520 141092 26259
684 134 2510 2520 141445 26303
685 134 2510 2520 141762 26370
686 134 2510 2520 142108 26389
687 134 2510 2520 142417 26414
688 134 2510 2520 142713 26480
689 135 2510 2520 142994 26520
690 135 2510 2520 143333 26575
691 135 2510 2520 143646 26604
692 137 2510 2520 143971 26653
693 138 2510 2520 144279 26715
694 138 2510 2520 144639 26767
695 139 2509 2520 144989 26845
696 139 2509 2520 145363 26898
697 139 2509 2520 145729 26907
698 140 2509 2520 146109 26936
699 140 2509 2520 146489 27040
700 140 2509 2520 146851 27086
701 140 2509 2520 147221 27119
702 141 2509 2520 147644 27186
703 141 2508 2520 148053 27242
704 141 2508 2520 148444 27297
705 141 2508 2520 148792 27344
706 141 2507 2520 149215 27411
707 141 2507 2520 149586 27465
708 141 2507 2520 149963 27510
709 141 2507 2520 150326 27594
710 141 2507 2520 150696 27643
711 141 2507 2520 151023 27645
712 142 2507 2520 151402 27660
713 142 2507 2520 151748 27747
714 142 2507 2520 152027 27775
715 142 2507 2520 152307 27809
716 142 2507 2520 152603 27860
717 143 2507 2520 152838 27898
718 144 2507 2520 153121 27927
719 144 2507 2520 153432 27973
720 144 2507 2520 153760 28055
721 144 2507 2520 154008 28081
722 144 2507 2520 154289 28114
723 144 2507 2520 154574 28170
724 144 2507 2520 154908 28233
725 144 2507 2520 155163 28263
726 146 2507 2520 155452 28311
727 146 2507 2520 155731 28367
728 148 2507 2520 156030 28437
729 148 2507 2520 156341 28470
730 149 2507 2520 156678 28542
731 149 2507 2520 157027 28570
732 149 2507 2520 157358 28614
733 149 2507 2520 157736 28675
734 149 2507 2520 158100 28740
735 149 2507 2520 158405 28806
736 149 2507 2520 158706 28826
737 149 2507 2520 159001 28864
738 149 2507 2520 159330 28954
739 149 2507 2520 159648 29005
740 149 2507 2520 159975 29063
741 149 2507 2520 160242 29128
742 150 2507 2520 160505 29170
743 150 2507 2520 160796 29219
744 150 2507 2520 161137 29291
745 150 2507 2520 161449 29301
746 151 2507 2520 161745 29338
747 151 2507 2520 162029 29437
748 152 2507 2520 162353 29473
749 153 2507 2520 162662 29497
750 153 2507 2520 163003 29552
751 156 2507 2520 163346 29623
752 156 2507 2520 163675 29662
753 156 2507 2520 164047 29749
754 156 2507 2520 164424 29787
755 156 2507 2520 164760 29853
756 157 2507 2520 165142 29889
757 158 2507 2520 165550 29942
758 158 2507 2520 165912 30004
759 159 2507 2520 166280 30044
760 159 2507 2520 166721 30136
761 159 2507 2520 167159 30209
762 159 2507 2520 167639 30275
763 159 2507 2520 168001 30356
764 160 2507 2520 168413 30419
765 160 2507 2520 168803 30487
766 160 2507 2520 169126 30535
767 161 2507 2520 169451 30561
768 161 2507 2520 169861 30647
769 161 2507 2520 170275 30706
770 161 2507 2520 170684 30759
771 161 2507 2520 171045 30836
772 162 2507 2520 171443 30917
773 162 2507 2520 171818 31002
774 164 2507 2520 172212 31076
775 165 2507 2520 172600 31144
776 165 2507 2520 172972 31176
777 165 2507 2520 173292 31226
778 165 2507 2520 173630 31263
779 165 2507 2520 174010 31315
780 167 2507 2520 174384 31384
781 167 2507 2520 174797 31444
782 168 2507 2520 175235 31466
783 169 2507 2520 175660 31541
784 169 2507 2520 176058 31622
785 169 2507 2520 176540 31723
786 169 2507 2520 176997 31800
787 169 2507 2520 177410 31892
788 169 2507 2520 177791 31939
789 169 2507 2520 178254 31996
790 169 2507 2520 178657 32015
791 169 2507 2520 179084 32096
792 169 2507 2520 179507 32149
793 170 2507 2520 179887 32190
794 170 2507 2520 180213 32226
795 171 2507 2520 180633 32278
796 171 2507 2520 181048 32369
797 171 2507 2520 181433 32412
798 172 2507 2520 181791 32477
799 173 2507 2520 182196 32523
800 173 2507 2520 182569 32588
801 173 2507 2520 182966 32627
802 174 2507 2520 183380 32694
803 175 2507 2520 183766 32721
804 176 2507 2520 184181 32779
805 176 2507 2520 184586 32884
806 177 2507 2520 185015 32929
807 178 2507 2520 185497 33018
808 178 2507 2520 185958 33078
809 178 2507 2520 186401 33165
810 178 2507 2520 186845 33232
811 178 2507 2520 187348 33329
812 178 2507 2520 187818 33426
813 178 2507 2520 188237 33466
814 178 2507 2520 188618 33544
815 179 2507 2520 189041 33623
816 179 2507 2520 189487 33705
817 179 2507 2520 189853 33755
818 179 2507 2520 190269 33777
819 180 2507 2520 190656 33821
820 181 2507 2520 191046 33892
821 182 2507 2520 191419 33956
822 182 2507 2520 191894 34025
823 182 2507 2520 192337 34117
824 184 2507 2520 192740 34181
825 184 2507 2520 193119 34215
826 184 2507 2520 193484 34282
827 184 2507 2520 193923 34350
828 184 2507 2520 194371 34407
829 184 2507 2520 194783 34478
830 184 2507 2520 195175 34553
831 184 2507 2520 195620 34606
832 184 2506 2520 196033 34672
833 184 2506 2520 196452 34732
834 184 2506 2520 196903 34763
835 185 2506 2520 197328 34853
836 186 2506 2520 197774 34908
837 187 2506 2520 198195 34965
838 187 2506 2520 198594 35022
839 187 2506 2520 198966 35065
840 188 2506 2520 199347 35112
841 188 2506 2520 199770 35115
842 189 2506 2520 200224 35187
843 189 2506 2520 200676 35260
844 189 2506 2520 201082 35346
845 189 2506 2520 201510 35391
846 189 2506 2520 201961 35437
847 189 2506 2520 202354 35478
848 189 2506 2520 202775 35588
849 190 2506 2520 203139 35647
850 190 2506 2520 203550 35735
851 191 2506 2520 203985 35832
852 191 2506 2520 204420 35938
853 191 2506 2520 204865 35987
854 191 2506 2520 205234 36059
855 192 2506 2520 205656 36130
856 193 2506 2520 206067 36177
857 193 2506 2520 206510 36264
858 194 2506 2520 206939 36342
859 194 2506 2520 207302 36371
860 194 2506 2520 207669 36439
861 194 2506 2520 208053 36491
862 196 2506 2520 208429 36552
863 196 2506 2520 208809 36578
864 197 2506 2520 209178 36621
865 197 2506 2520 209603 36682
866 197 2506 2520 209957 36713
867 197 2506 2520 210316 36776
868 197 2506 2520 210710 36843
869 199 2506 2520 211056 36830
870 199 2506 2520 211371 36889
871 199 2506 2520 211682 36963
872 199 2506 2520 212075 37001
873 199 2506 2520 212405 37074
874 199 2506 2520 212761 37111
875 199 2506 2520 213100 37146
876 199 2506 2520 213434 37173
877 199 2506 2520 213792 37265
878 199 2506 2520 214146 37317
879 200 2506 2520 214469 37388
880 201 2506 2520 214792 37433
881 201 2506 2520 215088 37463
882 201 2506 2520 215412 37525
883 202 2506 2520 215700 37578
884 203 2506 2520 215964 37606
885 203 2506 2520 216301 37655
886 204 2506 2520 216652 37709
887 205 2506 2520 216952 37744
888 205 2506 2520 217250 37789
889 205 2506 2520 217676 37858
890 205 2506 2520 218111 37921
891 206 2506 2520 218537 37975
892 207 2506 2520 218932 38009
893 209 2506 2520 219339 38042
894 210 2506 2520 219800 38094
895 210 2506 2520 220282 38141
896 211 2506 2520 220772 38210
897 211 2506 2520 221243 38249
898 212 2506 2520 221707 38323
899 212 2506 2520 222215 38391
900 213 2506 2520 222674 38452
901 213 2506 2520 223140 38451
902 213 2506 2520 223640 38513
903 214 2506 2520 224186 38582
904 214 2506 2520 224681 38628
905 214 2506 2520 225156 38697
906 215 2506 2520 225585 38743
907 215 2506 2520 226098 38784
908 215 2506 2520 226529 38845
909 215 2506 2520 226967 38892
910 215 2506 2520 227376 38948
911 215 2506 2520 227838 38984
912 215 2506 2520 228279 39045
913 218 2506 2520 228791 39130
914 218 2506 2520 229230 39198
915 218 2506 2520 229688 39261
916 218 2506 2520 230166 39301
917 218 2506 2520 230641 39358
918 218 2506 2520 231049 39424
919 218 2506 2520 231522 39480
920 218 2506 2520 231967 39528
921 218 2506 2520 232370 39613
922 218 2506 2520 232790 39650
923 218 2506 2520 233198 39703
924 218 2506 2520 233580 39751
925 218 2506 2520 233988 39827
926 218 2506 2520 234380 39888
927 219 2506 2520 234674 39941
928 219 2506 2520 235013 40017
929 221 2506 2520 235379 40055
930 221 2506 2520 235742 40103
931 223 2506 2520 236132 40143
932 223 2506 2520 236502 40191
933 223 2506 2520 236921 40207
934 223 2506 2520 237370 40286
935 223 2506 2520 237776 40311
936 225 2506 2520 238167 40368
937 225 2506 2520 238594 40441
938 225 2506 2520 239045 40462
939 225 2506 2520 239491 40511
940 225 2506 2520 239960 40596
941 225 2506 2520 240405 40640
942 225 2506 2520 240835 40683
943 227 2506 2520 241225 40737
944 227 2506 2520 241614 40794
945 227 2506 2520 242030 40820
946 228 2506 2520 242475 40890
947 228 2506 2520 242850 40950
948 229 2506 2520 243245 40995
949 229 2506 2520 243624 41032
950 231 2506 2520 244049 41097
951 231 2506 2520 244439 41184
952 231 2506 2520 244830 41249
953 231 2506 2520 245231 41302
954 231 2506 2520 245666 41363
955 231 2506 2520 246109 41384
956 231 2506 2520 246503 41420
957 232 2506 2520 246883 41452
958 232 2506 2520 247300 41514
959 233 2506 2520 247716 41614
960 233 2506 2520 248123 41651
961 234 2506 2520 248535 41705
962 234 2506 2520 248917 41722
963 234 2506 2520 249365 41762
964 234 2506 2520 249802 41827
965 236 2506 2520 250215 41859
966 236 2506 2520 250582 41886
967 237 2506 2520 251000 41910
968 239 2506 2520 251398 41946
969 239 2506 2520 251875 42007
970 240 2506 2520 252361 42047
971 240 2506 2520 252824 42117
972 241 2506 2520 253339 42194
973 241 2506 2520 253825 42275
974 241 2506 2520 254270 42320
975 242 2506 2520 254703 42379
976 242 2506 2520 255186 42418
977 242 2506 2520 255642 42455
978 242 2506 2520 256153 42557
979 242 2506 2520 256627 42588
980 242 2506 2520 257153 42627
981 242 2506 2520 257631 42681
982 242 2506 2520 258106 42762
983 242 2506 2520 258566 42786
984 242 2506 2520 258957 42846
985 242 2506 2520 259397 42926
986 242 2506 2520 259801 42973
987 242 2504 2520 260239 43006
988 242 2504 2520 260649 43028
989 243 2504 2520 261073 43066
990 243 2504 2520 261515 43069
991 243 2504 2520 261958 43120
992 243 2504 2520 262332 43118
993 243 2504 2520 262724 43175
994 243 2504 2520 263112 43207
995 244 2504 2520 263511 43245
996 245 2504 2520 263880 43270
997 245 2504 2520 264227 43303
998 245 2504 2520 264626 43335
999 245 2504 2520 265039 43340
1000 246 2504 2520 265444 43391
