0 1 2519 2520 797 501
1 1 2519 2520 803 507
2 1 2519 2520 808 511
3 1 2519 2520 821 518
4 1 2519 2520 829 524
5 1 2519 2520 840 530
6 1 2519 2520 855 538
7 1 2519 2520 859 538
8 1 2519 2520 867 543
9 1 2519 2520 868 541
10 1 2519 2520 878 547
11 1 2519 2520 895 560
12 1 2519 2520 908 568
13 1 2519 2520 922 573
14 1 2519 2520 931 577
15 1 2519 2520 932 573
16 1 2519 2520 941 577
17 1 2519 2520 946 577
18 1 2519 2520 952 582
19 1 2519 2520 960 585
20 1 2519 2520 968 589
21 1 2519 2520 974 592
22 1 2519 2520 980 594
23 1 2519 2520 978 591
24 1 2519 2520 987 597
25 1 2519 2520 992 600
26 1 2519 2520 1006 610
27 1 2519 2520 1016 615
28 1 2519 2520 1019 615
29 1 2519 2520 1027 619
30 1 2519 2520 1032 620
31 1 2519 2520 1037 622
32 1 2519 2520 1044 626
33 1 2519 2520 1047 624
34 1 2519 2520 1052 624
35 1 2519 2520 1052 625
36 1 2519 2520 1057 627
37 1 2519 2520 1059 628
38 1 2519 2520 1065 632
39 1 2519 2520 1067 632
40 1 2519 2520 1079 635
41 1 2519 2520 1079 633
42 1 2519 2520 1089 636
43 1 2519 2520 1092 636
44 1 2519 2520 1100 640
45 1 2519 2520 1102 642
46 1 2519 2520 1116 647
47 1 2519 2520 1118 648
48 1 2519 2520 1118 648
49 1 2519 2520 1120 651
50 1 2519 2520 1121 648
51 1 2519 2520 1119 645
52 1 2519 2520 1117 643
53 1 2519 2520 1124 649
54 1 2519 2520 1127 651
55 1 2519 2520 1132 652
56 1 2519 2520 1136 653
57 1 2519 2520 1145 652
58 1 2519 2520 1151 652
59 1 2519 2520 1154 652
60 1 2519 2520 1155 651
61 1 2519 2520 1163 655
62 1 2519 2520 1164 656
63 1 2519 2520 1166 655
64 1 2519 2520 1176 658
65 1 2519 2520 1182 658
66 1 2519 2520 1181 657
67 1 2519 2520 1184 662
68 1 2519 2520 1188 663
69 2 2519 2520 1195 665
70 2 2519 2520 1205 670
71 2 2519 2520 1221 677
72 2 2519 2520 1241 685
73 2 2519 2520 1259 693
74 2 2519 2520 1281 700
75 2 2519 2520 1298 707
76 2 2519 2520 1321 717
77 2 2519 2520 1337 721
78 2 2519 2520 1363 729
79 2 2519 2520 1377 730
80 2 2519 2520 1386 731
81 2 2519 2520 1400 740
82 2 2519 2520 1414 744
83 2 2519 2520 1431 751
84 2 2519 2520 1456 758
85 2 2519 2520 1479 768
86 2 2519 2520 1494 775
87 2 2519 2520 1503 779
88 2 2519 2520 1523 787
89 2 2519 2520 1536 797
90 2 2519 2520 1552 801
91 2 2519 2520 1566 802
92 2 2519 2520 1578 806
93 2 2519 2520 1584 806
94 2 2519 2520 1591 808
95 2 2519 2520 1607 814
96 2 2519 2520 1632 821
97 2 2519 2520 1639 820
98 2 2519 2520 1647 819
99 2 2519 2520 1657 820
100 2 2519 2520 1661 820
101 2 2519 2520 1670 820
102 2 2519 2520 1691 830
103 2 2519 2520 1702 833
104 2 2519 2520 1715 838
105 2 2519 2520 1731 842
106 2 2519 2520 1743 848
107 2 2519 2520 1744 847
108 2 2519 2520 1751 854
109 2 2519 2520 1756 857
110 2 2519 2520 1763 862
111 2 2519 2520 1771 864
112 2 2519 2520 1778 865
113 2 2519 2520 1795 874
114 2 2519 2520 1803 878
115 2 2519 2520 1806 879
116 2 2519 2520 1814 883
117 2 2519 2520 1818 883
118 2 2519 2520 1815 881
119 2 2519 2520 1823 883
120 2 2519 2520 1828 882
121 2 2519 2520 1844 889
122 2 2519 2520 1849 890
123 2 2519 2520 1857 892
124 2 2519 2520 1869 893
125 2 2519 2520 1884 900
126 2 2519 2520 1894 903
127 2 2519 2520 1903 905
128 2 2519 2520 1913 910
129 2 2519 2520 1923 913
130 2 2519 2520 1932 913
131 2 2519 2520 1936 909
132 2 2519 2520 1952 914
133 2 2519 2520 1957 914
134 2 2519 2520 1956 913
135 2 2519 2520 1969 914
136 2 2519 2520 1973 914
137 2 2519 2520 1986 918
138 2 2519 2520 1992 918
139 2 2519 2520 1993 917
140 2 2519 2520 1998 922
141 2 2519 2520 2005 923
142 2 2519 2520 2013 926
143 2 2519 2520 2005 926
144 2 2519 2520 2004 924
145 2 2519 2520 2009 925
146 2 2519 2520 2016 927
147 2 2519 2520 2027 928
148 2 2519 2520 2031 932
149 2 2519 2520 2032 931
150 2 2519 2520 2033 931
151 2 2519 2520 2045 935
152 2 2519 2520 2052 934
153 2 2519 2520 2051 931
154 2 2519 2520 2059 932
155 2 2519 2520 2062 927
156 2 2519 2520 2076 934
157 2 2519 2520 2087 937
158 2 2519 2520 2088 939
159 2 2519 2520 2089 938
160 2 2519 2520 2094 939
161 2 2519 2520 2098 938
162 2 2519 2520 2098 940
163 2 2519 2520 2096 940
164 2 2519 2520 2104 940
165 2 2519 2520 2104 938
166 2 2519 2520 2124 944
167 2 2519 2520 2131 945
168 2 2519 2520 2138 947
169 2 2519 2520 2137 947
170 2 2519 2520 2144 946
171 2 2519 2520 2148 947
172 2 2519 2520 2146 944
173 2 2519 2520 2152 945
174 2 2519 2520 2153 947
175 2 2519 2520 2161 950
176 2 2519 2520 2168 953
177 2 2519 2520 2167 949
178 2 2519 2520 2159 947
179 2 2519 2520 2160 948
180 2 2519 2520 2158 947
181 2 2519 2520 2150 944
182 2 2519 2520 2149 941
183 2 2519 2520 2150 942
184 2 2519 2520 2159 945
185 2 2519 2520 2158 942
186 2 2519 2520 2166 949
187 2 2519 2520 2167 948
188 2 2519 2520 2165 948
189 2 2519 2520 2167 950
190 2 2519 2520 2172 945
191 2 2519 2520 2169 943
192 2 2519 2520 2177 945
193 2 2519 2520 2178 945
194 2 2519 2520 2185 949
195 2 2519 2520 2188 951
196 2 2519 2520 2195 951
197 2 2519 2520 2203 955
198 2 2519 2520 2204 955
199 2 2519 2520 2203 958
200 2 2519 2520 2198 955
201 2 2519 2520 2206 955
202 2 2519 2520 2208 958
203 2 2519 2520 2211 956
204 2 2519 2520 2219 958
205 2 2519 2520 2219 960
206 2 2519 2520 2218 959
207 2 2519 2520 2224 963
208 2 2519 2520 2224 960
209 2 2519 2520 2228 963
210 2 2519 2520 2223 963
211 2 2519 2520 2229 968
212 2 2519 2520 2230 965
213 2 2519 2520 2227 964
214 2 2519 2520 2234 963
215 2 2519 2520 2239 965
216 2 2519 2520 2245 969
217 2 2519 2520 2247 969
218 2 2519 2520 2247 970
219 2 2519 2520 2250 971
220 2 2519 2520 2253 973
221 2 2519 2520 2249 971
222 2 2519 2520 2249 970
223 2 2519 2520 2252 971
224 2 2519 2520 2263 976
225 2 2519 2520 2266 974
226 2 2519 2520 2266 975
227 2 2519 2520 2257 969
228 2 2519 2520 2255 967
229 2 2519 2520 2263 965
230 2 2519 2520 2262 967
231 2 2519 2520 2271 971
232 2 2519 2520 2268 974
233 2 2519 2520 2271 977
234 2 2519 2520 2276 977
235 2 2519 2520 2279 979
236 2 2519 2520 2287 983
237 2 2519 2520 2294 989
238 2 2519 2520 2298 990
239 2 2519 2520 2303 991
240 2 2519 2520 2306 991
241 2 2519 2520 2307 991
242 2 2519 2520 2314 991
243 2 2519 2520 2320 991
244 2 2519 2520 2323 994
245 2 2519 2520 2327 996
246 2 2519 2520 2334 997
247 2 2519 2520 2333 995
248 2 2519 2520 2330 994
249 2 2519 2520 2335 997
250 2 2519 2520 2343 1002
251 2 2519 2520 2350 1001
252 2 2519 2520 2351 1001
253 2 2519 2520 2350 1000
254 2 2519 2520 2352 996
255 2 2519 2520 2353 997
256 2 2519 2520 2344 995
257 2 2519 2520 2347 996
258 2 2519 2520 2340 997
259 2 2519 2520 2338 995
260 2 2519 2520 2336 996
261 2 2519 2520 2335 996
262 2 2519 2520 2344 998
263 2 2519 2520 2341 997
264 2 2519 2520 2341 998
265 2 2519 2520 2344 1003
266 2 2519 2520 2352 1006
267 2 2519 2520 2355 1009
268 2 2519 2520 2357 1006
269 2 2519 2520 2357 1006
270 2 2519 2520 2355 1014
271 2 2519 2520 2356 1014
272 2 2519 2520 2363 1015
273 2 2519 2520 2362 1018
274 2 2519 2520 2360 1018
275 2 2519 2520 2356 1017
276 2 2519 2520 2365 1015
277 2 2519 2520 2366 1019
278 2 2519 2520 2370 1017
279 2 2519 2520 2373 1017
280 2 2519 2520 2375 1017
281 2 2519 2520 2371 1017
282 2 2519 2520 2370 1017
283 2 2519 2520 2377 1020
284 3 2519 2520 2381 1021
285 3 2519 2520 2387 1021
286 3 2519 2520 2395 1025
287 3 2519 2520 2401 1024
288 3 2519 2520 2400 1025
289 3 2519 2520 2406 1026
290 3 2519 2520 2419 1032
291 3 2519 2520 2426 1032
292 3 2519 2520 2440 1038
293 3 2519 2520 2445 1033
294 3 2519 2520 2456 1035
295 3 2519 2520 2467 1036
296 3 2519 2520 2479 1041
297 3 2519 2520 2484 1039
298 3 2519 2520 2504 1045
299 3 2519 2520 2511 1050
300 3 2519 2520 2518 1054
301 3 2519 2520 2533 1063
302 3 2519 2520 2538 1061
303 3 2519 2520 2549 1065
304 3 2519 2520 2557 1068
305 3 2519 2520 2564 1070
306 3 2519 2520 2577 1073
307 3 2519 2520 2581 1072
308 3 2519 2520 2596 1077
309 3 2519 2520 2607 1076
310 3 2519 2520 2616 1078
311 3 2519 2520 2637 1086
312 3 2519 2520 2645 1089
313 3 2519 2520 2652 1094
314 3 2519 2520 2667 1098
315 3 2519 2520 2679 1102
316 3 2519 2520 2701 1110
317 3 2519 2520 2712 1114
318 3 2519 2520 2733 1110
319 3 2519 2520 2753 1121
320 3 2519 2520 2764 1121
321 3 2519 2520 2773 1128
322 3 2519 2520 2780 1134
323 3 2519 2520 2784 1129
324 3 2519 2520 2799 1135
325 3 2519 2520 2802 1135
326 3 2519 2520 2803 1134
327 3 2519 2520 2806 1136
328 3 2519 2520 2811 1140
329 3 2519 2520 2825 1150
330 3 2519 2520 2830 1154
331 3 2519 2520 2843 1160
332 3 2519 2520 2850 1161
333 3 2519 2520 2857 1162
334 3 2519 2520 2861 1167
335 3 2519 2520 2867 1166
336 3 2519 2520 2880 1166
337 3 2519 2520 2891 1161
338 3 2519 2520 2907 1167
339 3 2519 2520 2922 1172
340 3 2519 2520 2925 1172
341 3 2519 2520 2931 1177
342 3 2519 2520 2944 1182
343 3 2519 2520 2956 1183
344 3 2519 2520 2974 1193
345 3 2519 2520 2981 1193
346 3 2519 2520 2987 1189
347 3 2519 2520 2990 1195
348 3 2519 2520 2996 1196
349 3 2519 2520 2997 1190
350 3 2519 2520 3008 1193
351 3 2519 2520 3017 1195
352 3 2519 2520 3027 1203
353 3 2519 2520 3034 1205
354 3 2519 2520 3037 1209
355 3 2519 2520 3045 1210
356 3 2519 2520 3052 1214
357 3 2519 2520 3063 1211
358 3 2519 2520 3072 1215
359 3 2519 2520 3082 1222
360 3 2519 2520 3096 1219
361 3 2519 2520 3101 1222
362 3 2519 2520 3109 1224
363 3 2519 2520 3113 1225
364 3 2519 2520 3118 1224
365 3 2519 2520 3125 1221
366 3 2519 2520 3135 1225
367 3 2519 2520 3141 1223
368 3 2519 2520 3157 1224
369 3 2519 2520 3157 1220
370 3 2519 2520 3166 1225
371 3 2519 2520 3174 1225
372 3 2519 2520 3186 1227
373 3 2519 2520 3184 1223
374 3 2519 2520 3194 1227
375 3 2519 2520 3205 1232
376 3 2519 2520 3203 1227
377 3 2519 2520 3209 1233
378 3 2519 2520 3221 1239
379 3 2519 2520 3231 1245
380 3 2519 2520 3232 1245
381 3 2519 2520 3240 1253
382 3 2519 2520 3249 1254
383 3 2519 2520 3252 1255
384 3 2519 2520 3262 1263
385 3 2519 2520 3275 1269
386 3 2519 2520 3275 1267
387 3 2519 2520 3278 1269
388 3 2519 2520 3278 1270
389 3 2519 2520 3285 1272
390 3 2519 2520 3290 1275
391 3 2519 2520 3295 1280
392 3 2519 2520 3298 1280
393 3 2519 2520 3297 1280
394 3 2519 2520 3306 1282
395 3 2519 2520 3309 1280
396 3 2519 2520 3315 1283
397 3 2519 2520 3311 1281
398 3 2519 2520 3313 1277
399 3 2519 2520 3308 1274
400 3 2519 2520 3307 1276
401 3 2519 2520 3305 1279
402 3 2519 2520 3307 1281
403 3 2519 2520 3314 1281
404 3 2519 2520 3323 1284
405 3 2519 2520 3320 1283
406 3 2519 2520 3318 1284
407 3 2519 2520 3322 1285
408 3 2519 2520 3330 1286
409 3 2519 2520 3331 1287
410 3 2519 2520 3332 1287
411 3 2519 2520 3332 1288
412 3 2519 2520 3330 1289
413 3 2519 2520 3332 1287
414 3 2519 2520 3336 1288
415 3 2519 2520 3337 1285
416 3 2519 2520 3341 1288
417 3 2519 2520 3343 1288
418 3 2519 2520 3345 1291
419 3 2519 2520 3347 1294
420 3 2519 2520 3344 1290
421 3 2519 2520 3345 1292
422 3 2519 2520 3347 1296
423 3 2519 2520 3344 1295
424 3 2519 2520 3343 1293
425 3 2519 2520 3341 1292
426 3 2519 2520 3341 1292
427 3 2519 2520 3342 1294
428 3 2519 2520 3345 1293
429 3 2519 2520 3348 1293
430 3 2519 2520 3348 1292
431 3 2519 2520 3346 1292
432 3 2519 2520 3349 1295
433 3 2519 2520 3354 1294
434 3 2519 2520 3352 1293
435 3 2519 2520 3357 1298
436 3 2519 2520 3364 1296
437 3 2519 2520 3372 1299
438 3 2519 2520 3369 1297
439 3 2519 2520 3368 1297
440 3 2519 2520 3371 1305
441 3 2519 2520 3366 1301
442 3 2519 2520 3369 1301
443 3 2519 2520 3361 1298
444 3 2519 2520 3365 1299
445 3 2519 2520 3359 1295
446 3 2519 2520 3362 1297
447 3 2519 2520 3361 1298
448 3 2519 2520 3359 1296
449 3 2519 2520 3362 1298
450 3 2519 2520 3355 1293
451 3 2519 2520 3356 1295
452 3 2519 2520 3362 1300
453 3 2519 2520 3367 1302
454 3 2519 2520 3370 1303
455 3 2519 2520 3366 1300
456 3 2519 2520 3365 1300
457 3 2519 2520 3360 1295
458 3 2519 2520 3360 1297
459 3 2519 2520 3361 1297
460 3 2519 2520 3361 1299
461 3 2519 2520 3364 1302
462 3 2519 2520 3364 1302
463 3 2519 2520 3359 1296
464 3 2519 2520 3362 1298
465 3 2519 2520 3367 1302
466 3 2519 2520 3367 1297
467 3 2519 2520 3369 1299
468 3 2519 2520 3372 1300
469 3 2519 2520 3373 1302
470 3 2519 2520 3361 1298
471 3 2519 2520 3364 1299
472 3 2519 2520 3367 1297
473 3 2519 2520 3374 1299
474 3 2519 2520 3374 1299
475 3 2519 2520 3373 1296
476 3 2519 2520 3376 1296
477 3 2519 2520 3377 1297
478 3 2519 2520 3376 1297
479 3 2519 2520 3377 1299
480 3 2519 2520 3381 1305
481 3 2519 2520 3382 1304
482 3 2519 2520 3387 1302
483 3 2519 2520 3385 1304
484 3 2519 2520 3383 1303
485 3 2519 2520 3385 1303
486 3 2519 2520 3384 1298
487 3 2519 2520 3382 1304
488 3 2519 2520 3388 1305
489 3 2519 2520 3389 1309
490 3 2519 2520 3388 1304
491 3 2519 2520 3394 1303
492 3 2519 2520 3389 1295
493 3 2519 2520 3393 1295
494 3 2519 2520 3396 1296
495 3 2519 2520 3395 1298
496 3 2519 2520 3397 1295
497 3 2519 2520 3397 1298
498 3 2519 2520 3398 1298
499 3 2519 2520 3410 1301
500 3 2519 2520 3407 1296
501 3 2519 2520 3404 1297
502 3 2519 2520 3405 1298
503 3 2519 2520 3410 1298
504 3 2519 2520 3417 1305
505 3 2519 2520 3419 1305
506 3 2519 2520 3417 1301
507 3 2519 2520 3413 1297
508 3 2519 2520 3419 1300
509 3 2519 2520 3417 1295
510 3 2519 2520 3417 1297
511 3 2519 2520 3420 1299
512 3 2519 2520 3423 1300
513 3 2519 2520 3424 1304
514 3 2519 2520 3428 1309
515 3 2519 2520 3426 1305
516 3 2519 2520 3425 1301
517 3 2519 2520 3427 1303
518 3 2519 2520 3432 1305
519 3 2519 2520 3437 1310
520 3 2519 2520 3435 1311
521 3 2519 2520 3432 1308
522 3 2519 2520 3433 1307
523 3 2519 2520 3438 1311
524 3 2519 2520 3438 1310
525 3 2519 2520 3437 1305
526 3 2519 2520 3438 1304
527 3 2519 2520 3439 1304
528 3 2519 2520 3438 1305
529 3 2519 2520 3440 1309
530 3 2519 2520 3437 1308
531 3 2519 2520 3441 1309
532 3 2519 2520 3439 1307
533 3 2519 2520 3443 1309
534 3 2519 2520 3432 1302
535 3 2519 2520 3434 1304
536 3 2519 2520 3437 1306
537 3 2519 2520 3434 1303
538 3 2519 2520 3437 1304
539 3 2519 2520 3434 1303
540 3 2519 2520 3438 1303
541 3 2519 2520 3440 1304
542 3 2519 2520 3440 1308
543 3 2519 2520 3441 1308
544 3 2519 2520 3437 1307
545 3 2519 2520 3439 1306
546 3 2519 2520 3440 1308
547 3 2519 2520 3437 1306
548 3 2519 2520 3434 1305
549 3 2519 2520 3442 1312
550 3 2519 2520 3438 1310
551 3 2519 2520 3442 1312
552 3 2519 2520 3443 1310
553 3 2519 2520 3452 1317
554 3 2519 2520 3457 1319
555 3 2519 2520 3461 1323
556 4 2519 2520 3463 1323
557 4 2519 2520 3471 1331
558 4 2519 2520 3470 1331
559 4 2519 2520 3467 1329
560 4 2519 2520 3479 1338
561 4 2519 2520 3480 1334
562 4 2519 2520 3488 1336
563 4 2519 2520 3492 1338
564 4 2519 2520 3500 1338
565 4 2519 2520 3507 1341
566 4 2519 2520 3511 1342
567 4 2519 2520 3516 1342
568 4 2519 2520 3515 1342
569 4 2519 2520 3521 1343
570 4 2519 2520 3535 1343
571 4 2519 2520 3543 1345
572 4 2519 2520 3557 1355
573 4 2519 2520 3563 1360
574 4 2519 2520 3586 1371
575 4 2519 2520 3602 1376
576 4 2519 2520 3602 1372
577 4 2519 2520 3610 1375
578 4 2519 2520 3619 1374
579 4 2519 2520 3633 1374
580 4 2519 2520 3634 1371
581 4 2519 2520 3646 1369
582 4 2519 2520 3649 1372
583 4 2519 2520 3662 1381
584 4 2519 2520 3674 1389
585 4 2519 2520 3683 1389
586 4 2519 2520 3693 1392
587 4 2519 2520 3705 1400
588 4 2519 2520 3709 1403
589 4 2519 2520 3715 1400
590 4 2519 2520 3718 1397
591 4 2519 2520 3729 1404
592 4 2519 2520 3734 1407
593 4 2519 2520 3741 1404
594 4 2519 2520 3751 1405
595 4 2519 2520 3759 1404
596 4 2519 2520 3767 1405
597 4 2519 2520 3771 1409
598 4 2519 2520 3779 1412
599 4 2519 2520 3786 1414
600 4 2519 2520 3794 1416
601 4 2519 2520 3799 1415
602 4 2519 2520 3808 1418
603 4 2519 2520 3815 1418
604 4 2519 2520 3824 1422
605 4 2519 2520 3827 1425
606 4 2519 2520 3835 1419
607 4 2519 2520 3839 1415
608 4 2519 2520 3843 1417
609 4 2519 2520 3842 1418
610 4 2519 2520 3850 1423
611 4 2519 2520 3864 1422
612 4 2519 2520 3867 1423
613 4 2519 2520 3864 1426
614 4 2519 2520 3871 1427
615 4 2519 2520 3883 1425
616 4 2519 2520 3894 1434
617 4 2519 2520 3892 1435
618 4 2519 2520 3898 1440
619 4 2519 2520 3909 1447
620 4 2519 2520 3909 1443
621 4 2519 2520 3913 1446
622 4 2519 2520 3907 1445
623 4 2519 2520 3912 1446
624 4 2519 2520 3912 1442
625 4 2519 2520 3913 1438
626 4 2519 2520 3924 1442
627 4 2519 2520 3928 1440
628 4 2519 2520 3938 1442
629 4 2519 2520 3948 1444
630 4 2519 2520 3950 1445
631 4 2519 2520 3961 1448
632 4 2519 2520 3970 1452
633 4 2519 2520 3982 1454
634 4 2519 2520 3990 1461
635 4 2519 2520 3997 1458
636 4 2519 2520 4011 1464
637 4 2519 2520 4010 1463
638 4 2519 2520 4016 1463
639 4 2519 2520 4029 1466
640 4 2519 2520 4032 1470
641 4 2519 2520 4035 1472
642 4 2519 2520 4037 1474
643 4 2519 2520 4038 1477
644 4 2519 2520 4045 1475
645 4 2519 2520 4049 1475
646 4 2519 2520 4056 1475
647 4 2519 2520 4066 1479
648 4 2519 2520 4080 1485
649 4 2519 2520 4091 1490
650 4 2519 2520 4096 1495
651 4 2519 2520 4095 1490
652 4 2519 2520 4105 1494
653 4 2519 2520 4116 1498
654 4 2519 2520 4124 1501
655 4 2519 2520 4126 1505
656 4 2519 2520 4134 1510
657 4 2519 2520 4137 1509
658 4 2519 2520 4140 1508
659 4 2519 2520 4140 1509
660 4 2519 2520 4142 1512
661 4 2519 2520 4149 1512
662 4 2519 2520 4148 1515
663 4 2519 2520 4141 1510
664 4 2519 2520 4146 1513
665 4 2519 2520 4158 1514
666 4 2519 2520 4156 1511
667 4 2519 2520 4147 1510
668 4 2519 2520 4146 1508
669 4 2519 2520 4156 1515
670 4 2519 2520 4157 1514
671 4 2519 2520 4156 1513
672 4 2519 2520 4151 1513
673 4 2519 2520 4158 1518
674 4 2519 2520 4159 1520
675 4 2519 2520 4163 1523
676 4 2519 2520 4175 1525
677 4 2519 2520 4176 1525
678 4 2519 2520 4179 1527
679 4 2519 2520 4184 1527
680 4 2519 2520 4189 1530
681 4 2519 2520 4197 1534
682 4 2519 2520 4199 1535
683 4 2519 2520 4203 1536
684 5 2519 2520 4210 1543
685 5 2519 2520 4218 1545
686 5 2519 2520 4225 1548
687 5 2519 2520 4227 1546
688 5 2519 2520 4234 1549
689 5 2519 2520 4235 1549
690 5 2519 2520 4247 1558
691 5 2519 2520 4257 1559
692 5 2519 2520 4259 1559
693 5 2519 2520 4276 1563
694 5 2519 2520 4276 1562
695 5 2519 2520 4283 1566
696 5 2519 2520 4291 1570
697 5 2519 2520 4300 1569
698 5 2519 2520 4308 1570
699 5 2519 2520 4317 1576
700 5 2519 2520 4322 1573
701 5 2519 2520 4330 1578
702 5 2519 2520 4338 1581
703 5 2519 2520 4348 1584
704 5 2519 2520 4359 1581
705 5 2519 2520 4362 1582
706 5 2519 2520 4369 1580
707 5 2519 2520 4382 1585
708 5 2519 2520 4389 1580
709 5 2519 2520 4399 1584
710 5 2519 2520 4403 1582
711 5 2519 2520 4413 1585
712 5 2519 2520 4430 1586
713 5 2519 2520 4444 1598
714 5 2519 2520 4452 1601
715 5 2519 2520 4465 1613
716 5 2519 2520 4472 1615
717 5 2519 2520 4475 1615
718 5 2519 2520 4483 1615
719 5 2519 2520 4492 1617
720 5 2519 2520 4510 1629
721 5 2519 2520 4519 1630
722 5 2519 2520 4535 1630
723 5 2519 2520 4540 1635
724 5 2519 2520 4547 1634
725 5 2519 2520 4556 1634
726 5 2519 2520 4560 1632
727 5 2519 2520 4568 1636
728 5 2519 2520 4577 1639
729 5 2519 2520 4579 1636
730 5 2519 2520 4587 1640
731 5 2519 2520 4592 1638
732 5 2519 2520 4604 1637
733 5 2519 2520 4619 1641
734 5 2519 2520 4625 1645
735 5 2519 2520 4635 1646
736 5 2519 2520 4640 1653
737 5 2519 2520 4643 1655
738 5 2519 2520 4649 1659
739 5 2519 2520 4657 1657
740 5 2519 2520 4664 1661
741 5 2519 2520 4670 1662
742 5 2519 2520 4673 1660
743 5 2519 2520 4677 1667
744 5 2519 2520 4680 1665
745 5 2519 2520 4686 1669
746 5 2519 2520 4682 1665
747 5 2519 2520 4698 1670
748 5 2519 2520 4706 1675
749 5 2519 2520 4711 1677
750 5 2519 2520 4722 1681
751 5 2519 2520 4736 1687
752 5 2519 2520 4740 1687
753 5 2519 2520 4741 1685
754 5 2519 2520 4744 1684
755 5 2519 2520 4743 1684
756 5 2519 2520 4745 1682
757 5 2519 2520 4754 1685
758 5 2519 2520 4757 1688
759 5 2519 2520 4762 1692
760 5 2519 2520 4764 1693
761 5 2519 2520 4768 1696
762 5 2519 2520 4771 1695
763 5 2519 2520 4773 1700
764 5 2519 2520 4773 1699
765 5 2519 2520 4779 1697
766 5 2519 2520 4787 1701
767 5 2519 2520 4786 1701
768 5 2519 2520 4789 1700
769 5 2519 2520 4796 1701
770 5 2519 2520 4798 1700
771 5 2519 2520 4805 1705
772 5 2519 2520 4806 1702
773 5 2519 2520 4810 1704
774 5 2519 2520 4819 1710
775 5 2519 2520 4825 1708
776 5 2519 2520 4830 1706
777 5 2519 2520 4835 1705
778 5 2519 2520 4838 1704
779 5 2519 2520 4846 1707
780 5 2519 2520 4854 1706
781 5 2519 2520 4859 1707
782 5 2519 2520 4869 1714
783 5 2519 2520 4877 1717
784 5 2519 2520 4890 1720
785 5 2519 2520 4896 1723
786 5 2519 2520 4904 1719
787 5 2519 2520 4910 1721
788 5 2519 2520 4925 1716
789 5 2519 2520 4938 1712
790 5 2519 2520 4957 1720
791 5 2519 2520 4969 1725
792 5 2519 2520 4979 1728
793 5 2519 2520 4993 1726
794 5 2519 2520 4992 1723
795 5 2519 2520 5001 1728
796 5 2519 2520 5006 1730
797 5 2519 2520 5027 1742
798 5 2519 2520 5042 1739
799 5 2519 2520 5055 1745
800 5 2519 2520 5070 1748
801 5 2519 2520 5078 1750
802 5 2519 2520 5093 1752
803 5 2519 2520 5096 1757
804 5 2519 2520 5104 1762
805 5 2519 2520 5117 1765
806 5 2519 2520 5120 1766
807 5 2519 2520 5124 1768
808 5 2519 2520 5132 1774
809 5 2519 2520 5133 1774
810 5 2519 2520 5140 1779
811 5 2519 2520 5146 1787
812 5 2519 2520 5146 1787
813 5 2519 2520 5154 1787
814 5 2519 2520 5155 1780
815 5 2519 2520 5168 1782
816 5 2519 2520 5173 1786
817 5 2519 2520 5187 1794
818 5 2519 2520 5189 1797
819 5 2519 2520 5194 1797
820 5 2519 2520 5192 1801
821 5 2519 2520 5190 1798
822 5 2519 2520 5201 1808
823 5 2519 2520 5212 1819
824 5 2519 2520 5220 1822
825 5 2519 2520 5222 1820
826 5 2519 2520 5227 1819
827 5 2519 2520 5238 1830
828 5 2519 2520 5249 1833
829 5 2519 2520 5253 1833
830 5 2519 2520 5263 1831
831 5 2519 2520 5268 1833
832 5 2519 2520 5282 1835
833 5 2519 2520 5286 1834
834 5 2519 2520 5287 1834
835 5 2519 2520 5296 1837
836 5 2519 2520 5300 1840
837 5 2519 2520 5310 1841
838 5 2519 2520 5315 1839
839 5 2519 2520 5316 1839
840 5 2519 2520 5318 1840
841 5 2519 2520 5323 1843
842 5 2519 2520 5324 1846
843 5 2519 2520 5327 1845
844 5 2519 2520 5330 1847
845 5 2519 2520 5334 1849
846 5 2519 2520 5344 1854
847 5 2519 2520 5344 1857
848 5 2519 2520 5343 1854
849 5 2519 2520 5347 1856
850 5 2519 2520 5350 1857
851 5 2519 2520 5357 1860
852 5 2519 2520 5359 1865
853 5 2519 2520 5357 1864
854 5 2519 2520 5356 1868
855 5 2519 2520 5350 1864
856 5 2519 2520 5353 1860
857 5 2519 2520 5351 1860
858 5 2519 2520 5351 1860
859 5 2519 2520 5356 1861
860 5 2519 2520 5350 1859
861 5 2519 2520 5353 1864
862 5 2519 2520 5360 1868
863 5 2519 2520 5360 1867
864 5 2519 2520 5360 1857
865 5 2519 2520 5366 1858
866 5 2519 2520 5372 1861
867 5 2519 2520 5378 1861
868 5 2519 2520 5380 1860
869 5 2519 2520 5389 1865
870 5 2519 2520 5394 1868
871 5 2519 2520 5400 1875
872 5 2519 2520 5400 1873
873 5 2519 2520 5408 1878
874 5 2519 2520 5409 1878
875 5 2519 2520 5414 1885
876 5 2519 2520 5418 1886
877 5 2519 2520 5411 1882
878 5 2519 2520 5414 1884
879 5 2519 2520 5416 1885
880 5 2519 2520 5413 1885
881 5 2519 2520 5418 1888
882 5 2519 2520 5426 1889
883 5 2519 2520 5426 1889
884 5 2519 2520 5421 1888
885 5 2519 2520 5421 1886
886 5 2519 2520 5420 1883
887 5 2519 2520 5419 1880
888 5 2519 2520 5422 1883
889 5 2519 2520 5427 1883
890 5 2519 2520 5427 1884
891 5 2519 2520 5427 1887
892 5 2519 2520 5430 1888
893 5 2519 2520 5438 1893
894 5 2519 2520 5441 1893
895 5 2519 2520 5444 1894
896 5 2519 2520 5446 1894
897 5 2519 2520 5452 1899
898 5 2519 2520 5449 1894
899 5 2519 2520 5440 1895
900 5 2519 2520 5441 1896
901 5 2519 2520 5447 1898
902 5 2519 2520 5448 1894
903 5 2519 2520 5449 1894
904 5 2519 2520 5445 1891
905 5 2519 2520 5451 1896
906 5 2519 2520 5446 1892
907 5 2519 2520 5444 1893
908 5 2519 2520 5446 1893
909 5 2519 2520 5447 1894
910 5 2519 2520 5441 1891
911 5 2519 2520 5446 1894
912 5 2519 2520 5450 1896
913 5 2519 2520 5449 1895
914 5 2519 2520 5447 1894
915 5 2519 2520 5446 1896
916 5 2519 2520 5443 1894
917 5 2519 2520 5445 1894
918 5 2519 2520 5445 1895
919 5 2519 2520 5445 1894
920 5 2519 2520 5446 1897
921 5 2519 2520 5448 1899
922 5 2519 2520 5447 1900
923 5 2519 2520 5444 1897
924 5 2519 2520 5447 1898
925 5 2519 2520 5440 1895
926 5 2519 2520 5434 1891
927 5 2519 2520 5434 1891
928 5 2519 2520 5431 1890
929 5 2519 2520 5431 1886
930 5 2519 2520 5433 1888
931 5 2519 2520 5442 1892
932 5 2519 2520 5439 1891
933 5 2519 2520 5444 1897
934 5 2519 2520 5445 1896
935 5 2519 2520 5443 1898
936 5 2519 2520 5438 1894
937 5 2519 2520 5442 1895
938 5 2519 2520 5445 1898
939 5 2519 2520 5450 1899
940 5 2519 2520 5449 1899
941 5 2519 2520 5453 1897
942 5 2519 2520 5455 1898
943 5 2519 2520 5450 1897
944 5 2519 2520 5447 1893
945 5 2519 2520 5451 1896
946 5 2519 2520 5449 1894
947 5 2519 2520 5450 1898
948 5 2519 2520 5458 1904
949 5 2519 2520 5461 1905
950 5 2519 2520 5458 1906
951 5 2519 2520 5459 1907
952 5 2519 2520 5466 1914
953 5 2519 2520 5466 1913
954 5 2519 2520 5465 1910
955 5 2519 2520 5464 1908
956 5 2519 2520 5462 1905
957 5 2519 2520 5460 1905
958 5 2519 2520 5461 1905
959 5 2519 2520 5455 1901
960 5 2519 2520 5448 1899
961 5 2519 2520 5451 1898
962 5 2519 2520 5456 1901
963 5 2519 2520 5450 1894
964 5 2519 2520 5453 1896
965 5 2519 2520 5450 1895
966 5 2519 2520 5455 1898
967 5 2519 2520 5459 1900
968 5 2519 2520 5466 1907
969 5 2519 2520 5473 1914
970 5 2519 2520 5476 1911
971 5 2519 2520 5478 1914
972 5 2519 2520 5480 1910
973 5 2519 2520 5479 1912
974 5 2519 2520 5481 1913
975 5 2519 2520 5473 1909
976 5 2519 2520 5481 1912
977 5 2519 2520 5484 1912
978 5 2519 2520 5485 1912
979 5 2519 2520 5482 1908
980 5 2519 2520 5480 1907
981 5 2519 2520 5483 1910
982 5 2519 2520 5480 1908
983 5 2519 2520 5481 1912
984 5 2519 2520 5484 1911
985 5 2519 2520 5483 1912
986 5 2519 2520 5478 1910
987 5 2519 2520 5481 1911
988 5 2519 2520 5478 1908
989 5 2519 2520 5482 1912
990 5 2519 2520 5481 1913
991 5 2519 2520 5483 1915
992 5 2519 2520 5483 1915
993 5 2519 2520 5481 1915
994 5 2519 2520 5479 1915
995 5 2519 2520 5477 1917
996 5 2519 2520 5486 1922
997 5 2519 2520 5490 1922
998 5 2519 2520 5489 1915
999 5 2519 2520 5482 1912
1000 5 2519 2520 5482 1912
