0 1 2519 2520 797 501
1 1 2519 2520 803 507
2 1 2519 2520 808 511
3 1 2519 2520 810 512
4 1 2519 2520 813 513
5 1 2519 2520 817 514
6 1 2519 2520 824 521
7 1 2519 2520 832 528
8 1 2519 2520 840 533
9 1 2519 2520 852 540
10 1 2519 2520 859 541
11 1 2519 2520 868 543
12 1 2519 2520 884 550
13 1 2519 2520 892 559
14 1 2519 2520 901 560
15 1 2519 2520 905 561
16 1 2519 2520 909 561
17 1 2519 2520 918 570
18 1 2519 2520 926 572
19 1 2519 2520 930 577
20 1 2519 2520 930 577
21 1 2519 2520 941 580
22 1 2519 2520 944 582
23 1 2519 2520 950 584
24 1 2519 2520 956 588
25 1 2519 2520 966 592
26 1 2519 2520 967 592
27 1 2519 2520 972 593
28 1 2519 2520 981 594
29 1 2519 2520 986 596
30 1 2519 2520 988 599
31 1 2519 2520 991 603
32 1 2519 2520 996 603
33 1 2519 2520 1005 607
34 1 2519 2520 1006 608
35 1 2519 2520 1007 607
36 1 2519 2520 1005 606
37 1 2519 2520 1012 608
38 1 2519 2520 1021 614
39 1 2519 2520 1023 612
40 1 2519 2520 1023 611
41 1 2519 2520 1031 615
42 1 2519 2520 1030 613
43 1 2519 2520 1030 608
44 1 2519 2520 1031 609
45 1 2519 2520 1041 614
46 1 2519 2520 1044 614
47 1 2519 2520 1053 616
48 1 2519 2520 1056 619
49 1 2519 2520 1066 622
50 1 2519 2520 1063 620
51 1 2519 2520 1069 621
52 1 2519 2520 1082 628
53 1 2519 2520 1089 629
54 1 2519 2520 1094 630
55 1 2519 2520 1105 633
56 1 2519 2520 1105 630
57 1 2519 2520 1112 633
58 1 2519 2520 1118 635
59 1 2519 2520 1123 637
60 1 2519 2520 1126 638
61 1 2519 2520 1126 639
62 1 2519 2520 1122 639
63 1 2519 2520 1125 641
64 1 2519 2520 1122 639
65 1 2519 2520 1129 641
66 1 2519 2520 1131 643
67 1 2519 2520 1137 644
68 1 2519 2520 1137 641
69 1 2519 2520 1137 641
70 1 2519 2520 1141 640
71 1 2519 2520 1146 641
72 1 2519 2520 1148 641
73 1 2519 2520 1152 642
74 1 2519 2520 1156 646
75 1 2519 2520 1159 645
76 1 2519 2520 1160 646
77 1 2519 2520 1163 647
78 1 2519 2520 1167 648
79 1 2519 2520 1173 649
80 1 2519 2520 1179 650
81 1 2519 2520 1179 652
82 1 2519 2520 1182 653
83 1 2519 2520 1181 651
84 1 2519 2520 1185 654
85 1 2519 2520 1187 654
86 1 2519 2520 1190 655
87 1 2519 2520 1187 653
88 1 2519 2520 1191 652
89 1 2519 2520 1190 651
90 1 2519 2520 1190 651
91 1 2519 2520 1191 651
92 1 2519 2520 1192 653
93 2 2519 2520 1196 653
94 2 2519 2520 1200 655
95 2 2519 2520 1218 663
96 2 2519 2520 1230 669
97 2 2519 2520 1253 677
98 2 2519 2520 1258 675
99 2 2519 2520 1277 684
100 2 2519 2520 1294 688
101 2 2519 2520 1315 694
102 2 2519 2520 1329 703
103 2 2519 2520 1334 703
104 2 2519 2520 1349 712
105 2 2519 2520 1364 720
106 2 2519 2520 1381 733
107 2 2519 2520 1397 736
108 2 2519 2520 1415 739
109 2 2519 2520 1434 741
110 2 2519 2520 1456 745
111 2 2519 2520 1475 752
112 2 2519 2520 1494 757
113 2 2519 2520 1513 766
114 2 2519 2520 1528 767
115 2 2519 2520 1550 778
116 2 2519 2520 1561 785
117 2 2519 2520 1573 790
118 2 2519 2520 1595 796
119 2 2519 2520 1605 797
120 2 2519 2520 1617 796
121 2 2519 2520 1627 800
122 2 2519 2520 1642 809
123 2 2519 2520 1654 816
124 2 2519 2520 1675 818
125 2 2519 2520 1686 818
126 2 2519 2520 1701 822
127 2 2519 2520 1719 823
128 2 2519 2520 1727 824
129 2 2519 2520 1735 826
130 2 2519 2520 1748 827
131 2 2519 2520 1757 831
132 2 2519 2520 1767 835
133 2 2519 2520 1787 840
134 2 2519 2520 1796 841
135 2 2519 2520 1809 844
136 2 2519 2520 1820 852
137 2 2519 2520 1832 852
138 2 2519 2520 1841 855
139 2 2519 2520 1849 859
140 2 2519 2520 1856 862
141 2 2519 2520 1869 868
142 2 2519 2520 1871 867
143 2 2519 2520 1886 873
144 2 2519 2520 1889 874
145 2 2519 2520 1898 880
146 2 2519 2520 1900 878
147 2 2519 2520 1905 883
148 2 2519 2520 1923 891
149 2 2519 2520 1944 898
150 2 2519 2520 1953 899
151 2 2519 2520 1959 901
152 2 2519 2520 1961 901
153 2 2519 2520 1968 907
154 2 2519 2520 1979 914
155 2 2519 2520 1982 915
156 2 2519 2520 1990 920
157 2 2519 2520 1997 921
158 2 2519 2520 1998 921
159 2 2519 2520 2000 926
160 2 2519 2520 2001 925
161 2 2519 2520 2003 925
162 2 2519 2520 2005 929
163 2 2519 2520 2016 933
164 2 2519 2520 2018 931
165 2 2519 2520 2026 936
166 2 2519 2520 2025 937
167 2 2519 2520 2027 938
168 2 2519 2520 2025 937
169 2 2519 2520 2033 940
170 2 2519 2520 2037 940
171 2 2519 2520 2042 940
172 2 2519 2520 2054 945
173 2 2519 2520 2056 944
174 2 2519 2520 2067 951
175 2 2519 2520 2062 947
176 2 2519 2520 2054 942
177 2 2519 2520 2054 942
178 2 2519 2520 2051 940
179 2 2519 2520 2059 941
180 2 2519 2520 2058 939
181 2 2519 2520 2057 942
182 2 2519 2520 2056 941
183 2 2519 2520 2054 940
184 2 2519 2520 2058 947
185 2 2519 2520 2065 947
186 2 2519 2520 2073 952
187 2 2519 2520 2072 952
188 2 2519 2520 2078 953
189 2 2519 2520 2085 958
190 2 2519 2520 2082 952
191 2 2519 2520 2084 951
192 2 2519 2520 2088 955
193 2 2519 2520 2090 956
194 2 2519 2520 2094 959
195 2 2519 2520 2093 959
196 2 2519 2520 2092 958
197 2 2519 2520 2097 955
198 2 2519 2520 2111 962
199 2 2519 2520 2115 962
200 2 2519 2520 2117 964
201 2 2519 2520 2126 972
202 2 2519 2520 2133 975
203 2 2519 2520 2139 977
204 2 2519 2520 2147 979
205 2 2519 2520 2159 978
206 2 2519 2520 2160 980
207 2 2519 2520 2167 981
208 2 2519 2520 2169 978
209 2 2519 2520 2177 981
210 2 2519 2520 2188 982
211 2 2519 2520 2191 983
212 2 2519 2520 2196 985
213 2 2519 2520 2195 983
214 2 2519 2520 2194 985
215 2 2519 2520 2192 981
216 2 2519 2520 2201 985
217 2 2519 2520 2204 987
218 2 2519 2520 2207 987
219 2 2519 2520 2212 985
220 2 2519 2520 2218 988
221 2 2519 2520 2216 991
222 2 2519 2520 2218 993
223 2 2519 2520 2223 997
224 2 2519 2520 2228 999
225 2 2519 2520 2223 993
226 2 2519 2520 2231 999
227 2 2519 2520 2235 1003
228 2 2519 2520 2231 999
229 2 2519 2520 2230 996
230 2 2519 2520 2235 998
231 2 2519 2520 2232 994
232 2 2519 2520 2231 993
233 2 2519 2520 2233 995
234 2 2519 2520 2238 996
235 2 2519 2520 2234 995
236 2 2519 2520 2232 996
237 2 2519 2520 2239 1000
238 2 2519 2520 2235 994
239 2 2519 2520 2239 997
240 2 2519 2520 2240 996
241 2 2519 2520 2234 988
242 2 2519 2520 2236 990
243 2 2519 2520 2244 997
244 2 2519 2520 2251 998
245 2 2519 2520 2260 1002
246 2 2519 2520 2263 1004
247 2 2519 2520 2262 1003
248 2 2519 2520 2269 1007
249 2 2519 2520 2275 1010
250 2 2519 2520 2271 1008
251 2 2519 2520 2271 1008
252 2 2519 2520 2266 1008
253 2 2519 2520 2268 1010
254 2 2519 2520 2266 1011
255 2 2519 2520 2267 1013
256 2 2519 2520 2269 1014
257 2 2519 2520 2266 1011
258 2 2519 2520 2263 1007
259 2 2519 2520 2268 1008
260 2 2519 2520 2273 1013
261 2 2519 2520 2273 1013
262 2 2519 2520 2279 1014
263 2 2519 2520 2277 1013
264 2 2519 2520 2279 1015
265 2 2519 2520 2276 1014
266 2 2519 2520 2272 1013
267 2 2519 2520 2275 1012
268 2 2519 2520 2277 1017
269 2 2519 2520 2274 1016
270 2 2519 2520 2276 1016
271 2 2519 2520 2280 1017
272 2 2519 2520 2283 1019
273 2 2519 2520 2286 1017
274 2 2519 2520 2297 1018
275 2 2519 2520 2299 1014
276 2 2519 2520 2294 1016
277 2 2519 2520 2296 1012
278 2 2519 2520 2299 1013
279 2 2519 2520 2305 1015
280 2 2519 2520 2311 1018
281 2 2519 2520 2310 1019
282 3 2519 2520 2317 1022
283 3 2519 2520 2321 1025
284 3 2519 2520 2330 1030
285 3 2519 2520 2332 1030
286 3 2519 2520 2338 1035
287 3 2519 2520 2346 1039
288 3 2519 2520 2356 1047
289 3 2519 2520 2365 1046
290 3 2519 2520 2375 1053
291 3 2519 2520 2381 1056
292 3 2519 2520 2389 1060
293 3 2519 2520 2398 1064
294 3 2519 2520 2416 1072
295 3 2519 2520 2423 1073
296 3 2519 2520 2435 1078
297 3 2519 2520 2436 1079
298 3 2519 2520 2448 1082
299 3 2519 2520 2460 1083
300 3 2519 2520 2474 1093
301 3 2519 2520 2485 1093
302 3 2519 2520 2501 1101
303 3 2519 2520 2510 1098
304 3 2519 2520 2512 1102
305 3 2519 2520 2524 1105
306 3 2519 2520 2536 1108
307 3 2519 2520 2547 1107
308 3 2519 2520 2556 1115
309 3 2519 2520 2566 1123
310 3 2519 2520 2575 1127
311 3 2519 2520 2578 1128
312 3 2519 2520 2590 1133
313 3 2519 2520 2600 1137
314 3 2519 2520 2594 1130
315 3 2519 2520 2600 1133
316 3 2519 2520 2622 1139
317 3 2519 2520 2637 1146
318 3 2519 2520 2653 1146
319 3 2519 2520 2659 1147
320 3 2519 2520 2670 1150
321 3 2519 2520 2672 1152
322 3 2519 2520 2675 1152
323 3 2519 2520 2691 1159
324 3 2519 2520 2699 1157
325 3 2519 2520 2706 1156
326 3 2519 2520 2708 1158
327 3 2519 2520 2715 1159
328 3 2519 2520 2714 1158
329 3 2519 2520 2725 1161
330 3 2519 2520 2725 1158
331 3 2519 2520 2737 1166
332 3 2519 2520 2746 1167
333 3 2519 2520 2758 1170
334 3 2519 2520 2780 1182
335 3 2519 2520 2789 1185
336 3 2519 2520 2801 1192
337 3 2519 2520 2810 1198
338 3 2519 2520 2818 1200
339 3 2519 2520 2827 1203
340 3 2519 2520 2842 1206
341 3 2519 2520 2854 1202
342 3 2519 2520 2864 1206
343 3 2519 2520 2871 1209
344 3 2519 2520 2875 1209
345 3 2519 2520 2881 1213
346 3 2519 2520 2898 1220
347 3 2519 2520 2902 1221
348 3 2519 2520 2914 1228
349 3 2519 2520 2919 1229
350 3 2519 2520 2942 1234
351 3 2519 2520 2947 1232
352 3 2519 2520 2964 1240
353 3 2519 2520 2975 1239
354 3 2519 2520 2977 1240
355 3 2519 2520 2979 1244
356 3 2519 2520 2982 1242
357 3 2519 2520 2997 1249
358 3 2519 2520 3011 1250
359 3 2519 2520 3026 1259
360 3 2519 2520 3033 1257
361 3 2519 2520 3034 1252
362 3 2519 2520 3049 1258
363 3 2519 2520 3064 1258
364 3 2519 2520 3068 1261
365 3 2519 2520 3081 1266
366 3 2519 2520 3093 1270
367 3 2519 2520 3098 1267
368 3 2519 2520 3107 1272
369 3 2519 2520 3122 1272
370 3 2519 2520 3139 1277
371 3 2519 2520 3140 1275
372 3 2519 2520 3152 1277
373 3 2519 2520 3158 1284
374 3 2519 2520 3160 1282
375 3 2519 2520 3168 1288
376 3 2519 2520 3176 1288
377 3 2519 2520 3201 1307
378 3 2519 2520 3203 1304
379 3 2519 2520 3209 1308
380 3 2519 2520 3216 1307
381 3 2519 2520 3217 1309
382 3 2519 2520 3215 1306
383 3 2519 2520 3217 1307
384 3 2519 2520 3218 1305
385 3 2519 2520 3223 1306
386 3 2519 2520 3230 1308
387 3 2519 2520 3230 1308
388 3 2519 2520 3233 1310
389 3 2519 2520 3244 1313
390 3 2519 2520 3249 1310
391 3 2519 2520 3250 1313
392 3 2519 2520 3245 1310
393 3 2519 2520 3246 1311
394 3 2519 2520 3248 1310
395 3 2519 2520 3248 1306
396 3 2519 2520 3256 1307
397 3 2519 2520 3251 1305
398 3 2519 2520 3254 1301
399 3 2519 2520 3254 1303
400 3 2519 2520 3260 1302
401 3 2519 2520 3256 1302
402 3 2519 2520 3264 1306
403 3 2519 2520 3264 1306
404 3 2519 2520 3265 1308
405 3 2519 2520 3264 1306
406 3 2519 2520 3264 1304
407 3 2519 2520 3275 1309
408 3 2519 2520 3273 1306
409 3 2519 2520 3274 1305
410 3 2519 2520 3273 1311
411 3 2519 2520 3281 1315
412 3 2519 2520 3280 1312
413 3 2519 2520 3286 1314
414 3 2519 2520 3286 1316
415 3 2519 2520 3287 1319
416 3 2519 2520 3291 1317
417 3 2519 2520 3300 1318
418 3 2519 2520 3298 1318
419 3 2519 2520 3306 1319
420 3 2519 2520 3306 1319
421 3 2519 2520 3306 1322
422 3 2519 2520 3304 1322
423 3 2519 2520 3307 1324
424 3 2519 2520 3313 1326
425 3 2519 2520 3310 1322
426 3 2519 2520 3311 1325
427 3 2519 2520 3317 1324
428 3 2519 2520 3321 1326
429 3 2519 2520 3327 1330
430 3 2519 2520 3327 1331
431 3 2519 2520 3326 1334
432 3 2519 2520 3325 1332
433 3 2519 2520 3335 1333
434 3 2519 2520 3342 1338
435 3 2519 2520 3337 1339
436 3 2519 2520 3339 1339
437 3 2519 2520 3340 1340
438 3 2519 2520 3345 1339
439 3 2519 2520 3345 1344
440 3 2519 2520 3349 1349
441 3 2519 2520 3349 1349
442 3 2519 2520 3348 1344
443 3 2519 2520 3344 1343
444 3 2519 2520 3349 1342
445 3 2519 2520 3353 1345
446 3 2519 2520 3351 1341
447 3 2519 2520 3348 1339
448 3 2519 2520 3350 1343
449 3 2519 2520 3355 1348
450 3 2519 2520 3357 1349
451 3 2519 2520 3361 1352
452 3 2519 2520 3366 1355
453 3 2519 2520 3366 1353
454 3 2519 2520 3365 1352
455 3 2519 2520 3367 1357
456 3 2519 2520 3368 1353
457 3 2519 2520 3364 1354
458 3 2519 2520 3357 1349
459 3 2519 2520 3359 1348
460 3 2519 2520 3355 1342
461 3 2519 2520 3355 1340
462 3 2519 2520 3356 1339
463 3 2519 2520 3358 1346
464 3 2519 2520 3356 1346
465 3 2519 2520 3359 1348
466 3 2519 2520 3357 1348
467 3 2519 2520 3355 1347
468 3 2519 2520 3360 1345
469 3 2519 2520 3362 1345
470 3 2519 2520 3362 1344
471 3 2519 2520 3366 1347
472 3 2519 2520 3366 1349
473 3 2519 2520 3370 1351
474 3 2519 2520 3369 1353
475 3 2519 2520 3364 1352
476 3 2519 2520 3364 1353
477 3 2519 2520 3367 1356
478 3 2519 2520 3372 1355
479 3 2519 2520 3372 1351
480 3 2519 2520 3373 1351
481 3 2519 2520 3364 1347
482 3 2519 2520 3364 1350
483 3 2519 2520 3360 1348
484 3 2519 2520 3357 1347
485 3 2519 2520 3356 1344
486 3 2519 2520 3352 1341
487 3 2519 2520 3349 1340
488 3 2519 2520 3347 1339
489 3 2519 2520 3339 1334
490 3 2519 2520 3340 1338
491 3 2519 2520 3347 1336
492 3 2519 2520 3349 1338
493 3 2519 2520 3353 1340
494 3 2519 2520 3346 1337
495 3 2519 2520 3345 1333
496 3 2519 2520 3344 1333
497 3 2519 2520 3357 1338
498 3 2519 2520 3357 1338
499 3 2519 2520 3358 1340
500 3 2519 2520 3362 1341
501 3 2519 2520 3361 1337
502 3 2519 2520 3362 1338
503 3 2519 2520 3373 1349
504 3 2519 2520 3368 1344
505 3 2519 2520 3369 1350
506 3 2519 2520 3373 1349
507 3 2519 2520 3366 1345
508 3 2519 2520 3369 1344
509 3 2519 2520 3368 1344
510 3 2519 2520 3370 1345
511 3 2519 2520 3364 1341
512 3 2519 2520 3366 1342
513 3 2519 2520 3375 1342
514 3 2519 2520 3373 1344
515 3 2519 2520 3376 1346
516 3 2519 2520 3380 1349
517 3 2519 2520 3377 1345
518 3 2519 2520 3381 1343
519 3 2519 2520 3378 1342
520 3 2519 2520 3382 1341
521 3 2519 2520 3382 1342
522 3 2519 2520 3382 1345
523 3 2519 2520 3380 1344
524 3 2519 2520 3381 1344
525 3 2519 2520 3383 1346
526 3 2519 2520 3383 1344
527 3 2519 2520 3379 1344
528 3 2519 2520 3378 1342
529 3 2519 2520 3380 1342
530 3 2519 2520 3381 1343
531 3 2519 2520 3382 1347
532 3 2519 2520 3383 1347
533 3 2519 2520 3379 1345
534 3 2519 2520 3382 1348
535 3 2519 2520 3382 1347
536 3 2519 2520 3380 1344
537 3 2519 2520 3380 1346
538 3 2519 2520 3373 1339
539 3 2519 2520 3371 1338
540 3 2519 2520 3374 1338
541 3 2519 2520 3380 1340
542 3 2519 2520 3380 1340
543 3 2519 2520 3382 1342
544 3 2519 2520 3377 1344
545 3 2519 2520 3376 1346
546 3 2519 2520 3379 1348
547 3 2519 2520 3381 1349
548 3 2519 2520 3384 1349
549 3 2519 2520 3380 1347
550 3 2519 2520 3380 1347
551 3 2519 2520 3377 1348
552 3 2519 2520 3374 1346
553 3 2519 2520 3372 1343
554 3 2519 2520 3371 1345
555 3 2519 2520 3374 1347
556 3 2519 2520 3377 1351
557 3 2519 2520 3376 1352
558 3 2519 2520 3377 1352
559 3 2519 2520 3379 1354
560 3 2519 2520 3375 1352
561 3 2519 2520 3373 1352
562 3 2519 2520 3377 1352
563 3 2519 2520 3380 1352
564 3 2519 2520 3382 1351
565 3 2519 2520 3375 1350
566 3 2519 2520 3373 1347
567 3 2519 2520 3373 1347
568 3 2519 2520 3370 1345
569 3 2519 2520 3369 1347
570 3 2519 2520 3364 1344
571 3 2519 2520 3366 1347
572 3 2519 2520 3377 1351
573 3 2519 2520 3376 1348
574 3 2519 2520 3375 1348
575 3 2519 2520 3374 1348
576 3 2519 2520 3375 1349
577 3 2519 2520 3377 1349
578 3 2519 2520 3379 1351
579 3 2519 2520 3379 1351
580 3 2519 2520 3378 1348
581 3 2519 2520 3376 1348
582 3 2519 2520 3377 1350
583 3 2519 2520 3371 1349
584 3 2519 2520 3369 1346
585 3 2519 2520 3373 1348
586 3 2519 2520 3375 1345
587 3 2519 2520 3371 1344
588 3 2519 2520 3374 1347
589 3 2519 2520 3374 1347
590 3 2519 2520 3376 1347
591 3 2519 2520 3373 1347
592 3 2519 2520 3374 1346
593 3 2519 2520 3381 1350
594 3 2519 2520 3380 1347
595 3 2519 2520 3379 1347
596 3 2519 2520 3380 1346
597 3 2519 2520 3379 1346
598 3 2519 2520 3378 1346
599 3 2519 2520 3380 1346
600 3 2519 2520 3382 1347
601 3 2519 2520 3377 1345
602 3 2519 2520 3380 1347
603 3 2519 2520 3379 1344
604 3 2519 2520 3379 1346
605 3 2519 2520 3379 1347
606 3 2519 2520 3379 1350
607 3 2519 2520 3379 1351
608 3 2519 2520 3377 1348
609 3 2519 2520 3382 1350
610 3 2519 2520 3381 1350
611 3 2519 2520 3382 1352
612 3 2519 2520 3385 1353
613 3 2519 2520 3385 1357
614 3 2519 2520 3381 1353
615 3 2519 2520 3382 1354
616 3 2519 2520 3383 1353
617 3 2519 2520 3378 1349
618 3 2519 2520 3380 1348
619 3 2519 2520 3377 1350
620 3 2519 2520 3381 1351
621 3 2519 2520 3385 1352
622 3 2519 2520 3386 1353
623 3 2519 2520 3384 1349
624 3 2519 2520 3382 1350
625 3 2519 2520 3380 1353
626 3 2519 2520 3381 1352
627 3 2519 2520 3383 1353
628 3 2519 2520 3383 1353
629 3 2519 2520 3382 1354
630 3 2519 2520 3384 1355
631 3 2519 2520 3383 1354
632 3 2519 2520 3383 1354
633 3 2519 2520 3386 1356
634 3 2519 2520 3387 1355
635 3 2519 2520 3387 1355
636 3 2519 2520 3386 1355
637 3 2519 2520 3388 1353
638 3 2519 2520 3384 1349
639 3 2519 2520 3381 1348
640 3 2519 2520 3384 1351
641 3 2519 2520 3387 1354
642 3 2519 2520 3384 1353
643 3 2519 2520 3379 1349
644 3 2519 2520 3373 1346
645 3 2519 2520 3374 1346
646 3 2519 2520 3373 1344
647 3 2519 2520 3375 1346
648 3 2519 2520 3369 1343
649 3 2519 2520 3372 1346
650 3 2519 2520 3371 1346
651 3 2519 2520 3374 1349
652 3 2519 2520 3380 1353
653 3 2519 2520 3376 1350
654 3 2519 2520 3379 1351
655 3 2519 2520 3380 1351
656 3 2519 2520 3377 1347
657 3 2519 2520 3375 1347
658 3 2519 2520 3377 1345
659 3 2519 2520 3383 1351
660 3 2519 2520 3383 1355
661 3 2519 2520 3383 1354
662 3 2519 2520 3381 1352
663 3 2519 2520 3378 1349
664 3 2519 2520 3375 1349
665 3 2519 2520 3374 1350
666 3 2519 2520 3376 1352
667 3 2519 2520 3373 1349
668 3 2519 2520 3378 1351
669 3 2519 2520 3375 1350
670 3 2519 2520 3374 1350
671 3 2519 2520 3377 1350
672 3 2519 2520 3379 1353
673 3 2519 2520 3381 1353
674 3 2519 2520 3375 1350
675 3 2519 2520 3372 1348
676 3 2519 2520 3372 1348
677 3 2519 2520 3371 1348
678 3 2519 2520 3373 1349
679 3 2519 2520 3375 1348
680 3 2519 2520 3381 1353
681 3 2519 2520 3381 1352
682 3 2519 2520 3384 1358
683 3 2519 2520 3388 1362
684 3 2519 2520 3383 1356
685 3 2519 2520 3381 1355
686 3 2519 2520 3381 1358
687 3 2519 2520 3376 1354
688 3 2519 2520 3379 1355
689 3 2519 2520 3385 1359
690 3 2519 2520 3387 1361
691 3 2519 2520 3391 1360
692 3 2519 2520 3392 1358
693 3 2519 2520 3392 1358
694 3 2519 2520 3397 1359
695 3 2519 2520 3393 1356
696 3 2519 2520 3389 1352
697 3 2519 2520 3392 1353
698 3 2519 2520 3395 1355
699 3 2519 2520 3396 1353
700 3 2519 2520 3395 1358
701 3 2519 2520 3398 1357
702 3 2519 2520 3391 1354
703 3 2519 2520 3395 1358
704 3 2519 2520 3397 1360
705 3 2519 2520 3395 1360
706 3 2519 2520 3397 1360
707 3 2519 2520 3393 1359
708 3 2519 2520 3397 1359
709 3 2519 2520 3403 1366
710 3 2519 2520 3403 1365
711 3 2519 2520 3407 1366
712 3 2519 2520 3408 1368
713 3 2519 2520 3406 1368
714 3 2519 2520 3401 1365
715 3 2519 2520 3406 1367
716 3 2519 2520 3405 1365
717 3 2519 2520 3410 1367
718 3 2519 2520 3413 1370
719 3 2519 2520 3421 1372
720 3 2519 2520 3420 1372
721 3 2519 2520 3421 1373
722 3 2519 2520 3426 1371
723 3 2519 2520 3423 1371
724 3 2519 2520 3429 1377
725 3 2519 2520 3428 1377
726 3 2519 2520 3432 1380
727 3 2519 2520 3426 1377
728 3 2519 2520 3422 1373
729 3 2519 2520 3420 1371
730 3 2519 2520 3424 1374
731 3 2519 2520 3424 1376
732 3 2519 2520 3426 1373
733 3 2519 2520 3428 1374
734 3 2519 2520 3426 1375
735 3 2519 2520 3426 1376
736 3 2519 2520 3425 1377
737 3 2519 2520 3424 1378
738 3 2519 2520 3427 1383
739 3 2519 2520 3429 1383
740 3 2519 2520 3436 1389
741 3 2519 2520 3434 1386
742 3 2519 2520 3437 1386
743 3 2519 2520 3434 1381
744 3 2519 2520 3440 1383
745 3 2519 2520 3437 1384
746 3 2519 2520 3439 1388
747 3 2519 2520 3439 1388
748 3 2519 2520 3440 1386
749 3 2519 2520 3435 1380
750 3 2519 2520 3445 1384
751 3 2519 2520 3439 1381
752 3 2519 2520 3438 1381
753 3 2519 2520 3441 1384
754 3 2519 2520 3439 1382
755 3 2519 2520 3435 1385
756 3 2519 2520 3441 1386
757 3 2519 2520 3439 1383
758 3 2519 2520 3440 1384
759 3 2519 2520 3435 1381
760 3 2519 2520 3438 1387
761 3 2519 2520 3443 1388
762 3 2519 2520 3445 1389
763 3 2519 2520 3448 1390
764 3 2519 2520 3448 1390
765 3 2519 2520 3448 1388
766 3 2519 2520 3450 1389
767 3 2519 2520 3445 1384
768 3 2519 2520 3452 1386
769 3 2519 2520 3451 1388
770 3 2519 2520 3458 1391
771 3 2519 2520 3448 1384
772 3 2519 2520 3447 1384
773 3 2519 2520 3447 1385
774 3 2519 2520 3448 1388
775 3 2519 2520 3449 1389
776 3 2519 2520 3451 1388
777 3 2519 2520 3454 1387
778 4 2519 2520 3457 1385
779 4 2519 2520 3460 1388
780 4 2519 2520 3461 1387
781 4 2519 2520 3459 1387
782 4 2519 2520 3464 1389
783 4 2519 2520 3470 1392
784 4 2519 2520 3480 1394
785 4 2519 2520 3486 1395
786 4 2519 2520 3494 1398
787 4 2519 2520 3496 1396
788 4 2519 2520 3502 1401
789 4 2519 2520 3513 1403
790 4 2519 2520 3519 1405
791 4 2519 2520 3522 1407
792 4 2519 2520 3531 1408
793 4 2519 2520 3537 1411
794 4 2519 2520 3540 1410
795 4 2519 2520 3545 1414
796 4 2519 2520 3546 1414
797 4 2519 2520 3555 1419
798 4 2519 2520 3566 1423
799 4 2519 2520 3573 1427
800 4 2519 2520 3580 1430
801 4 2519 2520 3581 1427
802 4 2519 2520 3591 1429
803 4 2519 2520 3593 1430
804 4 2519 2520 3603 1429
805 4 2519 2520 3610 1437
806 4 2519 2520 3616 1437
807 4 2519 2520 3617 1439
808 4 2519 2520 3624 1443
809 4 2519 2520 3629 1445
810 4 2519 2520 3642 1448
811 4 2519 2520 3640 1445
812 4 2519 2520 3644 1449
813 4 2519 2520 3649 1446
814 4 2519 2520 3651 1444
815 4 2519 2520 3659 1446
816 4 2519 2520 3666 1448
817 4 2519 2520 3675 1453
818 4 2519 2520 3682 1458
819 4 2519 2520 3685 1455
820 4 2519 2520 3689 1455
821 4 2519 2520 3692 1456
822 4 2519 2520 3699 1456
823 4 2519 2520 3704 1459
824 4 2519 2520 3714 1460
825 4 2519 2520 3724 1466
826 4 2519 2520 3737 1470
827 4 2519 2520 3739 1467
828 4 2519 2520 3745 1465
829 4 2519 2520 3743 1465
830 4 2519 2520 3748 1467
831 4 2519 2520 3753 1473
832 4 2519 2520 3765 1477
833 4 2519 2520 3768 1476
834 4 2519 2520 3775 1479
835 4 2519 2520 3778 1479
836 4 2519 2520 3781 1479
837 4 2519 2520 3780 1478
838 4 2519 2520 3786 1481
839 4 2519 2520 3793 1487
840 4 2519 2520 3789 1483
841 4 2519 2520 3791 1483
842 4 2519 2520 3790 1481
843 4 2519 2520 3790 1479
844 4 2519 2520 3787 1478
845 4 2519 2520 3792 1482
846 4 2519 2520 3797 1483
847 4 2519 2520 3797 1483
848 4 2519 2520 3800 1485
849 4 2519 2520 3807 1489
850 4 2519 2520 3809 1490
851 4 2519 2520 3809 1492
852 4 2519 2520 3807 1492
853 4 2519 2520 3808 1491
854 4 2519 2520 3813 1492
855 4 2519 2520 3816 1496
856 4 2519 2520 3815 1494
857 4 2519 2520 3815 1494
858 4 2519 2520 3817 1492
859 4 2519 2520 3822 1494
860 4 2519 2520 3824 1492
861 4 2519 2520 3832 1497
862 4 2519 2520 3834 1498
863 4 2519 2520 3838 1501
864 4 2519 2520 3834 1498
865 4 2519 2520 3839 1503
866 4 2519 2520 3840 1501
867 4 2519 2520 3838 1499
868 4 2519 2520 3842 1501
869 4 2519 2520 3843 1498
870 4 2519 2520 3845 1501
871 4 2519 2520 3846 1502
872 4 2519 2520 3850 1501
873 4 2519 2520 3849 1503
874 4 2519 2520 3852 1505
875 4 2519 2520 3854 1507
876 4 2519 2520 3852 1505
877 4 2519 2520 3857 1505
878 4 2519 2520 3860 1502
879 4 2519 2520 3865 1503
880 4 2519 2520 3864 1504
881 4 2519 2520 3864 1505
882 4 2519 2520 3869 1508
883 4 2519 2520 3871 1505
884 4 2519 2520 3867 1504
885 4 2519 2520 3863 1500
886 4 2519 2520 3872 1507
887 4 2519 2520 3877 1507
888 4 2519 2520 3883 1512
889 4 2519 2520 3882 1512
890 4 2519 2520 3883 1509
891 4 2519 2520 3885 1514
892 4 2519 2520 3884 1512
893 4 2519 2520 3887 1512
894 4 2519 2520 3883 1513
895 4 2519 2520 3881 1514
896 4 2519 2520 3882 1515
897 4 2519 2520 3883 1516
898 4 2519 2520 3891 1517
899 4 2519 2520 3895 1522
900 4 2519 2520 3891 1518
901 4 2519 2520 3884 1515
902 4 2519 2520 3884 1512
903 4 2519 2520 3885 1514
904 4 2519 2520 3883 1512
905 4 2519 2520 3884 1511
906 4 2519 2520 3887 1514
907 4 2519 2520 3887 1517
908 4 2519 2520 3887 1518
909 4 2519 2520 3892 1521
910 4 2519 2520 3888 1515
911 4 2519 2520 3892 1518
912 4 2519 2520 3892 1517
913 4 2519 2520 3891 1518
914 4 2519 2520 3895 1520
915 4 2519 2520 3893 1519
916 4 2519 2520 3891 1519
917 4 2519 2520 3896 1519
918 4 2519 2520 3897 1519
919 4 2519 2520 3896 1518
920 4 2519 2520 3895 1520
921 4 2519 2520 3891 1517
922 4 2519 2520 3897 1519
923 4 2519 2520 3901 1520
924 4 2519 2520 3897 1519
925 4 2519 2520 3903 1522
926 4 2519 2520 3904 1521
927 4 2519 2520 3911 1523
928 4 2519 2520 3918 1522
929 4 2519 2520 3915 1521
930 4 2519 2520 3918 1521
931 4 2519 2520 3921 1519
932 4 2519 2520 3920 1521
933 4 2519 2520 3923 1516
934 4 2519 2520 3926 1515
935 4 2519 2520 3931 1516
936 4 2519 2520 3932 1516
937 4 2519 2520 3932 1519
938 4 2519 2520 3932 1518
939 4 2519 2520 3939 1519
940 4 2519 2520 3938 1518
941 4 2519 2520 3942 1518
942 4 2519 2520 3944 1521
943 4 2519 2520 3943 1521
944 4 2519 2520 3942 1524
945 4 2519 2520 3951 1526
946 4 2519 2520 3962 1531
947 4 2519 2520 3957 1527
948 4 2519 2520 3959 1528
949 4 2519 2520 3961 1526
950 4 2519 2520 3967 1529
951 4 2519 2520 3970 1531
952 4 2519 2520 3974 1530
953 4 2519 2520 3974 1532
954 4 2519 2520 3977 1534
955 4 2519 2520 3978 1533
956 4 2519 2520 3982 1532
957 4 2519 2520 3979 1530
958 4 2519 2520 3982 1530
959 4 2519 2520 3985 1532
960 4 2519 2520 3985 1530
961 4 2519 2520 3987 1532
962 4 2519 2520 3989 1532
963 4 2519 2520 3993 1537
964 4 2519 2520 3998 1542
965 4 2519 2520 4002 1544
966 4 2519 2520 4007 1547
967 4 2519 2520 4007 1545
968 4 2519 2520 4003 1545
969 4 2519 2520 4007 1546
970 4 2519 2520 4008 1538
971 4 2519 2520 4010 1540
972 4 2519 2520 4011 1540
973 4 2519 2520 4008 1538
974 4 2519 2520 4006 1538
975 4 2519 2520 4011 1537
976 4 2519 2520 4008 1536
977 4 2519 2520 4010 1535
978 4 2519 2520 4009 1532
979 4 2519 2520 4013 1539
980 4 2519 2520 4011 1539
981 4 2519 2520 4012 1541
982 4 2519 2520 4013 1538
983 4 2519 2520 4015 1539
984 4 2519 2520 4017 1541
985 4 2519 2520 4015 1541
986 4 2519 2520 4015 1541
987 4 2519 2520 4017 1543
988 4 2519 2520 4012 1539
989 4 2519 2520 4015 1539
990 4 2519 2520 4016 1538
991 4 2519 2520 4020 1539
992 4 2519 2520 4027 1541
993 4 2519 2520 4026 1539
994 4 2519 2520 4031 1541
995 4 2519 2520 4028 1539
996 4 2519 2520 4027 1543
997 4 2519 2520 4024 1544
998 4 2519 2520 4026 1542
999 4 2519 2520 4026 1545
1000 4 2519 2520 4031 1545
