0 1 2519 2520 795 499
1 1 2519 2520 797 501
2 1 2519 2520 806 509
3 1 2519 2520 820 517
4 1 2519 2520 827 519
5 1 2519 2520 830 520
6 1 2519 2520 839 526
7 1 2519 2520 841 528
8 1 2519 2520 852 534
9 1 2519 2520 855 536
10 1 2519 2520 859 538
11 1 2519 2520 869 545
12 1 2519 2520 884 554
13 1 2519 2520 888 556
14 1 2519 2520 887 555
15 1 2519 2520 898 562
16 1 2519 2520 901 564
17 1 2519 2520 908 568
18 1 2519 2520 920 572
19 1 2519 2520 924 573
20 1 2519 2520 929 576
21 1 2519 2520 932 574
22 1 2519 2520 934 574
23 1 2519 2520 946 577
24 1 2519 2520 950 582
25 1 2519 2520 952 584
26 1 2519 2520 958 588
27 1 2519 2520 970 597
28 1 2519 2520 978 601
29 1 2519 2520 979 599
30 1 2519 2520 980 600
31 1 2519 2520 979 602
32 1 2519 2520 982 605
33 1 2519 2520 992 610
34 1 2519 2520 995 611
35 1 2519 2520 1003 613
36 1 2519 2520 1004 610
37 1 2519 2520 1008 612
38 1 2519 2520 1013 613
39 1 2519 2520 1019 613
40 1 2519 2520 1022 613
41 1 2519 2520 1030 617
42 1 2519 2520 1032 618
43 1 2519 2520 1041 621
44 1 2519 2520 1045 623
45 1 2519 2520 1046 625
46 1 2519 2520 1051 625
47 1 2519 2520 1051 627
48 1 2519 2520 1055 625
49 1 2519 2520 1064 630
50 1 2519 2520 1076 633
51 1 2519 2520 1083 638
52 1 2519 2520 1087 638
53 1 2519 2520 1090 639
54 1 2519 2520 1098 642
55 1 2519 2520 1101 643
56 1 2519 2520 1107 643
57 1 2519 2520 1109 643
58 1 2519 2520 1116 644
59 1 2519 2520 1120 642
60 1 2519 2520 1129 648
61 1 2519 2520 1130 648
62 1 2519 2520 1133 649
63 1 2519 2520 1134 651
64 1 2519 2520 1135 651
65 1 2519 2520 1137 652
66 1 2519 2520 1136 651
67 1 2519 2520 1140 651
68 1 2519 2520 1142 651
69 1 2519 2520 1147 654
70 1 2519 2520 1146 654
71 1 2519 2520 1151 655
72 1 2519 2520 1157 656
73 1 2519 2520 1156 655
74 1 2519 2520 1155 655
75 1 2519 2520 1153 653
76 1 2519 2520 1150 651
77 1 2519 2520 1154 652
78 1 2519 2520 1161 656
79 1 2519 2520 1171 662
80 1 2519 2520 1171 660
81 1 2519 2520 1185 662
82 1 2519 2520 1185 661
83 1 2519 2520 1187 661
84 1 2519 2520 1186 660
85 1 2519 2520 1190 662
86 1 2519 2520 1192 661
87 2 2519 2520 1203 662
88 2 2519 2520 1213 667
89 2 2519 2520 1224 670
90 2 2519 2520 1245 680
91 2 2519 2520 1263 685
92 2 2519 2520 1278 688
93 2 2519 2520 1285 690
94 2 2519 2520 1306 698
95 2 2519 2520 1317 705
96 2 2519 2520 1338 712
97 2 2519 2520 1350 718
98 2 2519 2520 1371 725
99 2 2519 2520 1391 729
100 2 2519 2520 1403 730
101 2 2519 2520 1426 741
102 2 2519 2520 1444 747
103 2 2519 2520 1460 748
104 2 2519 2520 1471 750
105 2 2519 2520 1494 757
106 2 2519 2520 1511 760
107 2 2519 2520 1528 770
108 2 2519 2520 1550 776
109 2 2519 2520 1577 785
110 2 2519 2520 1599 794
111 2 2519 2520 1614 802
112 2 2519 2520 1634 808
113 2 2519 2520 1654 815
114 2 2519 2520 1664 818
115 2 2519 2520 1672 822
116 2 2519 2520 1676 824
117 2 2519 2520 1695 827
118 2 2519 2520 1701 826
119 2 2519 2520 1710 827
120 2 2519 2520 1733 832
121 2 2519 2520 1748 837
122 2 2519 2520 1758 841
123 2 2519 2520 1770 847
124 2 2519 2520 1779 850
125 2 2519 2520 1798 850
126 2 2519 2520 1808 856
127 2 2519 2520 1813 857
128 2 2519 2520 1818 857
129 2 2519 2520 1825 860
130 2 2519 2520 1834 862
131 2 2519 2520 1844 867
132 2 2519 2520 1847 868
133 2 2519 2520 1861 873
134 2 2519 2520 1870 875
135 2 2519 2520 1881 876
136 2 2519 2520 1884 879
137 2 2519 2520 1898 884
138 2 2519 2520 1902 883
139 2 2519 2520 1910 884
140 2 2519 2520 1913 887
141 2 2519 2520 1921 888
142 2 2519 2520 1929 889
143 2 2519 2520 1931 890
144 2 2519 2520 1937 896
145 2 2519 2520 1944 900
146 2 2519 2520 1952 905
147 2 2519 2520 1961 910
148 2 2519 2520 1964 910
149 2 2519 2520 1966 911
150 2 2519 2520 1974 916
151 2 2519 2520 1974 916
152 2 2519 2520 1978 916
153 2 2519 2520 1985 918
154 2 2519 2520 1991 919
155 2 2519 2520 1990 916
156 2 2519 2520 1994 919
157 2 2519 2520 1992 914
158 2 2519 2520 1999 919
159 2 2519 2520 2003 920
160 2 2519 2520 2008 921
161 2 2519 2520 2012 922
162 2 2519 2520 2016 924
163 2 2519 2520 2022 925
164 2 2519 2520 2027 925
165 2 2519 2520 2027 923
166 2 2519 2520 2025 923
167 2 2519 2520 2031 925
168 2 2519 2520 2037 928
169 2 2519 2520 2043 927
170 2 2519 2520 2040 925
171 2 2519 2520 2045 927
172 2 2519 2520 2053 932
173 2 2519 2520 2055 935
174 2 2519 2520 2060 937
175 2 2519 2520 2060 936
176 2 2519 2520 2063 941
177 2 2519 2520 2066 943
178 2 2519 2520 2073 947
179 2 2519 2520 2075 949
180 2 2519 2520 2078 950
181 2 2519 2520 2081 950
182 2 2519 2520 2079 950
183 2 2519 2520 2076 946
184 2 2519 2520 2078 948
185 2 2519 2520 2082 950
186 2 2519 2520 2088 950
187 2 2519 2520 2092 956
188 2 2519 2520 2093 957
189 2 2519 2520 2092 955
190 2 2519 2520 2085 950
191 2 2519 2520 2092 954
192 2 2519 2520 2101 959
193 2 2519 2520 2110 967
194 2 2519 2520 2106 963
195 2 2519 2520 2112 967
196 2 2519 2520 2116 969
197 2 2519 2520 2116 969
198 2 2519 2520 2125 973
199 2 2519 2520 2135 980
200 2 2519 2520 2129 977
201 2 2519 2520 2133 980
202 2 2519 2520 2135 981
203 2 2519 2520 2131 981
204 2 2519 2520 2132 981
205 2 2519 2520 2137 983
206 2 2519 2520 2141 983
207 2 2519 2520 2139 982
208 2 2519 2520 2142 984
209 2 2519 2520 2144 983
210 2 2519 2520 2146 985
211 2 2519 2520 2150 986
212 2 2519 2520 2149 981
213 2 2519 2520 2157 982
214 2 2519 2520 2155 982
215 2 2519 2520 2156 981
216 2 2519 2520 2159 984
217 2 2519 2520 2157 985
218 2 2519 2520 2158 986
219 2 2519 2520 2158 986
220 2 2519 2520 2153 981
221 2 2519 2520 2160 981
222 2 2519 2520 2161 982
223 2 2519 2520 2169 987
224 2 2519 2520 2167 984
225 2 2519 2520 2164 983
226 2 2519 2520 2168 984
227 2 2519 2520 2170 986
228 2 2519 2520 2166 981
229 2 2519 2520 2172 985
230 2 2519 2520 2173 987
231 2 2519 2520 2170 984
232 2 2519 2520 2171 984
233 2 2519 2520 2175 986
234 2 2519 2520 2176 989
235 2 2519 2520 2175 991
236 2 2519 2520 2180 991
237 2 2519 2520 2184 988
238 2 2519 2520 2181 988
239 2 2519 2520 2177 986
240 2 2519 2520 2181 985
241 2 2519 2520 2184 988
242 2 2519 2520 2185 989
243 2 2519 2520 2188 992
244 2 2519 2520 2193 996
245 2 2519 2520 2194 996
246 2 2519 2520 2189 993
247 2 2519 2520 2192 996
248 2 2519 2520 2194 997
249 2 2519 2520 2198 1000
250 2 2519 2520 2203 1000
251 2 2519 2520 2202 998
252 2 2519 2520 2202 998
253 2 2519 2520 2213 1000
254 2 2519 2520 2209 999
255 2 2519 2520 2209 998
256 2 2519 2520 2207 995
257 2 2519 2520 2210 996
258 2 2519 2520 2209 996
259 2 2519 2520 2208 997
260 2 2519 2520 2207 995
261 2 2519 2520 2208 993
262 2 2519 2520 2211 993
263 2 2519 2520 2216 997
264 2 2519 2520 2218 997
265 2 2519 2520 2225 998
266 2 2519 2520 2227 1001
267 2 2519 2520 2229 1005
268 2 2519 2520 2231 1008
269 2 2519 2520 2233 1009
270 2 2519 2520 2228 1007
271 2 2519 2520 2229 1007
272 2 2519 2520 2230 1007
273 2 2519 2520 2238 1010
274 2 2519 2520 2237 1009
275 2 2519 2520 2234 1008
276 2 2519 2520 2233 1006
277 2 2519 2520 2229 1005
278 2 2519 2520 2227 1003
279 2 2519 2520 2230 1005
280 2 2519 2520 2230 1006
281 2 2519 2520 2227 1005
282 2 2519 2520 2225 1002
283 2 2519 2520 2226 1004
284 2 2519 2520 2231 1007
285 2 2519 2520 2233 1007
286 2 2519 2520 2228 1006
287 2 2519 2520 2229 1004
288 2 2519 2520 2228 1002
289 2 2519 2520 2231 1007
290 2 2519 2520 2230 1006
291 2 2519 2520 2236 1007
292 2 2519 2520 2242 1011
293 2 2519 2520 2245 1014
294 2 2519 2520 2247 1013
295 2 2519 2520 2252 1012
296 2 2519 2520 2252 1009
297 2 2519 2520 2254 1009
298 2 2519 2520 2257 1011
299 2 2519 2520 2256 1010
300 2 2519 2520 2253 1005
301 2 2519 2520 2258 1010
302 2 2519 2520 2259 1009
303 2 2519 2520 2260 1013
304 2 2519 2520 2261 1011
305 2 2519 2520 2262 1010
306 2 2519 2520 2256 1007
307 2 2519 2520 2259 1009
308 2 2519 2520 2264 1010
309 2 2519 2520 2262 1008
310 2 2519 2520 2261 1007
311 2 2519 2520 2266 1008
312 2 2519 2520 2266 1008
313 2 2519 2520 2265 1009
314 2 2519 2520 2267 1011
315 2 2519 2520 2266 1011
316 2 2519 2520 2266 1013
317 2 2519 2520 2269 1015
318 2 2519 2520 2271 1013
319 2 2519 2520 2269 1013
320 2 2519 2520 2286 1021
321 2 2519 2520 2292 1024
322 2 2519 2520 2294 1025
323 2 2519 2520 2297 1025
324 3 2519 2520 2301 1027
325 3 2519 2520 2308 1028
326 3 2519 2520 2315 1031
327 3 2519 2520 2312 1029
328 3 2519 2520 2314 1030
329 3 2519 2520 2315 1032
330 3 2519 2520 2320 1033
331 3 2519 2520 2319 1035
332 3 2519 2520 2326 1037
333 3 2519 2520 2322 1033
334 3 2519 2520 2328 1033
335 3 2519 2520 2338 1039
336 3 2519 2520 2349 1039
337 3 2519 2520 2353 1042
338 3 2519 2520 2363 1044
339 3 2519 2520 2373 1044
340 3 2519 2520 2388 1048
341 3 2519 2520 2398 1048
342 3 2519 2520 2414 1048
343 3 2519 2520 2418 1048
344 3 2519 2520 2427 1051
345 3 2519 2520 2431 1052
346 3 2519 2520 2434 1053
347 3 2519 2520 2449 1060
348 3 2519 2520 2467 1068
349 3 2519 2520 2477 1073
350 3 2519 2520 2483 1074
351 3 2519 2520 2489 1074
352 3 2519 2520 2496 1079
353 3 2519 2520 2500 1082
354 3 2519 2520 2504 1082
355 3 2519 2520 2512 1082
356 3 2519 2520 2524 1089
357 3 2519 2520 2530 1091
358 3 2519 2520 2538 1094
359 3 2519 2520 2546 1094
360 3 2519 2520 2564 1096
361 3 2519 2520 2567 1094
362 3 2519 2520 2581 1101
363 3 2519 2520 2587 1104
364 3 2519 2520 2596 1101
365 3 2519 2520 2594 1101
366 3 2519 2520 2611 1114
367 3 2519 2520 2616 1110
368 3 2519 2520 2623 1116
369 3 2519 2520 2639 1119
370 3 2519 2520 2652 1122
371 3 2519 2520 2662 1124
372 3 2519 2520 2677 1130
373 3 2519 2520 2686 1131
374 3 2519 2520 2705 1135
375 3 2519 2520 2717 1142
376 3 2519 2520 2720 1143
377 3 2519 2520 2738 1143
378 3 2519 2520 2745 1142
379 3 2519 2520 2757 1150
380 3 2519 2520 2770 1153
381 3 2519 2520 2782 1152
382 3 2519 2520 2800 1161
383 3 2519 2520 2803 1160
384 3 2519 2520 2810 1165
385 3 2519 2520 2814 1164
386 3 2519 2520 2816 1163
387 3 2519 2520 2830 1166
388 3 2519 2520 2840 1170
389 3 2519 2520 2848 1167
390 3 2519 2520 2859 1175
391 3 2519 2520 2867 1179
392 3 2519 2520 2875 1181
393 3 2519 2520 2877 1182
394 3 2519 2520 2881 1180
395 3 2519 2520 2886 1186
396 3 2519 2520 2890 1189
397 3 2519 2520 2899 1189
398 3 2519 2520 2906 1192
399 3 2519 2520 2914 1191
400 3 2519 2520 2919 1194
401 3 2519 2520 2929 1192
402 3 2519 2520 2944 1197
403 3 2519 2520 2944 1196
404 3 2519 2520 2961 1202
405 3 2519 2520 2972 1200
406 3 2519 2520 2982 1203
407 3 2519 2520 2974 1197
408 3 2519 2520 2980 1204
409 3 2519 2520 2979 1204
410 3 2519 2520 2994 1204
411 3 2519 2520 3000 1204
412 3 2519 2520 3000 1209
413 3 2519 2520 3008 1214
414 3 2519 2520 3006 1212
415 3 2519 2520 3014 1211
416 3 2519 2520 3016 1213
417 3 2519 2520 3023 1214
418 3 2519 2520 3028 1218
419 3 2519 2520 3029 1219
420 3 2519 2520 3034 1225
421 3 2519 2520 3039 1222
422 3 2519 2520 3052 1226
423 3 2519 2520 3051 1227
424 3 2519 2520 3055 1224
425 3 2519 2520 3064 1228
426 3 2519 2520 3069 1233
427 3 2519 2520 3074 1234
428 3 2519 2520 3078 1235
429 3 2519 2520 3084 1239
430 3 2519 2520 3086 1240
431 3 2519 2520 3089 1241
432 3 2519 2520 3084 1237
433 3 2519 2520 3088 1236
434 3 2519 2520 3096 1240
435 3 2519 2520 3097 1246
436 3 2519 2520 3100 1244
437 3 2519 2520 3101 1244
438 3 2519 2520 3104 1243
439 3 2519 2520 3105 1243
440 3 2519 2520 3118 1253
441 3 2519 2520 3118 1249
442 3 2519 2520 3128 1250
443 3 2519 2520 3136 1251
444 3 2519 2520 3141 1251
445 3 2519 2520 3140 1252
446 3 2519 2520 3137 1254
447 3 2519 2520 3140 1256
448 3 2519 2520 3139 1254
449 3 2519 2520 3149 1260
450 3 2519 2520 3155 1258
451 3 2519 2520 3154 1258
452 3 2519 2520 3160 1260
453 3 2519 2520 3160 1260
454 3 2519 2520 3163 1265
455 3 2519 2520 3162 1265
456 3 2519 2520 3157 1262
457 3 2519 2520 3160 1264
458 3 2519 2520 3160 1266
459 3 2519 2520 3163 1265
460 3 2519 2520 3156 1263
461 3 2519 2520 3161 1266
462 3 2519 2520 3161 1268
463 3 2519 2520 3165 1266
464 3 2519 2520 3166 1266
465 3 2519 2520 3164 1266
466 3 2519 2520 3166 1265
467 3 2519 2520 3161 1267
468 3 2519 2520 3162 1267
469 3 2519 2520 3161 1268
470 3 2519 2520 3160 1269
471 3 2519 2520 3166 1270
472 3 2519 2520 3169 1273
473 3 2519 2520 3166 1270
474 3 2519 2520 3155 1267
475 3 2519 2520 3159 1271
476 3 2519 2520 3162 1272
477 3 2519 2520 3162 1273
478 3 2519 2520 3165 1274
479 3 2519 2520 3164 1273
480 3 2519 2520 3165 1276
481 3 2519 2520 3173 1274
482 3 2519 2520 3178 1276
483 3 2519 2520 3177 1276
484 3 2519 2520 3173 1276
485 3 2519 2520 3174 1277
486 3 2519 2520 3171 1278
487 3 2519 2520 3177 1280
488 3 2519 2520 3179 1278
489 3 2519 2520 3176 1274
490 3 2519 2520 3173 1273
491 3 2519 2520 3179 1272
492 3 2519 2520 3184 1273
493 3 2519 2520 3180 1269
494 3 2519 2520 3177 1268
495 3 2519 2520 3181 1271
496 3 2519 2520 3185 1273
497 3 2519 2520 3185 1273
498 3 2519 2520 3192 1271
499 3 2519 2520 3190 1271
500 3 2519 2520 3193 1275
501 3 2519 2520 3189 1267
502 3 2519 2520 3195 1273
503 3 2519 2520 3198 1278
504 3 2519 2520 3200 1278
505 3 2519 2520 3195 1279
506 3 2519 2520 3196 1278
507 3 2519 2520 3197 1279
508 3 2519 2520 3203 1284
509 3 2519 2520 3206 1287
510 3 2519 2520 3211 1283
511 3 2519 2520 3212 1280
512 3 2519 2520 3217 1284
513 3 2519 2520 3219 1286
514 3 2519 2520 3219 1285
515 3 2519 2520 3219 1284
516 3 2519 2520 3221 1288
517 3 2519 2520 3215 1285
518 3 2519 2520 3222 1287
519 3 2519 2520 3220 1283
520 3 2519 2520 3222 1282
521 3 2519 2520 3220 1281
522 3 2519 2520 3217 1274
523 3 2519 2520 3220 1274
524 3 2519 2520 3225 1273
525 3 2519 2520 3228 1272
526 3 2519 2520 3234 1279
527 3 2519 2520 3235 1280
528 3 2519 2520 3239 1280
529 3 2519 2520 3242 1280
530 3 2519 2520 3244 1283
531 3 2519 2520 3251 1282
532 3 2519 2520 3252 1283
533 3 2519 2520 3255 1283
534 3 2519 2520 3257 1280
535 3 2519 2520 3260 1283
536 3 2519 2520 3263 1283
537 3 2519 2520 3264 1284
538 3 2519 2520 3269 1285
539 3 2519 2520 3267 1283
540 3 2519 2520 3277 1287
541 3 2519 2520 3281 1288
542 3 2519 2520 3276 1284
543 3 2519 2520 3279 1286
544 3 2519 2520 3281 1290
545 3 2519 2520 3285 1289
546 3 2519 2520 3289 1290
547 3 2519 2520 3299 1297
548 3 2519 2520 3301 1294
549 3 2519 2520 3304 1301
550 3 2519 2520 3302 1299
551 3 2519 2520 3305 1302
552 3 2519 2520 3300 1300
553 3 2519 2520 3297 1298
554 3 2519 2520 3296 1296
555 3 2519 2520 3300 1299
556 3 2519 2520 3296 1294
557 3 2519 2520 3303 1303
558 3 2519 2520 3306 1301
559 3 2519 2520 3311 1303
560 3 2519 2520 3317 1304
561 3 2519 2520 3323 1308
562 3 2519 2520 3322 1305
563 3 2519 2520 3321 1305
564 3 2519 2520 3329 1310
565 3 2519 2520 3328 1310
566 3 2519 2520 3325 1309
567 3 2519 2520 3324 1308
568 3 2519 2520 3318 1304
569 3 2519 2520 3323 1307
570 3 2519 2520 3324 1307
571 3 2519 2520 3324 1304
572 3 2519 2520 3329 1305
573 3 2519 2520 3327 1306
574 3 2519 2520 3332 1315
575 3 2519 2520 3332 1314
576 3 2519 2520 3337 1315
577 3 2519 2520 3335 1310
578 3 2519 2520 3333 1311
579 3 2519 2520 3336 1315
580 3 2519 2520 3341 1320
581 3 2519 2520 3338 1319
582 3 2519 2520 3342 1321
583 3 2519 2520 3346 1323
584 3 2519 2520 3345 1321
585 3 2519 2520 3346 1322
586 3 2519 2520 3344 1320
587 3 2519 2520 3348 1323
588 3 2519 2520 3347 1323
589 3 2519 2520 3349 1325
590 3 2519 2520 3350 1324
591 3 2519 2520 3350 1325
592 3 2519 2520 3351 1326
593 3 2519 2520 3356 1327
594 3 2519 2520 3352 1321
595 3 2519 2520 3348 1318
596 3 2519 2520 3347 1316
597 3 2519 2520 3346 1317
598 3 2519 2520 3346 1321
599 3 2519 2520 3348 1327
600 3 2519 2520 3351 1331
601 3 2519 2520 3349 1332
602 3 2519 2520 3349 1329
603 3 2519 2520 3343 1324
604 3 2519 2520 3346 1325
605 3 2519 2520 3344 1324
606 3 2519 2520 3347 1330
607 3 2519 2520 3351 1329
608 3 2519 2520 3350 1328
609 3 2519 2520 3346 1324
610 3 2519 2520 3350 1323
611 3 2519 2520 3348 1321
612 3 2519 2520 3349 1323
613 3 2519 2520 3356 1328
614 3 2519 2520 3357 1327
615 3 2519 2520 3355 1326
616 3 2519 2520 3351 1324
617 3 2519 2520 3348 1320
618 3 2519 2520 3345 1320
619 3 2519 2520 3344 1317
620 3 2519 2520 3342 1316
621 3 2519 2520 3346 1318
622 3 2519 2520 3344 1317
623 3 2519 2520 3346 1316
624 3 2519 2520 3348 1315
625 3 2519 2520 3352 1316
626 3 2519 2520 3351 1314
627 3 2519 2520 3354 1316
628 3 2519 2520 3363 1320
629 3 2519 2520 3364 1318
630 3 2519 2520 3361 1316
631 3 2519 2520 3361 1314
632 3 2519 2520 3363 1316
633 3 2519 2520 3360 1315
634 3 2519 2520 3360 1316
635 3 2519 2520 3354 1314
636 3 2519 2520 3357 1318
637 3 2519 2520 3358 1320
638 3 2519 2520 3358 1322
639 3 2519 2520 3359 1323
640 3 2519 2520 3356 1321
641 3 2519 2520 3357 1322
642 3 2519 2520 3361 1324
643 3 2519 2520 3364 1322
644 3 2519 2520 3366 1320
645 3 2519 2520 3363 1317
646 3 2519 2520 3365 1319
647 3 2519 2520 3361 1320
648 3 2519 2520 3362 1321
649 3 2519 2520 3358 1318
650 3 2519 2520 3361 1318
651 3 2519 2520 3357 1320
652 3 2519 2520 3361 1322
653 3 2519 2520 3356 1318
654 3 2519 2520 3352 1318
655 3 2519 2520 3355 1319
656 3 2519 2520 3354 1318
657 3 2519 2520 3354 1317
658 3 2519 2520 3349 1315
659 3 2519 2520 3349 1315
660 3 2519 2520 3350 1317
661 3 2519 2520 3353 1317
662 3 2519 2520 3350 1315
663 3 2519 2520 3352 1314
664 3 2519 2520 3359 1319
665 3 2519 2520 3358 1315
666 3 2519 2520 3353 1317
667 3 2519 2520 3353 1314
668 3 2519 2520 3352 1312
669 3 2519 2520 3353 1312
670 3 2519 2520 3355 1317
671 3 2519 2520 3365 1322
672 3 2519 2520 3370 1325
673 3 2519 2520 3368 1324
674 3 2519 2520 3372 1325
675 3 2519 2520 3377 1328
676 3 2519 2520 3374 1324
677 3 2519 2520 3374 1325
678 3 2519 2520 3380 1328
679 3 2519 2520 3378 1328
680 3 2519 2520 3379 1327
681 3 2519 2520 3384 1327
682 3 2519 2520 3380 1328
683 3 2519 2520 3378 1327
684 3 2519 2520 3383 1328
685 3 2519 2520 3385 1328
686 3 2519 2520 3385 1329
687 3 2519 2520 3386 1329
688 3 2519 2520 3386 1330
689 3 2519 2520 3383 1329
690 3 2519 2520 3382 1326
691 3 2519 2520 3381 1326
692 3 2519 2520 3386 1330
693 3 2519 2520 3385 1331
694 3 2519 2520 3384 1332
695 3 2519 2520 3388 1333
696 3 2519 2520 3391 1335
697 3 2519 2520 3393 1335
698 3 2519 2520 3397 1337
699 3 2519 2520 3393 1335
700 3 2519 2520 3395 1335
701 3 2519 2520 3400 1339
702 3 2519 2520 3396 1337
703 3 2519 2520 3395 1336
704 3 2519 2520 3401 1335
705 3 2519 2520 3399 1335
706 3 2519 2520 3398 1334
707 3 2519 2520 3396 1334
708 3 2519 2520 3399 1336
709 3 2519 2520 3404 1338
710 3 2519 2520 3400 1336
711 3 2519 2520 3401 1338
712 3 2519 2520 3404 1337
713 3 2519 2520 3407 1335
714 3 2519 2520 3404 1336
715 3 2519 2520 3401 1337
716 3 2519 2520 3405 1339
717 3 2519 2520 3405 1340
718 3 2519 2520 3405 1340
719 3 2519 2520 3407 1338
720 3 2519 2520 3405 1339
721 3 2519 2520 3399 1332
722 3 2519 2520 3400 1333
723 3 2519 2520 3408 1338
724 3 2519 2520 3413 1336
725 3 2519 2520 3410 1334
726 3 2519 2520 3413 1332
727 3 2519 2520 3416 1333
728 3 2519 2520 3423 1336
729 3 2519 2520 3429 1337
730 3 2519 2520 3428 1335
731 3 2519 2520 3423 1333
732 3 2519 2520 3422 1332
733 3 2519 2520 3418 1330
734 3 2519 2520 3424 1331
735 3 2519 2520 3427 1337
736 3 2519 2520 3429 1337
737 3 2519 2520 3429 1334
738 3 2519 2520 3425 1333
739 3 2519 2520 3426 1336
740 3 2519 2520 3427 1334
741 3 2519 2520 3423 1332
742 3 2519 2520 3426 1332
743 3 2519 2520 3426 1334
744 3 2519 2520 3424 1336
745 3 2519 2520 3430 1338
746 3 2519 2520 3438 1341
747 3 2519 2520 3437 1338
748 3 2519 2520 3439 1336
749 3 2519 2520 3444 1337
750 3 2519 2520 3442 1337
751 3 2519 2520 3448 1337
752 3 2519 2520 3452 1340
753 4 2519 2520 3445 1334
754 4 2519 2520 3446 1336
755 4 2519 2520 3453 1340
756 4 2519 2520 3455 1342
757 4 2519 2520 3459 1341
758 4 2519 2520 3461 1346
759 4 2519 2520 3460 1346
760 4 2519 2520 3464 1350
761 4 2519 2520 3464 1349
762 4 2519 2520 3459 1345
763 4 2519 2520 3463 1350
764 4 2519 2520 3468 1353
765 4 2519 2520 3469 1351
766 4 2519 2520 3467 1352
767 4 2519 2520 3477 1362
768 4 2519 2520 3483 1366
769 4 2519 2520 3485 1366
770 4 2519 2520 3488 1369
771 4 2519 2520 3491 1371
772 4 2519 2520 3491 1369
773 4 2519 2520 3486 1365
774 4 2519 2520 3488 1370
775 4 2519 2520 3495 1376
776 4 2519 2520 3495 1376
777 4 2519 2520 3503 1382
778 4 2519 2520 3508 1386
779 4 2519 2520 3512 1387
780 4 2519 2520 3509 1382
781 4 2519 2520 3515 1384
782 4 2519 2520 3520 1388
783 4 2519 2520 3524 1391
784 4 2519 2520 3527 1393
785 4 2519 2520 3529 1393
786 4 2519 2520 3529 1395
787 4 2519 2520 3536 1398
788 4 2519 2520 3542 1396
789 4 2519 2520 3538 1392
790 4 2519 2520 3552 1399
791 4 2519 2520 3556 1401
792 4 2519 2520 3564 1407
793 4 2519 2520 3570 1413
794 4 2519 2520 3577 1411
795 4 2519 2520 3577 1410
796 4 2519 2520 3580 1408
797 4 2519 2520 3586 1410
798 4 2519 2520 3600 1413
799 4 2519 2520 3610 1419
800 4 2519 2520 3608 1416
801 4 2519 2520 3617 1417
802 4 2519 2520 3625 1421
803 4 2519 2520 3624 1421
804 4 2519 2520 3635 1424
805 4 2519 2520 3644 1426
806 4 2519 2520 3647 1427
807 4 2519 2520 3655 1433
808 4 2519 2520 3662 1433
809 4 2519 2520 3669 1435
810 4 2519 2520 3667 1434
811 4 2519 2520 3670 1433
812 4 2519 2520 3673 1436
813 4 2519 2520 3678 1436
814 4 2519 2520 3683 1436
815 4 2519 2520 3690 1441
816 4 2519 2520 3703 1446
817 4 2519 2520 3711 1448
818 4 2519 2520 3711 1452
819 4 2519 2520 3713 1453
820 4 2519 2520 3714 1449
821 4 2519 2520 3713 1446
822 4 2519 2520 3709 1443
823 4 2519 2520 3715 1445
824 4 2519 2520 3721 1447
825 4 2519 2520 3733 1455
826 4 2519 2520 3738 1455
827 4 2519 2520 3738 1455
828 4 2519 2520 3739 1455
829 4 2519 2520 3741 1452
830 4 2519 2520 3740 1453
831 4 2519 2520 3747 1457
832 4 2519 2520 3750 1451
833 4 2519 2520 3749 1450
834 4 2519 2520 3751 1450
835 4 2519 2520 3759 1454
836 4 2519 2520 3764 1457
837 4 2519 2520 3770 1461
838 4 2519 2520 3776 1463
839 4 2519 2520 3778 1463
840 4 2519 2520 3776 1459
841 4 2519 2520 3779 1460
842 4 2519 2520 3779 1462
843 4 2519 2520 3783 1460
844 4 2519 2520 3785 1461
845 4 2519 2520 3786 1461
846 4 2519 2520 3785 1459
847 4 2519 2520 3785 1460
848 4 2519 2520 3785 1459
849 4 2519 2520 3785 1458
850 4 2519 2520 3788 1460
851 4 2519 2520 3786 1461
852 4 2519 2520 3796 1460
853 4 2519 2520 3795 1462
854 4 2519 2520 3796 1462
855 4 2519 2520 3800 1462
856 4 2519 2520 3794 1458
857 4 2519 2520 3796 1459
858 4 2519 2520 3795 1460
859 4 2519 2520 3797 1468
860 4 2519 2520 3806 1473
861 4 2519 2520 3810 1470
862 4 2519 2520 3812 1468
863 4 2519 2520 3810 1469
864 4 2519 2520 3811 1469
865 4 2519 2520 3816 1474
866 4 2519 2520 3814 1472
867 4 2519 2520 3810 1468
868 4 2519 2520 3812 1468
869 4 2519 2520 3813 1472
870 4 2519 2520 3811 1469
871 4 2519 2520 3809 1467
872 4 2519 2520 3813 1472
873 4 2519 2520 3821 1475
874 4 2519 2520 3825 1476
875 4 2519 2520 3824 1474
876 4 2519 2520 3828 1476
877 4 2519 2520 3824 1474
878 4 2519 2520 3827 1474
879 4 2519 2520 3830 1476
880 4 2519 2520 3831 1473
881 4 2519 2520 3828 1470
882 4 2519 2520 3824 1467
883 4 2519 2520 3822 1463
884 4 2519 2520 3822 1463
885 4 2519 2520 3828 1465
886 4 2519 2520 3832 1469
887 4 2519 2520 3831 1469
888 4 2519 2520 3831 1468
889 4 2519 2520 3832 1471
890 4 2519 2520 3830 1466
891 4 2519 2520 3830 1472
892 4 2519 2520 3837 1473
893 4 2519 2520 3840 1477
894 4 2519 2520 3838 1474
895 4 2519 2520 3839 1475
896 4 2519 2520 3843 1475
897 4 2519 2520 3839 1472
898 4 2519 2520 3843 1476
899 4 2519 2520 3851 1480
900 4 2519 2520 3855 1481
901 4 2519 2520 3863 1483
902 4 2519 2520 3860 1485
903 4 2519 2520 3866 1487
904 4 2519 2520 3866 1490
905 4 2519 2520 3870 1493
906 4 2519 2520 3871 1492
907 4 2519 2520 3873 1493
908 4 2519 2520 3878 1498
909 4 2519 2520 3888 1506
910 4 2519 2520 3891 1505
911 4 2519 2520 3895 1506
912 4 2519 2520 3899 1510
913 4 2519 2520 3899 1509
914 4 2519 2520 3909 1513
915 4 2519 2520 3910 1515
916 4 2519 2520 3914 1519
917 4 2519 2520 3924 1524
918 4 2519 2520 3924 1525
919 4 2519 2520 3922 1524
920 4 2519 2520 3921 1524
921 4 2519 2520 3930 1527
922 4 2519 2520 3935 1527
923 4 2519 2520 3946 1530
924 4 2519 2520 3955 1537
925 4 2519 2520 3964 1534
926 4 2519 2520 3969 1534
927 4 2519 2520 3964 1532
928 4 2519 2520 3963 1536
929 4 2519 2520 3962 1534
930 4 2519 2520 3961 1535
931 4 2519 2520 3970 1541
932 4 2519 2520 3970 1539
933 4 2519 2520 3970 1540
934 4 2519 2520 3974 1542
935 4 2519 2520 3981 1546
936 4 2519 2520 3984 1548
937 4 2519 2520 3985 1552
938 4 2519 2520 3989 1550
939 4 2519 2520 3990 1552
940 4 2519 2520 3992 1551
941 4 2519 2520 3998 1552
942 4 2519 2520 4003 1555
943 4 2519 2520 4007 1557
944 4 2519 2520 4015 1557
945 4 2519 2520 4022 1560
946 4 2519 2520 4031 1563
947 4 2519 2520 4033 1564
948 4 2519 2520 4037 1564
949 4 2519 2520 4044 1564
950 4 2519 2520 4045 1566
951 4 2519 2520 4043 1559
952 4 2519 2520 4042 1557
953 4 2519 2520 4050 1560
954 4 2519 2520 4055 1562
955 4 2519 2520 4063 1567
956 4 2519 2520 4059 1566
957 4 2519 2520 4065 1569
958 4 2519 2520 4077 1575
959 4 2519 2520 4086 1580
960 4 2519 2520 4081 1574
961 4 2519 2520 4086 1570
962 4 2519 2520 4087 1568
963 4 2519 2520 4096 1572
964 4 2519 2520 4101 1574
965 4 2519 2520 4097 1573
966 4 2519 2520 4096 1569
967 4 2519 2520 4099 1574
968 4 2519 2520 4108 1573
969 4 2519 2520 4111 1573
970 4 2519 2520 4115 1566
971 4 2519 2520 4120 1568
972 4 2519 2520 4119 1568
973 4 2519 2520 4121 1567
974 4 2519 2520 4128 1567
975 4 2519 2520 4127 1562
976 4 2519 2520 4137 1569
977 4 2519 2520 4138 1571
978 4 2519 2520 4137 1566
979 4 2519 2520 4145 1569
980 4 2519 2520 4145 1564
981 4 2519 2520 4146 1563
982 4 2519 2520 4153 1564
983 4 2519 2520 4159 1567
984 4 2519 2520 4160 1570
985 4 2519 2520 4154 1567
986 4 2519 2520 4158 1566
987 4 2519 2520 4163 1571
988 4 2519 2520 4163 1571
989 4 2519 2520 4166 1572
990 4 2519 2520 4171 1575
991 4 2519 2520 4176 1575
992 4 2519 2520 4171 1574
993 4 2519 2520 4176 1574
994 4 2519 2520 4180 1575
995 4 2519 2520 4181 1575
996 4 2519 2520 4186 1573
997 4 2519 2520 4190 1571
998 4 2519 2520 4196 1576
999 4 2519 2520 4197 1581
1000 4 2519 2520 4200 1578
