0 1 2519 2520 797 501
1 1 2519 2520 804 506
2 1 2519 2520 817 516
3 1 2519 2520 830 523
4 1 2519 2520 833 525
5 1 2519 2520 845 531
6 1 2519 2520 859 536
7 1 2519 2520 866 536
8 1 2519 2520 873 541
9 1 2519 2520 879 546
10 1 2519 2520 888 551
11 1 2519 2520 898 556
12 1 2519 2520 904 558
13 1 2519 2520 910 562
14 1 2519 2520 926 567
15 1 2519 2520 929 567
16 1 2519 2520 935 570
17 1 2519 2520 945 579
18 1 2519 2520 957 585
19 1 2519 2520 963 587
20 1 2519 2520 967 590
21 1 2519 2520 971 595
22 1 2519 2520 976 598
23 1 2519 2520 988 604
24 1 2519 2520 1001 611
25 1 2519 2520 1004 609
26 1 2519 2520 1011 612
27 1 2519 2520 1022 615
28 1 2519 2520 1034 620
29 1 2519 2520 1035 619
30 1 2519 2520 1040 624
31 1 2519 2520 1042 623
32 1 2519 2520 1053 626
33 1 2519 2520 1054 627
34 1 2519 2520 1059 626
35 1 2519 2520 1067 632
36 1 2519 2520 1072 633
37 1 2519 2520 1078 636
38 1 2519 2520 1082 638
39 1 2519 2520 1083 637
40 1 2519 2520 1088 640
41 1 2519 2520 1090 641
42 1 2519 2520 1089 640
43 1 2519 2520 1091 640
44 1 2519 2520 1096 641
45 1 2519 2520 1100 641
46 1 2519 2520 1104 643
47 1 2519 2520 1109 645
48 1 2519 2520 1110 646
49 1 2519 2520 1116 648
50 1 2519 2520 1125 649
51 1 2519 2520 1136 657
52 1 2519 2520 1146 662
53 1 2519 2520 1147 661
54 1 2519 2520 1148 661
55 1 2519 2520 1147 658
56 1 2519 2520 1147 654
57 1 2519 2520 1148 655
58 1 2519 2520 1148 653
59 1 2519 2520 1148 653
60 1 2519 2520 1151 653
61 1 2519 2520 1153 654
62 1 2519 2520 1146 649
63 1 2519 2520 1152 653
64 1 2519 2520 1158 655
65 1 2519 2520 1160 655
66 1 2519 2520 1163 657
67 1 2519 2520 1164 657
68 1 2519 2520 1166 658
69 1 2519 2520 1169 660
70 1 2519 2520 1168 660
71 1 2519 2520 1173 663
72 1 2519 2520 1175 663
73 1 2519 2520 1174 665
74 1 2519 2520 1173 663
75 1 2519 2520 1177 666
76 1 2519 2520 1177 667
77 1 2519 2520 1185 669
78 1 2519 2520 1188 673
79 1 2519 2520 1189 672
80 1 2519 2520 1192 672
81 2 2519 2520 1197 675
82 2 2519 2520 1205 677
83 2 2519 2520 1225 687
84 2 2519 2520 1238 692
85 2 2519 2520 1261 702
86 2 2519 2520 1266 708
87 2 2519 2520 1272 710
88 2 2519 2520 1293 715
89 2 2519 2520 1311 722
90 2 2519 2520 1330 728
91 2 2519 2520 1350 735
92 2 2519 2520 1368 742
93 2 2519 2520 1388 750
94 2 2519 2520 1427 759
95 2 2519 2520 1442 768
96 2 2519 2520 1453 770
97 2 2519 2520 1477 777
98 2 2519 2520 1493 785
99 2 2519 2520 1517 784
100 2 2519 2520 1547 795
101 2 2519 2520 1575 800
102 2 2519 2520 1612 814
103 2 2519 2520 1643 826
104 2 2519 2520 1666 831
105 2 2519 2520 1689 842
106 2 2519 2520 1713 845
107 2 2519 2520 1732 852
108 2 2519 2520 1754 863
109 2 2519 2520 1770 869
110 2 2519 2520 1783 880
111 2 2519 2520 1805 886
112 2 2519 2520 1810 885
113 2 2519 2520 1821 886
114 2 2519 2520 1836 884
115 2 2519 2520 1854 888
116 2 2519 2520 1882 898
117 2 2519 2520 1904 899
118 2 2519 2520 1927 905
119 2 2519 2520 1944 906
120 2 2519 2520 1959 905
121 2 2519 2520 1968 912
122 2 2519 2520 1979 917
123 2 2519 2520 1986 921
124 2 2519 2520 1995 927
125 2 2519 2520 2011 932
126 2 2519 2520 2018 936
127 2 2519 2520 2033 938
128 2 2519 2520 2050 939
129 2 2519 2520 2056 939
130 2 2519 2520 2065 938
131 2 2519 2520 2065 940
132 2 2519 2520 2077 947
133 2 2519 2520 2091 949
134 2 2519 2520 2103 956
135 2 2519 2520 2099 956
136 2 2519 2520 2104 959
137 2 2519 2520 2106 957
138 2 2519 2520 2112 958
139 2 2519 2520 2111 956
140 2 2519 2520 2116 960
141 2 2519 2520 2133 965
142 2 2519 2520 2140 963
143 2 2519 2520 2142 962
144 2 2519 2520 2148 964
145 2 2519 2520 2151 967
146 2 2519 2520 2153 971
147 2 2519 2520 2149 974
148 2 2519 2520 2150 975
149 2 2519 2520 2154 975
150 2 2519 2520 2164 978
151 2 2519 2520 2167 976
152 2 2519 2520 2166 978
153 2 2519 2520 2179 980
154 2 2519 2520 2182 982
155 2 2519 2520 2179 981
156 2 2519 2520 2174 981
157 2 2519 2520 2180 983
158 2 2519 2520 2174 979
159 2 2519 2520 2170 979
160 2 2519 2520 2165 981
161 2 2519 2520 2175 983
162 2 2519 2520 2189 991
163 2 2519 2520 2197 994
164 2 2519 2520 2204 1000
165 2 2519 2520 2203 1000
166 2 2519 2520 2208 1005
167 2 2519 2520 2217 1007
168 2 2519 2520 2220 1007
169 2 2519 2520 2225 1008
170 2 2519 2520 2219 1007
171 2 2519 2520 2227 1007
172 2 2519 2520 2226 1008
173 2 2519 2520 2230 1008
174 2 2519 2520 2231 1006
175 2 2519 2520 2231 1008
176 2 2519 2520 2233 1008
177 2 2519 2520 2231 1011
178 2 2519 2520 2236 1018
179 2 2519 2520 2235 1016
180 2 2519 2520 2237 1017
181 2 2519 2520 2235 1014
182 2 2519 2520 2238 1012
183 2 2519 2520 2236 1012
184 2 2519 2520 2231 1011
185 2 2519 2520 2227 1009
186 2 2519 2520 2223 1006
187 2 2519 2520 2227 1006
188 2 2519 2520 2237 1013
189 2 2519 2520 2232 1011
190 2 2519 2520 2234 1011
191 2 2519 2520 2243 1014
192 2 2519 2520 2242 1010
193 2 2519 2520 2249 1013
194 2 2519 2520 2248 1013
195 2 2519 2520 2245 1009
196 2 2519 2520 2245 1011
197 2 2519 2520 2241 1011
198 2 2519 2520 2246 1014
199 2 2519 2520 2251 1018
200 2 2519 2520 2247 1021
201 2 2519 2520 2251 1025
202 2 2519 2520 2254 1019
203 2 2519 2520 2256 1020
204 2 2519 2520 2261 1019
205 2 2519 2520 2263 1023
206 2 2519 2520 2264 1019
207 2 2519 2520 2268 1021
208 2 2519 2520 2266 1022
209 2 2519 2520 2263 1024
210 2 2519 2520 2265 1022
211 2 2519 2520 2264 1026
212 2 2519 2520 2256 1024
213 2 2519 2520 2252 1023
214 2 2519 2520 2250 1022
215 2 2519 2520 2260 1026
216 2 2519 2520 2270 1028
217 2 2519 2520 2270 1026
218 2 2519 2520 2271 1026
219 2 2519 2520 2272 1024
220 2 2519 2520 2269 1017
221 2 2519 2520 2262 1015
222 2 2519 2520 2262 1015
223 2 2519 2520 2270 1017
224 2 2519 2520 2279 1022
225 2 2519 2520 2280 1022
226 2 2519 2520 2277 1022
227 2 2519 2520 2281 1022
228 2 2519 2520 2287 1030
229 2 2519 2520 2287 1026
230 2 2519 2520 2292 1029
231 2 2519 2520 2298 1035
232 2 2519 2520 2308 1037
233 2 2519 2520 2311 1038
234 2 2519 2520 2313 1036
235 2 2519 2520 2311 1034
236 2 2519 2520 2314 1035
237 2 2519 2520 2311 1034
238 2 2519 2520 2310 1032
239 2 2519 2520 2304 1029
240 2 2519 2520 2303 1031
241 2 2519 2520 2310 1038
242 2 2519 2520 2303 1038
243 2 2519 2520 2304 1038
244 2 2519 2520 2306 1040
245 2 2519 2520 2305 1035
246 2 2519 2520 2306 1037
247 2 2519 2520 2306 1042
248 2 2519 2520 2305 1040
249 2 2519 2520 2311 1039
250 2 2519 2520 2309 1040
251 2 2519 2520 2310 1044
252 3 2519 2520 2317 1043
253 3 2519 2520 2330 1046
254 3 2519 2520 2333 1046
255 3 2519 2520 2336 1047
256 3 2519 2520 2350 1049
257 3 2519 2520 2357 1051
258 3 2519 2520 2369 1052
259 3 2519 2520 2382 1063
260 3 2519 2520 2384 1063
261 3 2519 2520 2402 1065
262 3 2519 2520 2408 1070
263 3 2519 2520 2428 1080
264 3 2519 2520 2451 1085
265 3 2519 2520 2468 1088
266 3 2519 2520 2482 1097
267 3 2519 2520 2492 1108
268 3 2519 2520 2510 1112
269 3 2519 2520 2517 1116
270 3 2519 2520 2537 1119
271 3 2519 2520 2545 1120
272 3 2519 2520 2557 1127
273 3 2519 2520 2572 1134
274 3 2519 2520 2585 1143
275 3 2519 2520 2601 1148
276 3 2519 2520 2617 1157
277 3 2519 2520 2632 1155
278 3 2519 2520 2641 1157
279 3 2519 2520 2664 1165
280 3 2519 2520 2675 1171
281 3 2519 2520 2682 1170
282 3 2519 2520 2695 1178
283 3 2519 2520 2721 1181
284 3 2519 2520 2737 1181
285 3 2519 2520 2754 1188
286 3 2519 2520 2772 1188
287 3 2519 2520 2782 1190
288 3 2519 2520 2796 1195
289 3 2519 2520 2811 1200
290 3 2519 2520 2814 1199
291 3 2519 2520 2832 1200
292 3 2519 2520 2843 1201
293 3 2519 2520 2858 1211
294 3 2519 2520 2873 1219
295 3 2519 2520 2903 1229
296 3 2519 2520 2920 1238
297 3 2519 2520 2935 1246
298 3 2519 2520 2943 1247
299 3 2519 2520 2960 1260
300 3 2519 2520 2963 1259
301 3 2519 2520 2979 1263
302 3 2519 2520 2986 1264
303 3 2519 2520 2997 1264
304 3 2519 2520 3010 1268
305 3 2519 2520 3024 1272
306 3 2519 2520 3027 1274
307 3 2519 2520 3036 1271
308 3 2519 2520 3052 1276
309 3 2519 2520 3057 1280
310 3 2519 2520 3065 1280
311 3 2519 2520 3084 1287
312 3 2519 2520 3098 1291
313 3 2519 2520 3112 1293
314 3 2519 2520 3109 1296
315 3 2519 2520 3122 1302
316 3 2519 2520 3132 1303
317 3 2519 2520 3138 1305
318 3 2519 2520 3139 1307
319 3 2519 2520 3146 1311
320 3 2519 2520 3152 1319
321 3 2519 2520 3164 1319
322 3 2519 2520 3163 1315
323 3 2519 2520 3182 1325
324 3 2519 2520 3194 1330
325 3 2519 2520 3200 1331
326 3 2519 2520 3211 1333
327 3 2519 2520 3218 1341
328 3 2519 2520 3218 1338
329 3 2519 2520 3219 1335
330 3 2519 2520 3224 1333
331 3 2519 2520 3224 1335
332 3 2519 2520 3235 1340
333 3 2519 2520 3248 1343
334 3 2519 2520 3254 1348
335 3 2519 2520 3258 1351
336 3 2519 2520 3266 1351
337 3 2519 2520 3270 1349
338 3 2519 2520 3270 1345
339 3 2519 2520 3271 1345
340 3 2519 2520 3279 1352
341 3 2519 2520 3285 1350
342 3 2519 2520 3293 1350
343 3 2519 2520 3298 1351
344 3 2519 2520 3300 1352
345 3 2519 2520 3306 1361
346 3 2519 2520 3301 1360
347 3 2519 2520 3297 1357
348 3 2519 2520 3305 1360
349 3 2519 2520 3301 1357
350 3 2519 2520 3302 1360
351 3 2519 2520 3299 1352
352 3 2519 2520 3301 1360
353 3 2519 2520 3312 1365
354 3 2519 2520 3325 1378
355 3 2519 2520 3320 1375
356 3 2519 2520 3321 1370
357 3 2519 2520 3324 1377
358 3 2519 2520 3323 1376
359 3 2519 2520 3328 1383
360 3 2519 2520 3325 1379
361 3 2519 2520 3325 1373
362 3 2519 2520 3330 1378
363 3 2519 2520 3335 1378
364 3 2519 2520 3343 1380
365 3 2519 2520 3350 1378
366 3 2519 2520 3354 1376
367 3 2519 2520 3352 1377
368 3 2519 2520 3351 1376
369 3 2519 2520 3356 1372
370 3 2519 2520 3352 1367
371 3 2519 2520 3360 1370
372 3 2519 2520 3355 1370
373 3 2519 2520 3362 1376
374 3 2519 2520 3362 1373
375 3 2519 2520 3359 1367
376 3 2519 2520 3359 1371
377 3 2519 2520 3366 1375
378 3 2519 2520 3367 1377
379 3 2519 2520 3377 1380
380 3 2519 2520 3383 1386
381 3 2519 2520 3395 1390
382 3 2519 2520 3396 1383
383 3 2519 2520 3400 1381
384 3 2519 2520 3405 1382
385 3 2519 2520 3409 1382
386 3 2519 2520 3415 1388
387 3 2519 2520 3424 1390
388 3 2519 2520 3427 1391
389 3 2519 2520 3422 1391
390 3 2519 2520 3427 1392
391 3 2519 2520 3424 1396
392 3 2519 2520 3430 1394
393 3 2519 2520 3435 1392
394 3 2519 2520 3430 1390
395 3 2519 2520 3440 1393
396 3 2519 2520 3440 1389
397 3 2519 2520 3436 1391
398 3 2519 2520 3440 1391
399 3 2519 2520 3437 1386
400 3 2519 2520 3442 1386
401 3 2519 2520 3442 1387
402 3 2519 2520 3441 1393
403 3 2519 2520 3438 1394
404 3 2519 2520 3443 1402
405 3 2519 2520 3443 1402
406 3 2519 2520 3440 1400
407 3 2519 2520 3438 1400
408 3 2519 2520 3434 1400
409 3 2519 2520 3431 1395
410 3 2519 2520 3435 1394
411 3 2519 2520 3434 1393
412 3 2519 2520 3431 1394
413 3 2519 2520 3439 1390
414 3 2519 2520 3441 1392
415 3 2519 2520 3438 1390
416 3 2519 2520 3445 1391
417 3 2519 2520 3449 1391
418 3 2519 2520 3453 1397
419 3 2519 2520 3450 1394
420 3 2519 2520 3450 1392
421 3 2519 2520 3452 1390
422 3 2519 2520 3449 1394
423 3 2519 2520 3447 1395
424 3 2519 2520 3452 1396
425 3 2519 2520 3454 1392
426 3 2519 2520 3449 1394
427 3 2519 2520 3446 1392
428 3 2519 2520 3450 1396
429 3 2519 2520 3446 1393
430 3 2519 2520 3441 1389
431 4 2519 2520 3451 1394
432 4 2519 2520 3464 1398
433 4 2519 2520 3478 1404
434 4 2519 2520 3489 1405
435 5 2519 2520 3497 1410
436 5 2519 2520 3511 1413
437 5 2519 2520 3531 1414
438 5 2519 2520 3546 1417
439 5 2519 2520 3575 1426
440 5 2519 2520 3601 1442
441 5 2519 2520 3624 1446
442 5 2519 2520 3637 1450
443 5 2519 2520 3654 1455
444 5 2519 2520 3670 1452
445 5 2519 2520 3695 1458
446 5 2519 2520 3714 1458
447 5 2519 2520 3739 1462
448 5 2519 2520 3771 1472
449 5 2519 2520 3799 1479
450 5 2519 2520 3807 1480
451 5 2519 2520 3828 1482
452 5 2519 2520 3850 1486
453 5 2519 2520 3888 1496
454 5 2519 2520 3909 1505
455 5 2519 2520 3933 1510
456 5 2519 2520 3954 1518
457 5 2519 2520 3973 1522
458 5 2519 2520 3999 1527
459 5 2519 2520 4012 1535
460 5 2519 2520 4033 1547
461 5 2519 2520 4056 1551
462 5 2519 2520 4075 1558
463 5 2519 2520 4088 1566
464 5 2519 2520 4112 1574
465 5 2519 2520 4121 1576
466 5 2519 2520 4138 1582
467 5 2519 2520 4161 1593
468 5 2519 2520 4176 1597
469 5 2519 2520 4193 1601
470 5 2519 2520 4206 1603
471 5 2519 2520 4222 1600
472 5 2519 2520 4244 1613
473 5 2519 2520 4250 1608
474 5 2519 2520 4267 1612
475 5 2519 2520 4280 1616
476 5 2519 2520 4295 1620
477 5 2519 2520 4303 1623
478 5 2519 2520 4312 1634
479 5 2519 2520 4327 1636
480 5 2519 2520 4344 1645
481 5 2519 2520 4365 1653
482 5 2519 2520 4382 1661
483 5 2519 2520 4400 1661
484 5 2519 2520 4414 1657
485 5 2519 2520 4433 1658
486 5 2519 2520 4450 1666
487 5 2519 2520 4452 1666
488 5 2519 2520 4464 1667
489 5 2519 2520 4468 1670
490 5 2519 2520 4481 1679
491 5 2519 2520 4482 1680
492 5 2519 2520 4494 1676
493 5 2519 2520 4498 1678
494 5 2519 2520 4508 1681
495 5 2519 2520 4511 1680
496 5 2519 2520 4515 1678
497 5 2519 2520 4515 1679
498 5 2519 2520 4521 1677
499 5 2519 2520 4528 1689
500 5 2519 2520 4543 1693
501 5 2519 2520 4561 1701
502 5 2519 2520 4566 1703
503 5 2519 2520 4582 1707
504 5 2519 2520 4588 1708
505 5 2519 2520 4599 1705
506 5 2519 2520 4606 1713
507 5 2519 2520 4611 1714
508 5 2519 2520 4622 1711
509 5 2519 2520 4625 1708
510 5 2519 2520 4639 1713
511 5 2519 2520 4648 1721
512 5 2519 2520 4662 1728
513 5 2519 2520 4679 1732
514 5 2519 2520 4682 1729
515 5 2519 2520 4698 1739
516 5 2519 2520 4704 1737
517 5 2519 2520 4728 1745
518 5 2519 2520 4737 1746
519 5 2519 2520 4752 1755
520 5 2519 2520 4767 1762
521 5 2519 2520 4773 1760
522 5 2519 2520 4776 1764
523 5 2519 2520 4787 1771
524 5 2519 2520 4798 1777
525 5 2519 2520 4803 1772
526 5 2519 2520 4822 1779
527 5 2519 2520 4833 1787
528 5 2519 2520 4828 1781
529 5 2519 2520 4834 1783
530 5 2519 2520 4861 1789
531 5 2519 2520 4869 1789
532 5 2519 2520 4885 1790
533 5 2519 2520 4906 1792
534 5 2519 2520 4916 1801
535 5 2519 2520 4913 1799
536 5 2519 2520 4921 1798
537 5 2519 2520 4926 1803
538 5 2519 2520 4922 1807
539 5 2519 2520 4934 1809
540 5 2519 2520 4945 1813
541 5 2519 2520 4949 1812
542 5 2519 2520 4953 1818
543 5 2519 2520 4972 1820
544 5 2519 2520 4982 1820
545 5 2519 2520 4997 1825
546 5 2519 2520 5012 1828
547 5 2519 2520 5010 1832
548 5 2519 2520 5024 1846
549 5 2519 2520 5021 1844
550 5 2519 2520 5025 1847
551 5 2519 2520 5031 1843
552 5 2519 2520 5026 1840
553 5 2519 2520 5027 1845
554 5 2519 2520 5030 1844
555 5 2519 2520 5038 1849
556 5 2519 2520 5046 1853
557 5 2519 2520 5057 1851
558 5 2519 2520 5063 1853
559 5 2519 2520 5084 1867
560 5 2519 2520 5084 1863
561 5 2519 2520 5082 1856
562 5 2519 2520 5100 1863
563 5 2519 2520 5102 1860
564 5 2519 2520 5108 1865
565 5 2519 2520 5111 1864
566 5 2519 2520 5109 1860
567 5 2519 2520 5119 1864
568 5 2519 2520 5129 1870
569 5 2519 2520 5133 1869
570 5 2519 2520 5128 1872
571 5 2519 2520 5135 1867
572 5 2519 2520 5143 1869
573 5 2519 2520 5141 1871
574 5 2519 2520 5147 1867
575 5 2519 2520 5157 1871
576 5 2519 2520 5162 1869
577 5 2519 2520 5171 1875
578 5 2519 2520 5169 1872
579 5 2519 2520 5171 1878
580 5 2519 2520 5174 1879
581 5 2519 2520 5190 1876
582 5 2519 2520 5198 1883
583 5 2519 2520 5206 1883
584 5 2519 2520 5212 1888
585 5 2519 2520 5219 1892
586 5 2519 2520 5223 1900
587 5 2519 2520 5217 1901
588 5 2519 2520 5215 1900
589 5 2519 2520 5229 1905
590 5 2519 2520 5228 1904
591 5 2519 2520 5234 1906
592 5 2519 2520 5241 1912
593 5 2519 2520 5241 1914
594 5 2519 2520 5246 1910
595 5 2519 2520 5266 1910
596 5 2519 2520 5274 1908
597 5 2519 2520 5275 1901
598 5 2519 2520 5281 1902
599 5 2519 2520 5283 1905
600 5 2519 2520 5285 1905
601 5 2519 2520 5301 1912
602 5 2519 2520 5310 1913
603 5 2519 2520 5312 1920
604 5 2519 2520 5316 1918
605 5 2519 2520 5316 1921
606 5 2519 2520 5319 1920
607 5 2519 2520 5330 1910
608 5 2519 2520 5333 1903
609 5 2519 2520 5338 1904
610 5 2519 2520 5333 1903
611 5 2519 2520 5334 1905
612 5 2519 2520 5335 1904
613 5 2519 2520 5338 1910
614 5 2519 2520 5336 1911
615 5 2519 2520 5337 1910
616 5 2519 2520 5338 1913
617 5 2519 2520 5336 1913
618 5 2519 2520 5341 1909
619 5 2519 2520 5343 1912
620 5 2519 2520 5343 1908
621 5 2519 2520 5354 1914
622 5 2519 2520 5363 1922
623 5 2519 2520 5373 1927
624 5 2519 2520 5374 1928
625 5 2519 2520 5376 1924
626 5 2519 2520 5365 1917
627 5 2519 2520 5360 1915
628 5 2519 2520 5349 1913
629 5 2519 2520 5347 1913
630 5 2519 2520 5350 1909
631 5 2519 2520 5354 1908
632 5 2519 2520 5351 1902
633 5 2519 2520 5356 1905
634 5 2519 2520 5349 1900
635 5 2519 2520 5341 1902
636 5 2519 2520 5344 1902
637 5 2519 2520 5337 1900
638 5 2519 2520 5344 1905
639 5 2519 2520 5341 1902
640 5 2519 2520 5343 1905
641 5 2519 2520 5348 1904
642 5 2519 2520 5356 1908
643 5 2519 2520 5360 1908
644 5 2519 2520 5362 1913
645 5 2519 2520 5367 1912
646 5 2519 2520 5364 1917
647 5 2519 2520 5369 1918
648 5 2519 2520 5379 1925
649 5 2519 2520 5375 1926
650 5 2519 2520 5376 1924
651 5 2519 2520 5373 1925
652 5 2519 2520 5382 1932
653 5 2519 2520 5386 1931
654 5 2519 2520 5386 1935
655 5 2519 2520 5381 1930
656 5 2519 2520 5377 1931
657 5 2519 2520 5383 1934
658 5 2519 2520 5388 1930
659 5 2519 2520 5385 1931
660 5 2519 2520 5377 1931
661 5 2519 2520 5373 1930
662 5 2519 2520 5371 1924
663 5 2519 2520 5365 1924
664 5 2519 2520 5373 1925
665 5 2519 2520 5381 1926
666 5 2519 2520 5377 1919
667 5 2519 2520 5373 1920
668 5 2519 2520 5374 1918
669 5 2519 2520 5376 1915
670 5 2519 2520 5377 1914
671 5 2519 2520 5389 1921
672 5 2519 2520 5391 1922
673 5 2519 2520 5391 1922
674 5 2519 2520 5400 1926
675 5 2519 2520 5399 1925
676 5 2519 2520 5402 1925
677 5 2519 2520 5404 1925
678 5 2519 2520 5406 1923
679 5 2519 2520 5406 1923
680 5 2519 2520 5403 1926
681 5 2519 2520 5397 1924
682 5 2519 2520 5396 1927
683 5 2519 2520 5398 1930
684 5 2519 2520 5395 1926
685 5 2519 2520 5390 1923
686 5 2519 2520 5396 1923
687 5 2519 2520 5397 1923
688 5 2519 2520 5401 1921
689 5 2519 2520 5405 1921
690 5 2519 2520 5417 1929
691 5 2519 2520 5423 1935
692 5 2519 2520 5426 1930
693 5 2519 2520 5432 1933
694 5 2519 2520 5444 1939
695 5 2519 2520 5448 1939
696 5 2519 2520 5455 1941
697 5 2519 2520 5457 1937
698 5 2519 2520 5456 1940
699 5 2519 2520 5460 1934
700 5 2519 2520 5465 1946
701 5 2519 2520 5465 1945
702 5 2519 2520 5475 1942
703 5 2519 2520 5489 1946
704 5 2519 2520 5501 1943
705 5 2519 2520 5510 1946
706 5 2519 2520 5508 1945
707 5 2519 2520 5513 1947
708 5 2519 2520 5515 1943
709 5 2519 2520 5513 1942
710 5 2519 2520 5508 1940
711 5 2519 2520 5514 1944
712 5 2519 2520 5513 1939
713 5 2519 2520 5515 1942
714 5 2519 2520 5519 1942
715 5 2519 2520 5517 1947
716 5 2519 2520 5518 1954
717 5 2519 2520 5512 1952
718 5 2519 2520 5506 1950
719 5 2519 2520 5513 1952
720 5 2519 2520 5523 1951
721 5 2519 2520 5523 1952
722 5 2519 2520 5533 1953
723 5 2519 2520 5531 1951
724 5 2519 2520 5531 1951
725 5 2519 2520 5535 1955
726 5 2519 2520 5534 1956
727 5 2519 2520 5538 1956
728 5 2519 2520 5535 1951
729 5 2519 2520 5543 1953
730 5 2519 2520 5550 1958
731 5 2519 2520 5547 1955
732 5 2519 2520 5541 1953
733 5 2519 2520 5541 1952
734 5 2519 2520 5538 1948
735 5 2519 2520 5538 1959
736 5 2519 2520 5530 1959
737 5 2519 2520 5534 1960
738 5 2519 2520 5539 1962
739 5 2519 2520 5530 1959
740 5 2519 2520 5532 1953
741 5 2519 2520 5529 1956
742 5 2519 2520 5543 1959
743 5 2519 2520 5547 1959
744 5 2519 2520 5552 1963
745 5 2519 2520 5553 1966
746 5 2519 2520 5549 1963
747 5 2519 2520 5549 1957
748 5 2519 2520 5557 1962
749 5 2519 2520 5556 1964
750 5 2519 2520 5559 1964
751 5 2519 2520 5562 1961
752 5 2519 2520 5559 1963
753 5 2519 2520 5549 1955
754 5 2519 2520 5542 1954
755 5 2519 2520 5547 1950
756 5 2519 2520 5555 1953
757 5 2519 2520 5553 1955
758 5 2519 2520 5552 1948
759 5 2519 2520 5554 1951
760 5 2519 2520 5552 1944
761 5 2519 2520 5552 1947
762 5 2519 2520 5556 1942
763 5 2519 2520 5558 1946
764 5 2519 2520 5555 1946
765 5 2519 2520 5570 1949
766 5 2519 2520 5570 1946
767 5 2519 2520 5567 1947
768 5 2519 2520 5574 1952
769 5 2519 2520 5566 1955
770 5 2519 2520 5571 1949
771 5 2519 2520 5570 1953
772 5 2519 2520 5566 1952
773 5 2519 2520 5573 1955
774 5 2519 2520 5567 1953
775 5 2519 2520 5575 1953
776 5 2519 2520 5578 1947
777 5 2519 2520 5574 1944
778 5 2519 2520 5573 1948
779 5 2519 2520 5583 1953
780 5 2519 2520 5581 1957
781 5 2519 2520 5576 1955
782 5 2519 2520 5579 1959
783 5 2519 2520 5577 1961
784 5 2519 2520 5580 1959
785 5 2519 2520 5580 1965
786 5 2519 2520 5582 1963
787 5 2519 2520 5574 1955
788 5 2519 2520 5571 1953
789 5 2519 2520 5582 1960
790 5 2519 2520 5588 1968
791 5 2519 2520 5578 1965
792 5 2519 2520 5584 1962
793 5 2519 2520 5580 1960
794 5 2519 2520 5579 1957
795 5 2519 2520 5578 1949
796 5 2519 2520 5575 1954
797 5 2519 2520 5577 1951
798 5 2519 2520 5581 1954
799 5 2519 2520 5586 1955
800 5 2519 2520 5590 1955
801 5 2519 2520 5598 1956
802 5 2519 2520 5598 1960
803 5 2519 2520 5606 1961
804 5 2519 2520 5601 1964
805 5 2519 2520 5610 1966
806 5 2519 2520 5619 1970
807 5 2519 2520 5618 1970
808 5 2519 2520 5621 1968
809 5 2519 2520 5618 1966
810 5 2519 2520 5615 1966
811 6 2519 2520 5618 1967
812 6 2519 2520 5625 1967
813 6 2519 2520 5637 1972
814 6 2519 2520 5638 1976
815 6 2519 2520 5640 1973
816 6 2519 2520 5640 1977
817 6 2519 2520 5654 1987
818 6 2519 2520 5669 1988
819 6 2519 2520 5677 1989
820 6 2519 2520 5691 1984
821 6 2519 2520 5709 1981
822 6 2519 2520 5718 1988
823 6 2519 2520 5726 1997
824 6 2519 2520 5737 1995
825 6 2519 2520 5746 1995
826 6 2519 2520 5746 1995
827 6 2519 2520 5749 1994
828 6 2519 2520 5753 1989
829 6 2519 2520 5770 1992
830 6 2519 2520 5782 1996
831 6 2519 2520 5792 1989
832 6 2519 2520 5806 1990
833 6 2519 2520 5818 1989
834 6 2519 2520 5819 1994
835 6 2519 2520 5832 2001
836 6 2519 2520 5846 2005
837 6 2519 2520 5850 2006
838 6 2519 2520 5852 2005
839 6 2519 2520 5857 2005
840 6 2519 2520 5875 2005
841 6 2519 2520 5878 2010
842 6 2519 2520 5882 2014
843 6 2519 2520 5890 2018
844 6 2519 2520 5892 2014
845 6 2519 2520 5895 2020
846 6 2519 2520 5898 2021
847 6 2519 2520 5906 2025
848 6 2519 2520 5917 2032
849 6 2519 2520 5932 2039
850 6 2519 2520 5942 2043
851 6 2519 2520 5947 2044
852 6 2519 2520 5955 2047
853 6 2519 2520 5964 2054
854 6 2519 2520 5971 2055
855 6 2519 2520 5979 2061
856 6 2519 2520 5978 2064
857 6 2519 2520 5978 2070
858 6 2519 2520 5989 2074
859 6 2519 2520 5989 2071
860 6 2519 2520 5993 2073
861 6 2519 2520 5999 2075
862 6 2519 2520 6008 2078
863 6 2519 2520 6018 2087
864 6 2519 2520 6027 2084
865 6 2519 2520 6032 2086
866 6 2519 2520 6030 2083
867 6 2519 2520 6032 2086
868 6 2519 2520 6039 2090
869 6 2519 2520 6048 2096
870 6 2519 2520 6052 2096
871 6 2519 2520 6055 2092
872 6 2519 2520 6066 2096
873 6 2519 2520 6064 2093
874 6 2519 2520 6066 2093
875 6 2519 2520 6064 2098
876 6 2519 2520 6070 2103
877 6 2519 2520 6082 2105
878 6 2519 2520 6095 2108
879 6 2519 2520 6101 2110
880 6 2519 2520 6105 2117
881 6 2519 2520 6116 2110
882 6 2519 2520 6111 2108
883 6 2519 2520 6111 2106
884 6 2519 2520 6109 2112
885 6 2519 2520 6113 2114
886 6 2519 2520 6119 2123
887 6 2519 2520 6128 2126
888 6 2519 2520 6123 2119
889 6 2519 2520 6122 2120
890 6 2519 2520 6124 2123
891 6 2519 2520 6124 2120
892 6 2519 2520 6127 2118
893 6 2519 2520 6132 2119
894 6 2519 2520 6135 2124
895 6 2519 2520 6144 2124
896 6 2519 2520 6152 2126
897 6 2519 2520 6156 2129
898 6 2519 2520 6159 2124
899 6 2519 2520 6168 2129
900 6 2519 2520 6174 2127
901 6 2519 2520 6178 2127
902 6 2519 2520 6188 2126
903 6 2519 2520 6188 2124
904 6 2519 2520 6192 2123
905 6 2519 2520 6191 2129
906 6 2519 2520 6187 2119
907 6 2519 2520 6187 2120
908 6 2519 2520 6189 2124
909 6 2519 2520 6187 2118
910 6 2519 2520 6190 2113
911 6 2519 2520 6194 2110
912 6 2519 2520 6195 2117
913 6 2519 2520 6199 2116
914 6 2519 2520 6203 2115
915 6 2519 2520 6211 2114
916 6 2519 2520 6212 2119
917 6 2519 2520 6222 2124
918 6 2519 2520 6227 2125
919 6 2519 2520 6231 2124
920 6 2519 2520 6224 2120
921 6 2519 2520 6228 2119
922 6 2519 2520 6241 2123
923 6 2519 2520 6242 2115
924 6 2519 2520 6239 2116
925 6 2519 2520 6253 2120
926 6 2519 2520 6259 2130
927 6 2519 2520 6263 2135
928 6 2519 2520 6264 2134
929 6 2519 2520 6283 2131
930 6 2519 2520 6287 2132
931 6 2519 2520 6274 2135
932 6 2519 2520 6283 2140
933 6 2519 2520 6288 2139
934 6 2519 2520 6288 2137
935 6 2519 2520 6294 2143
936 6 2519 2520 6293 2145
937 6 2519 2520 6298 2150
938 6 2519 2520 6292 2147
939 6 2519 2520 6294 2151
940 6 2519 2520 6310 2158
941 6 2519 2520 6309 2156
942 6 2519 2520 6307 2156
943 6 2519 2520 6317 2166
944 6 2519 2520 6320 2167
945 6 2519 2520 6324 2166
946 6 2519 2520 6323 2171
947 6 2519 2520 6325 2173
948 6 2519 2520 6330 2178
949 6 2519 2520 6333 2180
950 6 2519 2520 6332 2176
951 6 2519 2520 6336 2171
952 6 2519 2520 6336 2175
953 6 2519 2520 6345 2172
954 6 2519 2520 6345 2166
955 6 2519 2520 6350 2170
956 6 2519 2520 6342 2171
957 6 2519 2520 6344 2168
958 6 2519 2520 6341 2170
959 6 2519 2520 6354 2178
960 6 2519 2520 6354 2177
961 6 2519 2520 6351 2172
962 6 2519 2520 6354 2176
963 6 2519 2520 6364 2177
964 6 2519 2520 6363 2174
965 6 2519 2520 6364 2172
966 6 2519 2520 6358 2167
967 6 2519 2520 6376 2172
968 6 2519 2520 6372 2169
969 6 2519 2520 6373 2170
970 6 2519 2520 6374 2172
971 6 2519 2520 6376 2169
972 6 2519 2520 6365 2163
973 6 2519 2520 6367 2162
974 6 2519 2520 6360 2159
975 6 2519 2520 6355 2164
976 6 2519 2520 6347 2162
977 6 2519 2520 6357 2165
978 6 2519 2520 6354 2165
979 6 2519 2520 6360 2170
980 6 2519 2520 6362 2173
981 6 2519 2520 6362 2173
982 6 2519 2520 6360 2172
983 6 2519 2520 6368 2173
984 6 2519 2520 6369 2177
985 6 2519 2520 6374 2174
986 6 2519 2520 6378 2175
987 6 2519 2520 6382 2172
988 6 2519 2520 6387 2180
989 6 2519 2520 6392 2184
990 6 2519 2520 6395 2179
991 6 2519 2520 6399 2181
992 6 2519 2520 6409 2192
993 6 2519 2520 6405 2188
994 6 2519 2520 6412 2195
995 6 2519 2520 6405 2190
996 6 2519 2520 6408 2190
997 6 2519 2520 6416 2192
998 6 2519 2520 6417 2193
999 6 2519 2520 6424 2192
1000 6 2519 2520 6427 2187
