0 1 2519 2520 799 503
1 1 2519 2520 813 513
2 1 2519 2520 819 517
3 1 2519 2520 831 524
4 1 2519 2520 831 522
5 1 2519 2520 831 523
6 1 2519 2520 833 524
7 1 2519 2520 837 527
8 1 2519 2520 839 528
9 1 2519 2520 849 532
10 1 2519 2520 856 536
11 1 2519 2520 859 538
12 1 2519 2520 864 539
13 1 2519 2520 872 543
14 1 2519 2520 877 548
15 1 2519 2520 879 550
16 1 2519 2520 884 553
17 1 2519 2520 892 557
18 1 2519 2520 896 561
19 1 2519 2520 897 563
20 1 2519 2520 901 565
21 1 2519 2520 905 564
22 1 2519 2520 909 565
23 1 2519 2520 911 566
24 1 2519 2520 913 568
25 1 2519 2520 919 572
26 1 2519 2520 917 568
27 1 2519 2520 924 572
28 1 2519 2520 932 577
29 1 2519 2520 936 580
30 1 2519 2520 944 586
31 1 2519 2520 951 583
32 1 2519 2520 953 584
33 1 2519 2520 958 589
34 1 2519 2520 961 589
35 1 2519 2520 971 599
36 1 2519 2520 979 603
37 1 2519 2520 981 602
38 1 2519 2520 981 602
39 1 2519 2520 991 608
40 1 2519 2520 991 609
41 1 2519 2520 999 616
42 1 2519 2520 1001 615
43 1 2519 2520 1005 618
44 1 2519 2520 1008 619
45 1 2519 2520 1012 622
46 1 2519 2520 1019 626
47 1 2519 2520 1028 630
48 1 2519 2520 1041 636
49 1 2519 2520 1045 633
50 1 2519 2520 1049 631
51 1 2519 2520 1050 631
52 1 2519 2520 1051 631
53 1 2519 2520 1055 633
54 1 2519 2520 1059 634
55 1 2519 2520 1066 636
56 1 2519 2520 1078 645
57 1 2519 2520 1079 642
58 1 2519 2520 1090 644
59 1 2519 2520 1098 648
60 1 2519 2520 1101 650
61 1 2519 2520 1107 650
62 1 2519 2520 1111 650
63 1 2519 2520 1113 650
64 1 2519 2520 1119 652
65 1 2519 2520 1120 652
66 1 2519 2520 1122 654
67 1 2519 2520 1127 653
68 1 2519 2520 1130 652
69 1 2519 2520 1136 656
70 1 2519 2520 1142 656
71 1 2519 2520 1144 658
72 1 2519 2520 1148 660
73 1 2519 2520 1146 660
74 1 2519 2520 1150 661
75 1 2519 2520 1152 657
76 1 2519 2520 1155 655
77 1 2519 2520 1161 657
78 1 2519 2520 1170 661
79 1 2519 2520 1170 666
80 1 2519 2520 1169 665
81 1 2519 2520 1171 663
82 1 2519 2520 1181 666
83 1 2519 2520 1177 661
84 1 2519 2520 1179 661
85 1 2519 2520 1174 659
86 1 2519 2520 1176 663
87 1 2519 2520 1182 665
88 1 2519 2520 1185 665
89 1 2519 2520 1185 667
90 1 2519 2520 1190 669
91 1 2519 2520 1191 669
92 2 2519 2520 1197 671
93 2 2519 2520 1204 675
94 2 2519 2520 1222 679
95 2 2519 2520 1248 688
96 2 2519 2520 1267 701
97 2 2519 2520 1273 706
98 2 2519 2520 1291 713
99 2 2519 2520 1310 724
100 2 2519 2520 1325 725
101 2 2519 2520 1355 743
102 2 2519 2520 1368 745
103 2 2519 2520 1397 752
104 2 2519 2520 1420 756
105 2 2519 2520 1442 762
106 2 2519 2520 1461 772
107 2 2519 2520 1497 791
108 2 2519 2520 1518 802
109 2 2519 2520 1530 804
110 2 2519 2520 1543 801
111 2 2519 2520 1567 813
112 2 2519 2520 1581 814
113 2 2519 2520 1613 830
114 2 2519 2520 1636 842
115 2 2519 2520 1663 850
116 2 2519 2520 1682 855
117 2 2519 2520 1712 871
118 2 2519 2520 1732 874
119 2 2519 2520 1760 881
120 2 2519 2520 1769 884
121 2 2519 2520 1793 894
122 2 2519 2520 1819 898
123 2 2519 2520 1836 896
124 2 2519 2520 1853 903
125 2 2519 2520 1873 905
126 2 2519 2520 1888 907
127 2 2519 2520 1901 913
128 2 2519 2520 1919 918
129 2 2519 2520 1928 924
130 2 2519 2520 1938 922
131 2 2519 2520 1954 937
132 2 2519 2520 1981 942
133 2 2519 2520 1997 947
134 2 2519 2520 2012 952
135 2 2519 2520 2029 955
136 2 2519 2520 2045 960
137 2 2519 2520 2062 965
138 2 2519 2520 2067 967
139 2 2519 2520 2081 969
140 2 2519 2520 2096 974
141 2 2519 2520 2093 968
142 2 2519 2520 2100 973
143 2 2519 2520 2097 973
144 2 2519 2520 2112 980
145 2 2519 2520 2125 989
146 2 2519 2520 2136 991
147 2 2519 2520 2145 996
148 2 2519 2520 2148 993
149 2 2519 2520 2148 991
150 2 2519 2520 2151 987
151 2 2519 2520 2158 988
152 2 2519 2520 2171 990
153 3 2519 2520 2178 996
154 3 2519 2520 2193 1002
155 3 2519 2520 2223 1002
156 3 2519 2520 2253 1008
157 3 2519 2520 2270 1015
158 3 2519 2520 2300 1021
159 3 2519 2520 2323 1025
160 3 2519 2520 2352 1033
161 3 2519 2520 2375 1048
162 3 2519 2520 2396 1054
163 3 2519 2520 2420 1064
164 3 2519 2520 2431 1069
165 3 2519 2520 2463 1083
166 3 2519 2520 2488 1092
167 3 2519 2520 2511 1098
168 3 2519 2520 2520 1099
169 3 2519 2520 2536 1099
170 3 2519 2520 2563 1108
171 3 2519 2520 2595 1115
172 3 2519 2520 2625 1121
173 3 2519 2520 2653 1132
174 3 2519 2520 2672 1140
175 3 2519 2520 2683 1140
176 3 2519 2520 2716 1146
177 3 2519 2520 2738 1154
178 3 2519 2520 2749 1162
179 3 2519 2520 2773 1167
180 3 2519 2520 2791 1176
181 3 2519 2520 2813 1182
182 3 2519 2520 2823 1179
183 3 2519 2520 2847 1181
184 3 2519 2520 2870 1188
185 3 2519 2520 2881 1190
186 3 2519 2520 2894 1193
187 3 2519 2520 2903 1195
188 3 2519 2520 2925 1210
189 3 2519 2520 2942 1215
190 3 2519 2520 2950 1215
191 3 2519 2520 2961 1217
192 3 2519 2520 2975 1225
193 3 2519 2520 2989 1228
194 3 2519 2520 2996 1232
195 3 2519 2520 3010 1238
196 3 2519 2520 3015 1238
197 3 2519 2520 3014 1237
198 3 2519 2520 3029 1243
199 3 2519 2520 3039 1245
200 3 2519 2520 3036 1242
201 3 2519 2520 3054 1250
202 3 2519 2520 3058 1254
203 3 2519 2520 3058 1256
204 3 2519 2520 3059 1258
205 3 2519 2520 3066 1268
206 3 2519 2520 3074 1270
207 3 2519 2520 3096 1284
208 3 2519 2520 3104 1283
209 3 2519 2520 3108 1284
210 3 2519 2520 3110 1289
211 3 2519 2520 3120 1295
212 3 2519 2520 3124 1293
213 3 2519 2520 3146 1299
214 3 2519 2520 3157 1306
215 3 2519 2520 3174 1306
216 3 2519 2520 3187 1313
217 3 2519 2520 3191 1318
218 3 2519 2520 3199 1314
219 3 2519 2520 3212 1325
220 3 2519 2520 3224 1323
221 3 2519 2520 3239 1331
222 3 2519 2520 3251 1331
223 3 2519 2520 3263 1333
224 3 2519 2520 3271 1336
225 3 2519 2520 3287 1341
226 3 2519 2520 3294 1348
227 3 2519 2520 3307 1346
228 3 2519 2520 3317 1352
229 3 2519 2520 3329 1361
230 3 2519 2520 3327 1363
231 3 2519 2520 3339 1368
232 3 2519 2520 3350 1371
233 3 2519 2520 3352 1373
234 3 2519 2520 3359 1374
235 3 2519 2520 3363 1379
236 3 2519 2520 3367 1381
237 3 2519 2520 3371 1381
238 3 2519 2520 3374 1380
239 3 2519 2520 3379 1378
240 3 2519 2520 3381 1377
241 3 2519 2520 3395 1384
242 3 2519 2520 3397 1384
243 3 2519 2520 3400 1391
244 3 2519 2520 3402 1395
245 3 2519 2520 3406 1397
246 3 2519 2520 3411 1399
247 3 2519 2520 3413 1398
248 3 2519 2520 3416 1401
249 3 2519 2520 3416 1400
250 3 2519 2520 3413 1402
251 3 2519 2520 3422 1407
252 3 2519 2520 3427 1411
253 3 2519 2520 3425 1412
254 3 2519 2520 3428 1414
255 3 2519 2520 3431 1416
256 3 2519 2520 3429 1415
257 3 2519 2520 3427 1414
258 3 2519 2520 3420 1412
259 3 2519 2520 3422 1412
260 3 2519 2520 3424 1413
261 3 2519 2520 3431 1418
262 3 2519 2520 3429 1417
263 3 2519 2520 3434 1417
264 3 2519 2520 3443 1421
265 3 2519 2520 3454 1426
266 3 2519 2520 3453 1423
267 3 2519 2520 3448 1422
268 3 2519 2520 3448 1423
269 3 2519 2520 3445 1423
270 3 2519 2520 3456 1425
271 4 2519 2520 3462 1428
272 4 2519 2520 3472 1430
273 4 2519 2520 3495 1433
274 4 2519 2520 3496 1437
275 4 2519 2520 3510 1441
276 4 2519 2520 3513 1442
277 4 2519 2520 3520 1443
278 4 2519 2520 3534 1446
279 4 2519 2520 3544 1449
280 4 2519 2520 3553 1448
281 4 2519 2520 3571 1456
282 4 2519 2520 3571 1455
283 4 2519 2520 3583 1458
284 4 2519 2520 3610 1465
285 4 2519 2520 3621 1470
286 4 2519 2520 3652 1482
287 4 2519 2520 3663 1484
288 4 2519 2520 3693 1482
289 4 2519 2520 3708 1491
290 4 2519 2520 3729 1502
291 4 2519 2520 3735 1500
292 4 2519 2520 3750 1499
293 4 2519 2520 3762 1504
294 4 2519 2520 3769 1508
295 4 2519 2520 3790 1512
296 4 2519 2520 3800 1516
297 4 2519 2520 3818 1528
298 4 2519 2520 3829 1535
299 4 2519 2520 3836 1531
300 4 2519 2520 3852 1536
301 4 2519 2520 3866 1532
302 4 2519 2520 3879 1534
303 4 2519 2520 3900 1536
304 4 2519 2520 3908 1537
305 4 2519 2520 3914 1537
306 4 2519 2520 3933 1542
307 4 2519 2520 3947 1543
308 4 2519 2520 3956 1545
309 4 2519 2520 3967 1549
310 4 2519 2520 3985 1561
311 4 2519 2520 3995 1565
312 4 2519 2520 4003 1567
313 4 2519 2520 4009 1566
314 4 2519 2520 4023 1571
315 4 2519 2520 4033 1576
316 4 2519 2520 4050 1582
317 4 2519 2520 4068 1587
318 4 2519 2520 4074 1587
319 4 2519 2520 4087 1598
320 4 2519 2520 4090 1591
321 4 2519 2520 4108 1599
322 4 2519 2520 4115 1600
323 4 2519 2520 4120 1604
324 4 2519 2520 4128 1604
325 4 2519 2520 4145 1615
326 4 2519 2520 4155 1622
327 4 2519 2520 4153 1620
328 4 2519 2520 4156 1618
329 4 2519 2520 4160 1619
330 4 2519 2520 4160 1618
331 4 2519 2520 4162 1621
332 4 2519 2520 4165 1622
333 4 2519 2520 4164 1620
334 4 2519 2520 4166 1618
335 4 2519 2520 4176 1623
336 4 2519 2520 4181 1625
337 4 2519 2520 4189 1628
338 4 2519 2520 4182 1626
339 4 2519 2520 4200 1636
340 4 2519 2520 4208 1642
341 4 2519 2520 4209 1643
342 4 2519 2520 4214 1643
343 4 2519 2520 4225 1647
344 4 2519 2520 4229 1649
345 4 2519 2520 4239 1654
346 4 2519 2520 4241 1657
347 4 2519 2520 4245 1656
348 4 2519 2520 4249 1656
349 4 2519 2520 4251 1655
350 4 2519 2520 4258 1656
351 4 2519 2520 4263 1661
352 4 2519 2520 4265 1662
353 4 2519 2520 4280 1666
354 4 2519 2520 4286 1667
355 4 2519 2520 4289 1667
356 4 2519 2520 4298 1673
357 4 2519 2520 4303 1673
358 4 2519 2520 4307 1672
359 4 2519 2520 4306 1672
360 4 2519 2520 4310 1671
361 4 2519 2520 4307 1668
362 4 2519 2520 4312 1673
363 4 2519 2520 4318 1676
364 4 2519 2520 4321 1676
365 4 2519 2520 4329 1677
366 4 2519 2520 4336 1679
367 4 2519 2520 4339 1682
368 4 2519 2520 4335 1682
369 4 2519 2520 4339 1681
370 4 2519 2520 4354 1682
371 4 2519 2520 4354 1685
372 4 2519 2520 4351 1682
373 4 2519 2520 4356 1687
374 4 2519 2520 4369 1695
375 4 2519 2520 4371 1695
376 4 2519 2520 4372 1696
377 4 2519 2520 4376 1698
378 4 2519 2520 4377 1698
379 4 2519 2520 4382 1701
380 4 2519 2520 4378 1696
381 4 2519 2520 4387 1704
382 4 2519 2520 4383 1699
383 4 2519 2520 4388 1701
384 4 2519 2520 4392 1707
385 4 2519 2520 4393 1705
386 4 2519 2520 4392 1704
387 4 2519 2520 4393 1703
388 4 2519 2520 4384 1698
389 4 2519 2520 4388 1702
390 4 2519 2520 4393 1710
391 4 2519 2520 4399 1709
392 4 2519 2520 4404 1712
393 4 2519 2520 4402 1710
394 4 2519 2520 4402 1712
395 4 2519 2520 4404 1715
396 4 2519 2520 4402 1711
397 4 2519 2520 4406 1714
398 4 2519 2520 4409 1717
399 4 2519 2520 4418 1721
400 4 2519 2520 4425 1722
401 4 2519 2520 4432 1726
402 4 2519 2520 4436 1728
403 4 2519 2520 4438 1727
404 4 2519 2520 4430 1724
405 4 2519 2520 4430 1723
406 4 2519 2520 4429 1722
407 4 2519 2520 4428 1722
408 4 2519 2520 4428 1723
409 4 2519 2520 4434 1725
410 4 2519 2520 4437 1727
411 4 2519 2520 4435 1726
412 4 2519 2520 4442 1731
413 4 2519 2520 4437 1730
414 4 2519 2520 4436 1730
415 4 2519 2520 4433 1726
416 4 2519 2520 4435 1731
417 4 2519 2520 4437 1731
418 4 2519 2520 4435 1731
419 4 2519 2520 4435 1733
420 4 2519 2520 4437 1730
421 4 2519 2520 4437 1729
422 4 2519 2520 4436 1730
423 4 2519 2520 4441 1732
424 4 2519 2520 4441 1730
425 4 2519 2520 4431 1724
426 4 2519 2520 4437 1729
427 4 2519 2520 4428 1728
428 4 2519 2520 4433 1727
429 4 2519 2520 4435 1728
430 4 2519 2520 4435 1731
431 4 2519 2520 4433 1729
432 4 2519 2520 4435 1726
433 4 2519 2520 4434 1721
434 4 2519 2520 4438 1723
435 4 2519 2520 4439 1726
436 4 2519 2520 4444 1726
437 4 2519 2520 4437 1726
438 4 2519 2520 4439 1725
439 4 2519 2520 4439 1729
440 4 2519 2520 4441 1728
441 4 2519 2520 4443 1730
442 4 2519 2520 4433 1724
443 4 2519 2520 4437 1724
444 4 2519 2520 4443 1727
445 4 2519 2520 4438 1726
446 4 2519 2520 4442 1727
447 4 2519 2520 4443 1723
448 4 2519 2520 4444 1728
449 4 2519 2520 4445 1725
450 4 2519 2520 4449 1727
451 4 2519 2520 4448 1723
452 4 2519 2520 4454 1728
453 4 2519 2520 4456 1730
454 4 2519 2520 4452 1727
455 4 2519 2520 4455 1728
456 4 2519 2520 4461 1730
457 4 2519 2520 4453 1727
458 4 2519 2520 4457 1730
459 4 2519 2520 4450 1726
460 4 2519 2520 4447 1723
461 4 2519 2520 4452 1722
462 4 2519 2520 4459 1726
463 4 2519 2520 4455 1723
464 4 2519 2520 4454 1722
465 4 2519 2520 4459 1723
466 4 2519 2520 4467 1726
467 4 2519 2520 4472 1728
468 4 2519 2520 4480 1732
469 4 2519 2520 4479 1730
470 4 2519 2520 4478 1732
471 4 2519 2520 4480 1732
472 4 2519 2520 4478 1733
473 4 2519 2520 4479 1734
474 4 2519 2520 4482 1735
475 4 2519 2520 4480 1737
476 4 2519 2520 4485 1742
477 4 2519 2520 4483 1741
478 4 2519 2520 4474 1734
479 4 2519 2520 4483 1737
480 4 2519 2520 4487 1739
481 4 2519 2520 4485 1737
482 4 2519 2520 4487 1740
483 4 2519 2520 4493 1740
484 4 2519 2520 4493 1737
485 4 2519 2520 4496 1741
486 4 2519 2520 4500 1743
487 4 2519 2520 4500 1743
488 4 2519 2520 4504 1749
489 4 2519 2520 4501 1752
490 4 2519 2520 4500 1748
491 4 2519 2520 4498 1746
492 4 2519 2520 4495 1745
493 4 2519 2520 4495 1744
494 4 2519 2520 4498 1747
495 4 2519 2520 4496 1745
496 4 2519 2520 4491 1743
497 4 2519 2520 4493 1747
498 4 2519 2520 4497 1749
499 4 2519 2520 4500 1747
500 4 2519 2520 4500 1749
501 4 2519 2520 4496 1746
502 4 2519 2520 4499 1748
503 4 2519 2520 4500 1749
504 4 2519 2520 4500 1746
505 4 2519 2520 4510 1747
506 4 2519 2520 4513 1750
507 4 2519 2520 4520 1753
508 4 2519 2520 4518 1753
509 4 2519 2520 4517 1751
510 4 2519 2520 4521 1755
511 4 2519 2520 4513 1752
512 4 2519 2520 4515 1753
513 4 2519 2520 4516 1750
514 4 2519 2520 4516 1755
515 4 2519 2520 4514 1754
516 4 2519 2520 4511 1754
517 4 2519 2520 4512 1754
518 4 2519 2520 4514 1759
519 4 2519 2520 4512 1758
520 4 2519 2520 4519 1760
521 4 2519 2520 4519 1754
522 4 2519 2520 4520 1758
523 4 2519 2520 4519 1753
524 4 2519 2520 4525 1760
525 4 2519 2520 4533 1765
526 4 2519 2520 4530 1768
527 4 2519 2520 4529 1767
528 4 2519 2520 4530 1769
529 4 2519 2520 4523 1763
530 4 2519 2520 4522 1763
531 4 2519 2520 4526 1763
532 4 2519 2520 4519 1764
533 4 2519 2520 4510 1757
534 4 2519 2520 4516 1759
535 4 2519 2520 4515 1756
536 4 2519 2520 4511 1756
537 4 2519 2520 4515 1760
538 4 2519 2520 4511 1756
539 4 2519 2520 4505 1752
540 4 2519 2520 4502 1750
541 4 2519 2520 4499 1750
542 4 2519 2520 4502 1751
543 4 2519 2520 4498 1748
544 4 2519 2520 4497 1746
545 4 2519 2520 4500 1751
546 4 2519 2520 4507 1752
547 4 2519 2520 4504 1752
548 4 2519 2520 4501 1750
549 4 2519 2520 4508 1752
550 4 2519 2520 4511 1754
551 4 2519 2520 4507 1754
552 4 2519 2520 4515 1759
553 4 2519 2520 4517 1760
554 4 2519 2520 4515 1756
555 4 2519 2520 4507 1753
556 4 2519 2520 4500 1749
557 4 2519 2520 4499 1747
558 4 2519 2520 4503 1749
559 4 2519 2520 4503 1747
560 4 2519 2520 4502 1750
561 4 2519 2520 4503 1749
562 4 2519 2520 4502 1746
563 4 2519 2520 4507 1749
564 4 2519 2520 4504 1747
565 4 2519 2520 4508 1750
566 4 2519 2520 4512 1749
567 4 2519 2520 4510 1748
568 4 2519 2520 4512 1750
569 4 2519 2520 4513 1750
570 4 2519 2520 4511 1750
571 4 2519 2520 4512 1751
572 4 2519 2520 4513 1758
573 4 2519 2520 4520 1761
574 4 2519 2520 4521 1759
575 4 2519 2520 4519 1757
576 4 2519 2520 4513 1752
577 4 2519 2520 4514 1750
578 4 2519 2520 4523 1754
579 4 2519 2520 4521 1757
580 4 2519 2520 4525 1759
581 4 2519 2520 4523 1757
582 4 2519 2520 4522 1758
583 4 2519 2520 4520 1753
584 4 2519 2520 4515 1750
585 4 2519 2520 4514 1752
586 4 2519 2520 4516 1756
587 4 2519 2520 4520 1758
588 4 2519 2520 4522 1759
589 4 2519 2520 4520 1758
590 4 2519 2520 4520 1759
591 4 2519 2520 4517 1757
592 4 2519 2520 4516 1757
593 4 2519 2520 4514 1755
594 4 2519 2520 4513 1754
595 4 2519 2520 4515 1756
596 4 2519 2520 4513 1752
597 4 2519 2520 4512 1750
598 4 2519 2520 4507 1748
599 4 2519 2520 4508 1749
600 4 2519 2520 4507 1748
601 4 2519 2520 4509 1748
602 4 2519 2520 4508 1744
603 4 2519 2520 4501 1737
604 4 2519 2520 4504 1739
605 4 2519 2520 4502 1735
606 4 2519 2520 4498 1736
607 4 2519 2520 4501 1736
608 4 2519 2520 4508 1738
609 4 2519 2520 4503 1738
610 4 2519 2520 4502 1741
611 4 2519 2520 4504 1743
612 4 2519 2520 4507 1744
613 4 2519 2520 4509 1748
614 4 2519 2520 4507 1745
615 4 2519 2520 4510 1748
616 4 2519 2520 4511 1750
617 4 2519 2520 4513 1751
618 4 2519 2520 4510 1753
619 4 2519 2520 4515 1756
620 4 2519 2520 4510 1752
621 4 2519 2520 4511 1751
622 4 2519 2520 4514 1751
623 4 2519 2520 4517 1754
624 4 2519 2520 4518 1758
625 4 2519 2520 4514 1754
626 4 2519 2520 4513 1754
627 4 2519 2520 4516 1755
628 4 2519 2520 4519 1756
629 4 2519 2520 4519 1759
630 4 2519 2520 4518 1758
631 4 2519 2520 4516 1757
632 4 2519 2520 4522 1759
633 4 2519 2520 4517 1755
634 4 2519 2520 4520 1758
635 4 2519 2520 4523 1759
636 4 2519 2520 4514 1751
637 4 2519 2520 4517 1753
638 4 2519 2520 4507 1744
639 4 2519 2520 4506 1746
640 4 2519 2520 4510 1748
641 4 2519 2520 4516 1750
642 4 2519 2520 4514 1750
643 4 2519 2520 4518 1755
644 4 2519 2520 4518 1755
645 4 2519 2520 4518 1758
646 4 2519 2520 4519 1754
647 4 2519 2520 4516 1756
648 4 2519 2520 4517 1757
649 4 2519 2520 4514 1757
650 4 2519 2520 4514 1758
651 4 2519 2520 4513 1757
652 4 2519 2520 4515 1756
653 4 2519 2520 4514 1757
654 4 2519 2520 4514 1755
655 4 2519 2520 4514 1758
656 4 2519 2520 4513 1757
657 4 2519 2520 4517 1757
658 4 2519 2520 4514 1758
659 4 2519 2520 4523 1764
660 4 2519 2520 4523 1763
661 4 2519 2520 4521 1760
662 4 2519 2520 4523 1762
663 4 2519 2520 4528 1762
664 4 2519 2520 4530 1761
665 4 2519 2520 4529 1761
666 4 2519 2520 4527 1763
667 4 2519 2520 4526 1758
668 4 2519 2520 4524 1753
669 4 2519 2520 4526 1754
670 4 2519 2520 4533 1757
671 4 2519 2520 4530 1754
672 4 2519 2520 4530 1753
673 4 2519 2520 4528 1751
674 4 2519 2520 4526 1750
675 4 2519 2520 4523 1747
676 4 2519 2520 4521 1749
677 4 2519 2520 4519 1748
678 4 2519 2520 4522 1751
679 4 2519 2520 4521 1752
680 4 2519 2520 4518 1746
681 4 2519 2520 4522 1742
682 4 2519 2520 4524 1742
683 4 2519 2520 4525 1744
684 4 2519 2520 4528 1744
685 4 2519 2520 4527 1743
686 4 2519 2520 4523 1743
687 4 2519 2520 4524 1745
688 4 2519 2520 4525 1743
689 4 2519 2520 4516 1737
690 4 2519 2520 4512 1734
691 4 2519 2520 4514 1738
692 4 2519 2520 4513 1741
693 4 2519 2520 4513 1740
694 4 2519 2520 4517 1744
695 4 2519 2520 4519 1741
696 4 2519 2520 4519 1741
697 4 2519 2520 4514 1740
698 4 2519 2520 4515 1739
699 4 2519 2520 4514 1737
700 4 2519 2520 4514 1733
701 4 2519 2520 4519 1740
702 4 2519 2520 4513 1738
703 4 2519 2520 4516 1743
704 4 2519 2520 4522 1746
705 4 2519 2520 4519 1744
706 4 2519 2520 4520 1743
707 4 2519 2520 4516 1741
708 4 2519 2520 4521 1746
709 4 2519 2520 4525 1747
710 4 2519 2520 4531 1751
711 4 2519 2520 4538 1753
712 4 2519 2520 4535 1753
713 4 2519 2520 4538 1752
714 4 2519 2520 4539 1753
715 4 2519 2520 4534 1751
716 4 2519 2520 4529 1749
717 4 2519 2520 4527 1750
718 4 2519 2520 4526 1749
719 4 2519 2520 4522 1746
720 4 2519 2520 4526 1749
721 4 2519 2520 4534 1755
722 4 2519 2520 4534 1755
723 4 2519 2520 4534 1754
724 4 2519 2520 4534 1754
725 4 2519 2520 4531 1751
726 4 2519 2520 4531 1755
727 4 2519 2520 4529 1757
728 4 2519 2520 4529 1756
729 4 2519 2520 4532 1760
730 4 2519 2520 4534 1761
731 4 2519 2520 4530 1759
732 4 2519 2520 4531 1757
733 4 2519 2520 4532 1758
734 4 2519 2520 4528 1756
735 4 2519 2520 4528 1756
736 4 2519 2520 4519 1750
737 4 2519 2520 4522 1753
738 4 2519 2520 4519 1748
739 4 2519 2520 4518 1748
740 4 2519 2520 4525 1751
741 4 2519 2520 4531 1756
742 4 2519 2520 4535 1758
743 4 2519 2520 4531 1755
744 4 2519 2520 4528 1751
745 4 2519 2520 4532 1752
746 4 2519 2520 4533 1753
747 4 2519 2520 4534 1755
748 4 2519 2520 4537 1758
749 4 2519 2520 4529 1751
750 4 2519 2520 4532 1756
751 4 2519 2520 4522 1749
752 4 2519 2520 4528 1751
753 4 2519 2520 4526 1746
754 4 2519 2520 4534 1751
755 4 2519 2520 4522 1747
756 4 2519 2520 4518 1746
757 4 2519 2520 4522 1749
758 4 2519 2520 4515 1744
759 4 2519 2520 4523 1748
760 4 2519 2520 4525 1745
761 4 2519 2520 4522 1747
762 4 2519 2520 4527 1750
763 4 2519 2520 4528 1754
764 4 2519 2520 4529 1754
765 4 2519 2520 4532 1753
766 4 2519 2520 4533 1755
767 4 2519 2520 4535 1756
768 4 2519 2520 4534 1757
769 4 2519 2520 4534 1758
770 4 2519 2520 4538 1758
771 4 2519 2520 4537 1758
772 4 2519 2520 4542 1761
773 4 2519 2520 4542 1762
774 4 2519 2520 4552 1767
775 4 2519 2520 4554 1762
776 4 2519 2520 4557 1762
777 4 2519 2520 4550 1756
778 4 2519 2520 4550 1757
779 4 2519 2520 4550 1758
780 4 2519 2520 4546 1756
781 4 2519 2520 4550 1759
782 4 2519 2520 4556 1764
783 4 2519 2520 4556 1761
784 4 2519 2520 4560 1761
785 4 2519 2520 4559 1757
786 4 2519 2520 4562 1759
787 4 2519 2520 4563 1760
788 4 2519 2520 4561 1761
789 4 2519 2520 4560 1760
790 4 2519 2520 4561 1760
791 4 2519 2520 4561 1760
792 4 2519 2520 4562 1765
793 4 2519 2520 4557 1762
794 4 2519 2520 4557 1760
795 4 2519 2520 4550 1751
796 4 2519 2520 4546 1752
797 4 2519 2520 4547 1755
798 4 2519 2520 4547 1756
799 4 2519 2520 4548 1758
800 4 2519 2520 4545 1754
801 4 2519 2520 4552 1757
802 4 2519 2520 4545 1757
803 4 2519 2520 4541 1753
804 4 2519 2520 4542 1755
805 4 2519 2520 4541 1754
806 4 2519 2520 4537 1749
807 4 2519 2520 4537 1749
808 4 2519 2520 4536 1747
809 4 2519 2520 4539 1749
810 4 2519 2520 4540 1749
811 4 2519 2520 4545 1750
812 4 2519 2520 4548 1753
813 4 2519 2520 4553 1756
814 4 2519 2520 4557 1759
815 4 2519 2520 4557 1758
816 4 2519 2520 4548 1752
817 4 2519 2520 4549 1756
818 4 2519 2520 4546 1755
819 4 2519 2520 4550 1756
820 4 2519 2520 4548 1753
821 4 2519 2520 4545 1752
822 4 2519 2520 4546 1752
823 4 2519 2520 4550 1755
824 4 2519 2520 4548 1753
825 4 2519 2520 4549 1752
826 4 2519 2520 4549 1751
827 4 2519 2520 4547 1751
828 4 2519 2520 4545 1747
829 4 2519 2520 4541 1745
830 4 2519 2520 4546 1748
831 4 2519 2520 4543 1745
832 4 2519 2520 4558 1757
833 4 2519 2520 4551 1753
834 4 2519 2520 4554 1754
835 4 2519 2520 4556 1753
836 4 2519 2520 4557 1751
837 4 2519 2520 4557 1754
838 4 2519 2520 4555 1750
839 4 2519 2520 4552 1748
840 4 2519 2520 4546 1743
841 4 2519 2520 4551 1749
842 4 2519 2520 4552 1752
843 4 2519 2520 4557 1759
844 4 2519 2520 4556 1757
845 4 2519 2520 4557 1758
846 4 2519 2520 4550 1753
847 4 2519 2520 4551 1754
848 4 2519 2520 4548 1753
849 4 2519 2520 4546 1752
850 4 2519 2520 4545 1751
851 4 2519 2520 4544 1752
852 4 2519 2520 4545 1754
853 4 2519 2520 4542 1753
854 4 2519 2520 4539 1749
855 4 2519 2520 4541 1750
856 4 2519 2520 4541 1752
857 4 2519 2520 4544 1752
858 4 2519 2520 4548 1756
859 4 2519 2520 4550 1757
860 4 2519 2520 4545 1752
861 4 2519 2520 4550 1758
862 4 2519 2520 4548 1755
863 4 2519 2520 4547 1758
864 4 2519 2520 4552 1761
865 4 2519 2520 4549 1761
866 4 2519 2520 4549 1761
867 4 2519 2520 4549 1763
868 4 2519 2520 4548 1762
869 4 2519 2520 4548 1761
870 4 2519 2520 4548 1763
871 4 2519 2520 4543 1758
872 4 2519 2520 4544 1758
873 4 2519 2520 4544 1758
874 4 2519 2520 4545 1758
875 4 2519 2520 4551 1760
876 4 2519 2520 4554 1763
877 4 2519 2520 4558 1767
878 4 2519 2520 4558 1766
879 4 2519 2520 4560 1770
880 4 2519 2520 4561 1770
881 4 2519 2520 4561 1768
882 4 2519 2520 4561 1769
883 4 2519 2520 4557 1766
884 4 2519 2520 4550 1764
885 4 2519 2520 4544 1760
886 4 2519 2520 4540 1757
887 4 2519 2520 4535 1754
888 4 2519 2520 4532 1752
889 4 2519 2520 4538 1755
890 4 2519 2520 4534 1749
891 4 2519 2520 4532 1750
892 4 2519 2520 4533 1747
893 4 2519 2520 4529 1746
894 4 2519 2520 4533 1751
895 4 2519 2520 4533 1751
896 4 2519 2520 4542 1756
897 4 2519 2520 4541 1756
898 4 2519 2520 4543 1758
899 4 2519 2520 4547 1755
900 4 2519 2520 4546 1757
901 4 2519 2520 4552 1761
902 4 2519 2520 4547 1758
903 4 2519 2520 4548 1757
904 4 2519 2520 4552 1760
905 4 2519 2520 4551 1760
906 4 2519 2520 4548 1761
907 4 2519 2520 4542 1755
908 4 2519 2520 4550 1760
909 4 2519 2520 4547 1762
910 4 2519 2520 4546 1760
911 4 2519 2520 4550 1762
912 4 2519 2520 4549 1761
913 4 2519 2520 4546 1761
914 4 2519 2520 4546 1758
915 4 2519 2520 4547 1762
916 4 2519 2520 4545 1760
917 4 2519 2520 4546 1760
918 4 2519 2520 4546 1760
919 4 2519 2520 4543 1757
920 4 2519 2520 4548 1760
921 4 2519 2520 4546 1759
922 4 2519 2520 4543 1758
923 4 2519 2520 4538 1755
924 4 2519 2520 4536 1754
925 4 2519 2520 4535 1752
926 4 2519 2520 4538 1753
927 4 2519 2520 4537 1750
928 4 2519 2520 4542 1751
929 4 2519 2520 4540 1752
930 4 2519 2520 4534 1750
931 4 2519 2520 4535 1749
932 4 2519 2520 4534 1750
933 4 2519 2520 4530 1748
934 4 2519 2520 4532 1751
935 4 2519 2520 4530 1748
936 4 2519 2520 4527 1748
937 4 2519 2520 4528 1750
938 4 2519 2520 4528 1749
939 4 2519 2520 4532 1752
940 4 2519 2520 4531 1752
941 4 2519 2520 4534 1754
942 4 2519 2520 4533 1752
943 4 2519 2520 4528 1750
944 4 2519 2520 4535 1754
945 4 2519 2520 4542 1760
946 4 2519 2520 4544 1763
947 4 2519 2520 4541 1761
948 4 2519 2520 4539 1759
949 4 2519 2520 4538 1759
950 4 2519 2520 4537 1759
951 4 2519 2520 4534 1759
952 4 2519 2520 4531 1753
953 4 2519 2520 4541 1760
954 4 2519 2520 4538 1762
955 4 2519 2520 4541 1762
956 4 2519 2520 4540 1761
957 4 2519 2520 4541 1761
958 4 2519 2520 4540 1761
959 4 2519 2520 4542 1758
960 4 2519 2520 4540 1759
961 4 2519 2520 4539 1757
962 4 2519 2520 4539 1756
963 4 2519 2520 4539 1756
964 4 2519 2520 4538 1755
965 4 2519 2520 4537 1754
966 4 2519 2520 4536 1754
967 4 2519 2520 4542 1760
968 4 2519 2520 4542 1758
969 4 2519 2520 4544 1761
970 4 2519 2520 4543 1760
971 4 2519 2520 4537 1755
972 4 2519 2520 4534 1753
973 4 2519 2520 4538 1755
974 4 2519 2520 4542 1760
975 4 2519 2520 4543 1760
976 4 2519 2520 4541 1758
977 4 2519 2520 4546 1761
978 4 2519 2520 4543 1759
979 4 2519 2520 4546 1758
980 4 2519 2520 4547 1760
981 4 2519 2520 4545 1757
982 4 2519 2520 4536 1752
983 4 2519 2520 4537 1751
984 4 2519 2520 4535 1753
985 4 2519 2520 4528 1749
986 4 2519 2520 4533 1750
987 4 2519 2520 4539 1754
988 4 2519 2520 4541 1754
989 4 2519 2520 4535 1752
990 4 2519 2520 4534 1752
991 4 2519 2520 4541 1756
992 4 2519 2520 4544 1760
993 4 2519 2520 4543 1760
994 4 2519 2520 4546 1762
995 4 2519 2520 4546 1759
996 4 2519 2520 4548 1762
997 4 2519 2520 4552 1762
998 4 2519 2520 4551 1763
999 4 2519 2520 4549 1764
1000 4 2519 2520 4543 1755
