0 1 2519 2520 796 499
1 1 2519 2520 816 514
2 1 2519 2520 835 526
3 1 2519 2520 849 537
4 1 2519 2520 876 554
5 1 2519 2520 906 574
6 1 2519 2520 933 588
7 1 2519 2520 951 596
8 1 2519 2520 974 609
9 1 2519 2520 1000 618
10 1 2519 2520 1033 631
11 1 2519 2520 1066 649
12 1 2519 2520 1081 653
13 1 2519 2520 1100 666
14 1 2519 2520 1126 675
15 1 2519 2520 1140 681
16 1 2519 2520 1161 685
17 1 2519 2520 1189 694
18 1 2519 2520 1214 704
19 1 2519 2520 1225 703
20 1 2519 2520 1245 707
21 2 2519 2520 1256 708
22 2 2519 2520 1297 720
23 2 2519 2520 1394 760
24 2 2519 2520 1469 792
25 2 2519 2520 1548 821
26 2 2519 2520 1630 849
27 2 2519 2520 1709 868
28 2 2519 2520 1799 895
29 2 2519 2520 1876 926
30 2 2519 2520 1929 935
31 2 2519 2520 2004 957
32 2 2519 2520 2069 974
33 2 2519 2520 2151 995
34 2 2519 2520 2211 1004
35 2 2519 2520 2256 1023
36 2 2519 2520 2311 1040
37 2 2519 2520 2366 1061
38 2 2519 2520 2409 1073
39 2 2519 2520 2453 1093
40 2 2519 2520 2475 1089
41 3 2519 2520 2509 1091
42 3 2519 2520 2535 1106
43 3 2519 2520 2595 1131
44 3 2519 2520 2650 1148
45 3 2519 2520 2732 1178
46 4 2519 2520 2833 1222
47 4 2519 2520 2939 1253
48 4 2519 2520 3078 1296
49 4 2519 2520 3202 1331
50 4 2519 2520 3331 1370
51 4 2519 2520 3456 1398
52 4 2519 2520 3594 1440
53 4 2519 2520 3717 1475
54 4 2519 2520 3846 1513
55 4 2519 2520 3920 1529
56 4 2519 2520 4014 1559
57 4 2519 2520 4117 1584
58 4 2519 2520 4196 1592
59 4 2519 2520 4259 1617
60 4 2519 2520 4343 1646
61 4 2519 2520 4415 1667
62 4 2519 2520 4468 1693
63 4 2519 2520 4529 1703
64 5 2519 2520 4589 1718
65 6 2519 2520 4673 1747
66 6 2519 2520 4821 1795
67 7 2519 2520 4976 1839
68 7 2519 2520 5143 1881
69 7 2519 2520 5303 1942
70 7 2519 2520 5511 1987
71 7 2519 2520 5695 2035
72 7 2519 2520 5877 2095
73 7 2519 2520 6063 2124
74 7 2519 2520 6235 2171
75 7 2519 2520 6380 2204
76 7 2519 2520 6549 2253
77 7 2519 2520 6714 2276
78 7 2519 2520 6884 2310
79 7 2519 2520 7022 2351
80 7 2518 2520 7145 2372
81 7 2518 2520 7277 2389
82 7 2518 2520 7407 2413
83 7 2518 2520 7535 2416
84 8 2518 2520 7684 2425
85 8 2518 2520 7815 2455
86 8 2518 2520 7945 2493
87 8 2518 2520 8038 2513
88 9 2518 2520 8162 2543
89 9 2518 2520 8299 2568
90 9 2518 2520 8461 2597
91 9 2518 2520 8609 2624
92 11 2518 2520 8728 2663
93 11 2518 2520 8903 2689
94 11 2517 2520 9093 2747
95 12 2517 2520 9303 2790
96 12 2517 2520 9514 2814
97 12 2517 2520 9758 2851
98 12 2517 2520 9974 2881
99 12 2517 2520 10210 2936
100 12 2517 2520 10421 2960
101 13 2517 2520 10651 3010
102 13 2517 2520 10894 3072
103 13 2517 2520 11107 3099
104 13 2517 2520 11341 3133
105 14 2517 2520 11583 3191
106 14 2517 2520 11799 3236
107 14 2517 2520 11988 3293
108 14 2517 2520 12230 3339
109 14 2517 2520 12416 3388
110 14 2517 2520 12621 3412
111 14 2517 2520 12841 3459
112 14 2517 2520 13042 3504
113 14 2517 2520 13237 3533
114 14 2517 2520 13380 3569
115 14 2517 2520 13573 3611
116 14 2517 2520 13745 3630
117 14 2516 2520 13918 3675
118 14 2516 2520 14088 3702
119 14 2516 2520 14242 3710
120 14 2516 2520 14372 3735
121 14 2516 2520 14495 3755
122 15 2516 2520 14620 3769
123 15 2516 2520 14756 3797
124 15 2516 2520 14918 3827
125 16 2516 2520 15041 3845
126 16 2516 2520 15231 3891
127 16 2516 2520 15407 3929
128 16 2516 2520 15578 3961
129 16 2516 2520 15748 4005
130 16 2516 2520 15917 4026
131 16 2516 2520 16054 4050
132 16 2516 2520 16204 4096
133 16 2516 2520 16360 4112
134 16 2516 2520 16494 4137
135 16 2516 2520 16620 4163
136 17 2516 2520 16719 4184
137 17 2516 2520 16837 4224
138 18 2516 2520 16996 4276
139 18 2516 2520 17155 4325
140 18 2516 2520 17331 4357
141 18 2516 2520 17522 4405
142 18 2516 2520 17664 4419
143 18 2516 2520 17817 4459
144 18 2515 2520 17950 4476
145 18 2515 2520 18130 4529
146 18 2515 2520 18312 4556
147 18 2515 2520 18458 4570
148 18 2515 2520 18628 4604
149 18 2515 2520 18766 4628
150 18 2515 2520 18906 4646
151 20 2515 2520 19028 4681
152 21 2515 2520 19197 4696
153 21 2515 2520 19393 4725
154 21 2515 2520 19599 4774
155 22 2515 2520 19842 4820
156 22 2515 2520 20077 4868
157 22 2515 2520 20311 4932
158 22 2515 2520 20593 4973
159 22 2515 2520 20836 5031
160 22 2515 2520 21100 5068
161 22 2515 2520 21320 5120
162 22 2515 2520 21533 5143
163 22 2515 2520 21768 5205
164 22 2515 2520 22011 5258
165 22 2515 2520 22217 5287
166 22 2515 2520 22422 5329
167 22 2515 2520 22575 5331
168 22 2515 2520 22762 5367
169 22 2515 2520 22885 5403
170 22 2515 2520 23023 5424
171 22 2515 2520 23130 5445
172 22 2515 2520 23253 5468
173 22 2515 2520 23375 5506
174 22 2515 2520 23480 5530
175 22 2515 2520 23595 5562
176 22 2515 2520 23723 5606
177 23 2515 2520 23818 5615
178 24 2515 2520 23928 5650
179 24 2515 2520 24075 5688
180 24 2515 2520 24245 5728
181 24 2515 2520 24376 5762
182 25 2515 2520 24520 5801
183 26 2515 2520 24712 5848
184 26 2515 2520 24906 5873
185 26 2515 2520 25158 5952
186 26 2515 2520 25400 6014
187 26 2515 2520 25634 6059
188 26 2515 2520 25820 6095
189 26 2515 2520 26054 6159
190 26 2515 2520 26245 6190
191 26 2515 2520 26450 6232
192 27 2515 2520 26674 6276
193 27 2515 2520 26826 6308
194 27 2515 2520 27011 6361
195 27 2515 2520 27169 6374
196 27 2515 2520 27331 6417
197 27 2515 2520 27493 6455
198 27 2515 2520 27673 6498
199 27 2515 2520 27840 6541
200 27 2515 2520 27983 6595
201 27 2515 2520 28124 6633
202 27 2515 2520 28274 6649
203 27 2515 2520 28412 6670
204 28 2515 2520 28561 6703
205 29 2515 2520 28703 6719
206 29 2515 2520 28892 6758
207 29 2515 2520 29059 6788
208 29 2515 2520 29227 6822
209 29 2515 2520 29367 6848
210 29 2515 2520 29533 6868
211 29 2515 2520 29695 6885
212 29 2515 2520 29865 6928
213 29 2515 2520 30000 6962
214 29 2515 2520 30148 7001
215 29 2515 2520 30290 7009
216 29 2515 2520 30441 7039
217 29 2515 2520 30579 7055
218 29 2515 2520 30740 7073
219 29 2515 2520 30842 7091
220 29 2515 2520 30992 7111
221 29 2515 2520 31159 7147
222 29 2515 2520 31267 7158
223 29 2515 2520 31408 7186
224 29 2515 2520 31547 7206
225 29 2515 2520 31687 7218
226 29 2515 2520 31813 7259
227 29 2515 2520 31915 7281
228 30 2515 2520 32037 7298
229 30 2515 2520 32154 7303
230 31 2515 2520 32308 7348
231 32 2515 2520 32434 7378
232 32 2515 2520 32576 7397
233 33 2515 2520 32752 7437
234 33 2515 2520 32927 7468
235 33 2515 2520 33140 7521
236 34 2515 2520 33339 7548
237 34 2515 2520 33560 7593
238 34 2515 2520 33780 7634
239 34 2515 2520 33952 7660
240 34 2515 2520 34188 7732
241 34 2515 2520 34390 7764
242 34 2515 2520 34565 7791
243 34 2515 2520 34738 7829
244 34 2515 2520 34911 7853
245 34 2515 2520 35070 7883
246 34 2515 2520 35254 7914
247 34 2515 2520 35410 7928
248 34 2515 2520 35604 7983
249 35 2515 2520 35763 8000
250 35 2515 2520 35964 8040
251 35 2515 2520 36140 8058
252 35 2515 2520 36327 8087
253 35 2515 2520 36532 8145
254 35 2515 2520 36698 8177
255 35 2515 2520 36910 8233
256 36 2515 2520 37093 8266
257 36 2515 2520 37301 8306
258 36 2515 2520 37510 8338
259 36 2515 2520 37693 8359
260 36 2515 2520 37894 8399
261 36 2515 2520 38094 8456
262 36 2515 2520 38282 8480
263 36 2515 2520 38449 8508
264 36 2515 2520 38618 8542
265 36 2515 2520 38767 8567
266 37 2515 2520 38883 8594
267 37 2515 2520 39021 8639
268 37 2515 2520 39177 8679
269 37 2515 2520 39362 8723
270 38 2515 2520 39540 8757
271 38 2515 2520 39740 8789
272 39 2515 2520 39920 8785
273 39 2515 2520 40086 8837
274 39 2515 2520 40264 8882
275 39 2515 2520 40425 8910
276 39 2515 2520 40615 8921
277 39 2515 2520 40799 8959
278 39 2515 2520 40972 8981
279 39 2515 2520 41142 9018
280 39 2515 2520 41307 9039
281 39 2515 2520 41498 9076
282 40 2515 2520 41667 9105
283 40 2515 2520 41886 9154
284 40 2515 2520 42113 9211
285 40 2515 2520 42325 9258
286 41 2515 2520 42477 9294
287 41 2515 2520 42638 9321
288 41 2515 2520 42871 9351
289 41 2515 2520 43057 9378
290 41 2515 2520 43258 9413
291 42 2515 2520 43482 9431
292 42 2515 2520 43692 9484
293 42 2515 2520 43917 9520
294 43 2515 2520 44105 9536
295 43 2515 2520 44299 9567
296 43 2515 2520 44490 9612
297 43 2515 2520 44678 9666
298 43 2515 2520 44870 9680
299 43 2515 2520 45078 9688
300 44 2515 2520 45270 9738
301 44 2515 2520 45460 9783
302 45 2515 2520 45654 9820
303 45 2515 2520 45824 9851
304 45 2515 2520 46060 9892
305 45 2515 2520 46269 9935
306 46 2515 2520 46478 9955
307 46 2515 2520 46649 9961
308 46 2515 2520 46832 9991
309 46 2515 2520 47074 10034
310 47 2515 2520 47289 10071
311 47 2515 2520 47515 10139
312 47 2515 2520 47794 10194
313 47 2515 2520 48025 10219
314 47 2515 2520 48249 10260
315 47 2515 2520 48502 10313
316 48 2515 2520 48718 10326
317 48 2515 2520 48977 10384
318 48 2515 2520 49231 10425
319 48 2515 2520 49436 10477
320 48 2515 2520 49689 10532
321 49 2515 2520 49904 10558
322 49 2515 2520 50144 10624
323 49 2515 2520 50420 10673
324 49 2515 2520 50648 10730
325 50 2515 2520 50872 10734
326 51 2515 2520 51140 10746
327 51 2515 2520 51418 10789
328 51 2515 2520 51688 10820
329 51 2515 2520 51940 10846
330 51 2515 2520 52225 10875
331 51 2515 2520 52504 10909
332 51 2515 2520 52767 10932
333 51 2515 2520 53007 10970
334 52 2515 2520 53270 11030
335 53 2515 2520 53506 11050
336 53 2515 2520 53795 11100
337 53 2515 2520 54057 11148
338 53 2515 2520 54322 11209
339 54 2515 2520 54533 11254
340 54 2515 2520 54777 11261
341 54 2515 2520 55045 11318
342 54 2515 2520 55251 11365
343 55 2515 2520 55464 11390
344 55 2515 2520 55719 11434
345 55 2515 2520 55974 11484
346 55 2515 2520 56233 11533
347 55 2515 2520 56471 11576
348 56 2515 2520 56707 11636
349 56 2515 2520 56927 11668
350 56 2515 2520 57166 11716
351 56 2515 2520 57411 11791
352 56 2515 2520 57655 11819
353 56 2515 2520 57894 11871
354 56 2515 2520 58129 11884
355 56 2515 2520 58365 11912
356 56 2515 2520 58599 11960
357 56 2515 2520 58831 12014
358 56 2515 2520 59058 12046
359 56 2515 2520 59248 12099
360 56 2515 2520 59427 12120
361 56 2515 2520 59630 12161
362 57 2515 2520 59818 12176
363 57 2515 2520 59990 12200
364 58 2515 2520 60170 12240
365 58 2515 2520 60336 12286
366 58 2515 2520 60492 12317
367 58 2515 2520 60733 12363
368 58 2515 2520 60946 12408
369 58 2515 2520 61118 12442
370 58 2515 2520 61323 12475
371 58 2515 2520 61526 12496
372 58 2515 2520 61726 12525
373 60 2515 2520 61928 12567
374 60 2515 2520 62125 12636
375 60 2515 2520 62342 12672
376 61 2515 2520 62531 12718
377 61 2515 2520 62740 12747
378 61 2515 2520 62912 12766
379 63 2515 2520 63129 12798
380 63 2515 2520 63353 12829
381 63 2515 2520 63630 12883
382 63 2515 2520 63874 12934
383 63 2515 2520 64154 12967
384 63 2515 2520 64396 13017
385 63 2515 2520 64605 13064
386 63 2515 2520 64830 13073
387 63 2515 2520 65094 13114
388 63 2515 2520 65319 13168
389 63 2515 2520 65510 13183
390 63 2515 2520 65709 13241
391 63 2515 2520 65944 13276
392 63 2515 2520 66134 13308
393 63 2515 2520 66347 13335
394 63 2515 2520 66530 13382
395 63 2515 2520 66709 13394
396 63 2515 2520 66870 13430
397 63 2515 2520 67071 13460
398 63 2515 2520 67292 13472
399 63 2515 2520 67492 13507
400 64 2515 2520 67663 13529
401 64 2515 2520 67866 13567
402 65 2515 2520 68028 13595
403 65 2515 2520 68237 13632
404 65 2515 2520 68394 13655
405 66 2515 2520 68602 13685
406 66 2515 2520 68835 13696
407 66 2515 2520 69027 13736
408 67 2515 2520 69290 13786
409 67 2515 2520 69491 13807
410 67 2515 2520 69732 13843
411 68 2515 2520 69969 13886
412 68 2515 2520 70203 13921
413 68 2515 2520 70443 13967
414 69 2515 2520 70678 14013
415 69 2515 2520 70896 14047
416 69 2515 2520 71177 14096
417 69 2515 2520 71444 14145
418 69 2515 2520 71723 14158
419 69 2515 2520 72005 14238
420 69 2515 2520 72262 14253
421 69 2515 2520 72523 14316
422 69 2515 2520 72779 14367
423 69 2515 2520 73002 14408
424 69 2515 2520 73220 14446
425 69 2515 2520 73426 14490
426 69 2515 2520 73640 14496
427 70 2515 2520 73857 14512
428 70 2515 2520 74034 14560
429 71 2515 2520 74204 14578
430 71 2515 2520 74370 14615
431 71 2515 2520 74569 14653
432 71 2515 2520 74767 14698
433 71 2515 2520 74983 14714
434 71 2515 2520 75160 14767
435 72 2515 2520 75365 14786
436 72 2515 2520 75553 14800
437 73 2515 2520 75762 14844
438 73 2515 2520 75968 14878
439 73 2515 2520 76216 14918
440 73 2515 2520 76459 14947
441 73 2515 2520 76715 14998
442 73 2515 2520 76958 15050
443 73 2515 2520 77140 15072
444 73 2515 2520 77350 15105
445 73 2515 2520 77534 15144
446 73 2515 2520 77707 15164
447 74 2515 2520 77849 15177
448 74 2515 2520 78046 15224
449 75 2515 2520 78246 15256
450 75 2515 2520 78426 15276
451 76 2515 2520 78630 15303
452 76 2515 2520 78848 15327
453 76 2515 2520 79106 15366
454 76 2515 2520 79299 15386
455 76 2515 2520 79498 15409
456 76 2515 2520 79736 15456
457 76 2515 2520 79983 15493
458 77 2515 2520 80196 15545
459 78 2515 2520 80475 15568
460 78 2515 2520 80720 15607
461 78 2515 2520 80977 15666
462 78 2515 2520 81249 15712
463 78 2515 2520 81430 15740
464 78 2515 2520 81639 15767
465 79 2515 2520 81853 15811
466 79 2515 2520 82042 15855
467 79 2515 2520 82294 15898
468 79 2515 2520 82475 15924
469 79 2515 2520 82755 15975
470 80 2515 2520 82938 16011
471 80 2515 2520 83150 16013
472 80 2515 2520 83333 16076
473 80 2515 2520 83575 16090
474 80 2515 2520 83788 16152
475 80 2515 2520 83955 16163
476 80 2515 2520 84195 16163
477 80 2515 2520 84443 16218
478 80 2515 2520 84636 16245
479 80 2515 2520 84801 16278
480 80 2515 2520 84994 16302
481 80 2515 2520 85156 16342
482 80 2515 2520 85325 16358
483 80 2515 2520 85506 16350
484 80 2515 2520 85700 16392
485 80 2515 2520 85838 16411
486 80 2515 2520 86010 16426
487 80 2515 2520 86134 16451
488 81 2515 2520 86338 16480
489 81 2515 2520 86500 16526
490 81 2515 2520 86708 16567
491 81 2515 2520 86867 16604
492 81 2515 2520 86996 16646
493 81 2515 2520 87163 16667
494 81 2515 2520 87302 16701
495 81 2515 2520 87461 16725
496 81 2515 2520 87672 16758
497 81 2515 2520 87805 16763
498 82 2515 2520 87965 16802
499 82 2515 2520 88132 16855
500 82 2515 2520 88320 16888
501 82 2515 2520 88486 16891
502 84 2515 2520 88650 16917
503 84 2515 2520 88852 16952
504 84 2515 2520 89090 16985
505 84 2515 2520 89285 17005
506 84 2515 2520 89535 17054
507 84 2515 2520 89777 17116
508 84 2515 2520 90012 17147
509 84 2515 2520 90184 17172
510 85 2515 2520 90430 17198
511 86 2515 2520 90619 17218
512 86 2515 2520 90832 17271
513 86 2515 2520 91046 17302
514 86 2515 2520 91263 17334
515 86 2515 2520 91465 17373
516 86 2515 2520 91655 17410
517 86 2515 2520 91900 17448
518 87 2515 2520 92126 17484
519 88 2515 2520 92388 17533
520 89 2515 2520 92588 17584
521 89 2515 2520 92852 17590
522 89 2515 2520 93080 17642
523 89 2515 2520 93334 17675
524 90 2515 2520 93602 17731
525 90 2515 2520 93843 17751
526 91 2515 2520 94097 17800
527 92 2515 2520 94364 17855
528 92 2515 2520 94683 17882
529 92 2515 2520 95029 17934
530 92 2515 2520 95371 18016
531 92 2515 2520 95648 18048
532 92 2515 2520 95983 18114
533 92 2515 2520 96303 18169
534 93 2515 2520 96603 18204
535 94 2515 2520 96836 18243
536 94 2515 2520 97154 18299
537 94 2515 2520 97464 18345
538 96 2515 2520 97723 18385
539 96 2515 2520 98040 18436
540 96 2515 2520 98384 18488
541 96 2515 2520 98664 18549
542 96 2515 2520 98978 18596
543 96 2515 2520 99273 18627
544 96 2515 2520 99588 18656
545 96 2515 2520 99842 18684
546 96 2515 2520 100144 18715
547 96 2515 2520 100401 18752
548 96 2515 2520 100648 18789
549 96 2515 2520 100920 18822
550 96 2515 2520 101176 18880
551 96 2515 2520 101452 18910
552 97 2515 2520 101688 18965
553 97 2515 2520 101941 19004
554 98 2515 2520 102206 19045
555 98 2515 2520 102467 19071
556 98 2515 2520 102706 19095
557 98 2515 2520 102960 19126
558 98 2515 2520 103164 19151
559 98 2515 2520 103399 19200
560 98 2515 2520 103627 19220
561 99 2515 2520 103843 19253
562 99 2515 2520 104063 19311
563 99 2515 2520 104276 19335
564 99 2515 2520 104510 19346
565 99 2515 2520 104761 19400
566 100 2515 2520 104975 19428
567 100 2515 2520 105224 19485
568 100 2515 2520 105466 19524
569 100 2515 2520 105710 19548
570 100 2515 2520 105935 19615
571 100 2515 2520 106173 19654
572 100 2515 2520 106394 19682
573 100 2515 2520 106630 19724
574 101 2515 2520 106841 19747
575 101 2515 2520 107068 19791
576 102 2515 2520 107313 19843
577 102 2515 2520 107559 19884
578 102 2515 2520 107817 19923
579 103 2515 2520 108024 19975
580 103 2515 2520 108279 20054
581 103 2515 2520 108525 20118
582 103 2515 2520 108751 20145
583 103 2515 2520 108990 20177
584 103 2515 2520 109241 20210
585 103 2515 2520 109498 20245
586 103 2515 2520 109781 20292
587 103 2515 2520 110020 20350
588 103 2515 2520 110250 20382
589 103 2515 2520 110474 20383
590 103 2515 2520 110693 20425
591 104 2515 2520 110964 20467
592 105 2515 2520 111165 20499
593 105 2515 2520 111385 20529
594 105 2515 2520 111633 20583
595 105 2515 2520 111885 20645
596 105 2515 2520 112180 20714
597 105 2515 2520 112431 20739
598 105 2515 2520 112670 20773
599 105 2515 2520 112878 20799
600 105 2515 2520 113126 20826
601 105 2515 2520 113393 20860
602 105 2515 2520 113569 20914
603 105 2515 2520 113727 20932
604 105 2515 2520 113909 20963
605 106 2515 2520 114095 21001
606 107 2515 2520 114258 21019
607 107 2515 2520 114528 21033
608 108 2515 2520 114760 21082
609 108 2515 2520 115050 21128
610 108 2515 2520 115296 21171
611 109 2515 2520 115502 21191
612 109 2515 2520 115753 21234
613 109 2515 2520 116033 21237
614 109 2515 2520 116272 21268
615 109 2515 2520 116544 21300
616 109 2515 2520 116787 21317
617 109 2515 2520 117071 21369
618 109 2515 2520 117288 21434
619 109 2515 2520 117542 21460
620 109 2515 2520 117780 21504
621 110 2515 2520 118050 21557
622 110 2515 2520 118316 21603
623 111 2515 2520 118559 21648
624 111 2515 2520 118794 21686
625 111 2515 2520 119044 21736
626 111 2515 2520 119316 21773
627 112 2515 2520 119528 21807
628 112 2515 2520 119769 21822
629 112 2515 2520 120040 21851
630 112 2515 2520 120311 21926
631 113 2515 2520 120559 21954
632 114 2515 2520 120841 21998
633 114 2515 2520 121083 22029
634 115 2515 2520 121313 22063
635 115 2515 2520 121563 22094
636 115 2515 2520 121844 22100
637 116 2515 2520 122119 22155
638 116 2515 2520 122351 22222
639 117 2515 2520 122557 22241
640 118 2515 2520 122828 22259
641 118 2515 2520 123118 22295
642 118 2515 2520 123402 22355
643 119 2515 2520 123715 22394
644 119 2515 2520 124039 22441
645 119 2515 2520 124364 22493
646 119 2515 2520 124666 22550
647 120 2515 2520 124990 22586
648 120 2515 2520 125286 22613
649 121 2515 2520 125611 22653
650 121 2515 2520 125915 22691
651 121 2515 2520 126209 22729
652 121 2515 2520 126520 22760
653 122 2515 2520 126870 22810
654 122 2515 2520 127162 22871
655 122 2515 2520 127462 22918
656 122 2515 2520 127801 22971
657 122 2515 2520 128131 22996
658 122 2515 2520 128468 23051
659 122 2515 2520 128782 23097
660 122 2515 2520 129106 23159
661 122 2515 2520 129344 23196
662 122 2515 2520 129571 23212
663 122 2515 2520 129856 23235
664 122 2515 2520 130170 23287
665 122 2515 2520 130442 23333
666 122 2515 2520 130702 23378
667 122 2515 2520 130928 23406
668 122 2515 2520 131169 23447
669 122 2515 2520 131338 23489
670 122 2515 2520 131571 23529
671 122 2515 2520 131761 23576
672 122 2515 2520 131948 23594
673 122 2515 2520 132154 23631
674 122 2515 2520 132367 23646
675 122 2515 2520 132555 23680
676 122 2515 2520 132734 23707
677 122 2515 2520 132978 23748
678 122 2515 2520 133145 23763
679 123 2515 2520 133309 23794
680 123 2515 2520 133500 23818
681 123 2515 2520 133715 23857
682 124 2515 2520 133860 23913
683 124 2515 2520 134011 23944
684 124 2515 2520 134248 23949
685 124 2515 2520 134454 23949
686 124 2515 2520 134675 24002
687 126 2515 2520 134853 24033
688 126 2515 2520 135088 24084
689 126 2515 2520 135309 24116
690 129 2515 2520 135571 24126
691 129 2515 2520 135903 24180
692 130 2515 2520 136195 24227
693 130 2515 2520 136495 24266
694 130 2515 2520 136839 24342
695 130 2515 2520 137162 24399
696 131 2515 2520 137425 24469
697 131 2515 2520 137758 24504
698 131 2515 2520 138090 24544
699 131 2515 2520 138384 24577
700 131 2515 2520 138692 24622
701 131 2515 2520 139022 24670
702 131 2515 2520 139293 24695
703 131 2515 2520 139635 24729
704 131 2515 2520 139931 24778
705 131 2515 2520 140257 24799
706 131 2515 2520 140519 24831
707 131 2515 2520 140797 24891
708 131 2515 2520 141054 24924
709 132 2515 2520 141319 24969
710 132 2515 2520 141588 25018
711 132 2515 2520 141809 25044
712 132 2515 2520 142052 25085
713 132 2515 2520 142294 25133
714 132 2515 2520 142530 25148
715 132 2515 2520 142748 25213
716 132 2515 2520 142945 25271
717 132 2515 2520 143180 25303
718 132 2515 2520 143410 25336
719 133 2515 2520 143636 25363
720 135 2515 2520 143834 25406
721 135 2515 2520 143996 25424
722 135 2515 2520 144198 25432
723 135 2515 2520 144401 25452
724 136 2515 2520 144618 25516
725 136 2515 2520 144865 25560
726 136 2515 2520 145085 25600
727 136 2515 2520 145320 25608
728 136 2515 2520 145564 25648
729 136 2515 2520 145806 25668
730 138 2515 2520 146042 25706
731 139 2515 2520 146317 25758
732 139 2515 2520 146595 25795
733 139 2515 2520 146909 25847
734 139 2515 2520 147199 25870
735 139 2515 2520 147528 25881
736 140 2515 2520 147847 25956
737 140 2515 2520 148151 26010
738 140 2515 2520 148510 26045
739 140 2515 2520 148858 26076
740 142 2515 2520 149223 26112
741 142 2515 2520 149571 26163
742 142 2515 2520 149872 26197
743 143 2515 2520 150227 26233
744 143 2515 2520 150490 26283
745 143 2515 2520 150874 26329
746 143 2515 2520 151237 26375
747 143 2515 2520 151583 26398
748 143 2515 2520 151899 26484
749 143 2515 2520 152235 26506
750 143 2515 2520 152542 26547
751 143 2515 2520 152831 26580
752 143 2515 2520 153110 26643
753 144 2515 2520 153417 26677
754 144 2515 2520 153706 26707
755 144 2515 2520 153998 26753
756 144 2515 2520 154311 26776
757 144 2515 2520 154603 26833
758 145 2515 2520 154870 26860
759 145 2515 2520 155117 26899
760 145 2515 2520 155359 26912
761 145 2515 2520 155608 26936
762 145 2515 2520 155874 26977
763 145 2515 2520 156120 27029
764 145 2515 2520 156355 27043
765 145 2515 2520 156616 27064
766 145 2515 2520 156855 27077
767 145 2515 2520 157094 27076
768 145 2515 2520 157357 27119
769 145 2515 2520 157628 27150
770 145 2515 2520 157863 27201
771 146 2515 2520 158045 27226
772 146 2515 2520 158327 27304
773 146 2515 2520 158519 27309
774 146 2515 2520 158743 27347
775 146 2515 2520 158964 27376
776 146 2515 2520 159216 27402
777 146 2515 2520 159420 27447
778 147 2515 2520 159641 27479
779 147 2515 2520 159866 27519
780 147 2515 2520 160091 27546
781 147 2515 2520 160283 27589
782 148 2515 2520 160506 27640
783 149 2515 2520 160725 27676
784 150 2515 2520 160963 27711
785 150 2515 2520 161238 27724
786 150 2515 2520 161510 27782
787 150 2515 2520 161748 27819
788 150 2515 2520 162028 27861
789 150 2515 2520 162281 27890
790 150 2515 2520 162543 27942
791 150 2515 2520 162779 27968
792 150 2515 2520 162974 28001
793 150 2515 2520 163219 28027
794 150 2515 2520 163433 28071
795 150 2515 2520 163668 28128
796 150 2515 2520 163891 28164
797 151 2515 2520 164083 28195
798 152 2515 2520 164274 28232
799 154 2515 2520 164493 28291
800 155 2515 2520 164742 28318
801 155 2515 2520 165008 28355
802 155 2515 2520 165314 28417
803 155 2515 2520 165580 28472
804 156 2515 2520 165851 28514
805 156 2515 2520 166181 28558
806 156 2515 2520 166490 28590
807 156 2515 2520 166775 28640
808 156 2515 2520 167090 28694
809 157 2515 2520 167382 28739
810 157 2515 2520 167681 28767
811 157 2515 2520 167996 28835
812 158 2515 2520 168274 28909
813 158 2515 2520 168540 28935
814 159 2515 2520 168833 28969
815 160 2515 2520 169177 29050
816 160 2515 2520 169508 29106
817 160 2515 2520 169818 29158
818 160 2515 2520 170165 29197
819 161 2515 2520 170485 29256
820 161 2515 2520 170868 29292
821 161 2515 2520 171242 29345
822 161 2515 2520 171552 29393
823 161 2515 2520 171889 29420
824 161 2515 2520 172196 29459
825 161 2515 2520 172538 29510
826 161 2515 2520 172852 29534
827 161 2515 2520 173199 29585
828 161 2515 2520 173506 29630
829 161 2515 2520 173797 29654
830 161 2515 2520 174121 29695
831 161 2515 2520 174465 29728
832 161 2515 2520 174725 29797
833 161 2515 2520 175018 29825
834 162 2515 2520 175267 29860
835 163 2515 2520 175561 29948
836 163 2515 2520 175823 29997
837 164 2515 2520 176096 30048
838 164 2515 2520 176358 30099
839 164 2515 2520 176679 30158
840 164 2515 2520 176952 30195
841 166 2515 2520 177282 30235
842 167 2515 2520 177583 30284
843 167 2515 2520 177935 30322
844 167 2515 2520 178259 30411
845 167 2515 2520 178582 30432
846 167 2515 2520 178879 30474
847 167 2515 2520 179180 30527
848 168 2515 2520 179466 30564
849 169 2515 2520 179790 30624
850 170 2515 2520 180147 30649
851 170 2515 2520 180434 30673
852 170 2515 2520 180794 30706
853 170 2515 2520 181096 30794
854 171 2515 2520 181431 30827
855 172 2515 2520 181760 30876
856 172 2515 2520 182125 30934
857 172 2515 2520 182467 30987
858 172 2515 2520 182769 31053
859 173 2515 2520 183098 31072
860 175 2515 2520 183433 31127
861 175 2515 2520 183797 31210
862 177 2515 2520 184179 31226
863 177 2515 2520 184561 31260
864 177 2515 2520 184972 31309
865 177 2515 2520 185242 31342
866 178 2515 2520 185616 31364
867 178 2515 2520 185975 31401
868 179 2515 2520 186364 31442
869 179 2515 2520 186756 31484
870 180 2515 2520 187142 31550
871 180 2515 2520 187523 31593
872 180 2515 2520 187915 31675
873 182 2515 2520 188275 31717
874 182 2515 2520 188706 31820
875 183 2515 2520 189082 31875
876 183 2515 2520 189485 31952
877 183 2515 2520 189979 32033
878 184 2515 2520 190421 32110
879 184 2515 2520 190812 32163
880 185 2515 2520 191285 32253
881 186 2515 2520 191729 32340
882 186 2515 2520 192186 32404
883 186 2515 2520 192633 32475
884 186 2515 2520 193101 32560
885 186 2515 2520 193546 32628
886 186 2515 2520 193972 32692
887 186 2515 2520 194353 32707
888 186 2515 2520 194724 32769
889 186 2515 2520 195110 32810
890 186 2515 2520 195526 32830
891 186 2515 2520 195864 32884
892 188 2515 2520 196300 32948
893 188 2515 2520 196658 33062
894 189 2515 2520 197020 33130
895 190 2515 2520 197457 33209
896 190 2515 2520 197854 33275
897 191 2515 2520 198272 33345
898 191 2515 2520 198673 33412
899 191 2515 2520 199110 33488
900 191 2515 2520 199531 33576
901 191 2515 2520 199969 33648
902 191 2515 2520 200344 33686
903 191 2515 2520 200687 33714
904 191 2515 2520 201078 33780
905 191 2515 2520 201450 33859
906 192 2515 2520 201824 33917
907 193 2515 2520 202202 33982
908 193 2515 2520 202552 34038
909 193 2515 2520 202970 34107
910 193 2515 2520 203330 34178
911 194 2515 2520 203698 34206
912 194 2515 2520 204092 34257
913 194 2515 2520 204423 34255
914 194 2515 2520 204817 34300
915 195 2515 2520 205141 34340
916 195 2515 2520 205525 34407
917 195 2515 2520 205914 34448
918 195 2515 2520 206353 34477
919 195 2515 2520 206670 34521
920 195 2515 2520 207034 34620
921 195 2515 2520 207385 34660
922 197 2515 2520 207697 34695
923 197 2515 2520 208113 34767
924 197 2515 2520 208515 34816
925 197 2515 2520 208896 34883
926 198 2515 2520 209254 34943
927 199 2515 2520 209655 35016
928 200 2515 2520 210121 35109
929 201 2515 2520 210522 35155
930 201 2515 2520 210948 35243
931 202 2515 2520 211348 35340
932 202 2515 2520 211772 35393
933 202 2515 2520 212204 35470
934 202 2515 2520 212642 35508
935 202 2515 2520 213035 35555
936 202 2515 2520 213432 35617
937 202 2515 2520 213777 35639
938 202 2515 2520 214145 35675
939 205 2515 2520 214564 35749
940 205 2515 2520 214956 35782
941 206 2515 2520 215381 35858
942 206 2515 2520 215801 35891
943 206 2515 2520 216176 35926
944 206 2515 2520 216607 35954
945 206 2515 2520 216965 35990
946 206 2515 2520 217378 36040
947 206 2515 2520 217752 36067
948 207 2515 2520 218178 36129
949 207 2515 2520 218543 36192
950 207 2515 2520 218908 36221
951 208 2515 2520 219266 36215
952 208 2515 2520 219694 36251
953 208 2515 2520 220078 36294
954 208 2515 2520 220384 36341
955 210 2515 2520 220771 36369
956 210 2514 2520 221126 36415
957 210 2514 2520 221584 36454
958 210 2514 2520 222038 36496
959 210 2514 2520 222457 36532
960 210 2514 2520 222843 36566
961 212 2514 2520 223236 36569
962 212 2514 2520 223609 36558
963 212 2514 2520 224008 36580
964 212 2514 2520 224410 36625
965 213 2514 2520 224796 36634
966 213 2514 2520 225154 36700
967 214 2514 2520 225587 36705
968 215 2514 2520 225943 36716
969 215 2514 2520 226342 36758
970 215 2514 2520 226727 36794
971 215 2514 2520 227109 36819
972 215 2514 2520 227474 36866
973 215 2514 2520 227887 36911
974 215 2514 2520 228253 36982
975 215 2514 2520 228610 36969
976 215 2514 2520 229006 36995
977 216 2514 2520 229420 37088
978 216 2514 2520 229816 37139
979 216 2514 2520 230172 37184
980 217 2514 2520 230547 37253
981 219 2514 2520 230997 37315
982 219 2514 2520 231420 37388
983 219 2514 2520 231842 37495
984 219 2514 2520 232252 37566
985 219 2514 2520 232692 37638
986 219 2514 2520 233095 37651
987 219 2514 2520 233489 37667
988 220 2513 2520 233951 37681
989 220 2513 2520 234343 37718
990 220 2513 2520 234719 37781
991 221 2513 2520 235092 37812
992 221 2513 2520 235439 37874
993 221 2513 2520 235827 37966
994 222 2513 2520 236235 38009
995 223 2513 2520 236649 38052
996 223 2513 2520 237067 38117
997 223 2513 2520 237412 38134
998 223 2513 2520 237772 38178
999 223 2513 2520 238157 38229
1000 223 2513 2520 238483 38260
