0 1 2519 2520 794 499
1 1 2519 2520 814 515
2 1 2519 2520 835 530
3 1 2519 2520 855 542
4 1 2519 2520 877 556
5 1 2519 2520 916 574
6 1 2519 2520 941 589
7 1 2519 2520 974 604
8 1 2519 2520 1017 620
9 1 2519 2520 1057 640
10 1 2519 2520 1098 654
11 1 2519 2520 1126 666
12 1 2519 2520 1145 676
13 1 2519 2520 1169 689
14 1 2519 2520 1182 692
15 1 2519 2520 1200 704
16 1 2519 2520 1215 711
17 1 2519 2520 1228 713
18 1 2519 2520 1245 720
19 1 2519 2520 1253 721
20 1 2519 2520 1274 720
21 1 2519 2520 1294 730
22 2 2519 2520 1303 728
23 2 2519 2520 1334 745
24 2 2519 2520 1401 773
25 2 2519 2520 1462 801
26 2 2519 2520 1530 814
27 2 2519 2520 1601 841
28 2 2519 2520 1664 868
29 2 2519 2520 1732 891
30 2 2519 2520 1803 910
31 2 2519 2520 1865 927
32 2 2519 2520 1924 946
33 2 2519 2520 1980 966
34 2 2519 2520 2027 975
35 2 2519 2520 2082 990
36 2 2519 2520 2124 997
37 2 2519 2520 2151 1001
38 2 2519 2520 2194 1011
39 2 2519 2520 2233 1020
40 2 2519 2520 2263 1032
41 2 2519 2520 2291 1033
42 2 2519 2520 2327 1045
43 2 2519 2520 2354 1047
44 2 2519 2520 2375 1050
45 3 2519 2520 2389 1055
46 3 2519 2520 2432 1070
47 3 2519 2520 2516 1091
48 3 2519 2520 2608 1126
49 3 2519 2520 2681 1144
50 4 2519 2520 2785 1177
51 4 2519 2520 2897 1214
52 4 2519 2520 3010 1246
53 4 2519 2520 3099 1284
54 4 2519 2520 3213 1312
55 4 2519 2520 3325 1342
56 4 2519 2520 3429 1376
57 4 2519 2520 3541 1414
58 4 2519 2520 3675 1448
59 4 2519 2520 3783 1486
60 4 2519 2520 3897 1512
61 4 2519 2520 3966 1529
62 4 2519 2520 4050 1547
63 4 2519 2520 4129 1575
64 4 2519 2520 4201 1597
65 4 2519 2520 4288 1626
66 4 2519 2520 4352 1651
67 4 2519 2520 4403 1677
68 4 2519 2520 4458 1683
69 4 2519 2520 4523 1701
70 4 2519 2520 4585 1716
71 5 2519 2520 4640 1748
72 5 2519 2520 4718 1766
73 6 2519 2520 4818 1809
74 6 2519 2520 4922 1836
75 6 2519 2520 5069 1875
76 6 2519 2520 5182 1899
77 6 2519 2520 5308 1961
78 6 2519 2520 5455 1998
79 6 2519 2520 5604 2042
80 7 2519 2520 5722 2089
81 7 2519 2520 5876 2123
82 7 2519 2520 6026 2149
83 7 2519 2520 6189 2192
84 8 2519 2520 6357 2251
85 8 2519 2520 6510 2272
86 8 2519 2520 6668 2304
87 8 2519 2520 6815 2339
88 8 2519 2520 6971 2368
89 8 2519 2520 7130 2389
90 8 2519 2520 7319 2445
91 8 2518 2520 7512 2473
92 8 2518 2520 7700 2498
93 8 2518 2520 7854 2520
94 8 2518 2520 8014 2547
95 8 2518 2520 8164 2570
96 8 2518 2520 8300 2593
97 8 2518 2520 8433 2622
98 8 2518 2520 8583 2638
99 8 2518 2520 8710 2673
100 8 2518 2520 8811 2700
101 9 2518 2520 8923 2704
102 9 2518 2520 9056 2754
103 10 2518 2520 9153 2778
104 10 2518 2520 9285 2819
105 10 2518 2520 9437 2847
106 11 2518 2520 9610 2884
107 12 2518 2520 9782 2920
108 12 2518 2520 9961 2963
109 12 2518 2520 10175 3008
110 12 2518 2520 10398 3050
111 12 2518 2520 10563 3081
112 12 2518 2520 10760 3129
113 12 2517 2520 10955 3165
114 12 2517 2520 11170 3190
115 12 2517 2520 11366 3241
116 12 2517 2520 11560 3289
117 12 2517 2520 11796 3344
118 12 2517 2520 12017 3393
119 12 2517 2520 12169 3405
120 12 2517 2520 12307 3430
121 12 2517 2520 12428 3453
122 12 2517 2520 12553 3475
123 12 2517 2520 12678 3492
124 12 2517 2520 12794 3511
125 12 2517 2520 12911 3517
126 12 2517 2520 13025 3557
127 12 2517 2520 13098 3577
128 14 2517 2520 13199 3594
129 15 2517 2520 13318 3621
130 15 2517 2520 13494 3647
131 15 2517 2520 13707 3696
132 15 2517 2520 13909 3745
133 15 2517 2520 14114 3807
134 15 2517 2520 14327 3859
135 15 2517 2520 14525 3900
136 15 2517 2520 14702 3928
137 15 2517 2520 14902 3983
138 16 2517 2520 15085 4020
139 16 2516 2520 15293 4039
140 16 2516 2520 15471 4087
141 16 2516 2520 15670 4152
142 16 2516 2520 15897 4187
143 17 2516 2520 16102 4208
144 17 2516 2520 16297 4264
145 17 2516 2520 16492 4288
146 17 2516 2520 16718 4341
147 17 2516 2520 16923 4363
148 17 2516 2520 17089 4407
149 18 2516 2520 17268 4446
150 19 2516 2520 17444 4471
151 19 2516 2520 17612 4510
152 19 2516 2520 17797 4540
153 19 2516 2520 18002 4581
154 20 2516 2520 18166 4645
155 21 2516 2520 18370 4683
156 21 2516 2520 18606 4734
157 21 2516 2520 18842 4790
158 21 2516 2520 19071 4850
159 21 2516 2520 19299 4888
160 21 2516 2520 19528 4924
161 21 2516 2520 19749 5001
162 21 2516 2520 19949 5023
163 21 2516 2520 20147 5072
164 21 2516 2520 20341 5107
165 21 2516 2520 20491 5128
166 21 2516 2520 20667 5148
167 21 2516 2520 20835 5190
168 21 2516 2520 21032 5219
169 21 2516 2520 21233 5259
170 21 2516 2520 21387 5291
171 21 2516 2520 21544 5340
172 21 2516 2520 21702 5357
173 22 2516 2520 21840 5387
174 22 2515 2520 21979 5424
175 22 2515 2520 22180 5468
176 23 2515 2520 22365 5498
177 23 2515 2520 22563 5563
178 23 2515 2520 22758 5605
179 23 2515 2520 22964 5632
180 23 2515 2520 23146 5672
181 23 2515 2520 23327 5718
182 23 2515 2520 23488 5743
183 23 2515 2520 23631 5760
184 23 2515 2520 23836 5777
185 23 2515 2520 23956 5794
186 23 2515 2520 24124 5836
187 23 2515 2520 24258 5863
188 23 2515 2520 24399 5900
189 23 2515 2520 24536 5943
190 23 2515 2520 24639 5966
191 24 2515 2520 24740 5996
192 24 2515 2520 24859 6022
193 24 2515 2520 25021 6047
194 24 2515 2520 25190 6086
195 24 2515 2520 25320 6106
196 24 2515 2520 25435 6122
197 24 2515 2520 25556 6143
198 24 2515 2520 25686 6184
199 24 2515 2520 25818 6217
200 25 2515 2520 25944 6257
201 25 2515 2520 26035 6297
202 26 2515 2520 26180 6324
203 26 2515 2520 26342 6349
204 26 2515 2520 26519 6405
205 26 2515 2520 26683 6441
206 26 2515 2520 26822 6452
207 27 2515 2520 26963 6488
208 27 2515 2520 27097 6527
209 27 2515 2520 27229 6568
210 27 2515 2520 27363 6601
211 27 2515 2520 27532 6638
212 27 2515 2520 27696 6685
213 27 2515 2520 27853 6726
214 28 2515 2520 27999 6732
215 28 2515 2520 28173 6780
216 28 2515 2520 28288 6780
217 28 2515 2520 28444 6805
218 28 2515 2520 28588 6835
219 28 2515 2520 28728 6860
220 29 2515 2520 28855 6874
221 29 2515 2520 28997 6901
222 30 2515 2520 29152 6946
223 30 2515 2520 29326 6985
224 30 2515 2520 29460 7009
225 30 2515 2520 29584 7061
226 30 2515 2520 29706 7103
227 30 2515 2520 29848 7135
228 30 2515 2520 29981 7175
229 30 2515 2520 30119 7211
230 30 2515 2520 30262 7232
231 30 2515 2520 30404 7263
232 32 2515 2520 30571 7289
233 32 2515 2520 30740 7329
234 32 2515 2520 30951 7369
235 33 2515 2520 31168 7404
236 33 2515 2520 31404 7467
237 33 2515 2520 31653 7519
238 33 2515 2520 31910 7540
239 33 2515 2520 32158 7586
240 33 2515 2520 32389 7625
241 33 2515 2520 32671 7698
242 33 2515 2520 32904 7741
243 33 2515 2520 33126 7766
244 33 2515 2520 33318 7783
245 33 2515 2520 33544 7840
246 33 2515 2520 33763 7874
247 33 2515 2520 33951 7914
248 33 2515 2520 34153 7963
249 33 2515 2520 34344 7990
250 33 2515 2520 34561 8022
251 33 2515 2520 34755 8068
252 33 2515 2520 34919 8086
253 33 2515 2520 35080 8112
254 33 2515 2520 35194 8128
255 34 2515 2520 35367 8167
256 34 2515 2520 35504 8205
257 34 2515 2520 35666 8263
258 35 2515 2520 35853 8276
259 35 2515 2520 36026 8317
260 36 2515 2520 36184 8366
261 36 2515 2520 36408 8431
262 36 2515 2520 36618 8476
263 36 2515 2520 36837 8525
264 36 2515 2520 37063 8555
265 36 2515 2520 37267 8610
266 36 2515 2520 37474 8646
267 37 2515 2520 37706 8694
268 38 2515 2520 37934 8762
269 38 2515 2520 38133 8798
270 39 2515 2520 38305 8817
271 39 2515 2520 38562 8885
272 40 2515 2520 38814 8934
273 40 2515 2520 39098 9012
274 40 2515 2520 39389 9057
275 40 2515 2520 39672 9117
276 41 2515 2520 39992 9172
277 41 2515 2520 40253 9213
278 41 2515 2520 40517 9276
279 41 2515 2520 40838 9377
280 41 2515 2520 41070 9444
281 41 2515 2520 41319 9499
282 41 2515 2520 41593 9543
283 41 2515 2520 41833 9597
284 41 2515 2520 42083 9635
285 42 2515 2520 42305 9685
286 42 2515 2520 42532 9757
287 42 2515 2520 42758 9827
288 42 2515 2520 43006 9862
289 42 2515 2520 43223 9901
290 42 2515 2520 43401 9952
291 42 2515 2520 43622 9996
292 42 2515 2520 43812 10021
293 42 2515 2520 44011 10065
294 43 2515 2520 44196 10109
295 43 2515 2520 44379 10158
296 43 2515 2520 44618 10191
297 43 2515 2520 44813 10206
298 43 2515 2520 44997 10261
299 43 2515 2520 45170 10305
300 43 2515 2520 45347 10343
301 43 2515 2520 45547 10352
302 43 2515 2520 45705 10412
303 43 2515 2520 45861 10446
304 43 2515 2520 46023 10508
305 43 2515 2520 46195 10564
306 44 2515 2520 46358 10620
307 44 2515 2520 46526 10646
308 44 2515 2520 46692 10690
309 44 2515 2520 46870 10726
310 45 2515 2520 47076 10770
311 46 2515 2520 47273 10821
312 46 2515 2520 47495 10877
313 46 2515 2520 47696 10923
314 46 2515 2520 47924 10999
315 46 2515 2520 48131 11039
316 46 2515 2520 48356 11090
317 46 2515 2520 48594 11156
318 46 2515 2520 48817 11195
319 46 2515 2520 49016 11220
320 46 2515 2520 49232 11259
321 46 2515 2520 49409 11293
322 47 2515 2520 49562 11314
323 47 2515 2520 49777 11363
324 47 2515 2520 49975 11389
325 47 2515 2520 50168 11422
326 47 2515 2520 50345 11449
327 48 2515 2520 50545 11484
328 49 2515 2520 50745 11521
329 50 2515 2520 50911 11536
330 50 2515 2520 51128 11583
331 50 2515 2520 51361 11624
332 50 2515 2520 51619 11675
333 50 2515 2520 51849 11692
334 50 2515 2520 52090 11746
335 51 2515 2520 52273 11788
336 51 2515 2520 52483 11828
337 52 2515 2520 52683 11847
338 52 2515 2520 52893 11902
339 52 2515 2520 53167 11960
340 52 2515 2520 53390 12001
341 52 2515 2520 53617 12042
342 52 2515 2520 53820 12070
343 53 2515 2520 54071 12124
344 53 2515 2520 54323 12170
345 54 2515 2520 54565 12216
346 54 2515 2520 54825 12256
347 54 2515 2520 55114 12308
348 54 2515 2520 55365 12364
349 54 2515 2520 55562 12410
350 55 2515 2520 55816 12466
351 55 2515 2520 56081 12551
352 56 2515 2520 56319 12592
353 56 2515 2520 56536 12649
354 56 2515 2520 56840 12691
355 56 2515 2520 57070 12763
356 56 2515 2520 57319 12800
357 56 2515 2520 57535 12850
358 56 2515 2520 57789 12909
359 56 2515 2520 57988 12931
360 58 2515 2520 58232 12997
361 58 2515 2520 58511 13053
362 58 2515 2520 58844 13107
363 58 2515 2520 59155 13178
364 58 2515 2520 59470 13237
365 58 2515 2520 59729 13307
366 58 2515 2520 60044 13384
367 58 2515 2520 60322 13442
368 58 2515 2520 60591 13479
369 58 2515 2520 60854 13536
370 58 2515 2520 61109 13595
371 58 2515 2520 61371 13634
372 58 2515 2520 61616 13673
373 58 2515 2520 61823 13716
374 58 2515 2520 62059 13778
375 58 2515 2520 62277 13823
376 58 2515 2520 62484 13883
377 58 2515 2520 62684 13908
378 58 2515 2520 62890 13949
379 58 2515 2520 63075 13966
380 58 2515 2520 63270 14014
381 58 2515 2520 63402 14051
382 59 2515 2520 63602 14077
383 59 2515 2520 63761 14099
384 59 2515 2520 63975 14145
385 59 2515 2520 64167 14170
386 60 2515 2520 64337 14211
387 60 2515 2520 64532 14251
388 60 2515 2520 64739 14292
389 60 2515 2520 64962 14350
390 61 2515 2520 65193 14403
391 61 2515 2520 65441 14453
392 62 2515 2520 65687 14502
393 62 2515 2520 65914 14519
394 62 2515 2520 66119 14540
395 63 2515 2520 66305 14582
396 63 2515 2520 66507 14617
397 63 2515 2520 66697 14650
398 64 2515 2520 66885 14687
399 64 2515 2520 67111 14764
400 64 2515 2520 67372 14802
401 65 2515 2520 67622 14835
402 65 2515 2520 67888 14886
403 65 2515 2520 68116 14926
404 66 2515 2520 68407 14993
405 66 2515 2520 68680 15043
406 66 2515 2520 68963 15086
407 66 2515 2520 69245 15170
408 66 2515 2520 69499 15188
409 66 2515 2520 69742 15218
410 66 2515 2520 70008 15281
411 67 2515 2520 70282 15327
412 68 2515 2520 70536 15384
413 68 2515 2520 70782 15460
414 68 2515 2520 71067 15484
415 68 2515 2520 71338 15526
416 68 2515 2520 71577 15564
417 69 2515 2520 71875 15600
418 69 2515 2520 72164 15655
419 69 2515 2520 72400 15715
420 69 2515 2520 72692 15796
421 69 2515 2520 72975 15830
422 69 2515 2520 73231 15896
423 69 2515 2520 73506 15976
424 69 2515 2520 73726 16027
425 69 2515 2520 73931 16077
426 69 2515 2520 74108 16102
427 70 2515 2520 74304 16128
428 73 2515 2520 74548 16225
429 74 2515 2520 74805 16278
430 74 2515 2520 75127 16339
431 74 2515 2520 75429 16385
432 74 2515 2520 75790 16449
433 74 2515 2520 76147 16518
434 74 2515 2520 76473 16589
435 74 2515 2520 76770 16653
436 74 2515 2520 77031 16700
437 74 2515 2520 77350 16764
438 74 2515 2520 77668 16813
439 74 2515 2520 77944 16869
440 74 2515 2520 78208 16919
441 75 2515 2520 78486 16981
442 75 2515 2520 78746 17049
443 75 2515 2520 78993 17085
444 75 2515 2520 79263 17124
445 76 2515 2520 79539 17188
446 76 2515 2520 79785 17229
447 76 2515 2520 80045 17262
448 76 2515 2520 80289 17279
449 78 2515 2520 80549 17339
450 79 2515 2520 80795 17389
451 79 2515 2520 81072 17437
452 79 2515 2520 81361 17479
453 79 2515 2520 81661 17537
454 79 2515 2520 81918 17564
455 79 2515 2520 82188 17562
456 79 2515 2520 82461 17592
457 79 2515 2520 82735 17621
458 79 2515 2520 82993 17654
459 79 2515 2520 83263 17710
460 79 2515 2520 83496 17741
461 80 2515 2520 83730 17784
462 80 2515 2520 84016 17798
463 80 2515 2520 84316 17863
464 80 2515 2520 84613 17947
465 80 2515 2520 84788 17988
466 81 2515 2520 85024 18053
467 81 2515 2520 85304 18091
468 81 2515 2520 85522 18097
469 81 2515 2520 85767 18123
470 81 2515 2520 86010 18153
471 81 2515 2520 86259 18168
472 81 2515 2520 86495 18189
473 81 2515 2520 86703 18215
474 81 2515 2520 86882 18259
475 81 2515 2520 87112 18308
476 82 2515 2520 87322 18362
477 82 2515 2520 87535 18403
478 82 2515 2520 87752 18458
479 82 2515 2520 87955 18501
480 82 2515 2520 88184 18536
481 83 2515 2520 88402 18602
482 83 2515 2520 88619 18608
483 83 2515 2520 88868 18651
484 85 2515 2520 89049 18692
485 86 2515 2520 89321 18754
486 86 2515 2520 89629 18785
487 86 2515 2520 89892 18828
488 86 2515 2520 90181 18859
489 86 2515 2520 90429 18916
490 87 2515 2520 90740 18950
491 87 2515 2520 91064 19001
492 87 2515 2520 91362 19030
493 88 2515 2520 91680 19094
494 88 2515 2520 91974 19142
495 88 2515 2520 92258 19208
496 88 2515 2520 92568 19266
497 88 2515 2520 92840 19319
498 89 2515 2520 93138 19360
499 89 2515 2520 93425 19392
500 89 2515 2520 93716 19443
501 89 2515 2520 94014 19491
502 89 2515 2520 94304 19546
503 89 2515 2520 94593 19581
504 89 2515 2520 94879 19630
505 89 2515 2520 95169 19699
506 89 2515 2520 95452 19740
507 89 2515 2520 95675 19734
508 89 2515 2520 95920 19787
509 89 2515 2520 96199 19841
510 89 2515 2520 96413 19906
511 89 2515 2520 96673 19968
512 89 2515 2520 96905 20014
513 90 2515 2520 97160 20036
514 90 2515 2520 97418 20072
515 90 2515 2520 97640 20104
516 90 2515 2520 97861 20141
517 90 2515 2520 98069 20167
518 90 2515 2520 98250 20188
519 90 2515 2520 98462 20231
520 91 2515 2520 98654 20268
521 92 2515 2520 98849 20293
522 93 2515 2520 99062 20332
523 95 2515 2520 99272 20388
524 95 2515 2520 99533 20433
525 95 2515 2520 99822 20487
526 95 2515 2520 100057 20553
527 95 2515 2520 100329 20565
528 96 2515 2520 100647 20603
529 97 2515 2520 100950 20636
530 98 2515 2520 101228 20707
531 99 2515 2520 101541 20761
532 100 2515 2520 101840 20791
533 100 2515 2520 102172 20850
534 100 2515 2520 102474 20917
535 100 2515 2520 102800 20968
536 100 2515 2520 103138 21020
537 100 2515 2520 103501 21070
538 101 2515 2520 103757 21128
539 101 2515 2520 104114 21186
540 101 2515 2520 104394 21244
541 102 2515 2520 104770 21296
542 103 2515 2520 105181 21343
543 103 2515 2520 105555 21427
544 103 2515 2520 105870 21428
545 103 2515 2520 106246 21482
546 103 2515 2520 106636 21553
547 103 2515 2520 106960 21559
548 103 2515 2520 107293 21603
549 104 2515 2520 107584 21631
550 104 2515 2520 107894 21645
551 104 2515 2520 108230 21697
552 105 2515 2520 108517 21709
553 105 2515 2520 108816 21731
554 105 2515 2520 109107 21764
555 105 2515 2520 109439 21832
556 105 2515 2520 109729 21876
557 105 2515 2520 110011 21912
558 105 2515 2520 110327 21932
559 105 2515 2520 110589 21958
560 105 2515 2520 110863 21997
561 105 2515 2520 111183 22042
562 106 2515 2520 111416 22092
563 106 2515 2520 111678 22133
564 106 2515 2520 111917 22183
565 106 2515 2520 112130 22204
566 106 2515 2520 112343 22231
567 106 2515 2520 112605 22266
568 107 2515 2520 112809 22277
569 108 2514 2520 113060 22297
570 109 2514 2520 113346 22383
571 110 2514 2520 113657 22386
572 110 2514 2520 113975 22416
573 110 2514 2520 114304 22473
574 110 2514 2520 114636 22515
575 111 2514 2520 114919 22580
576 111 2514 2520 115239 22652
577 112 2514 2520 115583 22707
578 112 2514 2520 115894 22760
579 112 2514 2520 116218 22795
580 112 2514 2520 116527 22855
581 113 2514 2520 116830 22922
582 113 2514 2520 117174 22940
583 113 2514 2520 117531 22993
584 114 2514 2520 117880 23060
585 114 2514 2520 118177 23109
586 114 2514 2520 118496 23191
587 114 2514 2520 118845 23275
588 115 2514 2520 119178 23346
589 115 2514 2520 119494 23418
590 115 2514 2520 119893 23481
591 115 2514 2520 120229 23558
592 115 2514 2520 120598 23589
593 115 2514 2520 120943 23623
594 115 2514 2520 121257 23688
595 115 2514 2520 121579 23735
596 115 2514 2520 121880 23797
597 115 2514 2520 122216 23856
598 115 2514 2520 122502 23918
599 116 2514 2520 122786 23943
600 116 2513 2520 123024 24008
601 116 2513 2520 123287 24046
602 116 2513 2520 123603 24091
603 116 2513 2520 123890 24122
604 116 2513 2520 124186 24157
605 116 2513 2520 124473 24197
606 117 2513 2520 124796 24222
607 117 2513 2520 125043 24239
608 118 2513 2520 125332 24267
609 118 2513 2520 125568 24332
610 118 2513 2520 125840 24355
611 118 2513 2520 126112 24424
612 118 2513 2520 126354 24429
613 119 2513 2520 126582 24454
614 119 2513 2520 126810 24474
615 119 2513 2520 127104 24540
616 120 2513 2520 127320 24568
617 120 2513 2520 127622 24616
618 120 2513 2520 127893 24689
619 121 2513 2520 128156 24705
620 122 2513 2520 128450 24725
621 122 2513 2520 128729 24769
622 122 2513 2520 128990 24824
623 123 2513 2520 129316 24860
624 123 2513 2520 129670 24935
625 123 2513 2520 129944 24956
626 123 2513 2520 130207 25012
627 124 2513 2520 130467 25043
628 124 2513 2520 130746 25100
629 124 2513 2520 131095 25144
630 124 2513 2520 131420 25211
631 124 2513 2520 131757 25272
632 124 2513 2520 132085 25336
633 124 2513 2520 132384 25382
634 124 2513 2520 132692 25432
635 124 2513 2520 132973 25460
636 124 2513 2520 133265 25490
637 124 2513 2520 133530 25530
638 125 2513 2520 133760 25572
639 125 2513 2520 134063 25625
640 125 2513 2520 134324 25658
641 126 2513 2520 134601 25688
642 127 2513 2520 134854 25707
643 127 2513 2520 135125 25733
644 127 2513 2520 135420 25820
645 129 2513 2520 135696 25862
646 129 2513 2520 135958 25916
647 129 2513 2520 136259 25958
648 129 2513 2520 136552 26002
649 129 2513 2520 136860 26041
650 129 2513 2520 137197 26108
651 131 2513 2520 137468 26161
652 131 2513 2520 137757 26223
653 131 2513 2520 138016 26260
654 131 2513 2520 138335 26342
655 131 2513 2520 138638 26401
656 131 2513 2520 138913 26447
657 132 2513 2520 139231 26505
658 132 2513 2520 139508 26582
659 132 2513 2520 139827 26648
660 133 2513 2520 140193 26679
661 135 2513 2520 140552 26717
662 135 2513 2520 140915 26796
663 136 2513 2520 141281 26859
664 137 2513 2520 141691 26936
665 137 2513 2520 142145 27013
666 137 2513 2520 142527 27124
667 137 2513 2520 142905 27200
668 137 2513 2520 143231 27211
669 137 2513 2520 143584 27246
670 137 2513 2520 143942 27300
671 138 2513 2520 144308 27338
672 138 2513 2520 144672 27407
673 140 2513 2520 145031 27438
674 141 2513 2520 145426 27487
675 141 2513 2520 145822 27505
676 141 2513 2520 146258 27518
677 141 2513 2520 146628 27583
678 141 2513 2520 147073 27625
679 141 2513 2520 147470 27643
680 141 2513 2520 147904 27714
681 143 2513 2520 148287 27800
682 144 2513 2520 148668 27813
683 145 2513 2520 149044 27878
684 145 2513 2520 149448 27940
685 146 2513 2520 149874 27991
686 146 2513 2520 150308 28031
687 146 2513 2520 150821 28077
688 146 2513 2520 151327 28150
689 146 2513 2520 151750 28201
690 146 2513 2520 152174 28276
691 146 2513 2520 152624 28338
692 146 2513 2520 153100 28406
693 146 2513 2520 153540 28455
694 147 2513 2520 153934 28526
695 147 2513 2520 154341 28571
696 148 2513 2520 154726 28633
697 148 2513 2520 155159 28712
698 149 2513 2520 155560 28800
699 149 2513 2520 155941 28817
700 149 2513 2520 156332 28877
701 149 2513 2520 156726 28975
702 149 2513 2520 157042 28984
703 149 2513 2520 157414 29035
704 149 2513 2520 157769 29073
705 150 2513 2520 158117 29149
706 150 2513 2520 158475 29199
707 150 2513 2520 158805 29254
708 150 2513 2520 159129 29336
709 150 2513 2520 159414 29396
710 150 2513 2520 159749 29456
711 150 2513 2520 160082 29497
712 150 2513 2520 160342 29540
713 150 2513 2520 160671 29582
714 151 2513 2520 161000 29641
715 152 2513 2520 161241 29713
716 152 2513 2520 161525 29756
717 152 2513 2520 161786 29814
718 152 2513 2520 162097 29846
719 152 2513 2520 162377 29893
720 153 2513 2520 162709 29962
721 154 2513 2520 163014 30017
722 154 2513 2520 163317 30072
723 154 2513 2520 163631 30125
724 155 2513 2520 163972 30163
725 155 2513 2520 164313 30188
726 155 2513 2520 164658 30260
727 156 2513 2520 164964 30293
728 156 2513 2520 165298 30324
729 157 2513 2520 165606 30358
730 157 2513 2520 165989 30433
731 157 2513 2520 166307 30525
732 157 2513 2520 166639 30541
733 157 2513 2520 167053 30587
734 157 2513 2520 167403 30646
735 158 2513 2520 167689 30682
736 158 2513 2520 168060 30707
737 158 2513 2520 168425 30790
738 159 2513 2520 168798 30855
739 160 2513 2520 169094 30899
740 161 2513 2520 169517 30983
741 163 2513 2520 169827 31023
742 163 2513 2520 170194 31077
743 163 2513 2520 170623 31125
744 164 2513 2520 171044 31198
745 164 2513 2520 171441 31249
746 164 2513 2520 171818 31313
747 165 2513 2520 172207 31360
748 165 2513 2520 172627 31429
749 165 2513 2520 173023 31460
750 166 2513 2520 173435 31524
751 167 2513 2520 173877 31587
752 167 2513 2520 174286 31672
753 168 2513 2520 174703 31742
754 168 2513 2520 175129 31788
755 168 2513 2520 175509 31803
756 169 2513 2520 175937 31876
757 171 2513 2520 176291 31924
758 171 2513 2520 176724 31984
759 171 2513 2520 177198 32045
760 171 2513 2520 177658 32117
761 171 2513 2520 178120 32157
762 171 2513 2520 178566 32233
763 171 2513 2520 179011 32297
764 171 2513 2520 179420 32332
765 171 2513 2520 179839 32426
766 171 2513 2520 180246 32500
767 172 2513 2520 180672 32574
768 173 2513 2520 181099 32613
769 173 2513 2520 181528 32643
770 173 2513 2520 181917 32676
771 173 2513 2520 182345 32697
772 173 2513 2520 182737 32752
773 173 2513 2520 183085 32832
774 173 2513 2520 183478 32873
775 173 2513 2520 183818 32928
776 173 2513 2520 184143 32970
777 173 2513 2520 184485 33009
778 174 2513 2520 184813 33052
779 174 2513 2520 185120 33102
780 174 2513 2520 185459 33171
781 174 2513 2520 185806 33195
782 174 2513 2520 186104 33256
783 174 2513 2520 186421 33296
784 174 2513 2520 186712 33306
785 176 2513 2520 186960 33323
786 176 2513 2520 187222 33319
787 176 2513 2520 187535 33380
788 176 2513 2520 187827 33419
789 177 2513 2520 188154 33482
790 177 2513 2520 188473 33513
791 177 2513 2520 188809 33586
792 178 2513 2520 189127 33617
793 179 2513 2520 189447 33654
794 180 2513 2520 189772 33735
795 180 2513 2520 190153 33771
796 181 2513 2520 190576 33846
797 181 2513 2520 190955 33918
798 181 2513 2520 191317 33972
799 181 2513 2520 191673 34085
800 182 2513 2520 192014 34131
801 183 2513 2520 192370 34191
802 183 2513 2520 192796 34256
803 184 2513 2520 193172 34314
804 185 2513 2520 193563 34355
805 186 2513 2520 194024 34412
806 186 2513 2520 194457 34495
807 186 2513 2520 194852 34536
808 186 2513 2520 195268 34575
809 186 2513 2520 195749 34676
810 187 2513 2520 196245 34723
811 187 2513 2520 196657 34786
812 187 2513 2520 197080 34873
813 187 2513 2520 197496 34929
814 187 2513 2520 197946 35014
815 187 2513 2520 198355 35039
816 188 2513 2520 198757 35070
817 188 2513 2520 199178 35130
818 188 2513 2520 199598 35165
819 188 2513 2520 199979 35240
820 189 2513 2520 200309 35319
821 189 2513 2520 200653 35355
822 189 2513 2520 201016 35403
823 189 2513 2520 201356 35430
824 189 2513 2520 201727 35482
825 189 2513 2520 202110 35547
826 189 2513 2520 202472 35571
827 190 2513 2520 202783 35592
828 191 2513 2520 203093 35600
829 191 2513 2520 203466 35672
830 191 2513 2520 203769 35734
831 194 2513 2520 204085 35811
832 194 2513 2520 204417 35867
833 196 2513 2520 204779 35912
834 196 2513 2520 205175 35953
835 196 2513 2520 205632 36023
836 197 2512 2520 206033 36103
837 198 2512 2520 206513 36165
838 198 2512 2520 206939 36225
839 198 2511 2520 207300 36311
840 200 2511 2520 207749 36380
841 200 2511 2520 208197 36444
842 200 2511 2520 208584 36497
843 201 2511 2520 209001 36567
844 201 2511 2520 209447 36658
845 201 2511 2520 209897 36695
846 201 2511 2520 210308 36727
847 202 2511 2520 210765 36800
848 202 2511 2520 211212 36868
849 202 2511 2520 211715 36931
850 202 2511 2520 212178 36988
851 202 2511 2520 212606 37040
852 202 2511 2520 213117 37115
853 203 2511 2520 213574 37195
854 203 2511 2520 213980 37254
855 203 2511 2520 214372 37311
856 203 2511 2520 214779 37366
857 203 2511 2520 215183 37409
858 205 2511 2520 215574 37471
859 205 2511 2520 215955 37472
860 205 2511 2520 216387 37528
861 205 2511 2520 216829 37612
862 205 2511 2520 217244 37705
863 205 2511 2520 217688 37732
864 205 2511 2520 218045 37782
865 205 2511 2520 218407 37789
866 205 2511 2520 218797 37824
867 205 2511 2520 219176 37890
868 205 2511 2520 219527 37916
869 205 2511 2520 219864 37946
870 206 2511 2520 220207 37982
871 206 2511 2520 220591 38051
872 206 2511 2520 220918 38068
873 207 2511 2520 221231 38065
874 207 2511 2520 221602 38133
875 207 2511 2520 221923 38203
876 209 2511 2520 222316 38224
877 210 2511 2520 222659 38240
878 210 2511 2520 223152 38315
879 210 2511 2520 223562 38349
880 210 2511 2520 224020 38457
881 210 2511 2520 224431 38538
882 210 2511 2520 224839 38604
883 210 2511 2520 225253 38685
884 212 2511 2520 225644 38722
885 213 2511 2520 226079 38809
886 213 2511 2520 226476 38873
887 215 2511 2520 226890 38932
888 215 2511 2520 227270 38970
889 215 2511 2520 227702 39031
890 215 2511 2520 228081 39077
891 215 2511 2520 228520 39136
892 215 2511 2520 229013 39183
893 215 2511 2520 229432 39227
894 215 2511 2520 229842 39273
895 215 2511 2520 230221 39321
896 217 2511 2520 230608 39342
897 217 2511 2520 230963 39422
898 218 2511 2520 231384 39478
899 218 2511 2520 231843 39570
900 219 2511 2520 232305 39629
901 219 2511 2520 232770 39684
902 219 2511 2520 233341 39787
903 220 2511 2520 233816 39838
904 221 2511 2520 234287 39890
905 222 2511 2520 234807 39974
906 222 2511 2520 235349 40019
907 223 2511 2520 235820 40121
908 223 2511 2520 236258 40192
909 224 2511 2520 236750 40291
910 224 2511 2520 237154 40375
911 224 2511 2520 237649 40412
912 224 2511 2520 238092 40497
913 224 2511 2520 238469 40517
914 224 2511 2520 238919 40594
915 225 2511 2520 239370 40656
916 226 2511 2520 239826 40715
917 227 2511 2520 240259 40770
918 227 2511 2520 240682 40830
919 227 2511 2520 241150 40916
920 227 2511 2520 241593 40970
921 228 2511 2520 242046 41015
922 228 2511 2520 242497 41090
923 230 2511 2520 243021 41161
924 230 2511 2520 243451 41213
925 230 2511 2520 243909 41318
926 230 2511 2520 244342 41394
927 230 2511 2520 244825 41449
928 230 2511 2520 245287 41518
929 230 2511 2520 245771 41565
930 230 2511 2520 246184 41603
931 231 2511 2520 246599 41676
932 231 2511 2520 247039 41732
933 231 2511 2520 247489 41765
934 231 2511 2520 247890 41795
935 231 2511 2520 248300 41857
936 232 2511 2520 248721 41909
937 232 2511 2520 249076 41984
938 232 2511 2520 249495 42084
939 232 2511 2520 249913 42113
940 233 2511 2520 250366 42168
941 235 2511 2520 250775 42208
942 235 2511 2520 251202 42228
943 235 2511 2520 251568 42315
944 236 2511 2520 251955 42370
945 237 2511 2520 252370 42396
946 237 2511 2520 252780 42458
947 237 2511 2520 253251 42534
948 237 2511 2520 253677 42597
949 237 2511 2520 254087 42634
950 237 2511 2520 254527 42700
951 237 2511 2520 254920 42758
952 238 2511 2520 255316 42797
953 239 2511 2520 255715 42868
954 240 2511 2520 256133 42924
955 240 2511 2520 256588 42928
956 242 2511 2520 257071 43026
957 242 2511 2520 257513 43089
958 242 2511 2520 257948 43169
959 243 2511 2520 258394 43218
960 243 2511 2520 258832 43271
961 243 2511 2520 259330 43347
962 246 2511 2520 259794 43391
963 246 2511 2520 260330 43479
964 247 2511 2520 260823 43531
965 249 2511 2520 261311 43537
966 251 2511 2520 261843 43587
967 253 2511 2520 262370 43672
968 253 2511 2520 262943 43746
969 253 2511 2520 263472 43800
970 254 2511 2520 264064 43872
971 254 2511 2520 264693 43935
972 254 2511 2520 265289 44044
973 254 2511 2520 265874 44102
974 254 2511 2520 266410 44170
975 254 2511 2520 266955 44180
976 254 2511 2520 267455 44221
977 255 2511 2520 267980 44310
978 255 2511 2520 268537 44351
979 255 2511 2520 269032 44432
980 255 2511 2520 269547 44462
981 256 2511 2520 270097 44530
982 257 2511 2520 270567 44545
983 258 2511 2520 271074 44625
984 258 2511 2520 271583 44712
985 258 2511 2520 272096 44810
986 259 2511 2520 272582 44838
987 259 2511 2520 273097 44925
988 260 2511 2520 273644 45012
989 260 2511 2520 274050 45065
990 260 2511 2520 274560 45146
991 260 2511 2520 275048 45202
992 260 2511 2520 275539 45230
993 260 2511 2520 275999 45277
994 260 2511 2520 276486 45342
995 260 2511 2520 276997 45414
996 261 2511 2520 277442 45454
997 262 2511 2520 277888 45554
998 262 2511 2520 278362 45621
999 263 2511 2520 278895 45705
1000 264 2511 2520 279426 45773
