0 1 2519 2520 795 499
1 1 2519 2520 809 509
2 1 2519 2520 837 529
3 1 2519 2520 862 544
4 1 2519 2520 883 556
5 1 2519 2520 910 573
6 1 2519 2520 925 582
7 1 2519 2520 958 595
8 1 2519 2520 996 615
9 1 2519 2520 1038 635
10 1 2519 2520 1061 641
11 1 2519 2520 1090 653
12 1 2519 2520 1127 665
13 1 2519 2520 1152 668
14 1 2519 2520 1170 673
15 1 2519 2520 1192 681
16 1 2519 2520 1208 686
17 1 2519 2520 1231 694
18 1 2519 2520 1245 696
19 1 2519 2520 1254 701
20 1 2519 2520 1272 710
21 1 2519 2520 1285 717
22 2 2519 2520 1296 720
23 2 2519 2520 1324 731
24 2 2519 2520 1398 764
25 2 2519 2520 1458 779
26 2 2519 2520 1537 806
27 2 2519 2520 1589 819
28 2 2519 2520 1664 834
29 2 2519 2520 1740 859
30 2 2519 2520 1828 888
31 2 2519 2520 1887 905
32 2 2519 2520 1953 916
33 2 2519 2520 2031 939
34 2 2519 2520 2094 959
35 2 2519 2520 2126 969
36 2 2519 2520 2179 979
37 2 2519 2520 2218 997
38 3 2519 2520 2271 1006
39 3 2519 2520 2336 1021
40 3 2519 2520 2426 1047
41 3 2519 2520 2483 1063
42 3 2519 2520 2553 1085
43 3 2519 2520 2644 1115
44 3 2519 2520 2737 1143
45 3 2519 2520 2839 1181
46 4 2519 2520 2910 1190
47 4 2519 2520 3001 1223
48 4 2519 2520 3116 1251
49 4 2519 2520 3217 1292
50 4 2519 2520 3373 1336
51 4 2519 2520 3497 1371
52 4 2519 2520 3616 1399
53 4 2519 2520 3733 1438
54 4 2519 2520 3847 1481
55 4 2519 2520 3944 1489
56 4 2519 2520 4025 1518
57 4 2519 2520 4106 1535
58 4 2519 2520 4209 1563
59 4 2519 2520 4286 1585
60 4 2519 2520 4397 1616
61 5 2519 2520 4465 1640
62 5 2519 2520 4564 1672
63 5 2519 2520 4686 1718
64 5 2519 2520 4810 1766
65 5 2519 2520 4910 1792
66 5 2519 2520 5019 1829
67 5 2519 2520 5123 1858
68 5 2519 2520 5207 1874
69 6 2519 2520 5275 1909
70 6 2519 2520 5371 1927
71 7 2519 2520 5505 1965
72 7 2519 2520 5658 2017
73 7 2519 2520 5830 2066
74 7 2519 2520 5991 2103
75 8 2519 2520 6156 2148
76 8 2519 2520 6327 2185
77 8 2519 2520 6509 2227
78 8 2519 2520 6698 2270
79 8 2519 2520 6833 2314
80 8 2519 2520 7014 2339
81 8 2519 2520 7196 2387
82 8 2519 2520 7358 2418
83 8 2519 2520 7520 2449
84 8 2519 2520 7661 2482
85 8 2519 2520 7792 2498
86 8 2519 2520 7903 2522
87 9 2519 2520 8015 2558
88 9 2519 2520 8132 2589
89 9 2519 2520 8266 2609
90 9 2519 2520 8390 2635
91 9 2519 2520 8501 2673
92 9 2519 2520 8626 2707
93 9 2519 2520 8777 2752
94 10 2519 2520 8906 2764
95 11 2519 2520 9040 2800
96 11 2519 2520 9190 2844
97 11 2519 2520 9350 2877
98 11 2518 2520 9555 2939
99 11 2517 2520 9757 2962
100 11 2517 2520 9960 2994
101 11 2517 2520 10149 3032
102 11 2517 2520 10347 3048
103 11 2517 2520 10548 3049
104 11 2517 2520 10733 3066
105 11 2517 2520 10887 3085
106 11 2517 2520 11023 3098
107 11 2517 2520 11167 3130
108 11 2517 2520 11280 3144
109 11 2517 2520 11392 3163
110 11 2517 2520 11518 3210
111 11 2517 2520 11619 3218
112 11 2517 2520 11720 3258
113 11 2517 2520 11818 3257
114 11 2517 2520 11891 3286
115 11 2517 2520 11970 3304
116 11 2517 2520 12068 3340
117 11 2517 2520 12158 3355
118 11 2517 2520 12230 3365
119 11 2517 2520 12305 3393
120 11 2517 2520 12384 3413
121 11 2517 2520 12440 3437
122 11 2517 2520 12529 3458
123 12 2517 2520 12603 3484
124 13 2517 2520 12668 3495
125 15 2517 2520 12747 3512
126 15 2517 2520 12864 3542
127 15 2517 2520 13055 3569
128 15 2517 2520 13240 3635
129 15 2517 2520 13413 3672
130 15 2517 2520 13628 3713
131 15 2517 2520 13828 3741
132 15 2517 2520 14020 3792
133 15 2517 2520 14208 3801
134 15 2517 2520 14399 3840
135 15 2517 2520 14580 3872
136 15 2517 2520 14743 3906
137 15 2517 2520 14889 3928
138 15 2517 2520 15029 3959
139 15 2517 2520 15150 3969
140 15 2517 2520 15283 3993
141 15 2517 2520 15437 4007
142 16 2517 2520 15558 4029
143 16 2517 2520 15694 4065
144 16 2517 2520 15822 4100
145 16 2517 2520 15938 4125
146 16 2517 2520 16041 4139
147 16 2517 2520 16171 4162
148 16 2517 2520 16312 4203
149 16 2517 2520 16403 4204
150 16 2517 2520 16534 4257
151 16 2517 2520 16659 4283
152 17 2517 2520 16759 4311
153 18 2517 2520 16883 4322
154 18 2517 2520 17020 4357
155 18 2517 2520 17175 4412
156 18 2517 2520 17347 4456
157 18 2517 2520 17486 4490
158 18 2517 2520 17655 4541
159 19 2517 2520 17834 4570
160 19 2517 2520 18016 4609
161 20 2517 2520 18179 4640
162 20 2517 2520 18382 4686
163 20 2517 2520 18562 4730
164 20 2517 2520 18781 4792
165 20 2517 2520 18977 4823
166 20 2517 2520 19159 4871
167 20 2517 2520 19362 4912
168 20 2517 2520 19542 4949
169 20 2517 2520 19728 4978
170 20 2517 2520 19884 5026
171 20 2517 2520 20040 5050
172 20 2517 2520 20220 5096
173 20 2517 2520 20339 5109
174 20 2517 2520 20481 5138
175 20 2517 2520 20635 5165
176 20 2517 2520 20766 5182
177 20 2517 2520 20891 5213
178 21 2517 2520 21020 5242
179 21 2517 2520 21179 5257
180 21 2517 2520 21361 5305
181 21 2517 2520 21509 5330
182 21 2517 2520 21672 5380
183 21 2517 2520 21844 5414
184 21 2517 2520 22010 5429
185 22 2517 2520 22190 5457
186 22 2517 2520 22317 5501
187 22 2517 2520 22468 5538
188 22 2517 2520 22621 5549
189 22 2517 2520 22805 5586
190 22 2517 2520 22946 5616
191 22 2517 2520 23086 5671
192 22 2517 2520 23216 5690
193 22 2517 2520 23337 5731
194 22 2517 2520 23472 5736
195 23 2517 2520 23599 5750
196 23 2517 2520 23766 5781
197 24 2517 2520 23889 5797
198 24 2517 2520 24062 5843
199 25 2517 2520 24214 5899
200 25 2517 2520 24396 5923
201 25 2517 2520 24574 5964
202 25 2517 2520 24754 5999
203 25 2517 2520 24915 6030
204 26 2517 2520 25066 6069
205 26 2517 2520 25224 6107
206 26 2517 2520 25397 6135
207 26 2517 2520 25551 6177
208 26 2517 2520 25725 6196
209 26 2517 2520 25955 6234
210 26 2517 2520 26145 6270
211 26 2517 2520 26331 6316
212 26 2517 2520 26485 6341
213 26 2516 2520 26660 6388
214 26 2516 2520 26812 6417
215 26 2516 2520 26957 6438
216 26 2516 2520 27123 6451
217 27 2516 2520 27252 6463
218 28 2516 2520 27417 6490
219 28 2516 2520 27624 6520
220 28 2516 2520 27840 6562
221 28 2516 2520 27988 6598
222 29 2516 2520 28185 6610
223 29 2516 2520 28366 6638
224 29 2516 2520 28534 6659
225 30 2516 2520 28707 6699
226 30 2516 2520 28882 6743
227 30 2516 2520 29122 6779
228 30 2516 2520 29336 6805
229 30 2516 2520 29581 6834
230 30 2516 2520 29830 6857
231 30 2516 2520 30027 6874
232 30 2516 2520 30271 6934
233 30 2516 2520 30500 6975
234 30 2516 2520 30709 7018
235 30 2516 2520 30885 7066
236 30 2516 2520 31067 7090
237 30 2516 2520 31206 7124
238 30 2516 2520 31396 7160
239 30 2516 2520 31553 7146
240 30 2516 2520 31724 7174
241 32 2516 2520 31882 7186
242 32 2516 2520 32057 7225
243 32 2516 2520 32292 7282
244 32 2516 2520 32463 7320
245 32 2516 2520 32671 7357
246 32 2516 2520 32857 7391
247 32 2516 2520 33063 7397
248 32 2516 2520 33249 7429
249 33 2516 2520 33429 7477
250 33 2516 2520 33597 7482
251 34 2516 2520 33786 7516
252 34 2516 2520 33988 7561
253 34 2516 2520 34213 7600
254 34 2516 2520 34421 7632
255 34 2516 2520 34662 7725
256 34 2516 2520 34812 7720
257 34 2516 2520 35025 7769
258 34 2516 2520 35208 7812
259 34 2516 2520 35349 7805
260 35 2516 2520 35535 7818
261 35 2516 2520 35755 7870
262 37 2516 2520 35956 7926
263 37 2516 2520 36153 7965
264 37 2516 2520 36389 8017
265 37 2516 2520 36584 8058
266 37 2516 2520 36789 8071
267 37 2516 2520 36984 8100
268 37 2516 2520 37168 8128
269 37 2516 2520 37336 8178
270 37 2516 2520 37540 8207
271 37 2516 2520 37718 8230
272 37 2516 2520 37964 8256
273 37 2516 2520 38170 8279
274 37 2516 2520 38353 8308
275 37 2516 2520 38537 8315
276 37 2516 2520 38720 8336
277 37 2516 2520 38875 8358
278 37 2516 2520 38977 8361
279 38 2516 2520 39130 8405
280 38 2516 2520 39279 8423
281 38 2516 2520 39413 8450
282 39 2516 2520 39547 8483
283 39 2516 2520 39709 8506
284 39 2516 2520 39848 8536
285 39 2516 2520 40006 8562
286 40 2516 2520 40171 8590
287 40 2516 2520 40341 8623
288 40 2516 2520 40563 8680
289 40 2516 2520 40761 8731
290 40 2516 2520 41007 8766
291 40 2516 2520 41220 8790
292 40 2516 2520 41424 8808
293 41 2516 2520 41597 8815
294 41 2516 2520 41728 8832
295 41 2516 2520 41928 8879
296 41 2516 2520 42120 8922
297 42 2516 2520 42346 8977
298 42 2516 2520 42539 9039
299 42 2516 2520 42730 9080
300 43 2516 2520 42942 9110
301 43 2516 2520 43146 9146
302 43 2516 2520 43383 9194
303 43 2516 2520 43599 9238
304 44 2516 2520 43793 9283
305 44 2516 2520 44010 9315
306 44 2516 2520 44236 9368
307 44 2516 2520 44453 9406
308 44 2516 2520 44676 9441
309 44 2516 2520 44886 9503
310 44 2516 2520 45132 9524
311 44 2516 2520 45305 9568
312 44 2516 2520 45508 9582
313 44 2516 2520 45685 9616
314 44 2516 2520 45844 9637
315 44 2516 2520 46046 9659
316 44 2516 2520 46227 9705
317 44 2516 2520 46405 9723
318 44 2516 2520 46578 9747
319 44 2516 2520 46775 9798
320 44 2516 2520 46925 9823
321 44 2516 2520 47042 9832
322 45 2516 2520 47183 9854
323 45 2516 2520 47340 9882
324 45 2516 2520 47501 9908
325 45 2516 2520 47653 9937
326 45 2516 2520 47801 9972
327 46 2516 2520 47934 9994
328 46 2516 2520 48095 10041
329 47 2516 2520 48276 10091
330 47 2516 2520 48432 10117
331 47 2516 2520 48593 10137
332 47 2516 2520 48772 10198
333 47 2516 2520 48942 10247
334 47 2516 2520 49100 10274
335 47 2516 2520 49258 10313
336 47 2516 2520 49402 10323
337 48 2516 2520 49558 10364
338 49 2516 2520 49756 10418
339 49 2516 2520 49962 10453
340 50 2516 2520 50171 10499
341 50 2516 2520 50405 10544
342 50 2516 2520 50642 10590
343 50 2516 2520 50855 10633
344 50 2516 2520 51068 10663
345 50 2516 2520 51272 10701
346 50 2516 2520 51463 10751
347 50 2516 2520 51686 10800
348 50 2516 2520 51902 10821
349 50 2516 2520 52099 10847
350 50 2516 2520 52303 10896
351 50 2516 2520 52515 10922
352 50 2516 2520 52706 10967
353 50 2516 2520 52906 10989
354 50 2516 2520 53064 11023
355 50 2516 2520 53230 11053
356 50 2516 2520 53381 11082
357 50 2516 2520 53524 11117
358 50 2516 2520 53646 11127
359 50 2516 2520 53769 11147
360 50 2516 2520 53923 11191
361 50 2516 2520 54053 11214
362 50 2516 2520 54193 11253
363 50 2516 2520 54324 11261
364 50 2516 2520 54442 11279
365 52 2516 2520 54570 11299
366 52 2516 2520 54717 11338
367 53 2516 2520 54842 11356
368 53 2516 2520 55014 11395
369 55 2516 2520 55177 11445
370 55 2516 2520 55358 11471
371 55 2516 2520 55556 11519
372 55 2516 2520 55729 11556
373 55 2516 2520 55950 11597
374 56 2516 2520 56154 11637
375 56 2516 2520 56381 11688
376 56 2516 2520 56641 11733
377 56 2516 2520 56907 11782
378 56 2516 2520 57140 11797
379 56 2516 2520 57410 11861
380 56 2516 2520 57660 11936
381 56 2516 2520 57925 11981
382 56 2516 2520 58163 12037
383 56 2516 2520 58402 12111
384 56 2516 2520 58659 12144
385 56 2516 2520 58873 12186
386 56 2516 2520 59091 12225
387 57 2516 2520 59292 12265
388 57 2516 2520 59451 12296
389 57 2516 2520 59652 12329
390 57 2516 2520 59904 12394
391 57 2516 2520 60132 12449
392 57 2516 2520 60336 12484
393 57 2516 2520 60514 12535
394 57 2516 2520 60678 12588
395 57 2516 2520 60868 12637
396 57 2516 2520 61044 12673
397 57 2516 2520 61210 12662
398 58 2516 2520 61393 12710
399 58 2516 2520 61583 12746
400 58 2516 2520 61791 12786
401 58 2516 2520 61944 12811
402 59 2516 2520 62142 12876
403 59 2516 2520 62348 12914
404 59 2516 2520 62525 12947
405 59 2516 2520 62753 12987
406 59 2516 2520 62968 13020
407 59 2516 2520 63166 13040
408 61 2516 2520 63400 13102
409 61 2516 2520 63629 13121
410 62 2516 2520 63822 13151
411 62 2516 2520 64115 13187
412 62 2516 2520 64389 13237
413 62 2516 2520 64605 13287
414 62 2516 2520 64879 13328
415 63 2516 2520 65156 13373
416 63 2516 2520 65404 13392
417 64 2516 2520 65648 13428
418 65 2516 2520 65905 13479
419 65 2516 2520 66168 13512
420 65 2516 2520 66453 13583
421 66 2516 2520 66689 13605
422 66 2516 2520 66969 13661
423 66 2516 2520 67219 13707
424 66 2516 2520 67507 13755
425 66 2516 2520 67794 13779
426 66 2516 2520 68076 13839
427 66 2516 2520 68319 13898
428 66 2516 2520 68565 13919
429 66 2516 2520 68810 13928
430 67 2516 2520 69048 13978
431 67 2516 2520 69262 14004
432 67 2516 2520 69498 14029
433 68 2516 2520 69712 14046
434 69 2516 2520 69961 14083
435 69 2516 2520 70225 14088
436 69 2516 2520 70519 14120
437 69 2516 2520 70820 14186
438 71 2516 2520 71154 14254
439 71 2516 2520 71441 14305
440 71 2516 2520 71746 14356
441 71 2516 2520 72030 14416
442 71 2516 2520 72367 14478
443 71 2516 2520 72686 14535
444 72 2516 2520 72952 14603
445 72 2516 2520 73187 14629
446 72 2516 2520 73455 14682
447 72 2516 2520 73726 14715
448 72 2516 2520 73987 14753
449 72 2516 2520 74301 14824
450 72 2516 2520 74560 14865
451 72 2516 2520 74794 14908
452 72 2516 2520 75052 14943
453 72 2516 2520 75265 14973
454 72 2516 2520 75485 15014
455 72 2516 2520 75710 15060
456 72 2516 2520 75956 15099
457 72 2516 2520 76168 15132
458 72 2516 2520 76351 15163
459 72 2516 2520 76523 15194
460 72 2516 2520 76693 15235
461 72 2516 2520 76885 15282
462 72 2516 2520 77041 15300
463 72 2516 2520 77220 15318
464 73 2516 2520 77390 15355
465 73 2516 2520 77585 15384
466 73 2516 2520 77753 15421
467 74 2516 2520 77910 15439
468 74 2516 2520 78097 15466
469 74 2516 2520 78286 15520
470 76 2516 2520 78521 15552
471 76 2516 2520 78746 15584
472 76 2516 2520 78981 15649
473 76 2516 2520 79261 15689
474 77 2516 2520 79516 15713
475 77 2516 2520 79769 15737
476 77 2516 2520 79984 15778
477 78 2516 2520 80305 15846
478 78 2516 2520 80607 15882
479 78 2516 2520 80882 15911
480 78 2516 2520 81158 15946
481 78 2516 2520 81463 15984
482 79 2516 2520 81736 16028
483 79 2516 2520 81982 16055
484 79 2516 2520 82240 16119
485 80 2516 2520 82508 16161
486 80 2516 2520 82761 16197
487 80 2516 2520 83008 16223
488 80 2516 2520 83299 16270
489 81 2516 2520 83541 16308
490 82 2516 2520 83798 16355
491 82 2516 2520 84044 16409
492 82 2516 2520 84328 16477
493 82 2516 2520 84638 16540
494 82 2516 2520 84909 16579
495 82 2516 2520 85184 16626
496 82 2516 2520 85469 16668
497 82 2516 2520 85766 16726
498 82 2516 2520 86056 16788
499 82 2516 2520 86331 16842
500 82 2516 2520 86565 16870
501 82 2516 2520 86825 16896
502 82 2516 2520 87074 16943
503 82 2516 2520 87327 16985
504 82 2516 2520 87573 17024
505 83 2516 2520 87803 17062
506 84 2516 2520 88014 17125
507 84 2516 2520 88240 17172
508 84 2516 2520 88484 17246
509 84 2516 2520 88738 17274
510 84 2516 2520 89020 17341
511 85 2516 2520 89273 17396
512 86 2516 2520 89485 17440
513 87 2516 2520 89736 17508
514 89 2516 2520 90037 17545
515 89 2516 2520 90397 17601
516 89 2516 2520 90766 17653
517 89 2516 2520 91115 17687
518 89 2516 2520 91474 17739
519 89 2516 2520 91836 17799
520 89 2516 2520 92152 17860
521 89 2516 2520 92494 17932
522 90 2516 2520 92800 17983
523 90 2516 2520 93118 18038
524 90 2516 2520 93455 18081
525 90 2516 2520 93816 18130
526 90 2516 2520 94166 18203
527 90 2516 2520 94478 18264
528 90 2516 2520 94769 18295
529 90 2516 2520 95094 18330
530 90 2516 2520 95443 18390
531 90 2516 2520 95722 18428
532 90 2516 2520 96022 18496
533 90 2516 2520 96302 18540
534 90 2516 2520 96570 18593
535 90 2516 2520 96824 18634
536 90 2516 2520 97068 18676
537 90 2516 2520 97293 18700
538 90 2516 2520 97529 18747
539 90 2516 2520 97730 18803
540 90 2516 2520 97954 18856
541 91 2516 2520 98172 18873
542 92 2516 2520 98414 18934
543 92 2516 2520 98617 18986
544 92 2516 2520 98888 19021
545 92 2516 2520 99118 19069
546 92 2516 2520 99397 19097
547 92 2516 2520 99609 19146
548 93 2516 2520 99876 19182
549 93 2516 2520 100124 19247
550 93 2516 2520 100372 19281
551 94 2516 2520 100646 19345
552 95 2516 2520 100925 19396
553 95 2516 2520 101200 19476
554 95 2516 2520 101463 19516
555 95 2516 2520 101753 19559
556 96 2516 2520 102032 19602
557 96 2516 2520 102299 19641
558 96 2515 2520 102595 19645
559 97 2515 2520 102927 19721
560 97 2515 2520 103223 19739
561 98 2515 2520 103528 19789
562 98 2515 2520 103876 19852
563 98 2515 2520 104154 19894
564 98 2515 2520 104457 19969
565 100 2515 2520 104793 20009
566 100 2515 2520 105113 20049
567 101 2515 2520 105433 20099
568 101 2515 2520 105769 20171
569 101 2515 2520 106103 20208
570 101 2515 2520 106435 20259
571 102 2515 2520 106792 20299
572 102 2515 2520 107160 20335
573 102 2515 2520 107508 20407
574 103 2515 2520 107808 20470
575 103 2515 2520 108119 20519
576 103 2515 2520 108435 20574
577 103 2515 2520 108764 20662
578 103 2515 2520 109070 20705
579 103 2515 2520 109408 20759
580 103 2515 2520 109673 20804
581 104 2515 2520 109934 20839
582 105 2515 2520 110182 20865
583 106 2514 2520 110441 20911
584 107 2514 2520 110759 20968
585 107 2514 2520 111070 21010
586 107 2514 2520 111382 21057
587 107 2514 2520 111705 21109
588 108 2514 2520 112023 21170
589 108 2514 2520 112277 21207
590 108 2514 2520 112613 21266
591 108 2514 2520 112940 21323
592 108 2514 2520 113259 21385
593 108 2514 2520 113551 21420
594 108 2514 2520 113836 21435
595 108 2514 2520 114174 21496
596 108 2514 2520 114478 21520
597 108 2514 2520 114743 21545
598 108 2514 2520 115000 21607
599 108 2514 2520 115253 21607
600 110 2514 2520 115535 21656
601 111 2514 2520 115837 21729
602 111 2514 2520 116184 21824
603 111 2514 2520 116499 21894
604 111 2514 2520 116835 21951
605 111 2514 2520 117150 22008
606 111 2514 2520 117476 22078
607 111 2514 2520 117813 22104
608 111 2514 2520 118137 22153
609 111 2514 2520 118454 22185
610 111 2514 2520 118745 22236
611 113 2514 2520 119033 22285
612 114 2514 2520 119334 22318
613 114 2514 2520 119650 22395
614 116 2514 2520 119983 22475
615 116 2514 2520 120303 22532
616 116 2514 2520 120619 22566
617 116 2514 2520 120964 22611
618 116 2514 2520 121344 22651
619 116 2514 2520 121709 22696
620 116 2514 2520 122124 22782
621 116 2514 2520 122416 22842
622 118 2514 2520 122719 22886
623 118 2514 2520 123052 22915
624 119 2514 2520 123470 22964
625 120 2514 2520 123837 23022
626 120 2514 2520 124175 23093
627 120 2514 2520 124545 23177
628 120 2514 2520 124872 23210
629 120 2514 2520 125200 23261
630 120 2514 2520 125529 23300
631 121 2514 2520 125873 23331
632 121 2514 2520 126300 23421
633 122 2514 2520 126648 23441
634 122 2514 2520 126957 23489
635 122 2514 2520 127251 23573
636 122 2514 2520 127613 23619
637 122 2514 2520 127964 23703
638 122 2514 2520 128334 23765
639 122 2514 2520 128681 23844
640 122 2514 2520 129074 23881
641 122 2514 2520 129396 23937
642 123 2514 2520 129672 23959
643 123 2514 2520 129997 24022
644 123 2513 2520 130282 24079
645 123 2513 2520 130602 24136
646 123 2513 2520 130881 24174
647 124 2513 2520 131160 24225
648 124 2513 2520 131469 24236
649 124 2513 2520 131809 24255
650 124 2513 2520 132120 24304
651 125 2513 2520 132384 24343
652 126 2513 2520 132679 24392
653 126 2513 2520 132973 24416
654 126 2513 2520 133302 24485
655 126 2513 2520 133648 24497
656 126 2513 2520 133924 24491
657 127 2513 2520 134210 24525
658 127 2513 2520 134505 24563
659 127 2513 2520 134830 24588
660 128 2513 2520 135126 24625
661 129 2513 2520 135415 24629
662 130 2513 2520 135687 24670
663 130 2513 2520 136053 24720
664 130 2513 2520 136400 24792
665 130 2513 2520 136757 24826
666 130 2513 2520 137117 24874
667 130 2513 2520 137508 24932
668 130 2512 2520 137893 24990
669 133 2512 2520 138251 25034
670 133 2512 2520 138602 25067
671 133 2512 2520 138977 25137
672 133 2512 2520 139335 25189
673 133 2512 2520 139661 25249
674 134 2512 2520 140036 25295
675 134 2512 2520 140403 25349
676 134 2512 2520 140755 25439
677 134 2512 2520 141123 25512
678 134 2512 2520 141479 25583
679 134 2512 2520 141853 25614
680 134 2512 2520 142248 25681
681 134 2512 2520 142637 25761
682 135 2512 2520 142977 25785
683 135 2512 2520 143312 25844
684 135 2512 2520 143644 25902
685 136 2512 2520 143944 25945
686 136 2512 2520 144264 25974
687 137 2512 2520 144599 26023
688 137 2512 2520 144903 26046
689 137 2512 2520 145241 26084
690 137 2512 2520 145573 26138
691 138 2512 2520 145867 26189
692 138 2512 2520 146195 26252
693 138 2512 2520 146523 26297
694 138 2512 2520 146875 26369
695 138 2512 2520 147197 26408
696 138 2512 2520 147507 26470
697 139 2512 2520 147809 26527
698 140 2512 2520 148108 26575
699 140 2512 2520 148432 26646
700 140 2512 2520 148777 26683
701 141 2512 2520 149124 26740
702 142 2512 2520 149463 26763
703 142 2512 2520 149828 26850
704 143 2512 2520 150162 26907
705 143 2512 2520 150602 26925
706 143 2512 2520 151004 26983
707 145 2512 2520 151374 27032
708 145 2512 2520 151776 27127
709 146 2512 2520 152161 27167
710 146 2512 2520 152493 27225
711 147 2512 2520 152886 27267
712 147 2512 2520 153303 27335
713 147 2512 2520 153719 27435
714 147 2512 2520 154141 27483
715 147 2512 2520 154508 27513
716 147 2512 2520 154862 27555
717 148 2512 2520 155258 27613
718 148 2512 2520 155604 27632
719 148 2512 2520 155941 27642
720 149 2512 2520 156323 27757
721 149 2512 2520 156702 27814
722 149 2512 2520 157111 27831
723 149 2512 2520 157458 27868
724 149 2512 2520 157849 27933
725 150 2512 2520 158185 27990
726 150 2512 2520 158555 28046
727 150 2511 2520 158923 28067
728 150 2511 2520 159308 28113
729 150 2511 2520 159640 28140
730 150 2511 2520 159979 28232
731 150 2511 2520 160344 28289
732 150 2511 2520 160735 28324
733 150 2511 2520 161056 28339
734 150 2511 2520 161339 28385
735 151 2511 2520 161691 28424
736 151 2511 2520 162023 28426
737 151 2511 2520 162324 28488
738 151 2511 2520 162614 28507
739 151 2511 2520 162927 28561
740 151 2511 2520 163225 28603
741 151 2510 2520 163534 28657
742 151 2510 2520 163883 28695
743 151 2510 2520 164176 28699
744 153 2510 2520 164439 28753
745 153 2510 2520 164714 28732
746 153 2510 2520 165010 28779
747 153 2510 2520 165332 28821
748 155 2510 2520 165681 28884
749 155 2510 2520 166017 28896
750 159 2510 2520 166421 28958
751 159 2510 2520 166817 29011
752 159 2510 2520 167229 29098
753 159 2510 2520 167680 29171
754 160 2510 2520 168094 29200
755 160 2510 2520 168576 29269
756 160 2510 2520 169042 29313
757 161 2510 2520 169485 29365
758 162 2510 2520 169963 29434
759 163 2510 2520 170407 29492
760 164 2510 2520 170881 29568
761 164 2510 2520 171343 29647
762 165 2510 2520 171797 29720
763 165 2510 2520 172295 29750
764 166 2510 2520 172815 29813
765 166 2510 2520 173307 29829
766 166 2510 2520 173833 29903
767 166 2510 2520 174314 29987
768 166 2510 2520 174811 30024
769 167 2510 2520 175253 30108
770 167 2510 2520 175711 30175
771 167 2510 2520 176187 30235
772 167 2510 2520 176618 30289
773 168 2510 2520 177071 30377
774 169 2510 2520 177486 30411
775 169 2510 2520 177941 30441
776 169 2510 2520 178387 30526
777 170 2510 2520 178826 30574
778 170 2510 2520 179315 30610
779 170 2510 2520 179731 30663
780 170 2510 2520 180169 30743
781 170 2510 2520 180607 30794
782 170 2510 2520 181008 30840
783 170 2510 2520 181411 30917
784 170 2510 2520 181868 30995
785 170 2510 2520 182242 31036
786 170 2510 2520 182618 31115
787 170 2510 2520 182967 31158
788 170 2510 2520 183366 31220
789 170 2510 2520 183656 31244
790 171 2510 2520 184020 31291
791 171 2510 2520 184320 31319
792 171 2510 2520 184668 31358
793 172 2510 2520 185004 31406
794 174 2509 2520 185312 31464
795 174 2509 2520 185684 31517
796 175 2509 2520 186067 31564
797 175 2509 2520 186439 31638
798 175 2509 2520 186816 31694
799 175 2509 2520 187187 31737
800 175 2509 2520 187563 31760
801 175 2509 2520 187926 31821
802 176 2509 2520 188264 31842
803 176 2509 2520 188601 31892
804 177 2509 2520 188961 31957
805 178 2509 2520 189323 31980
806 178 2509 2520 189712 32021
807 178 2509 2520 190088 32069
808 178 2509 2520 190461 32125
809 178 2509 2520 190854 32201
810 179 2509 2520 191224 32242
811 180 2509 2520 191556 32272
812 181 2509 2520 191928 32314
813 181 2509 2520 192269 32336
814 183 2509 2520 192618 32396
815 184 2509 2520 193008 32449
816 184 2509 2520 193454 32485
817 184 2509 2520 193893 32548
818 184 2509 2520 194308 32598
819 185 2509 2520 194753 32648
820 185 2509 2520 195173 32697
821 185 2509 2520 195582 32728
822 185 2509 2520 195987 32802
823 185 2509 2520 196410 32814
824 185 2509 2520 196781 32854
825 185 2509 2520 197285 32925
826 185 2509 2520 197663 32994
827 186 2509 2520 198054 33016
828 186 2509 2520 198456 33045
829 186 2509 2520 198846 33097
830 187 2509 2520 199216 33143
831 187 2509 2520 199572 33192
832 187 2509 2520 199908 33255
833 188 2509 2520 200297 33286
834 189 2509 2520 200694 33294
835 189 2509 2520 201103 33340
836 189 2509 2520 201508 33426
837 189 2509 2520 201878 33484
838 190 2509 2520 202276 33518
839 190 2509 2520 202673 33552
840 190 2509 2520 203114 33626
841 190 2509 2520 203545 33694
842 191 2509 2520 203891 33734
843 193 2509 2520 204257 33734
844 193 2509 2520 204620 33773
845 194 2509 2520 205057 33865
846 194 2509 2520 205493 33940
847 194 2509 2520 205915 33997
848 194 2509 2520 206353 34082
849 195 2509 2520 206734 34130
850 196 2509 2520 207145 34216
851 196 2509 2520 207570 34291
852 196 2509 2520 208008 34321
853 197 2509 2520 208451 34389
854 197 2509 2520 208865 34424
855 197 2509 2520 209280 34488
856 197 2509 2520 209749 34554
857 197 2509 2520 210198 34601
858 198 2509 2520 210641 34673
859 198 2509 2520 210991 34721
860 199 2509 2520 211383 34772
861 199 2509 2520 211781 34818
862 199 2509 2520 212176 34884
863 199 2509 2520 212555 34945
864 200 2509 2520 212975 34991
865 200 2509 2520 213373 35052
866 200 2509 2520 213789 35109
867 200 2509 2520 214206 35152
868 200 2509 2520 214545 35186
869 201 2509 2520 214927 35256
870 201 2509 2520 215263 35313
871 202 2509 2520 215635 35370
872 203 2509 2520 215954 35424
873 204 2509 2520 216318 35478
874 204 2509 2520 216756 35526
875 204 2509 2520 217132 35588
876 204 2509 2520 217561 35668
877 204 2509 2520 217976 35692
878 204 2509 2520 218363 35748
879 204 2509 2520 218687 35801
880 205 2509 2520 219060 35875
881 205 2509 2520 219438 35931
882 205 2509 2520 219776 35945
883 208 2509 2520 220120 35999
884 208 2509 2520 220569 36047
885 208 2509 2520 220968 36116
886 209 2509 2520 221356 36191
887 209 2509 2520 221783 36252
888 209 2509 2520 222212 36340
889 209 2509 2520 222635 36383
890 209 2509 2520 223056 36450
891 209 2509 2520 223454 36510
892 209 2509 2520 223821 36569
893 209 2509 2520 224241 36606
894 209 2509 2520 224601 36642
895 209 2509 2520 224943 36710
896 209 2509 2520 225270 36755
897 209 2509 2520 225596 36792
898 209 2509 2520 225932 36820
899 209 2509 2520 226247 36857
900 210 2509 2520 226589 36923
901 210 2509 2520 226921 36961
902 211 2509 2520 227277 37026
903 211 2509 2520 227670 37081
904 213 2509 2520 228042 37122
905 213 2509 2520 228453 37208
906 213 2509 2520 228890 37244
907 214 2509 2520 229272 37297
908 214 2509 2520 229663 37362
909 214 2509 2520 230066 37407
910 214 2509 2520 230478 37467
911 214 2509 2520 230906 37523
912 214 2509 2520 231290 37600
913 215 2509 2520 231659 37617
914 217 2509 2520 232061 37683
915 217 2509 2520 232454 37733
916 217 2509 2520 232889 37757
917 218 2509 2520 233267 37793
918 218 2509 2520 233647 37854
919 221 2509 2520 234015 37884
920 222 2509 2520 234443 37925
921 223 2509 2520 234910 37963
922 223 2509 2520 235382 38029
923 223 2509 2520 235844 38090
924 223 2509 2520 236307 38141
925 223 2509 2520 236775 38205
926 224 2509 2520 237277 38276
927 225 2509 2520 237793 38365
928 225 2509 2520 238307 38426
929 226 2509 2520 238767 38494
930 227 2509 2520 239289 38585
931 228 2509 2520 239798 38652
932 228 2509 2520 240246 38722
933 229 2509 2520 240764 38806
934 230 2509 2520 241274 38877
935 231 2509 2520 241760 38920
936 231 2509 2520 242287 38988
937 231 2509 2520 242796 39062
938 234 2509 2520 243252 39143
939 234 2509 2520 243742 39208
940 234 2509 2520 244297 39308
941 235 2509 2520 244829 39383
942 235 2509 2520 245355 39451
943 236 2509 2520 245907 39498
944 236 2509 2520 246445 39566
945 236 2509 2520 247007 39636
946 236 2509 2520 247576 39699
947 236 2509 2520 248109 39797
948 236 2509 2520 248619 39892
949 236 2509 2520 249123 39970
950 236 2509 2520 249594 40049
951 236 2509 2520 250093 40119
952 237 2509 2520 250591 40183
953 237 2509 2520 251070 40241
954 237 2509 2520 251505 40316
955 237 2509 2520 251933 40359
956 238 2509 2520 252381 40397
957 238 2509 2520 252805 40466
958 238 2509 2520 253241 40564
959 239 2509 2520 253625 40597
960 239 2509 2520 253984 40648
961 239 2509 2520 254445 40689
962 239 2509 2520 254903 40699
963 240 2509 2520 255358 40750
964 240 2509 2520 255794 40779
965 241 2509 2520 256250 40823
966 241 2509 2520 256677 40893
967 241 2509 2520 257097 40961
968 242 2509 2520 257562 41030
969 243 2509 2520 258022 41103
970 243 2509 2520 258466 41110
971 243 2509 2520 258882 41175
972 244 2509 2520 259301 41248
973 244 2509 2520 259726 41287
974 246 2509 2520 260142 41359
975 247 2509 2520 260583 41401
976 247 2509 2520 260993 41423
977 247 2509 2520 261488 41496
978 248 2509 2520 261950 41593
979 249 2509 2520 262474 41662
980 251 2509 2520 262905 41722
981 251 2509 2520 263388 41797
982 252 2509 2520 263827 41831
983 252 2509 2520 264293 41903
984 252 2509 2520 264734 41942
985 252 2509 2520 265238 42026
986 252 2509 2520 265759 42101
987 253 2509 2520 266274 42143
988 254 2509 2520 266716 42163
989 254 2509 2520 267232 42192
990 255 2509 2520 267774 42261
991 255 2509 2520 268334 42302
992 256 2509 2520 268765 42385
993 256 2509 2520 269336 42435
994 256 2509 2520 269830 42481
995 256 2509 2520 270352 42559
996 256 2509 2520 270839 42608
997 256 2509 2520 271335 42655
998 258 2509 2520 271849 42704
999 259 2509 2520 272313 42762
1000 259 2509 2520 272775 42819
