0 1 2519 2520 794 498
1 1 2519 2520 825 516
2 1 2519 2520 861 538
3 1 2519 2520 890 560
4 1 2519 2520 937 587
5 1 2519 2520 977 613
6 1 2519 2520 1014 631
7 1 2519 2520 1045 644
8 1 2519 2520 1074 654
9 1 2519 2520 1111 666
10 1 2519 2520 1157 679
11 1 2519 2520 1186 686
12 1 2519 2520 1212 696
13 1 2519 2520 1237 709
14 1 2519 2520 1253 707
15 1 2519 2520 1287 717
16 1 2519 2520 1300 722
17 1 2519 2520 1319 729
18 1 2519 2520 1325 733
19 1 2519 2520 1344 737
20 1 2519 2520 1357 739
21 1 2519 2520 1367 746
22 1 2519 2520 1381 749
23 1 2519 2520 1384 747
24 1 2519 2520 1398 752
25 1 2519 2520 1405 752
26 1 2519 2520 1412 752
27 1 2519 2520 1418 753
28 1 2519 2520 1431 756
29 1 2519 2520 1441 757
30 1 2519 2520 1448 759
31 1 2519 2520 1439 754
32 1 2519 2520 1434 755
33 1 2519 2520 1442 755
34 1 2519 2520 1440 750
35 1 2519 2520 1445 750
36 1 2519 2520 1445 750
37 1 2519 2520 1446 749
38 1 2519 2520 1449 749
39 1 2519 2520 1459 752
40 1 2519 2520 1461 748
41 1 2519 2520 1463 750
42 1 2519 2520 1462 752
43 2 2519 2520 1464 752
44 2 2519 2520 1475 758
45 2 2519 2520 1539 790
46 2 2519 2520 1612 822
47 2 2519 2520 1689 844
48 2 2519 2520 1779 871
49 2 2519 2520 1861 891
50 2 2519 2520 1939 913
51 2 2519 2520 2038 950
52 2 2519 2520 2086 964
53 2 2519 2520 2168 990
54 2 2519 2520 2233 1009
55 2 2519 2520 2297 1025
56 2 2519 2520 2337 1037
57 2 2519 2520 2362 1045
58 2 2519 2520 2412 1069
59 2 2519 2520 2445 1084
60 2 2519 2520 2477 1090
61 2 2519 2520 2504 1094
62 2 2519 2520 2528 1103
63 2 2519 2520 2551 1122
64 2 2519 2520 2571 1124
65 2 2519 2520 2583 1124
66 2 2519 2520 2590 1127
67 2 2519 2520 2617 1136
68 2 2519 2520 2648 1153
69 2 2519 2520 2663 1157
70 2 2519 2520 2669 1158
71 2 2519 2520 2688 1164
72 2 2519 2520 2693 1165
73 2 2519 2520 2705 1172
74 2 2519 2520 2712 1181
75 2 2519 2520 2702 1180
76 2 2519 2520 2712 1186
77 2 2519 2520 2721 1181
78 2 2519 2520 2724 1184
79 2 2519 2520 2719 1178
80 3 2519 2520 2731 1181
81 3 2519 2520 2754 1187
82 4 2519 2520 2831 1210
83 4 2519 2520 2907 1238
84 4 2519 2520 3009 1275
85 4 2519 2520 3144 1329
86 4 2519 2520 3267 1343
87 4 2519 2520 3402 1394
88 4 2519 2520 3531 1433
89 4 2519 2520 3643 1446
90 4 2519 2520 3753 1473
91 4 2519 2520 3884 1511
92 4 2519 2520 3989 1529
93 4 2519 2520 4083 1553
94 4 2519 2520 4194 1594
95 4 2519 2520 4291 1623
96 4 2519 2520 4379 1642
97 4 2519 2520 4465 1663
98 4 2519 2520 4539 1680
99 4 2519 2520 4626 1695
100 4 2519 2520 4684 1709
101 4 2519 2520 4746 1735
102 4 2519 2520 4800 1753
103 4 2519 2520 4862 1765
104 4 2519 2520 4925 1785
105 4 2519 2520 4947 1787
106 4 2519 2520 4993 1792
107 4 2519 2520 5026 1804
108 4 2519 2520 5065 1830
109 4 2519 2520 5092 1841
110 4 2519 2520 5108 1845
111 4 2519 2520 5129 1848
112 4 2519 2520 5165 1864
113 4 2519 2520 5166 1863
114 4 2519 2520 5179 1867
115 4 2519 2520 5205 1870
116 4 2519 2520 5222 1884
117 4 2519 2520 5251 1895
118 4 2519 2520 5270 1892
119 6 2519 2520 5289 1915
120 6 2519 2520 5335 1930
121 6 2519 2520 5410 1959
122 6 2519 2520 5504 1972
123 6 2519 2520 5628 2005
124 6 2519 2520 5744 2039
125 6 2519 2520 5868 2085
126 6 2519 2520 5993 2087
127 6 2519 2520 6096 2104
128 7 2519 2520 6178 2124
129 8 2519 2520 6313 2148
130 8 2519 2520 6472 2185
131 8 2519 2520 6658 2235
132 8 2519 2520 6828 2292
133 8 2519 2520 7016 2333
134 8 2519 2520 7220 2372
135 8 2519 2520 7383 2420
136 8 2519 2520 7564 2445
137 8 2519 2520 7728 2489
138 8 2519 2520 7892 2519
139 8 2519 2520 8058 2560
140 8 2519 2520 8219 2587
141 8 2519 2520 8355 2613
142 8 2519 2520 8479 2616
143 8 2519 2520 8610 2641
144 8 2519 2520 8729 2670
145 8 2519 2520 8830 2684
146 8 2519 2520 8953 2725
147 8 2519 2520 9091 2753
148 8 2519 2520 9197 2778
149 8 2519 2520 9286 2804
150 8 2519 2520 9367 2825
151 8 2519 2520 9449 2855
152 8 2519 2520 9541 2881
153 8 2519 2520 9625 2909
154 9 2519 2520 9654 2905
155 9 2519 2520 9724 2921
156 10 2519 2520 9841 2959
157 10 2519 2520 9953 2983
158 11 2519 2520 10111 3025
159 11 2519 2520 10253 3069
160 11 2519 2520 10421 3104
161 11 2519 2520 10568 3125
162 11 2519 2520 10718 3154
163 12 2519 2520 10888 3193
164 12 2519 2520 11078 3222
165 12 2519 2520 11284 3267
166 12 2519 2520 11499 3302
167 13 2519 2520 11674 3334
168 13 2519 2520 11860 3374
169 13 2519 2520 12088 3418
170 13 2519 2520 12317 3473
171 13 2519 2520 12558 3524
172 13 2519 2520 12744 3569
173 13 2519 2520 12952 3604
174 14 2519 2520 13141 3651
175 14 2519 2520 13348 3675
176 14 2519 2520 13553 3712
177 15 2519 2520 13771 3748
178 15 2519 2520 14008 3800
179 15 2519 2520 14203 3852
180 15 2519 2520 14439 3907
181 15 2519 2520 14642 3925
182 15 2518 2520 14849 3975
183 15 2518 2520 15056 4005
184 15 2518 2520 15265 4012
185 15 2518 2520 15453 4041
186 15 2518 2520 15611 4070
187 15 2518 2520 15803 4117
188 15 2518 2520 15945 4149
189 15 2518 2520 16079 4177
190 15 2518 2520 16218 4211
191 15 2518 2520 16342 4215
192 15 2518 2520 16457 4246
193 15 2518 2520 16574 4274
194 15 2518 2520 16679 4297
195 15 2518 2520 16779 4304
196 15 2518 2520 16868 4323
197 16 2518 2520 16945 4355
198 16 2518 2520 17051 4379
199 16 2518 2520 17145 4394
200 16 2518 2520 17257 4410
201 17 2518 2520 17392 4457
202 17 2518 2520 17520 4480
203 18 2518 2520 17667 4519
204 18 2518 2520 17818 4581
205 19 2518 2520 17970 4611
206 19 2518 2520 18130 4635
207 19 2518 2520 18326 4660
208 19 2518 2520 18502 4690
209 19 2518 2520 18671 4731
210 20 2517 2520 18853 4752
211 20 2517 2520 19048 4795
212 20 2517 2520 19256 4844
213 20 2517 2520 19485 4888
214 20 2517 2520 19695 4933
215 20 2517 2520 19900 4977
216 20 2517 2520 20094 5001
217 20 2517 2520 20323 5053
218 20 2517 2520 20530 5101
219 21 2517 2520 20671 5125
220 21 2517 2520 20838 5151
221 21 2517 2520 21037 5158
222 21 2517 2520 21208 5194
223 21 2517 2520 21372 5220
224 21 2517 2520 21511 5252
225 21 2517 2520 21665 5303
226 21 2517 2520 21821 5324
227 21 2517 2520 21982 5350
228 21 2517 2520 22120 5382
229 21 2517 2520 22244 5410
230 21 2517 2520 22365 5431
231 21 2517 2520 22501 5463
232 21 2517 2520 22601 5477
233 21 2517 2520 22703 5497
234 21 2517 2520 22805 5519
235 21 2517 2520 22906 5534
236 21 2517 2520 23022 5566
237 21 2517 2520 23134 5577
238 22 2517 2520 23238 5590
239 22 2517 2520 23360 5604
240 22 2517 2520 23455 5617
241 22 2517 2520 23573 5649
242 23 2517 2520 23681 5668
243 23 2517 2520 23809 5697
244 23 2517 2520 23944 5704
245 24 2517 2520 24103 5739
246 24 2517 2520 24250 5765
247 25 2517 2520 24389 5790
248 25 2517 2520 24565 5820
249 25 2517 2520 24740 5868
250 26 2517 2520 24920 5876
251 27 2517 2520 25098 5919
252 28 2517 2520 25325 5947
253 28 2517 2520 25587 6003
254 29 2517 2520 25846 6062
255 29 2517 2520 26138 6113
256 29 2517 2520 26430 6133
257 29 2517 2520 26710 6185
258 29 2517 2520 27027 6244
259 29 2517 2520 27325 6288
260 30 2516 2520 27634 6334
261 30 2516 2520 27941 6397
262 31 2516 2520 28280 6476
263 31 2516 2520 28612 6511
264 31 2516 2520 28916 6571
265 31 2516 2520 29243 6607
266 31 2516 2520 29522 6657
267 31 2516 2520 29829 6708
268 31 2516 2520 30144 6747
269 31 2516 2520 30383 6757
270 31 2516 2520 30690 6815
271 31 2516 2520 30890 6852
272 31 2516 2520 31150 6898
273 31 2516 2520 31384 6930
274 31 2516 2520 31638 6956
275 31 2516 2520 31843 6984
276 31 2516 2520 32033 7012
277 31 2516 2520 32194 7040
278 31 2516 2520 32380 7081
279 31 2516 2520 32548 7110
280 31 2516 2520 32707 7100
281 32 2516 2520 32856 7133
282 32 2516 2520 33038 7161
283 32 2516 2520 33214 7183
284 32 2516 2520 33369 7205
285 32 2516 2520 33506 7231
286 32 2516 2520 33664 7255
287 32 2516 2520 33812 7319
288 33 2516 2520 33981 7332
289 34 2516 2520 34143 7358
290 34 2516 2520 34329 7387
291 34 2516 2520 34501 7429
292 34 2516 2520 34724 7472
293 35 2516 2520 34937 7532
294 35 2516 2520 35142 7556
295 35 2516 2520 35395 7619
296 36 2516 2520 35644 7674
297 36 2516 2520 35879 7713
298 37 2516 2520 36102 7747
299 37 2516 2520 36375 7820
300 37 2516 2520 36612 7873
301 37 2516 2520 36887 7930
302 37 2516 2520 37131 7979
303 37 2516 2520 37337 7997
304 38 2516 2520 37559 8054
305 38 2516 2520 37832 8075
306 38 2516 2520 38139 8127
307 38 2516 2520 38406 8177
308 38 2516 2520 38643 8227
309 38 2516 2520 38882 8261
310 38 2516 2520 39127 8298
311 38 2516 2520 39362 8351
312 38 2516 2520 39564 8370
313 38 2516 2520 39774 8399
314 38 2516 2520 39988 8448
315 38 2516 2520 40187 8487
316 38 2516 2520 40363 8498
317 38 2516 2520 40568 8516
318 38 2516 2520 40724 8534
319 38 2516 2520 40882 8554
320 38 2516 2520 41036 8584
321 38 2516 2520 41217 8624
322 38 2516 2520 41371 8643
323 39 2516 2520 41480 8658
324 39 2516 2520 41637 8681
325 40 2516 2520 41824 8724
326 40 2516 2520 42018 8742
327 40 2516 2520 42232 8773
328 40 2516 2520 42439 8819
329 40 2516 2520 42643 8854
330 41 2516 2520 42834 8892
331 41 2516 2520 43045 8945
332 41 2516 2520 43259 8995
333 41 2516 2520 43502 9028
334 41 2516 2520 43708 9069
335 42 2516 2520 43893 9091
336 43 2516 2520 44114 9113
337 43 2516 2520 44357 9133
338 44 2516 2520 44583 9176
339 44 2516 2520 44800 9220
340 44 2516 2520 45055 9265
341 44 2516 2520 45305 9332
342 44 2516 2520 45559 9370
343 44 2516 2520 45838 9407
344 44 2516 2520 46084 9468
345 44 2516 2520 46323 9513
346 44 2515 2520 46558 9564
347 44 2515 2520 46758 9606
348 45 2515 2520 46959 9661
349 47 2515 2520 47180 9697
350 47 2515 2520 47444 9727
351 47 2515 2520 47740 9786
352 47 2515 2520 48011 9826
353 47 2515 2520 48281 9891
354 47 2515 2520 48557 9959
355 47 2515 2520 48827 10009
356 47 2515 2520 49077 10048
357 47 2515 2520 49333 10094
358 47 2515 2520 49588 10125
359 47 2515 2520 49845 10178
360 47 2515 2520 50066 10237
361 47 2515 2520 50285 10261
362 47 2515 2520 50502 10299
363 48 2515 2520 50699 10331
364 48 2515 2520 50932 10354
365 48 2515 2520 51170 10396
366 48 2515 2520 51380 10445
367 48 2515 2520 51625 10511
368 48 2515 2520 51846 10564
369 48 2515 2520 52064 10589
370 48 2515 2520 52268 10620
371 49 2515 2520 52468 10673
372 50 2515 2520 52670 10709
373 50 2515 2520 52910 10763
374 50 2515 2520 53119 10801
375 50 2515 2520 53325 10855
376 50 2515 2520 53535 10881
377 51 2515 2520 53755 10914
378 53 2515 2520 53965 10977
379 54 2515 2520 54247 11030
380 54 2515 2520 54525 11061
381 54 2515 2520 54829 11118
382 55 2515 2520 55147 11171
383 55 2515 2520 55484 11221
384 55 2515 2520 55838 11304
385 55 2515 2520 56189 11359
386 55 2515 2520 56533 11424
387 55 2515 2520 56821 11475
388 55 2515 2520 57120 11559
389 55 2515 2520 57437 11608
390 55 2515 2520 57758 11649
391 55 2515 2520 58027 11719
392 55 2515 2520 58353 11776
393 55 2515 2520 58612 11850
394 55 2515 2520 58871 11901
395 56 2515 2520 59162 11950
396 56 2515 2520 59415 11973
397 57 2515 2520 59687 12034
398 57 2515 2520 59969 12083
399 57 2515 2520 60248 12131
400 57 2515 2520 60534 12168
401 57 2515 2520 60811 12219
402 57 2515 2520 61069 12264
403 57 2515 2520 61324 12314
404 57 2515 2520 61590 12361
405 58 2515 2520 61868 12420
406 59 2515 2520 62188 12489
407 59 2515 2520 62437 12517
408 59 2515 2520 62782 12564
409 60 2515 2520 63060 12649
410 60 2515 2520 63310 12683
411 60 2515 2520 63591 12704
412 62 2515 2520 63858 12717
413 62 2515 2520 64149 12765
414 62 2515 2520 64463 12824
415 62 2515 2520 64833 12890
416 63 2515 2520 65169 12949
417 63 2515 2520 65483 13013
418 63 2515 2520 65854 13079
419 64 2515 2520 66177 13137
420 66 2515 2520 66497 13173
421 66 2515 2520 66843 13227
422 67 2515 2520 67212 13303
423 67 2515 2520 67573 13379
424 70 2515 2520 67994 13480
425 70 2515 2520 68379 13531
426 70 2515 2520 68834 13632
427 70 2515 2520 69280 13703
428 70 2515 2520 69676 13757
429 70 2515 2520 70131 13838
430 70 2515 2520 70505 13928
431 70 2515 2520 70913 14034
432 70 2515 2520 71305 14106
433 70 2515 2520 71705 14159
434 70 2515 2520 72040 14221
435 70 2515 2520 72388 14256
436 71 2515 2520 72718 14323
437 71 2515 2520 73021 14382
438 71 2515 2520 73367 14409
439 71 2515 2520 73671 14474
440 71 2515 2520 74031 14564
441 71 2515 2520 74325 14601
442 72 2515 2520 74585 14669
443 72 2515 2520 74925 14769
444 72 2515 2520 75251 14793
445 72 2515 2520 75553 14865
446 72 2515 2520 75865 14879
447 73 2515 2520 76133 14951
448 73 2515 2520 76411 14993
449 74 2515 2520 76693 15019
450 74 2515 2520 76949 15061
451 74 2515 2520 77232 15083
452 74 2515 2520 77494 15138
453 74 2515 2520 77749 15187
454 75 2515 2520 78047 15227
455 75 2515 2520 78393 15281
456 76 2515 2520 78689 15321
457 76 2515 2520 79026 15375
458 76 2515 2520 79383 15417
459 77 2515 2520 79749 15470
460 77 2515 2520 80053 15510
461 77 2515 2520 80396 15559
462 77 2515 2520 80729 15615
463 77 2515 2520 81086 15658
464 77 2515 2520 81431 15693
465 77 2515 2520 81785 15771
466 78 2515 2520 82127 15807
467 78 2515 2520 82442 15867
468 78 2515 2520 82742 15929
469 79 2515 2520 83050 15978
470 79 2515 2520 83416 16050
471 79 2515 2520 83712 16104
472 79 2515 2520 83986 16148
473 79 2515 2520 84310 16165
474 79 2515 2520 84625 16217
475 80 2515 2520 84933 16224
476 82 2515 2520 85257 16272
477 82 2515 2520 85611 16317
478 82 2515 2520 85947 16393
479 83 2515 2520 86319 16453
480 83 2515 2520 86707 16513
481 84 2515 2520 87083 16585
482 84 2515 2520 87484 16647
483 84 2515 2520 87797 16737
484 84 2515 2520 88149 16811
485 84 2515 2520 88547 16877
486 84 2515 2520 88928 16931
487 84 2515 2520 89261 16996
488 84 2515 2520 89601 17061
489 84 2515 2520 89906 17112
490 84 2515 2520 90260 17175
491 84 2515 2520 90579 17208
492 84 2515 2520 90870 17258
493 84 2515 2520 91188 17306
494 85 2515 2520 91436 17322
495 85 2515 2520 91737 17348
496 85 2515 2520 91993 17399
497 85 2515 2520 92281 17452
498 85 2515 2520 92576 17503
499 87 2515 2520 92831 17556
500 88 2515 2520 93096 17633
501 89 2515 2520 93366 17687
502 89 2515 2520 93699 17759
503 89 2515 2520 94106 17840
504 90 2515 2520 94446 17887
505 90 2515 2520 94805 17953
506 90 2515 2520 95166 18027
507 90 2515 2520 95591 18122
508 91 2515 2520 96016 18172
509 91 2515 2520 96396 18241
510 92 2515 2520 96790 18338
511 92 2515 2520 97175 18395
512 93 2515 2520 97551 18461
513 93 2515 2520 97950 18521
514 94 2515 2520 98332 18564
515 95 2515 2520 98708 18622
516 97 2515 2520 99100 18680
517 98 2515 2520 99539 18755
518 98 2515 2520 100054 18806
519 99 2515 2520 100549 18886
520 99 2515 2520 100982 18956
521 100 2515 2520 101480 19053
522 100 2515 2520 101997 19128
523 100 2515 2520 102469 19218
524 100 2515 2520 102977 19317
525 100 2515 2520 103465 19391
526 100 2514 2520 103907 19419
527 101 2513 2520 104409 19518
528 101 2513 2520 104887 19554
529 101 2512 2520 105375 19633
530 101 2512 2520 105839 19666
531 102 2512 2520 106282 19732
532 102 2512 2520 106761 19801
533 102 2512 2520 107252 19869
534 102 2512 2520 107699 19930
535 102 2512 2520 108118 19972
536 102 2512 2520 108547 20016
537 103 2512 2520 108946 20067
538 103 2512 2520 109290 20118
539 103 2512 2520 109642 20178
540 103 2512 2520 110041 20179
541 104 2512 2520 110400 20225
542 104 2512 2520 110761 20265
543 104 2512 2520 111068 20335
544 105 2512 2520 111423 20370
545 107 2512 2520 111804 20419
546 108 2511 2520 112185 20471
547 108 2511 2520 112551 20545
548 108 2511 2520 112942 20599
549 109 2511 2520 113373 20654
550 109 2511 2520 113838 20791
551 109 2511 2520 114248 20826
552 110 2511 2520 114715 20883
553 110 2511 2520 115202 20937
554 111 2511 2520 115581 20966
555 112 2510 2520 116076 20992
556 112 2510 2520 116523 21058
557 112 2510 2520 117020 21121
558 112 2510 2520 117537 21185
559 113 2510 2520 117989 21275
560 113 2510 2520 118465 21332
561 113 2510 2520 118943 21392
562 113 2510 2520 119398 21468
563 113 2509 2520 119838 21524
564 113 2509 2520 120260 21547
565 114 2509 2520 120724 21563
566 114 2509 2520 121160 21575
567 116 2509 2520 121570 21638
568 117 2509 2520 122000 21722
569 118 2509 2520 122460 21778
570 118 2509 2520 122876 21840
571 118 2509 2520 123353 21925
572 118 2509 2520 123872 22011
573 118 2509 2520 124376 22071
574 118 2509 2520 124872 22187
575 118 2509 2520 125364 22278
576 118 2509 2520 125794 22315
577 118 2509 2520 126269 22390
578 118 2509 2520 126755 22471
579 118 2509 2520 127170 22526
580 118 2509 2520 127589 22578
581 118 2509 2520 127940 22630
582 119 2509 2520 128288 22698
583 120 2509 2520 128637 22764
584 121 2509 2520 129002 22816
585 123 2509 2520 129398 22883
586 125 2509 2520 129809 22942
587 125 2509 2520 130292 23009
588 125 2509 2520 130802 23071
589 125 2509 2520 131299 23160
590 125 2509 2520 131824 23253
591 125 2509 2520 132298 23328
592 125 2509 2520 132780 23397
593 127 2509 2520 133274 23442
594 127 2509 2520 133708 23487
595 128 2509 2520 134213 23533
596 129 2509 2520 134668 23618
597 129 2509 2520 135166 23703
598 129 2509 2520 135641 23802
599 129 2509 2520 136097 23867
600 130 2508 2520 136604 23962
601 130 2508 2520 137027 23991
602 131 2508 2520 137521 23978
603 131 2508 2520 137995 24034
604 132 2508 2520 138479 24113
605 132 2508 2520 138947 24181
606 132 2508 2520 139478 24263
607 132 2507 2520 139990 24314
608 133 2507 2520 140503 24376
609 134 2507 2520 140936 24410
610 134 2507 2520 141414 24502
611 134 2507 2520 141895 24562
612 134 2507 2520 142367 24585
613 134 2507 2520 142811 24655
614 135 2507 2520 143247 24727
615 135 2507 2520 143653 24784
616 136 2507 2520 144136 24827
617 136 2507 2520 144603 24912
618 136 2507 2520 145129 24971
619 137 2507 2520 145669 25032
620 137 2507 2520 146127 25069
621 137 2507 2520 146607 25102
622 137 2507 2520 147069 25143
623 137 2507 2520 147508 25177
624 137 2506 2520 147936 25210
625 137 2506 2520 148347 25256
626 137 2506 2520 148744 25330
627 138 2506 2520 149157 25380
628 138 2506 2520 149555 25425
629 138 2506 2520 149922 25479
630 138 2506 2520 150276 25555
631 138 2506 2520 150631 25643
632 138 2506 2520 151004 25693
633 138 2506 2520 151393 25732
634 139 2506 2520 151751 25730
635 141 2506 2520 152096 25764
636 141 2506 2520 152493 25818
637 142 2506 2520 152821 25877
638 144 2506 2520 153221 25944
639 145 2506 2520 153636 25958
640 145 2506 2520 154149 26034
641 146 2506 2520 154573 26089
642 146 2506 2520 154989 26139
643 146 2506 2520 155455 26232
644 146 2506 2520 155939 26298
645 146 2506 2520 156353 26340
646 146 2506 2520 156815 26392
647 146 2506 2520 157225 26429
648 148 2506 2520 157620 26467
649 148 2506 2520 157974 26504
650 149 2506 2520 158401 26554
651 149 2506 2520 158866 26608
652 149 2506 2520 159338 26660
653 149 2505 2520 159756 26719
654 149 2505 2520 160254 26789
655 149 2505 2520 160708 26850
656 149 2505 2520 161157 26908
657 149 2505 2520 161617 26951
658 149 2505 2520 162042 27008
659 149 2505 2520 162431 27059
660 149 2505 2520 162784 27130
661 151 2504 2520 163184 27174
662 152 2504 2520 163569 27222
663 152 2504 2520 163952 27260
664 152 2504 2520 164368 27320
665 153 2504 2520 164829 27381
666 153 2504 2520 165222 27427
667 153 2504 2520 165614 27505
668 153 2504 2520 166007 27551
669 153 2503 2520 166428 27603
670 153 2503 2520 166764 27651
671 154 2503 2520 167123 27727
672 154 2503 2520 167521 27770
673 154 2503 2520 167945 27850
674 155 2503 2520 168347 27900
675 155 2503 2520 168729 27951
676 156 2503 2520 169109 27964
677 156 2503 2520 169483 28042
678 156 2503 2520 169838 28068
679 157 2503 2520 170184 28078
680 158 2503 2520 170493 28115
681 158 2503 2520 170856 28159
682 158 2503 2520 171256 28223
683 160 2503 2520 171649 28260
684 161 2503 2520 172038 28305
685 161 2503 2520 172472 28401
686 161 2503 2520 172914 28464
687 162 2503 2520 173365 28544
688 164 2503 2520 173804 28625
689 164 2503 2520 174191 28645
690 164 2503 2520 174634 28708
691 164 2503 2520 175181 28790
692 164 2503 2520 175599 28858
693 165 2503 2520 176039 28897
694 165 2503 2520 176515 28963
695 165 2503 2520 176999 29009
696 166 2503 2520 177451 29075
697 166 2503 2520 177910 29121
698 167 2503 2520 178357 29203
699 169 2503 2520 178881 29251
700 171 2503 2520 179376 29308
701 171 2503 2520 179940 29418
702 172 2503 2520 180455 29484
703 172 2503 2520 180928 29543
704 172 2503 2520 181450 29595
705 172 2503 2520 182012 29659
706 172 2503 2520 182551 29728
707 172 2503 2520 183075 29823
708 172 2503 2520 183614 29878
709 172 2503 2520 184109 29982
710 172 2503 2520 184590 30049
711 172 2503 2520 185115 30111
712 172 2503 2520 185620 30166
713 173 2503 2520 186118 30212
714 173 2503 2520 186565 30307
715 173 2503 2520 186995 30361
716 174 2503 2520 187406 30431
717 176 2503 2520 187874 30472
718 176 2503 2520 188339 30525
719 176 2503 2520 188836 30641
720 177 2503 2520 189317 30707
721 178 2503 2520 189801 30772
722 178 2503 2520 190264 30825
723 178 2503 2520 190765 30886
724 178 2503 2520 191295 30966
725 181 2503 2520 191850 31000
726 182 2503 2520 192403 31079
727 182 2503 2520 192965 31148
728 184 2502 2520 193593 31256
729 184 2502 2520 194177 31284
730 184 2502 2520 194832 31345
731 185 2502 2520 195439 31426
732 185 2502 2520 196055 31474
733 185 2502 2520 196694 31545
734 185 2502 2520 197334 31629
735 186 2502 2520 197879 31682
736 188 2502 2520 198460 31712
737 188 2502 2520 199072 31767
738 189 2502 2520 199752 31851
739 189 2502 2520 200343 31924
740 189 2501 2520 200909 32011
741 189 2501 2520 201501 32096
742 189 2501 2520 202044 32121
743 190 2501 2520 202606 32178
744 190 2500 2520 203155 32229
745 191 2500 2520 203715 32317
746 191 2500 2520 204327 32411
747 192 2500 2520 204882 32529
748 192 2500 2520 205417 32599
749 192 2500 2520 205960 32623
750 192 2500 2520 206522 32668
751 192 2500 2520 207010 32680
752 192 2500 2520 207497 32686
753 192 2500 2520 208017 32763
754 192 2500 2520 208507 32821
755 193 2500 2520 208917 32884
756 193 2500 2520 209359 32910
757 194 2500 2520 209759 32946
758 194 2500 2520 210167 32980
759 194 2500 2520 210631 33086
760 195 2500 2520 211118 33152
761 195 2500 2520 211532 33181
762 195 2500 2520 211979 33248
763 195 2500 2520 212399 33326
764 197 2500 2520 212853 33388
765 198 2500 2520 213324 33450
766 198 2500 2520 213819 33556
767 200 2500 2520 214350 33645
768 200 2500 2520 214854 33713
769 201 2500 2520 215386 33773
770 202 2500 2520 215982 33846
771 203 2500 2520 216587 33952
772 203 2500 2520 217134 34019
773 203 2500 2520 217718 34123
774 204 2500 2520 218335 34177
775 204 2500 2520 218884 34262
776 206 2500 2520 219424 34337
777 206 2500 2520 219961 34426
778 206 2500 2520 220546 34482
779 207 2500 2520 221150 34539
780 207 2500 2520 221735 34635
781 208 2500 2520 222319 34691
782 208 2500 2520 222900 34769
783 208 2500 2520 223510 34845
784 209 2500 2520 224026 34887
785 209 2500 2520 224638 34982
786 211 2500 2520 225171 35061
787 211 2500 2520 225802 35151
788 212 2500 2520 226366 35205
789 213 2500 2520 226980 35318
790 215 2500 2520 227623 35408
791 215 2499 2520 228221 35532
792 215 2499 2520 228855 35603
793 215 2499 2520 229433 35664
794 215 2499 2520 230071 35714
795 215 2499 2520 230696 35782
796 215 2499 2520 231197 35831
797 216 2499 2520 231723 35895
798 217 2499 2520 232291 35962
799 217 2499 2520 232874 36049
800 218 2499 2520 233488 36142
801 219 2499 2520 234068 36212
802 219 2499 2520 234625 36304
803 219 2498 2520 235136 36378
804 219 2498 2520 235780 36469
805 219 2498 2520 236336 36555
806 219 2498 2520 236988 36630
807 221 2498 2520 237588 36734
808 221 2498 2520 238167 36798
809 222 2498 2520 238795 36868
810 223 2498 2520 239368 36931
811 223 2498 2520 239920 37026
812 224 2498 2520 240522 37107
813 225 2498 2520 241133 37165
814 227 2498 2520 241724 37270
815 228 2498 2520 242338 37319
816 229 2498 2520 242965 37391
817 229 2498 2520 243637 37468
818 229 2498 2520 244316 37549
819 230 2498 2520 244970 37648
820 230 2498 2520 245678 37687
821 230 2498 2520 246283 37756
822 230 2498 2520 246915 37892
823 231 2498 2520 247592 37992
824 233 2498 2520 248204 38088
825 235 2498 2520 248863 38165
826 235 2498 2520 249555 38259
827 235 2498 2520 250255 38330
828 235 2498 2520 250961 38411
829 235 2498 2520 251666 38464
830 235 2498 2520 252424 38548
831 235 2498 2520 253109 38623
832 235 2498 2520 253808 38722
833 237 2498 2520 254476 38808
834 237 2498 2520 255083 38859
835 237 2498 2520 255669 38956
836 237 2498 2520 256334 39043
837 237 2498 2520 256895 39116
838 237 2498 2520 257489 39150
839 237 2498 2520 258075 39227
840 238 2498 2520 258682 39318
841 238 2498 2520 259198 39367
842 238 2498 2520 259745 39485
843 239 2498 2520 260320 39582
844 241 2498 2520 260851 39648
845 243 2498 2520 261427 39706
846 243 2498 2520 261950 39787
847 245 2498 2520 262531 39855
848 246 2498 2520 263149 39911
849 246 2498 2520 263726 39999
850 246 2498 2520 264341 40090
851 247 2498 2520 264960 40216
852 248 2498 2520 265586 40291
853 248 2498 2520 266198 40391
854 250 2498 2520 266857 40445
855 251 2498 2520 267482 40505
856 252 2498 2520 268232 40624
857 252 2498 2520 268935 40679
858 253 2498 2520 269640 40701
859 253 2498 2520 270396 40783
860 255 2498 2520 271147 40880
861 255 2498 2520 271849 40960
862 255 2498 2520 272470 41057
863 257 2498 2520 273153 41132
864 257 2498 2520 273899 41224
865 257 2498 2520 274567 41278
866 257 2498 2520 275248 41361
867 257 2498 2520 275975 41471
868 257 2498 2520 276619 41506
869 257 2498 2520 277268 41577
870 257 2498 2520 277961 41633
871 258 2498 2520 278575 41734
872 258 2497 2520 279173 41804
873 258 2497 2520 279822 41850
874 260 2497 2520 280439 41944
875 261 2497 2520 281066 42031
876 263 2497 2520 281773 42144
877 263 2497 2520 282368 42216
878 264 2497 2520 283098 42350
879 264 2497 2520 283851 42457
880 264 2497 2520 284587 42536
881 264 2497 2520 285289 42609
882 265 2497 2520 285941 42677
883 266 2497 2520 286603 42722
884 267 2497 2520 287264 42795
885 268 2497 2520 287968 42909
886 269 2497 2520 288649 42991
887 270 2497 2520 289290 43049
888 272 2497 2520 290012 43130
889 274 2497 2520 290652 43164
890 274 2496 2520 291290 43263
891 275 2496 2520 292041 43375
892 276 2496 2520 292807 43454
893 277 2496 2520 293513 43570
894 277 2496 2520 294273 43706
895 277 2496 2520 295064 43781
896 277 2496 2520 295845 43910
897 278 2496 2520 296646 43986
898 279 2496 2520 297365 44080
899 280 2494 2520 298169 44149
900 284 2494 2520 298951 44205
901 285 2494 2520 299716 44315
902 285 2494 2520 300575 44370
903 285 2494 2520 301457 44451
904 287 2494 2520 302272 44578
905 288 2494 2520 303076 44668
906 289 2494 2520 303932 44759
907 289 2494 2520 304793 44865
908 291 2494 2520 305654 44970
909 291 2494 2520 306562 45109
910 292 2494 2520 307451 45268
911 292 2494 2520 308329 45360
912 292 2494 2520 309173 45443
913 292 2494 2520 310057 45585
914 292 2494 2520 310902 45626
915 292 2494 2520 311733 45697
916 293 2494 2520 312503 45798
917 294 2493 2520 313276 45871
918 295 2493 2520 314126 45972
919 296 2493 2520 314840 46094
920 296 2493 2520 315542 46182
921 298 2493 2520 316353 46251
922 299 2493 2520 317152 46309
923 300 2492 2520 317880 46385
924 300 2492 2520 318604 46447
925 300 2492 2520 319415 46524
926 300 2492 2520 320214 46633
927 300 2492 2520 321128 46761
928 305 2492 2520 321954 46841
929 307 2492 2520 322802 46916
930 307 2492 2520 323681 47012
931 307 2492 2520 324601 47103
932 309 2492 2520 325436 47172
933 310 2492 2520 326250 47291
934 310 2492 2520 327160 47409
935 312 2492 2520 328015 47452
936 312 2492 2520 328866 47491
937 312 2492 2520 329720 47586
938 312 2492 2520 330598 47706
939 312 2492 2520 331500 47803
940 313 2491 2520 332341 47949
941 313 2491 2520 333162 48049
942 313 2490 2520 334055 48157
943 314 2490 2520 334849 48226
944 314 2490 2520 335652 48338
945 316 2490 2520 336399 48424
946 317 2490 2520 337159 48518
947 319 2490 2520 337939 48631
948 319 2490 2520 338856 48696
949 322 2490 2520 339666 48834
950 324 2490 2520 340476 48936
951 325 2489 2520 341312 49012
952 326 2489 2520 342271 49080
953 326 2488 2520 343255 49203
954 327 2488 2520 344219 49285
955 329 2488 2520 345165 49401
956 329 2488 2520 346075 49541
957 330 2488 2520 346992 49669
958 330 2488 2520 347926 49778
959 330 2488 2520 348898 49848
960 332 2487 2520 349853 49878
961 332 2486 2520 350722 49979
962 332 2486 2520 351652 50098
963 333 2486 2520 352579 50159
964 333 2486 2520 353472 50268
965 333 2486 2520 354367 50290
966 336 2486 2520 355228 50397
967 336 2486 2520 356112 50518
968 337 2486 2520 356977 50611
969 337 2486 2520 357849 50689
970 337 2486 2520 358774 50792
971 338 2486 2520 359588 50878
972 338 2486 2520 360445 50962
973 339 2486 2520 361244 51030
974 339 2486 2520 362070 51116
975 341 2486 2520 362852 51186
976 341 2486 2520 363617 51289
977 341 2486 2520 364391 51373
978 342 2485 2520 365205 51471
979 343 2485 2520 365988 51552
980 344 2485 2520 366818 51633
981 344 2485 2520 367676 51713
982 346 2485 2520 368452 51811
983 347 2484 2520 369351 51906
984 347 2484 2520 370268 51987
985 347 2484 2520 371150 52076
986 347 2484 2520 372027 52168
987 348 2484 2520 372909 52342
988 350 2484 2520 373741 52409
989 351 2483 2520 374664 52539
990 352 2483 2520 375457 52618
991 353 2483 2520 376388 52721
992 353 2483 2520 377403 52859
993 353 2483 2520 378333 52934
994 355 2483 2520 379213 52998
995 355 2483 2520 380134 53072
996 357 2483 2520 381022 53172
997 358 2483 2520 381958 53263
998 359 2483 2520 382847 53340
999 362 2483 2520 383775 53461
1000 364 2483 2520 384688 53562
