0 1 2519 2520 795 499
1 1 2519 2520 830 521
2 1 2519 2520 865 540
3 1 2519 2520 901 563
4 1 2519 2520 936 585
5 1 2519 2520 979 602
6 1 2519 2520 1020 625
7 1 2519 2520 1055 636
8 1 2519 2520 1085 657
9 1 2519 2520 1138 687
10 1 2519 2520 1170 702
11 1 2519 2520 1191 700
12 1 2519 2520 1209 710
13 1 2519 2520 1231 712
14 1 2519 2520 1238 719
15 1 2519 2520 1264 732
16 1 2519 2520 1285 738
17 1 2519 2520 1301 744
18 1 2519 2520 1313 747
19 1 2519 2520 1321 751
20 1 2519 2520 1342 759
21 1 2519 2520 1355 759
22 1 2519 2520 1367 763
23 1 2519 2520 1385 767
24 1 2519 2520 1390 768
25 1 2519 2520 1388 768
26 1 2519 2520 1393 769
27 1 2519 2520 1388 766
28 1 2519 2520 1396 767
29 1 2519 2520 1390 763
30 1 2519 2520 1395 762
31 1 2519 2520 1393 762
32 1 2519 2520 1397 765
33 1 2519 2520 1408 767
34 1 2519 2520 1428 772
35 1 2519 2520 1437 772
36 1 2519 2520 1436 773
37 1 2519 2520 1432 765
38 1 2519 2520 1429 766
39 1 2519 2520 1430 768
40 1 2519 2520 1429 769
41 1 2519 2520 1424 772
42 1 2519 2520 1426 772
43 2 2519 2520 1430 770
44 2 2519 2520 1449 777
45 2 2519 2520 1526 801
46 2 2519 2520 1593 826
47 2 2519 2520 1666 852
48 2 2519 2520 1727 875
49 2 2519 2520 1812 897
50 2 2519 2520 1872 918
51 2 2519 2520 1951 951
52 2 2519 2520 2033 973
53 2 2519 2520 2098 998
54 2 2519 2520 2161 1031
55 2 2519 2520 2225 1046
56 2 2519 2520 2272 1043
57 2 2519 2520 2307 1050
58 2 2519 2520 2358 1058
59 2 2519 2520 2398 1076
60 2 2519 2520 2427 1085
61 2 2519 2520 2453 1089
62 2 2519 2520 2483 1095
63 2 2519 2520 2522 1103
64 2 2519 2520 2544 1109
65 2 2519 2520 2572 1122
66 2 2519 2520 2598 1128
67 2 2519 2520 2622 1132
68 2 2519 2520 2641 1135
69 2 2519 2520 2661 1143
70 2 2519 2520 2660 1137
71 2 2519 2520 2662 1133
72 2 2519 2520 2670 1134
73 2 2519 2520 2687 1143
74 2 2519 2520 2683 1141
75 2 2519 2520 2688 1146
76 2 2519 2520 2698 1152
77 2 2519 2520 2712 1155
78 2 2519 2520 2716 1165
79 2 2519 2520 2713 1163
80 2 2519 2520 2720 1164
81 2 2519 2520 2728 1164
82 2 2519 2520 2717 1158
83 2 2519 2520 2730 1168
84 2 2519 2520 2726 1164
85 4 2519 2520 2732 1167
86 4 2519 2520 2748 1174
87 4 2519 2520 2868 1220
88 4 2519 2520 2954 1245
89 4 2519 2520 3078 1281
90 4 2519 2520 3207 1327
91 4 2519 2520 3343 1367
92 4 2519 2520 3462 1419
93 4 2519 2520 3593 1465
94 4 2519 2520 3697 1508
95 4 2519 2520 3821 1537
96 4 2519 2520 3910 1560
97 4 2519 2520 4014 1596
98 4 2519 2520 4112 1613
99 4 2519 2520 4206 1645
100 4 2519 2520 4323 1648
101 4 2519 2520 4426 1676
102 4 2519 2520 4510 1693
103 4 2519 2520 4577 1704
104 4 2519 2520 4626 1724
105 4 2519 2520 4686 1740
106 4 2519 2520 4746 1760
107 4 2519 2520 4788 1778
108 4 2519 2520 4805 1779
109 4 2519 2520 4840 1799
110 4 2519 2520 4864 1807
111 4 2519 2520 4887 1809
112 4 2519 2520 4917 1827
113 4 2519 2520 4943 1836
114 4 2519 2520 4972 1845
115 4 2519 2520 4995 1851
116 4 2519 2520 5019 1853
117 4 2519 2520 5050 1860
118 4 2519 2520 5072 1871
119 4 2519 2520 5098 1878
120 4 2519 2520 5123 1888
121 4 2519 2520 5141 1890
122 4 2519 2520 5156 1899
123 4 2519 2520 5181 1908
124 4 2519 2520 5207 1907
125 4 2519 2520 5232 1898
126 4 2519 2520 5229 1914
127 5 2519 2520 5250 1925
128 6 2519 2520 5279 1936
129 7 2519 2520 5355 1962
130 8 2519 2520 5463 1995
131 8 2519 2520 5676 2066
132 8 2519 2520 5912 2124
133 8 2519 2520 6113 2163
134 8 2519 2520 6342 2223
135 8 2519 2520 6594 2277
136 8 2519 2520 6879 2323
137 8 2519 2520 7101 2372
138 8 2519 2520 7334 2413
139 8 2519 2520 7536 2450
140 8 2519 2520 7733 2484
141 8 2519 2520 7905 2503
142 8 2519 2520 8084 2540
143 8 2518 2520 8220 2545
144 8 2518 2520 8391 2568
145 8 2518 2520 8544 2588
146 8 2518 2520 8706 2632
147 8 2518 2520 8829 2657
148 8 2518 2520 8939 2669
149 8 2518 2520 9050 2688
150 8 2518 2520 9145 2703
151 8 2518 2520 9258 2735
152 8 2518 2520 9348 2737
153 8 2518 2520 9432 2740
154 8 2518 2520 9517 2756
155 8 2518 2520 9585 2771
156 8 2518 2520 9654 2788
157 8 2518 2520 9723 2800
158 8 2518 2520 9778 2805
159 8 2518 2520 9809 2817
160 8 2518 2520 9860 2817
161 8 2518 2520 9902 2824
162 8 2518 2520 9942 2833
163 8 2518 2520 9981 2850
164 8 2518 2520 9996 2850
165 8 2518 2520 10034 2866
166 9 2518 2520 10041 2875
167 9 2518 2520 10075 2882
168 9 2518 2520 10136 2900
169 9 2518 2520 10206 2907
170 10 2518 2520 10274 2895
171 13 2518 2520 10343 2922
172 14 2518 2520 10495 2970
173 15 2518 2520 10770 3017
174 15 2518 2520 11011 3076
175 15 2518 2520 11318 3150
176 15 2518 2520 11633 3201
177 15 2518 2520 11950 3268
178 15 2518 2520 12290 3322
179 15 2518 2520 12589 3367
180 15 2518 2520 12870 3410
181 15 2517 2520 13151 3463
182 15 2517 2520 13448 3509
183 15 2517 2520 13706 3563
184 15 2517 2520 13948 3603
185 15 2517 2520 14207 3645
186 15 2517 2520 14440 3669
187 15 2517 2520 14651 3718
188 15 2517 2520 14870 3749
189 15 2517 2520 15075 3781
190 15 2516 2520 15251 3802
191 15 2516 2520 15409 3829
192 15 2516 2520 15586 3855
193 15 2516 2520 15754 3871
194 15 2516 2520 15912 3908
195 15 2516 2520 16038 3935
196 15 2516 2520 16199 3960
197 15 2516 2520 16320 3971
198 15 2516 2520 16430 3988
199 15 2516 2520 16534 4017
200 15 2516 2520 16647 4034
201 15 2516 2520 16741 4039
202 15 2516 2520 16840 4057
203 15 2516 2520 16938 4070
204 15 2516 2520 17023 4101
205 16 2516 2520 17094 4117
206 16 2516 2520 17197 4148
207 16 2516 2520 17308 4156
208 16 2516 2520 17420 4183
209 16 2516 2520 17523 4200
210 16 2516 2520 17624 4215
211 16 2516 2520 17738 4253
212 17 2516 2520 17849 4278
213 19 2516 2520 17940 4282
214 21 2516 2520 18067 4315
215 21 2516 2520 18280 4368
216 22 2516 2520 18529 4424
217 23 2516 2520 18812 4473
218 23 2516 2520 19121 4542
219 23 2516 2520 19428 4606
220 23 2516 2520 19767 4692
221 23 2516 2520 20069 4764
222 23 2516 2520 20405 4826
223 23 2516 2520 20697 4885
224 23 2516 2520 20961 4933
225 23 2516 2520 21280 5000
226 23 2516 2520 21588 5050
227 23 2516 2520 21873 5106
228 23 2516 2520 22114 5159
229 23 2516 2520 22356 5223
230 24 2516 2520 22630 5250
231 24 2516 2520 22886 5325
232 24 2516 2520 23126 5369
233 24 2516 2520 23364 5419
234 24 2516 2520 23629 5479
235 24 2516 2520 23868 5483
236 24 2516 2520 24072 5508
237 24 2516 2520 24286 5544
238 24 2516 2520 24516 5589
239 24 2516 2520 24690 5652
240 24 2516 2520 24878 5686
241 24 2516 2520 25042 5702
242 25 2516 2520 25205 5738
243 25 2516 2520 25388 5772
244 25 2516 2520 25591 5805
245 25 2516 2520 25787 5855
246 25 2516 2520 25966 5877
247 25 2516 2520 26165 5912
248 26 2516 2520 26387 5972
249 26 2516 2520 26612 6042
250 26 2516 2520 26848 6074
251 26 2516 2520 27055 6112
252 26 2516 2520 27285 6149
253 26 2516 2520 27486 6182
254 26 2516 2520 27666 6188
255 26 2516 2520 27860 6214
256 27 2516 2520 28044 6247
257 27 2516 2520 28232 6284
258 29 2516 2520 28429 6320
259 29 2516 2520 28637 6353
260 29 2516 2520 28911 6418
261 30 2516 2520 29143 6443
262 30 2516 2520 29400 6485
263 30 2516 2520 29676 6549
264 30 2516 2520 29957 6590
265 30 2515 2520 30251 6648
266 31 2515 2520 30512 6673
267 31 2515 2520 30822 6732
268 31 2515 2520 31095 6777
269 31 2515 2520 31346 6797
270 31 2515 2520 31655 6838
271 31 2515 2520 31932 6874
272 31 2515 2520 32174 6888
273 31 2515 2520 32434 6893
274 31 2515 2520 32655 6925
275 31 2515 2520 32902 6959
276 31 2515 2520 33080 7016
277 32 2515 2520 33291 7050
278 34 2515 2520 33552 7090
279 34 2515 2520 33814 7130
280 34 2515 2520 34060 7189
281 34 2515 2520 34341 7235
282 34 2515 2520 34538 7284
283 34 2515 2520 34794 7335
284 34 2515 2520 35008 7383
285 34 2515 2520 35242 7411
286 34 2515 2520 35424 7458
287 35 2515 2520 35641 7459
288 36 2515 2520 35905 7490
289 36 2515 2520 36123 7551
290 36 2515 2520 36387 7613
291 36 2515 2520 36640 7698
292 37 2515 2520 36897 7762
293 37 2515 2520 37160 7809
294 37 2515 2520 37453 7869
295 37 2515 2520 37697 7885
296 37 2515 2520 37966 7945
297 38 2515 2520 38255 8017
298 38 2515 2520 38527 8040
299 38 2515 2520 38767 8084
300 38 2515 2520 38980 8142
301 38 2514 2520 39223 8171
302 38 2514 2520 39469 8224
303 38 2514 2520 39725 8250
304 38 2514 2520 39916 8273
305 38 2514 2520 40117 8313
306 38 2514 2520 40323 8345
307 38 2514 2520 40506 8360
308 39 2514 2520 40697 8366
309 40 2514 2520 40862 8409
310 42 2514 2520 41048 8425
311 43 2514 2520 41281 8466
312 43 2514 2520 41505 8493
313 43 2514 2520 41779 8556
314 43 2514 2520 42105 8635
315 43 2514 2520 42389 8675
316 43 2514 2520 42683 8715
317 43 2514 2520 43015 8749
318 43 2514 2520 43334 8809
319 44 2514 2520 43595 8873
320 44 2514 2520 43890 8913
321 44 2514 2520 44216 8961
322 44 2514 2520 44525 9001
323 44 2514 2520 44797 9073
324 44 2514 2520 45040 9127
325 44 2514 2520 45358 9192
326 44 2514 2520 45571 9224
327 44 2514 2520 45799 9269
328 45 2514 2520 45993 9293
329 45 2514 2520 46197 9359
330 45 2514 2520 46439 9421
331 46 2514 2520 46662 9439
332 46 2514 2520 46898 9501
333 46 2514 2520 47173 9517
334 46 2514 2520 47446 9557
335 47 2514 2520 47697 9596
336 47 2514 2520 47943 9660
337 48 2514 2520 48221 9701
338 48 2514 2520 48499 9764
339 48 2514 2520 48744 9813
340 48 2514 2520 49012 9849
341 48 2514 2520 49258 9858
342 48 2514 2520 49552 9926
343 48 2514 2520 49822 9957
344 48 2514 2520 50071 9991
345 48 2514 2520 50346 10047
346 49 2514 2520 50581 10086
347 49 2514 2520 50845 10138
348 49 2514 2520 51114 10181
349 50 2514 2520 51364 10245
350 50 2514 2520 51622 10288
351 50 2514 2520 51931 10343
352 50 2514 2520 52212 10414
353 50 2514 2520 52533 10483
354 51 2514 2520 52822 10556
355 52 2514 2520 53109 10630
356 52 2514 2520 53363 10658
357 52 2514 2520 53651 10705
358 52 2514 2520 53903 10736
359 52 2514 2520 54184 10790
360 52 2514 2520 54434 10842
361 52 2514 2520 54739 10905
362 52 2514 2520 55005 10972
363 54 2514 2520 55252 10998
364 55 2514 2520 55551 11056
365 55 2514 2520 55831 11097
366 55 2514 2520 56115 11170
367 56 2514 2520 56432 11214
368 56 2514 2520 56752 11282
369 56 2514 2520 57032 11324
370 56 2514 2520 57356 11355
371 56 2514 2520 57665 11405
372 56 2513 2520 57983 11467
373 56 2513 2520 58318 11493
374 56 2513 2520 58589 11527
375 56 2513 2520 58896 11585
376 57 2513 2520 59161 11629
377 58 2513 2520 59422 11670
378 59 2513 2520 59743 11771
379 60 2513 2520 60069 11822
380 60 2513 2520 60409 11862
381 60 2513 2520 60731 11920
382 60 2513 2520 61065 11985
383 60 2513 2520 61353 12050
384 60 2513 2520 61672 12091
385 60 2513 2520 61992 12143
386 60 2513 2520 62261 12198
387 60 2513 2520 62561 12251
388 60 2513 2520 62841 12323
389 60 2513 2520 63120 12360
390 60 2513 2520 63380 12396
391 60 2513 2520 63637 12446
392 60 2513 2520 63909 12477
393 60 2513 2520 64158 12504
394 61 2513 2520 64379 12539
395 61 2513 2520 64651 12610
396 61 2513 2520 64887 12641
397 61 2513 2520 65091 12654
398 61 2513 2520 65387 12693
399 62 2513 2520 65626 12715
400 62 2513 2520 65853 12766
401 62 2513 2520 66126 12818
402 62 2513 2520 66367 12880
403 62 2513 2520 66508 12911
404 63 2513 2520 66695 12932
405 63 2513 2520 66923 12997
406 63 2513 2520 67136 13029
407 64 2513 2520 67403 13061
408 64 2513 2520 67692 13100
409 65 2513 2520 67970 13152
410 65 2512 2520 68228 13195
411 66 2512 2520 68525 13259
412 67 2512 2520 68849 13293
413 67 2512 2520 69205 13370
414 67 2512 2520 69556 13425
415 67 2512 2520 69860 13476
416 67 2512 2520 70233 13550
417 67 2512 2520 70549 13554
418 67 2512 2520 70875 13606
419 67 2512 2520 71170 13671
420 67 2512 2520 71435 13703
421 67 2512 2520 71727 13755
422 69 2512 2520 72046 13807
423 69 2512 2520 72319 13838
424 69 2512 2520 72649 13869
425 69 2512 2520 72932 13908
426 69 2512 2520 73245 13962
427 69 2512 2520 73536 14021
428 70 2512 2520 73844 14061
429 70 2512 2520 74166 14138
430 70 2512 2520 74488 14185
431 70 2512 2520 74803 14251
432 70 2512 2520 75095 14311
433 71 2512 2520 75373 14362
434 71 2512 2520 75649 14403
435 71 2512 2520 75958 14460
436 71 2512 2520 76195 14458
437 71 2512 2520 76487 14494
438 71 2512 2520 76724 14563
439 73 2512 2520 76987 14597
440 73 2512 2520 77252 14662
441 74 2512 2520 77554 14722
442 74 2512 2520 77843 14789
443 74 2512 2520 78113 14833
444 74 2512 2520 78390 14905
445 74 2512 2520 78684 14946
446 75 2512 2520 78969 14982
447 76 2512 2520 79257 15036
448 76 2512 2520 79592 15108
449 77 2512 2520 79977 15167
450 77 2512 2520 80323 15226
451 77 2512 2520 80692 15271
452 78 2512 2520 81046 15342
453 80 2512 2520 81406 15383
454 80 2512 2520 81813 15447
455 80 2512 2520 82285 15537
456 80 2512 2520 82753 15600
457 80 2512 2520 83171 15651
458 80 2512 2520 83616 15703
459 80 2512 2520 83988 15778
460 80 2512 2520 84367 15835
461 83 2512 2520 84777 15900
462 83 2512 2520 85163 15966
463 83 2512 2520 85575 16038
464 84 2512 2520 85946 16108
465 85 2512 2520 86344 16156
466 85 2512 2520 86762 16247
467 85 2512 2520 87250 16363
468 85 2512 2520 87712 16396
469 85 2512 2520 88174 16451
470 85 2512 2520 88629 16491
471 86 2512 2520 89075 16535
472 86 2512 2520 89508 16649
473 86 2512 2520 89933 16738
474 86 2512 2520 90401 16844
475 86 2512 2520 90859 16915
476 87 2512 2520 91314 16989
477 87 2512 2520 91758 17055
478 87 2512 2520 92158 17137
479 87 2512 2520 92574 17213
480 87 2512 2520 92985 17270
481 87 2512 2520 93436 17345
482 87 2512 2520 93829 17380
483 87 2512 2520 94175 17394
484 87 2512 2520 94518 17452
485 89 2511 2520 94874 17511
486 89 2511 2520 95192 17577
487 90 2511 2520 95560 17609
488 90 2511 2520 95957 17709
489 90 2511 2520 96365 17760
490 92 2511 2520 96718 17783
491 92 2511 2520 97081 17811
492 92 2511 2520 97471 17878
493 93 2511 2520 97860 17941
494 93 2511 2520 98203 17959
495 94 2511 2520 98590 17992
496 95 2511 2520 99013 18053
497 95 2511 2520 99434 18089
498 95 2511 2520 99913 18151
499 95 2511 2520 100338 18220
500 95 2511 2520 100751 18261
501 97 2511 2520 101131 18329
502 97 2511 2520 101582 18399
503 97 2511 2520 102054 18495
504 97 2511 2520 102463 18571
505 98 2510 2520 102865 18650
506 99 2510 2520 103288 18710
507 99 2509 2520 103771 18797
508 100 2509 2520 104217 18839
509 101 2509 2520 104687 18932
510 102 2509 2520 105124 19004
511 105 2509 2520 105637 19078
512 106 2509 2520 106173 19137
513 106 2509 2520 106749 19221
514 106 2509 2520 107359 19299
515 106 2509 2520 107942 19436
516 106 2509 2520 108434 19507
517 106 2509 2520 108916 19552
518 106 2509 2520 109497 19637
519 106 2509 2520 109984 19720
520 106 2508 2520 110506 19774
521 106 2508 2520 110979 19894
522 107 2508 2520 111396 19939
523 107 2508 2520 111800 19983
524 107 2508 2520 112271 20041
525 107 2508 2520 112688 20137
526 107 2508 2520 113054 20195
527 107 2508 2520 113451 20240
528 107 2508 2520 113853 20311
529 107 2508 2520 114213 20375
530 108 2508 2520 114580 20434
531 108 2508 2520 114910 20465
532 108 2508 2520 115253 20548
533 108 2508 2520 115654 20623
534 108 2508 2520 116012 20694
535 108 2508 2520 116343 20769
536 109 2508 2520 116667 20817
537 109 2508 2520 116995 20860
538 109 2508 2520 117343 20896
539 110 2508 2520 117712 21022
540 110 2508 2520 118061 21082
541 111 2508 2520 118359 21134
542 112 2508 2520 118686 21188
543 114 2508 2520 119059 21250
544 114 2508 2520 119435 21317
545 114 2508 2520 119795 21424
546 114 2508 2520 120213 21472
547 114 2508 2520 120654 21527
548 115 2508 2520 121063 21584
549 115 2508 2520 121431 21615
550 116 2508 2520 121848 21699
551 116 2508 2520 122280 21759
552 116 2508 2520 122762 21806
553 116 2508 2520 123187 21865
554 117 2508 2520 123621 21918
555 117 2508 2520 124047 21958
556 119 2508 2520 124537 22026
557 122 2508 2520 125080 22081
558 123 2508 2520 125646 22180
559 123 2508 2520 126217 22260
560 125 2508 2520 126853 22417
561 125 2508 2520 127458 22542
562 125 2507 2520 128054 22622
563 125 2507 2520 128751 22698
564 125 2507 2520 129476 22760
565 125 2507 2520 130079 22824
566 125 2507 2520 130693 22905
567 125 2507 2520 131229 22978
568 125 2507 2520 131794 23065
569 125 2507 2520 132302 23111
570 125 2507 2520 132820 23190
571 125 2507 2520 133273 23231
572 125 2507 2520 133764 23285
573 127 2507 2520 134212 23322
574 127 2506 2520 134663 23345
575 127 2506 2520 135158 23411
576 129 2506 2520 135642 23493
577 129 2506 2520 136155 23549
578 129 2506 2520 136713 23676
579 129 2506 2520 137174 23748
580 129 2506 2520 137622 23805
581 129 2506 2520 138077 23840
582 129 2506 2520 138518 23888
583 129 2506 2520 138963 23930
584 129 2506 2520 139393 24020
585 129 2506 2520 139836 24085
586 129 2506 2520 140287 24151
587 131 2506 2520 140698 24217
588 132 2506 2520 141065 24262
589 132 2506 2520 141441 24336
590 132 2506 2520 141860 24375
591 132 2506 2520 142269 24429
592 136 2506 2520 142679 24496
593 136 2506 2520 143069 24547
594 137 2506 2520 143474 24606
595 138 2505 2520 143921 24669
596 139 2505 2520 144425 24714
597 139 2505 2520 144987 24827
598 139 2505 2520 145507 24895
599 139 2504 2520 146066 24925
600 139 2504 2520 146622 24966
601 141 2504 2520 147141 25045
602 141 2504 2520 147710 25108
603 142 2504 2520 148282 25119
604 142 2504 2520 148869 25196
605 142 2504 2520 149462 25265
606 142 2504 2520 149997 25320
607 143 2504 2520 150553 25381
608 143 2504 2520 151077 25474
609 143 2504 2520 151569 25549
610 144 2504 2520 152122 25650
611 145 2504 2520 152619 25746
612 146 2504 2520 153158 25844
613 146 2504 2520 153664 25953
614 146 2503 2520 154174 26035
615 146 2503 2520 154750 26097
616 146 2503 2520 155247 26149
617 146 2503 2520 155707 26185
618 147 2503 2520 156145 26237
619 147 2503 2520 156602 26273
620 147 2503 2520 157036 26331
621 147 2503 2520 157456 26355
622 149 2502 2520 157889 26387
623 150 2502 2520 158323 26415
624 152 2502 2520 158735 26496
625 152 2502 2520 159263 26543
626 152 2502 2520 159819 26641
627 152 2502 2520 160369 26735
628 152 2502 2520 160877 26793
629 152 2502 2520 161401 26877
630 153 2502 2520 161914 26957
631 153 2502 2520 162429 27053
632 154 2502 2520 162925 27114
633 154 2502 2520 163461 27204
634 154 2502 2520 163967 27317
635 155 2502 2520 164537 27416
636 155 2502 2520 165009 27502
637 156 2502 2520 165533 27580
638 158 2502 2520 166009 27667
639 158 2502 2520 166539 27714
640 158 2502 2520 167052 27782
641 158 2502 2520 167613 27831
642 160 2502 2520 168131 27921
643 161 2502 2520 168625 27995
644 161 2502 2520 169138 28093
645 161 2502 2520 169721 28208
646 161 2502 2520 170232 28253
647 161 2502 2520 170789 28343
648 162 2502 2520 171296 28390
649 162 2502 2520 171764 28452
650 164 2502 2520 172331 28569
651 166 2502 2520 172865 28659
652 166 2502 2520 173432 28753
653 166 2502 2520 173965 28844
654 166 2502 2520 174511 28930
655 166 2502 2520 175094 29016
656 167 2502 2520 175663 29091
657 168 2502 2520 176183 29127
658 168 2502 2520 176785 29229
659 168 2502 2520 177359 29304
660 169 2502 2520 177918 29384
661 170 2502 2520 178381 29440
662 170 2502 2520 178890 29522
663 170 2502 2520 179446 29618
664 170 2502 2520 179951 29694
665 170 2502 2520 180438 29793
666 172 2502 2520 180933 29879
667 174 2502 2520 181436 29960
668 175 2502 2520 182009 30060
669 176 2502 2520 182541 30129
670 176 2502 2520 183156 30198
671 176 2502 2520 183780 30335
672 176 2502 2520 184301 30408
673 176 2502 2520 184839 30428
674 176 2502 2520 185447 30533
675 176 2502 2520 185975 30609
676 176 2502 2520 186473 30653
677 176 2502 2520 187043 30762
678 176 2502 2520 187568 30843
679 177 2502 2520 188099 30910
680 178 2502 2520 188596 31006
681 178 2502 2520 189092 31088
682 178 2502 2520 189609 31145
683 179 2502 2520 190070 31204
684 180 2502 2520 190639 31301
685 180 2502 2520 191183 31396
686 180 2502 2520 191751 31493
687 181 2502 2520 192316 31599
688 182 2502 2520 192866 31649
689 183 2502 2520 193450 31713
690 183 2502 2520 194010 31794
691 183 2502 2520 194524 31855
692 183 2501 2520 195066 31952
693 184 2501 2520 195650 32004
694 185 2501 2520 196159 32072
695 187 2501 2520 196626 32081
696 188 2501 2520 197140 32110
697 188 2501 2520 197755 32166
698 189 2501 2520 198415 32247
699 190 2501 2520 199023 32360
700 191 2501 2520 199676 32464
701 191 2501 2520 200313 32504
702 192 2501 2520 200956 32626
703 192 2501 2520 201633 32740
704 192 2501 2520 202317 32809
705 192 2501 2520 203014 32855
706 192 2501 2520 203676 32914
707 193 2501 2520 204305 32989
708 193 2501 2520 204940 33088
709 194 2501 2520 205613 33155
710 194 2501 2520 206236 33303
711 194 2501 2520 206869 33382
712 195 2500 2520 207438 33478
713 195 2500 2520 208041 33583
714 195 2500 2520 208670 33665
715 196 2500 2520 209319 33723
716 196 2500 2520 209908 33778
717 197 2500 2520 210479 33896
718 197 2500 2520 211058 33960
719 197 2500 2520 211673 34027
720 197 2500 2520 212257 34075
721 197 2500 2520 212781 34156
722 198 2500 2520 213294 34232
723 198 2500 2520 213852 34273
724 198 2500 2520 214355 34322
725 199 2500 2520 214865 34416
726 200 2500 2520 215409 34465
727 201 2500 2520 215920 34534
728 201 2500 2520 216468 34665
729 201 2500 2520 216971 34701
730 202 2499 2520 217531 34767
731 205 2498 2520 218006 34840
732 206 2498 2520 218529 34934
733 207 2498 2520 219126 35007
734 207 2498 2520 219774 35075
735 208 2498 2520 220299 35183
736 209 2497 2520 220932 35245
737 209 2497 2520 221576 35309
738 209 2497 2520 222238 35391
739 213 2497 2520 222862 35446
740 214 2497 2520 223556 35521
741 215 2496 2520 224303 35634
742 215 2496 2520 225125 35748
743 216 2496 2520 225965 35807
744 216 2496 2520 226790 35884
745 216 2496 2520 227510 35961
746 217 2496 2520 228278 36062
747 217 2496 2520 229084 36132
748 217 2496 2520 229862 36141
749 217 2496 2520 230621 36199
750 217 2496 2520 231319 36302
751 218 2496 2520 231981 36371
752 218 2496 2520 232712 36399
753 220 2496 2520 233368 36481
754 220 2496 2520 234014 36591
755 220 2496 2520 234694 36659
756 221 2496 2520 235350 36694
757 221 2496 2520 236041 36810
758 221 2496 2520 236726 36965
759 221 2496 2520 237359 37020
760 221 2496 2520 238005 37112
761 222 2496 2520 238590 37245
762 222 2496 2520 239238 37301
763 222 2496 2520 239855 37402
764 222 2495 2520 240414 37463
765 222 2494 2520 240985 37544
766 222 2494 2520 241604 37653
767 222 2494 2520 242135 37713
768 222 2494 2520 242702 37805
769 222 2494 2520 243297 37855
770 222 2494 2520 243842 37905
771 222 2494 2520 244333 37995
772 223 2494 2520 244741 38032
773 227 2494 2520 245154 38090
774 229 2494 2520 245661 38176
775 230 2494 2520 246187 38241
776 231 2494 2520 246771 38345
777 232 2494 2520 247400 38422
778 233 2494 2520 248040 38535
779 235 2494 2520 248733 38639
780 236 2494 2520 249368 38686
781 238 2493 2520 249987 38783
782 239 2493 2520 250708 38886
783 243 2493 2520 251461 38977
784 243 2493 2520 252270 39068
785 244 2493 2520 253181 39207
786 244 2492 2520 254024 39311
787 244 2492 2520 254919 39438
788 244 2491 2520 255745 39527
789 244 2490 2520 256584 39643
790 245 2490 2520 257469 39703
791 245 2490 2520 258366 39797
792 245 2490 2520 259232 39876
793 245 2490 2520 259980 39965
794 246 2490 2520 260741 40015
795 247 2490 2520 261533 40072
796 248 2490 2520 262385 40155
797 248 2490 2520 263137 40251
798 248 2490 2520 263864 40339
799 248 2490 2520 264617 40368
800 248 2490 2520 265326 40456
801 249 2490 2520 266031 40546
802 249 2490 2520 266681 40626
803 249 2490 2520 267311 40715
804 249 2490 2520 267967 40759
805 250 2490 2520 268595 40825
806 250 2490 2520 269197 40873
807 250 2490 2520 269829 40970
808 250 2490 2520 270393 40992
809 250 2490 2520 271031 41082
810 250 2490 2520 271538 41170
811 251 2490 2520 272163 41267
812 251 2490 2520 272677 41315
813 252 2490 2520 273259 41399
814 252 2490 2520 273840 41455
815 252 2490 2520 274434 41496
816 253 2490 2520 274999 41592
817 255 2490 2520 275583 41635
818 255 2490 2520 276176 41699
819 257 2490 2520 276778 41748
820 259 2490 2520 277443 41860
821 261 2490 2520 278109 41951
822 262 2490 2520 278812 42037
823 263 2490 2520 279514 42138
824 264 2490 2520 280254 42212
825 266 2490 2520 281024 42292
826 267 2490 2520 281810 42403
827 269 2490 2520 282594 42503
828 272 2489 2520 283411 42598
829 272 2489 2520 284275 42723
830 272 2489 2520 285152 42858
831 272 2489 2520 285965 42942
832 272 2489 2520 286842 43033
833 273 2489 2520 287681 43109
834 273 2489 2520 288605 43193
835 273 2489 2520 289435 43293
836 273 2489 2520 290287 43401
837 275 2489 2520 291148 43480
838 275 2489 2520 291932 43559
839 275 2489 2520 292773 43615
840 275 2489 2520 293639 43745
841 276 2489 2520 294389 43832
842 277 2489 2520 295199 43952
843 277 2489 2520 295976 44050
844 278 2489 2520 296770 44118
845 279 2489 2520 297448 44205
846 279 2489 2520 298225 44326
847 280 2489 2520 299004 44372
848 280 2489 2520 299817 44457
849 281 2489 2520 300609 44560
850 281 2489 2520 301322 44654
851 281 2489 2520 302105 44719
852 281 2489 2520 302775 44768
853 282 2488 2520 303445 44843
854 283 2488 2520 304048 44938
855 285 2487 2520 304670 45028
856 285 2487 2520 305374 45090
857 286 2486 2520 306101 45177
858 287 2486 2520 306789 45253
859 287 2486 2520 307494 45332
860 289 2486 2520 308209 45453
861 289 2486 2520 308894 45518
862 291 2486 2520 309640 45605
863 291 2486 2520 310393 45657
864 292 2486 2520 311153 45736
865 292 2486 2520 311922 45808
866 292 2486 2520 312687 45885
867 295 2486 2520 313369 46003
868 298 2486 2520 314085 46062
869 298 2486 2520 314933 46130
870 298 2486 2520 315734 46276
871 298 2486 2520 316666 46378
872 299 2486 2520 317509 46495
873 300 2485 2520 318263 46557
874 301 2485 2520 319121 46644
875 301 2485 2520 319947 46770
876 302 2485 2520 320861 46866
877 303 2485 2520 321655 46927
878 305 2485 2520 322470 47009
879 305 2485 2520 323342 47115
880 305 2485 2520 324069 47183
881 305 2485 2520 324984 47259
882 307 2485 2520 325786 47351
883 308 2485 2520 326641 47443
884 309 2485 2520 327500 47534
885 311 2485 2520 328419 47695
886 311 2485 2520 329295 47815
887 312 2485 2520 330187 47929
888 312 2485 2520 331149 48099
889 312 2485 2520 331997 48186
890 312 2485 2520 332871 48266
891 312 2485 2520 333723 48347
892 312 2485 2520 334535 48426
893 314 2485 2520 335251 48518
894 314 2485 2520 336055 48619
895 314 2485 2520 336831 48781
896 315 2485 2520 337648 48840
897 315 2485 2520 338451 48934
898 315 2485 2520 339220 49057
899 315 2485 2520 339983 49157
900 315 2485 2520 340733 49236
901 315 2485 2520 341420 49335
902 317 2485 2520 342079 49392
903 317 2485 2520 342761 49450
904 319 2485 2520 343411 49499
905 319 2485 2520 344097 49586
906 320 2485 2520 344866 49674
907 322 2485 2520 345619 49718
908 323 2485 2520 346399 49810
909 323 2484 2520 347151 49893
910 323 2484 2520 347966 49990
911 324 2484 2520 348773 50070
912 325 2484 2520 349607 50174
913 326 2484 2520 350393 50220
914 327 2484 2520 351201 50331
915 328 2484 2520 352040 50411
916 329 2484 2520 352867 50542
917 332 2484 2520 353743 50623
918 333 2484 2520 354599 50686
919 334 2484 2520 355585 50841
920 334 2484 2520 356511 50898
921 335 2484 2520 357473 51028
922 336 2484 2520 358381 51167
923 337 2484 2520 359326 51271
924 338 2484 2520 360240 51385
925 338 2484 2520 361131 51448
926 339 2484 2520 362025 51553
927 341 2484 2520 362953 51680
928 341 2484 2520 363866 51797
929 343 2484 2520 364721 51901
930 343 2483 2520 365657 51951
931 343 2483 2520 366537 52059
932 345 2483 2520 367503 52147
933 345 2483 2520 368451 52203
934 346 2483 2520 369343 52268
935 346 2483 2520 370252 52364
936 348 2482 2520 371233 52469
937 348 2482 2520 372089 52563
938 351 2482 2520 372978 52673
939 351 2482 2520 373883 52781
940 351 2482 2520 374853 52829
941 352 2482 2520 375784 52953
942 352 2482 2520 376657 53073
943 353 2482 2520 377575 53149
944 354 2482 2520 378395 53245
945 355 2482 2520 379309 53345
946 356 2482 2520 380135 53415
947 357 2482 2520 380999 53570
948 360 2482 2520 381848 53684
949 360 2482 2520 382778 53787
950 361 2482 2520 383778 53900
951 364 2482 2520 384748 54077
952 365 2482 2520 385701 54187
953 366 2482 2520 386616 54237
954 367 2482 2520 387628 54298
955 367 2482 2520 388684 54436
956 369 2482 2520 389666 54508
957 370 2482 2520 390653 54660
958 370 2482 2520 391649 54792
959 370 2482 2520 392785 54893
960 370 2482 2520 393881 54989
961 370 2482 2520 394838 55092
962 371 2482 2520 395819 55121
963 373 2482 2520 396743 55198
964 373 2482 2520 397625 55339
965 373 2481 2520 398579 55475
966 375 2481 2520 399480 55574
967 376 2481 2520 400356 55660
968 376 2481 2520 401212 55747
969 377 2481 2520 402112 55851
970 377 2481 2520 403000 55978
971 378 2481 2520 403955 56036
972 378 2481 2520 404935 56125
973 378 2481 2520 405861 56253
974 378 2481 2520 406770 56333
975 378 2481 2520 407683 56405
976 378 2481 2520 408519 56476
977 378 2480 2520 409324 56569
978 378 2480 2520 410208 56675
979 379 2480 2520 411085 56838
980 380 2480 2520 411850 56886
981 382 2480 2520 412666 57012
982 383 2480 2520 413428 57107
983 384 2480 2520 414274 57225
984 385 2480 2520 415077 57340
985 385 2480 2520 415907 57416
986 387 2480 2520 416789 57526
987 387 2480 2520 417637 57613
988 388 2480 2520 418440 57695
989 391 2480 2520 419331 57803
990 392 2480 2520 420193 57903
991 393 2480 2520 421041 58046
992 393 2480 2520 421878 58117
993 394 2479 2520 422716 58176
994 396 2479 2520 423588 58233
995 398 2479 2520 424583 58356
996 399 2479 2520 425479 58438
997 400 2479 2520 426433 58578
998 401 2479 2520 427427 58724
999 403 2479 2520 428393 58768
1000 403 2479 2520 429301 58826
