0 1 2519 2520 799 502
1 1 2519 2520 827 525
2 1 2519 2520 851 539
3 1 2519 2520 878 552
4 1 2519 2520 924 578
5 1 2519 2520 959 596
6 1 2519 2520 997 613
7 1 2519 2520 1029 631
8 1 2519 2520 1061 644
9 1 2519 2520 1098 660
10 1 2519 2520 1119 668
11 1 2519 2520 1159 676
12 1 2519 2520 1194 688
13 1 2519 2520 1213 692
14 1 2519 2520 1233 699
15 1 2519 2520 1264 709
16 1 2519 2520 1282 714
17 1 2519 2520 1308 721
18 1 2519 2520 1324 725
19 1 2519 2520 1350 730
20 1 2519 2520 1358 729
21 1 2519 2520 1366 729
22 1 2519 2520 1380 732
23 1 2519 2520 1388 728
24 1 2519 2520 1392 726
25 1 2519 2520 1404 725
26 1 2519 2520 1406 728
27 1 2519 2520 1419 731
28 1 2519 2520 1433 735
29 1 2519 2520 1446 742
30 1 2519 2520 1445 746
31 1 2519 2520 1447 743
32 1 2519 2520 1451 744
33 1 2519 2520 1457 741
34 1 2519 2520 1460 740
35 1 2519 2520 1463 742
36 1 2519 2520 1461 743
37 1 2519 2520 1460 740
38 1 2519 2520 1461 741
39 1 2519 2520 1454 739
40 1 2519 2520 1454 735
41 1 2519 2520 1452 731
42 1 2519 2520 1454 728
43 1 2519 2520 1459 728
44 2 2519 2520 1459 727
45 2 2519 2520 1469 728
46 2 2519 2520 1521 750
47 2 2519 2520 1594 782
48 2 2519 2520 1662 811
49 2 2519 2520 1724 841
50 2 2519 2520 1795 871
51 2 2519 2520 1852 901
52 2 2519 2520 1913 926
53 2 2519 2520 1985 956
54 2 2519 2520 2067 983
55 2 2519 2520 2128 1011
56 2 2519 2520 2196 1034
57 2 2519 2520 2257 1059
58 2 2519 2520 2294 1070
59 2 2519 2520 2337 1078
60 2 2519 2520 2377 1095
61 2 2519 2520 2405 1110
62 2 2519 2520 2445 1121
63 2 2519 2520 2460 1120
64 2 2519 2520 2488 1131
65 2 2519 2520 2513 1141
66 2 2519 2520 2529 1137
67 2 2519 2520 2548 1144
68 2 2519 2520 2570 1155
69 2 2519 2520 2589 1154
70 2 2519 2520 2608 1158
71 2 2519 2520 2629 1166
72 2 2519 2520 2648 1176
73 2 2519 2520 2648 1176
74 2 2519 2520 2673 1189
75 2 2519 2520 2678 1194
76 2 2519 2520 2698 1197
77 2 2519 2520 2713 1204
78 2 2519 2520 2717 1203
79 2 2519 2520 2750 1213
80 2 2519 2520 2756 1211
81 2 2519 2520 2773 1219
82 2 2519 2520 2771 1224
83 2 2519 2520 2781 1223
84 2 2519 2520 2792 1226
85 2 2519 2520 2791 1230
86 2 2519 2520 2792 1234
87 3 2519 2520 2791 1231
88 3 2519 2520 2810 1245
89 3 2519 2520 2849 1268
90 3 2519 2520 2911 1292
91 3 2519 2520 2989 1315
92 3 2519 2520 3049 1327
93 4 2519 2520 3120 1341
94 4 2519 2520 3191 1357
95 4 2519 2520 3312 1396
96 4 2519 2520 3426 1428
97 4 2519 2520 3557 1459
98 4 2519 2520 3699 1507
99 4 2519 2520 3815 1540
100 4 2519 2520 3923 1563
101 4 2519 2520 4035 1595
102 4 2519 2520 4140 1611
103 4 2519 2520 4247 1636
104 4 2519 2520 4343 1649
105 4 2519 2520 4447 1677
106 4 2519 2520 4510 1696
107 4 2519 2520 4576 1704
108 4 2519 2520 4651 1725
109 4 2519 2520 4713 1737
110 4 2519 2520 4770 1744
111 4 2519 2520 4837 1766
112 4 2519 2520 4895 1775
113 4 2519 2520 4962 1798
114 4 2519 2520 5003 1804
115 4 2519 2520 5050 1809
116 4 2519 2520 5078 1828
117 4 2519 2520 5103 1830
118 4 2519 2520 5115 1837
119 4 2519 2520 5136 1853
120 4 2519 2520 5149 1854
121 4 2519 2520 5189 1868
122 4 2519 2520 5206 1875
123 4 2519 2520 5216 1877
124 4 2519 2520 5245 1885
125 4 2519 2520 5257 1888
126 4 2519 2520 5273 1899
127 4 2519 2520 5298 1910
128 4 2519 2520 5327 1925
129 5 2519 2520 5338 1930
130 5 2519 2520 5352 1928
131 6 2519 2520 5414 1952
132 6 2519 2520 5480 1971
133 6 2519 2520 5581 2003
134 6 2519 2520 5701 2050
135 6 2519 2520 5823 2086
136 6 2519 2520 5944 2125
137 6 2519 2520 6083 2152
138 6 2519 2520 6238 2201
139 6 2519 2520 6350 2223
140 6 2519 2520 6477 2264
141 7 2519 2520 6572 2281
142 7 2519 2520 6714 2299
143 7 2519 2520 6873 2317
144 8 2519 2520 6985 2356
145 8 2519 2520 7084 2369
146 8 2519 2520 7249 2426
147 8 2519 2520 7408 2451
148 8 2519 2520 7566 2477
149 8 2519 2520 7740 2532
150 8 2519 2520 7895 2570
151 8 2519 2520 8047 2597
152 8 2519 2520 8208 2626
153 8 2519 2520 8338 2653
154 8 2519 2520 8449 2691
155 8 2519 2520 8546 2695
156 8 2519 2520 8656 2705
157 8 2519 2520 8761 2729
158 8 2519 2520 8865 2749
159 8 2519 2520 8938 2762
160 8 2519 2520 9028 2779
161 8 2519 2520 9111 2812
162 8 2519 2520 9186 2822
163 8 2519 2520 9255 2843
164 8 2519 2520 9347 2857
165 8 2518 2520 9411 2877
166 8 2518 2520 9503 2882
167 8 2518 2520 9598 2882
168 8 2518 2520 9654 2891
169 8 2518 2520 9725 2919
170 9 2518 2520 9786 2933
171 9 2518 2520 9829 2952
172 9 2518 2520 9940 2976
173 9 2518 2520 10015 2997
174 9 2518 2520 10102 3016
175 10 2518 2520 10204 3020
176 10 2518 2520 10331 3041
177 10 2518 2520 10444 3062
178 12 2518 2520 10574 3085
179 12 2518 2520 10710 3092
180 14 2518 2520 10916 3163
181 14 2518 2520 11128 3197
182 15 2518 2520 11426 3275
183 15 2518 2520 11715 3339
184 15 2517 2520 12010 3368
185 15 2517 2520 12314 3434
186 15 2517 2520 12619 3487
187 15 2517 2520 12942 3546
188 15 2517 2520 13279 3602
189 15 2517 2520 13573 3647
190 15 2517 2520 13826 3684
191 15 2517 2520 14071 3724
192 15 2517 2520 14320 3758
193 15 2517 2520 14556 3782
194 15 2517 2520 14739 3834
195 15 2517 2520 14903 3878
196 15 2517 2520 15099 3915
197 15 2517 2520 15288 3939
198 15 2517 2520 15448 3975
199 15 2517 2520 15588 4001
200 15 2517 2520 15731 4062
201 15 2517 2520 15859 4058
202 15 2517 2520 16010 4084
203 15 2517 2520 16118 4123
204 15 2517 2520 16248 4134
205 15 2517 2520 16359 4151
206 15 2517 2520 16453 4166
207 15 2517 2520 16569 4196
208 15 2517 2520 16690 4233
209 16 2517 2520 16823 4264
210 16 2517 2520 16941 4294
211 16 2517 2520 17075 4316
212 16 2517 2520 17220 4346
213 16 2517 2520 17361 4392
214 16 2517 2520 17497 4423
215 16 2517 2520 17626 4433
216 16 2517 2520 17767 4478
217 16 2517 2520 17870 4505
218 16 2517 2520 17992 4526
219 16 2517 2520 18086 4564
220 19 2517 2520 18196 4591
221 19 2517 2520 18326 4621
222 19 2517 2520 18517 4663
223 19 2517 2520 18694 4689
224 19 2517 2520 18878 4733
225 19 2517 2520 19086 4779
226 20 2516 2520 19245 4826
227 20 2516 2520 19462 4837
228 21 2516 2520 19689 4857
229 21 2516 2520 19918 4887
230 21 2516 2520 20158 4927
231 21 2516 2520 20396 4958
232 22 2516 2520 20629 5016
233 22 2516 2520 20865 5083
234 22 2516 2520 21120 5106
235 22 2516 2520 21377 5159
236 22 2516 2520 21652 5185
237 22 2516 2520 21887 5232
238 22 2516 2520 22139 5289
239 22 2516 2520 22364 5339
240 22 2516 2520 22539 5382
241 22 2516 2520 22748 5403
242 22 2516 2520 22963 5436
243 22 2516 2520 23115 5467
244 22 2516 2520 23305 5493
245 23 2515 2520 23486 5533
246 23 2515 2520 23661 5579
247 23 2515 2520 23848 5587
248 23 2515 2520 24023 5613
249 23 2515 2520 24198 5663
250 23 2515 2520 24361 5696
251 24 2515 2520 24512 5720
252 24 2515 2520 24694 5730
253 25 2515 2520 24877 5768
254 25 2515 2520 25038 5768
255 25 2515 2520 25195 5814
256 25 2515 2520 25384 5818
257 25 2515 2520 25532 5859
258 25 2515 2520 25706 5894
259 25 2515 2520 25917 5943
260 25 2515 2520 26078 5966
261 26 2515 2520 26250 5999
262 26 2515 2520 26406 6047
263 26 2515 2520 26561 6074
264 26 2515 2520 26713 6095
265 26 2515 2520 26907 6131
266 27 2515 2520 27076 6189
267 27 2515 2520 27238 6214
268 27 2515 2520 27409 6244
269 28 2515 2520 27631 6299
270 30 2515 2520 27818 6331
271 30 2515 2520 28058 6383
272 30 2515 2520 28357 6438
273 30 2515 2520 28618 6488
274 30 2515 2520 28891 6520
275 31 2515 2520 29140 6578
276 31 2515 2520 29439 6649
277 31 2515 2520 29740 6720
278 31 2515 2520 30042 6784
279 31 2515 2520 30305 6832
280 31 2515 2520 30618 6886
281 31 2515 2520 30884 6931
282 31 2515 2520 31137 6957
283 31 2515 2520 31372 7020
284 31 2515 2520 31650 7088
285 31 2515 2520 31868 7123
286 31 2515 2520 32024 7155
287 31 2515 2520 32231 7209
288 31 2515 2520 32461 7257
289 31 2515 2520 32622 7295
290 31 2515 2520 32836 7343
291 31 2515 2520 33052 7363
292 31 2515 2520 33263 7386
293 31 2515 2520 33434 7420
294 31 2515 2520 33611 7455
295 31 2515 2520 33805 7486
296 32 2515 2520 34003 7509
297 32 2515 2520 34205 7564
298 34 2515 2520 34354 7587
299 34 2515 2520 34555 7635
300 34 2515 2520 34760 7659
301 34 2515 2520 34988 7709
302 35 2515 2520 35172 7761
303 35 2515 2520 35376 7809
304 35 2515 2520 35596 7842
305 35 2515 2520 35796 7874
306 35 2515 2520 36009 7907
307 35 2515 2520 36230 7954
308 35 2515 2520 36460 7975
309 36 2515 2520 36681 8028
310 36 2514 2520 36957 8100
311 36 2514 2520 37246 8129
312 36 2514 2520 37474 8152
313 36 2514 2520 37726 8163
314 36 2514 2520 37996 8165
315 37 2514 2520 38208 8208
316 39 2514 2520 38437 8231
317 39 2514 2520 38696 8267
318 39 2514 2520 39013 8329
319 39 2514 2520 39294 8386
320 39 2514 2520 39566 8405
321 39 2514 2520 39811 8469
322 39 2514 2520 40098 8529
323 39 2514 2520 40382 8589
324 39 2514 2520 40661 8627
325 39 2514 2520 40897 8697
326 39 2514 2520 41135 8743
327 39 2514 2520 41362 8809
328 39 2514 2520 41593 8825
329 39 2514 2520 41777 8864
330 39 2514 2520 42017 8887
331 39 2514 2520 42207 8908
332 39 2514 2520 42398 8921
333 39 2514 2520 42542 8949
334 40 2514 2520 42732 9006
335 42 2514 2520 42913 9037
336 42 2514 2520 43105 9073
337 42 2514 2520 43319 9107
338 44 2514 2520 43586 9167
339 45 2514 2520 43831 9222
340 45 2514 2520 44113 9279
341 45 2514 2520 44442 9354
342 45 2514 2520 44743 9429
343 45 2514 2520 45085 9501
344 45 2514 2520 45370 9551
345 45 2514 2520 45676 9599
346 45 2514 2520 45978 9667
347 45 2514 2520 46284 9720
348 45 2514 2520 46578 9793
349 45 2514 2520 46814 9823
350 45 2514 2520 47064 9873
351 46 2514 2520 47296 9930
352 46 2514 2520 47589 9983
353 47 2514 2520 47876 9991
354 47 2514 2520 48170 10044
355 48 2514 2520 48445 10090
356 48 2514 2520 48735 10169
357 48 2514 2520 49010 10199
358 48 2514 2520 49338 10278
359 48 2514 2520 49656 10341
360 49 2514 2520 49971 10390
361 49 2514 2520 50328 10452
362 49 2514 2520 50656 10539
363 50 2514 2520 50973 10599
364 50 2514 2520 51258 10646
365 50 2514 2520 51600 10724
366 50 2514 2520 51932 10804
367 50 2514 2520 52208 10867
368 51 2514 2520 52517 10907
369 52 2514 2520 52783 10946
370 52 2514 2520 53143 10988
371 52 2514 2520 53453 11060
372 52 2514 2520 53758 11136
373 52 2514 2520 54044 11165
374 52 2514 2520 54339 11187
375 52 2514 2520 54623 11248
376 52 2514 2520 54902 11280
377 52 2514 2520 55174 11343
378 53 2514 2520 55437 11385
379 53 2514 2520 55711 11422
380 53 2514 2520 55995 11482
381 53 2514 2520 56263 11514
382 53 2514 2520 56517 11563
383 53 2514 2520 56815 11609
384 54 2514 2520 57040 11642
385 54 2514 2520 57280 11675
386 54 2514 2520 57565 11757
387 55 2514 2520 57825 11793
388 56 2514 2520 58114 11830
389 57 2514 2520 58402 11886
390 57 2514 2520 58712 11958
391 57 2514 2520 58966 12006
392 57 2514 2520 59297 12057
393 57 2514 2520 59619 12105
394 57 2514 2520 59888 12158
395 57 2514 2520 60247 12189
396 58 2514 2520 60541 12257
397 59 2514 2520 60875 12337
398 62 2514 2520 61196 12378
399 62 2514 2520 61549 12454
400 62 2514 2520 61969 12530
401 62 2514 2520 62381 12630
402 62 2514 2520 62799 12685
403 62 2514 2520 63218 12785
404 62 2514 2520 63593 12846
405 62 2514 2520 63987 12921
406 62 2514 2520 64430 12978
407 63 2514 2520 64792 13043
408 63 2514 2520 65170 13084
409 63 2514 2520 65551 13134
410 63 2514 2520 65881 13197
411 63 2514 2520 66210 13242
412 63 2514 2520 66507 13287
413 63 2514 2520 66801 13348
414 63 2514 2520 67093 13427
415 63 2514 2520 67406 13457
416 63 2514 2520 67745 13512
417 63 2514 2520 68023 13566
418 63 2514 2520 68266 13627
419 63 2514 2520 68507 13675
420 64 2514 2520 68753 13717
421 65 2514 2520 69008 13761
422 65 2514 2520 69220 13829
423 65 2514 2520 69460 13868
424 66 2514 2520 69681 13892
425 67 2514 2520 69926 13914
426 68 2514 2520 70194 13945
427 68 2514 2520 70521 13978
428 69 2514 2520 70825 14058
429 69 2514 2520 71136 14117
430 70 2514 2520 71487 14208
431 71 2514 2520 71846 14230
432 71 2514 2520 72184 14275
433 71 2514 2520 72541 14293
434 71 2514 2520 72918 14354
435 72 2513 2520 73214 14375
436 72 2512 2520 73568 14389
437 72 2512 2520 73964 14455
438 72 2512 2520 74409 14519
439 73 2512 2520 74829 14560
440 73 2512 2520 75204 14592
441 74 2512 2520 75632 14662
442 75 2512 2520 75988 14677
443 76 2512 2520 76397 14695
444 76 2511 2520 76850 14778
445 76 2511 2520 77333 14828
446 76 2511 2520 77754 14898
447 76 2510 2520 78202 14935
448 76 2510 2520 78668 14992
449 76 2510 2520 79146 15071
450 76 2510 2520 79547 15121
451 76 2510 2520 79891 15155
452 76 2510 2520 80257 15187
453 76 2510 2520 80630 15220
454 76 2510 2520 80966 15259
455 76 2510 2520 81280 15298
456 77 2510 2520 81604 15349
457 78 2510 2520 81908 15395
458 78 2510 2520 82243 15464
459 78 2510 2520 82546 15512
460 80 2510 2520 82879 15594
461 80 2510 2520 83196 15672
462 80 2510 2520 83593 15742
463 80 2510 2520 83962 15805
464 80 2510 2520 84335 15860
465 80 2510 2520 84585 15893
466 81 2510 2520 84902 15934
467 81 2510 2520 85225 15999
468 81 2510 2520 85571 16072
469 82 2510 2520 85911 16112
470 82 2510 2520 86210 16163
471 82 2510 2520 86562 16208
472 82 2510 2520 86905 16260
473 82 2510 2520 87205 16302
474 82 2510 2520 87514 16364
475 82 2510 2520 87832 16395
476 82 2510 2520 88111 16390
477 82 2510 2520 88402 16437
478 82 2510 2520 88686 16486
479 83 2510 2520 88955 16535
480 85 2510 2520 89239 16597
481 85 2510 2520 89579 16634
482 86 2510 2520 89923 16695
483 86 2510 2520 90253 16729
484 86 2510 2520 90658 16779
485 86 2510 2520 91029 16843
486 87 2510 2520 91429 16906
487 88 2510 2520 91761 16933
488 88 2510 2520 92139 16971
489 88 2510 2520 92581 17041
490 88 2510 2520 92922 17052
491 88 2510 2520 93307 17118
492 89 2510 2520 93651 17157
493 89 2510 2520 94034 17219
494 89 2510 2520 94357 17257
495 89 2510 2520 94716 17332
496 89 2510 2520 95052 17371
497 89 2510 2520 95427 17439
498 89 2510 2520 95772 17501
499 91 2510 2520 96046 17544
500 92 2509 2520 96388 17607
501 92 2509 2520 96755 17676
502 92 2509 2520 97120 17759
503 92 2509 2520 97494 17790
504 92 2509 2520 97846 17830
505 92 2509 2520 98167 17858
506 93 2509 2520 98542 17905
507 94 2509 2520 98901 17951
508 94 2509 2520 99286 18018
509 94 2509 2520 99656 18078
510 95 2509 2520 100040 18104
511 95 2509 2520 100396 18138
512 95 2509 2520 100711 18152
513 95 2509 2520 101042 18204
514 95 2509 2520 101411 18262
515 95 2509 2520 101785 18333
516 95 2508 2520 102130 18363
517 95 2507 2520 102505 18425
518 95 2507 2520 102837 18480
519 95 2507 2520 103176 18549
520 97 2507 2520 103540 18604
521 98 2507 2520 103863 18643
522 98 2507 2520 104221 18675
523 98 2507 2520 104587 18711
524 98 2507 2520 104982 18732
525 99 2507 2520 105390 18774
526 99 2507 2520 105775 18840
527 99 2507 2520 106146 18898
528 99 2507 2520 106516 18968
529 102 2507 2520 106896 18987
530 102 2507 2520 107262 19021
531 102 2507 2520 107669 19064
532 102 2507 2520 108092 19145
533 102 2507 2520 108499 19208
534 102 2507 2520 108853 19244
535 102 2507 2520 109273 19327
536 103 2507 2520 109645 19385
537 103 2507 2520 110014 19409
538 104 2507 2520 110368 19468
539 104 2507 2520 110741 19536
540 105 2507 2520 111088 19592
541 106 2507 2520 111467 19688
542 108 2507 2520 111858 19775
543 108 2507 2520 112276 19854
544 108 2507 2520 112743 19910
545 108 2507 2520 113168 19969
546 108 2507 2520 113628 20038
547 108 2507 2520 114043 20085
548 108 2507 2520 114467 20118
549 108 2506 2520 114846 20137
550 108 2506 2520 115247 20221
551 111 2506 2520 115599 20232
552 112 2506 2520 115965 20265
553 112 2506 2520 116422 20360
554 112 2506 2520 116846 20418
555 112 2506 2520 117307 20464
556 112 2506 2520 117754 20500
557 113 2506 2520 118192 20522
558 113 2506 2520 118608 20548
559 113 2506 2520 119041 20589
560 113 2506 2520 119409 20611
561 114 2505 2520 119744 20664
562 114 2505 2520 120127 20698
563 114 2505 2520 120519 20735
564 114 2505 2520 120889 20752
565 115 2505 2520 121277 20802
566 115 2505 2520 121650 20838
567 115 2505 2520 121987 20848
568 116 2505 2520 122357 20879
569 116 2505 2520 122737 20907
570 116 2505 2520 123164 20937
571 116 2505 2520 123554 21006
572 116 2505 2520 123962 21074
573 117 2505 2520 124313 21073
574 119 2505 2520 124678 21098
575 119 2505 2520 125089 21159
576 119 2505 2520 125546 21224
577 120 2505 2520 125982 21301
578 120 2504 2520 126464 21362
579 120 2504 2520 126931 21399
580 121 2504 2520 127396 21419
581 121 2504 2520 127854 21503
582 121 2504 2520 128332 21532
583 121 2504 2520 128712 21575
584 121 2504 2520 129112 21625
585 122 2503 2520 129488 21664
586 122 2503 2520 129887 21710
587 122 2503 2520 130387 21796
588 122 2502 2520 130821 21837
589 123 2502 2520 131315 21907
590 123 2502 2520 131790 21969
591 123 2502 2520 132232 22001
592 123 2502 2520 132658 22030
593 123 2502 2520 133001 22098
594 124 2502 2520 133468 22183
595 125 2502 2520 133852 22235
596 125 2502 2520 134334 22306
597 125 2502 2520 134809 22322
598 125 2502 2520 135239 22381
599 126 2502 2520 135670 22427
600 127 2502 2520 136061 22503
601 127 2502 2520 136486 22519
602 128 2502 2520 136923 22552
603 128 2501 2520 137375 22598
604 128 2501 2520 137814 22730
605 128 2501 2520 138271 22751
606 128 2501 2520 138724 22790
607 128 2501 2520 139142 22816
608 129 2501 2520 139568 22834
609 130 2501 2520 139965 22885
610 131 2501 2520 140384 22947
611 131 2501 2520 140760 23028
612 132 2501 2520 141154 23067
613 133 2501 2520 141564 23117
614 134 2501 2520 142017 23183
615 134 2501 2520 142486 23283
616 134 2501 2520 142980 23380
617 134 2501 2520 143361 23457
618 135 2500 2520 143793 23523
619 136 2500 2520 144303 23651
620 136 2500 2520 144812 23716
621 136 2500 2520 145275 23756
622 136 2500 2520 145749 23826
623 137 2500 2520 146252 23907
624 137 2500 2520 146724 23971
625 137 2500 2520 147208 24052
626 137 2499 2520 147671 24081
627 139 2499 2520 148139 24109
628 140 2499 2520 148629 24167
629 140 2499 2520 149142 24237
630 140 2499 2520 149698 24311
631 140 2499 2520 150171 24385
632 140 2499 2520 150680 24443
633 141 2499 2520 151137 24507
634 142 2499 2520 151648 24607
635 142 2499 2520 152130 24662
636 142 2499 2520 152567 24760
637 143 2499 2520 153094 24849
638 143 2499 2520 153533 24935
639 143 2499 2520 154031 24981
640 143 2499 2520 154507 25041
641 143 2499 2520 154980 25106
642 143 2499 2520 155448 25196
643 143 2499 2520 155930 25285
644 143 2499 2520 156394 25362
645 143 2499 2520 156804 25425
646 143 2499 2520 157234 25464
647 143 2499 2520 157579 25521
648 144 2499 2520 157932 25606
649 146 2498 2520 158304 25666
650 146 2498 2520 158759 25688
651 148 2498 2520 159190 25752
652 148 2498 2520 159624 25821
653 148 2498 2520 160114 25879
654 148 2498 2520 160552 25952
655 148 2498 2520 161016 25978
656 148 2498 2520 161513 26031
657 150 2498 2520 161924 26072
658 150 2498 2520 162348 26096
659 151 2498 2520 162791 26139
660 151 2498 2520 163243 26197
661 152 2498 2520 163701 26252
662 153 2498 2520 164173 26295
663 153 2498 2520 164640 26411
664 153 2498 2520 165168 26499
665 153 2498 2520 165665 26538
666 153 2498 2520 166145 26606
667 153 2498 2520 166639 26649
668 154 2498 2520 167092 26702
669 155 2498 2520 167539 26797
670 155 2498 2520 168004 26852
671 157 2498 2520 168507 26935
672 158 2498 2520 168999 26987
673 158 2498 2520 169496 27065
674 159 2498 2520 170036 27119
675 160 2498 2520 170581 27166
676 160 2498 2520 171107 27205
677 160 2498 2520 171646 27289
678 160 2498 2520 172168 27356
679 163 2498 2520 172650 27457
680 163 2498 2520 173140 27576
681 166 2498 2520 173692 27642
682 167 2498 2520 174308 27697
683 167 2498 2520 174877 27782
684 168 2498 2520 175522 27854
685 168 2498 2520 176167 27866
686 168 2498 2520 176783 27929
687 168 2497 2520 177415 27979
688 168 2497 2520 178032 28080
689 168 2497 2520 178672 28178
690 169 2497 2520 179235 28192
691 170 2497 2520 179841 28288
692 170 2497 2520 180425 28310
693 171 2497 2520 180984 28391
694 172 2497 2520 181543 28477
695 174 2497 2520 182175 28578
696 174 2497 2520 182768 28676
697 175 2497 2520 183367 28728
698 176 2496 2520 183985 28849
699 176 2496 2520 184601 28938
700 176 2495 2520 185248 29031
701 177 2495 2520 185851 29094
702 177 2495 2520 186495 29145
703 177 2495 2520 187183 29217
704 177 2495 2520 187811 29324
705 179 2495 2520 188402 29434
706 179 2495 2520 189004 29503
707 179 2495 2520 189646 29606
708 179 2495 2520 190269 29637
709 179 2495 2520 190902 29728
710 179 2495 2520 191398 29816
711 180 2495 2520 192013 29933
712 180 2494 2520 192584 30018
713 180 2494 2520 193176 30114
714 180 2494 2520 193772 30200
715 180 2494 2520 194358 30264
716 180 2494 2520 194906 30325
717 180 2494 2520 195470 30371
718 181 2494 2520 195953 30465
719 181 2493 2520 196407 30537
720 183 2492 2520 196890 30585
721 184 2492 2520 197314 30616
722 186 2492 2520 197817 30727
723 186 2492 2520 198381 30775
724 186 2492 2520 198980 30870
725 186 2492 2520 199558 30961
726 186 2492 2520 200112 31004
727 186 2492 2520 200664 31058
728 186 2492 2520 201274 31132
729 187 2492 2520 201825 31160
730 187 2492 2520 202364 31256
731 187 2492 2520 202915 31296
732 188 2492 2520 203418 31350
733 188 2492 2520 203909 31412
734 189 2492 2520 204447 31450
735 191 2492 2520 204940 31537
736 191 2492 2520 205489 31612
737 192 2492 2520 206075 31657
738 192 2492 2520 206645 31785
739 192 2492 2520 207241 31808
740 193 2492 2520 207863 31925
741 193 2492 2520 208473 31985
742 195 2492 2520 209031 32012
743 195 2492 2520 209641 32133
744 198 2492 2520 210242 32190
745 199 2492 2520 210832 32248
746 200 2492 2520 211503 32374
747 200 2492 2520 212270 32451
748 200 2492 2520 212965 32554
749 201 2492 2520 213640 32636
750 201 2492 2520 214373 32695
751 202 2492 2520 215072 32765
752 202 2492 2520 215729 32860
753 202 2492 2520 216368 32959
754 202 2492 2520 217003 33020
755 203 2492 2520 217608 33109
756 204 2492 2520 218208 33185
757 205 2492 2520 218854 33290
758 205 2492 2520 219513 33358
759 206 2492 2520 220119 33404
760 206 2492 2520 220715 33497
761 206 2492 2520 221291 33527
762 207 2492 2520 221842 33619
763 208 2492 2520 222412 33658
764 209 2492 2520 223005 33750
765 209 2492 2520 223652 33797
766 210 2492 2520 224259 33829
767 212 2492 2520 224828 33916
768 212 2492 2520 225439 33991
769 212 2492 2520 226131 34089
770 212 2492 2520 226803 34177
771 212 2492 2520 227436 34248
772 213 2492 2520 228154 34340
773 214 2492 2520 228780 34395
774 214 2492 2520 229353 34475
775 214 2492 2520 229968 34571
776 214 2492 2520 230594 34637
777 215 2492 2520 231263 34745
778 215 2492 2520 231911 34849
779 218 2492 2520 232479 34916
780 219 2492 2520 233130 35023
781 220 2492 2520 233714 35079
782 221 2492 2520 234295 35225
783 221 2492 2520 234952 35330
784 222 2492 2520 235615 35405
785 223 2492 2520 236246 35476
786 224 2492 2520 236951 35527
787 226 2492 2520 237658 35589
788 227 2492 2520 238279 35684
789 228 2492 2520 239002 35808
790 228 2492 2520 239762 35869
791 229 2492 2520 240532 35991
792 229 2492 2520 241202 36119
793 229 2492 2520 241941 36217
794 229 2492 2520 242806 36356
795 230 2492 2520 243607 36449
796 230 2492 2520 244374 36574
797 231 2492 2520 245050 36630
798 232 2492 2520 245705 36733
799 232 2492 2520 246416 36818
800 232 2492 2520 247065 36868
801 234 2492 2520 247687 36987
802 236 2492 2520 248399 37056
803 237 2492 2520 249145 37175
804 237 2492 2520 249861 37265
805 238 2492 2520 250632 37369
806 239 2492 2520 251403 37476
807 239 2492 2520 252174 37592
808 239 2492 2520 252897 37696
809 239 2491 2520 253665 37775
810 240 2491 2520 254411 37863
811 242 2491 2520 255207 37954
812 243 2491 2520 256042 38074
813 245 2491 2520 256815 38194
814 245 2491 2520 257639 38296
815 246 2491 2520 258397 38363
816 246 2491 2520 259241 38491
817 246 2490 2520 260062 38588
818 247 2490 2520 260789 38689
819 247 2490 2520 261578 38823
820 247 2490 2520 262399 38927
821 248 2490 2520 263182 39002
822 248 2489 2520 263874 39083
823 248 2489 2520 264613 39185
824 248 2489 2520 265302 39285
825 251 2489 2520 266006 39383
826 251 2489 2520 266736 39465
827 251 2489 2520 267441 39588
828 252 2489 2520 268189 39655
829 252 2489 2520 268915 39708
830 252 2489 2520 269599 39802
831 254 2489 2520 270273 39881
832 254 2489 2520 271007 39973
833 255 2488 2520 271746 40032
834 255 2487 2520 272457 40127
835 255 2487 2520 273231 40238
836 255 2487 2520 274035 40323
837 256 2487 2520 274727 40376
838 258 2487 2520 275501 40484
839 259 2487 2520 276198 40560
840 259 2487 2520 276898 40611
841 259 2487 2520 277653 40695
842 259 2487 2520 278373 40774
843 259 2487 2520 279083 40826
844 260 2487 2520 279824 40905
845 260 2487 2520 280452 40956
846 260 2487 2520 281187 41007
847 260 2487 2520 281815 41102
848 263 2487 2520 282463 41170
849 266 2487 2520 283189 41246
850 267 2487 2520 283916 41382
851 268 2487 2520 284632 41480
852 268 2487 2520 285341 41523
853 268 2487 2520 286116 41623
854 269 2487 2520 286827 41751
855 271 2487 2520 287593 41850
856 271 2487 2520 288398 41955
857 271 2487 2520 289176 42023
858 271 2487 2520 289885 42108
859 274 2487 2520 290734 42180
860 274 2487 2520 291423 42288
861 274 2487 2520 292230 42394
862 275 2487 2520 292999 42477
863 276 2487 2520 293731 42536
864 277 2487 2520 294498 42697
865 278 2487 2520 295315 42796
866 278 2487 2520 296064 42884
867 282 2487 2520 296867 42966
868 282 2487 2520 297635 43027
869 282 2487 2520 298457 43082
870 283 2487 2520 299276 43131
871 283 2487 2520 300055 43194
872 283 2487 2520 300845 43238
873 284 2487 2520 301550 43340
874 284 2487 2520 302343 43447
875 284 2487 2520 303097 43499
876 284 2487 2520 303886 43560
877 284 2487 2520 304581 43622
878 284 2487 2520 305304 43704
879 284 2487 2520 306031 43766
880 286 2487 2520 306645 43820
881 287 2486 2520 307339 43887
882 287 2486 2520 307997 43953
883 287 2486 2520 308740 44014
884 288 2486 2520 309513 44126
885 288 2486 2520 310183 44194
886 288 2486 2520 310880 44275
887 290 2485 2520 311575 44299
888 290 2485 2520 312302 44399
889 290 2485 2520 313122 44494
890 292 2485 2520 313898 44567
891 293 2485 2520 314695 44608
892 293 2485 2520 315512 44698
893 296 2485 2520 316198 44757
894 297 2485 2520 317001 44814
895 298 2485 2520 317826 44868
896 298 2484 2520 318675 44969
897 299 2484 2520 319497 45109
898 299 2484 2520 320305 45200
899 300 2484 2520 321097 45246
900 300 2484 2520 321862 45317
901 300 2484 2520 322640 45399
902 301 2484 2520 323406 45487
903 302 2484 2520 324184 45582
904 304 2483 2520 325012 45649
905 306 2482 2520 325856 45738
906 307 2482 2520 326756 45824
907 307 2482 2520 327647 45909
908 309 2481 2520 328570 45975
909 309 2481 2520 329589 46117
910 310 2481 2520 330533 46195
911 312 2481 2520 331439 46310
912 313 2481 2520 332392 46393
913 314 2481 2520 333392 46516
914 314 2481 2520 334234 46574
915 314 2481 2520 335047 46666
916 314 2481 2520 336023 46766
917 314 2481 2520 336918 46885
918 314 2481 2520 337678 46924
919 315 2481 2520 338393 47013
920 315 2481 2520 339182 47064
921 315 2481 2520 339929 47146
922 317 2481 2520 340750 47185
923 318 2481 2520 341524 47263
924 320 2481 2520 342326 47360
925 320 2481 2520 343069 47473
926 321 2481 2520 343749 47541
927 322 2481 2520 344457 47611
928 323 2481 2520 345192 47713
929 323 2481 2520 345897 47789
930 323 2481 2520 346632 47866
931 324 2481 2520 347288 47955
932 326 2481 2520 348031 48036
933 328 2481 2520 348903 48113
934 328 2481 2520 349686 48250
935 328 2481 2520 350526 48369
936 329 2481 2520 351238 48422
937 330 2481 2520 352030 48469
938 333 2481 2520 352866 48561
939 334 2481 2520 353668 48678
940 334 2481 2520 354537 48793
941 335 2481 2520 355464 48917
942 335 2481 2520 356279 49041
943 335 2480 2520 357161 49165
944 336 2478 2520 358059 49276
945 336 2478 2520 358933 49400
946 337 2478 2520 359725 49482
947 337 2478 2520 360511 49588
948 338 2478 2520 361277 49678
949 339 2478 2520 362071 49744
950 340 2478 2520 362900 49814
951 340 2478 2520 363698 49863
952 340 2478 2520 364498 49927
953 340 2478 2520 365297 50032
954 341 2478 2520 365985 50100
955 341 2478 2520 366786 50149
956 341 2478 2520 367535 50199
957 342 2478 2520 368320 50266
958 343 2478 2520 369053 50370
959 343 2477 2520 369760 50440
960 345 2477 2520 370511 50529
961 347 2477 2520 371201 50606
962 349 2477 2520 371906 50682
963 350 2477 2520 372678 50795
964 351 2477 2520 373450 50862
965 351 2477 2520 374195 50940
966 352 2477 2520 374999 51037
967 354 2477 2520 375775 51129
968 355 2477 2520 376697 51186
969 356 2476 2520 377571 51308
970 358 2475 2520 378501 51397
971 358 2473 2520 379473 51490
972 359 2473 2520 380468 51563
973 360 2473 2520 381416 51631
974 361 2473 2520 382428 51714
975 363 2473 2520 383419 51701
976 364 2473 2520 384468 51768
977 365 2473 2520 385480 51910
978 366 2473 2520 386547 52014
979 366 2473 2520 387604 52094
980 367 2473 2520 388658 52208
981 367 2473 2520 389630 52236
982 367 2473 2520 390532 52311
983 367 2473 2520 391405 52365
984 368 2473 2520 392281 52467
985 368 2473 2520 393116 52548
986 368 2473 2520 394036 52589
987 368 2473 2520 394854 52676
988 368 2473 2520 395634 52804
989 368 2473 2520 396481 52871
990 368 2473 2520 397259 52947
991 369 2473 2520 398027 52991
992 371 2473 2520 398824 53078
993 371 2473 2520 399503 53142
994 372 2473 2520 400285 53207
995 372 2473 2520 400993 53269
996 372 2473 2520 401726 53331
997 372 2473 2520 402349 53400
998 372 2473 2520 403120 53519
999 372 2473 2520 403795 53612
1000 376 2473 2520 404463 53696
