0 1 2519 2520 792 498
1 1 2519 2520 817 515
2 1 2519 2520 856 536
3 1 2519 2520 890 560
4 1 2519 2520 925 578
5 1 2519 2520 967 601
6 1 2519 2520 1004 614
7 1 2519 2520 1043 637
8 1 2519 2520 1083 656
9 1 2519 2520 1122 670
10 1 2519 2520 1152 677
11 1 2519 2520 1171 682
12 1 2519 2520 1204 695
13 1 2519 2520 1225 701
14 1 2519 2520 1249 709
15 1 2519 2520 1257 708
16 1 2519 2520 1271 712
17 1 2519 2520 1280 716
18 1 2519 2520 1294 718
19 1 2519 2520 1315 726
20 1 2519 2520 1329 732
21 1 2519 2520 1335 734
22 1 2519 2520 1338 733
23 1 2519 2520 1351 736
24 1 2519 2520 1350 736
25 1 2519 2520 1356 740
26 1 2519 2520 1357 739
27 1 2519 2520 1374 740
28 1 2519 2520 1380 743
29 1 2519 2520 1387 749
30 1 2519 2520 1393 748
31 1 2519 2520 1385 746
32 1 2519 2520 1385 742
33 1 2519 2520 1393 742
34 1 2519 2520 1403 744
35 1 2519 2520 1401 745
36 1 2519 2520 1409 745
37 1 2519 2520 1411 743
38 2 2519 2520 1419 742
39 2 2519 2520 1432 749
40 2 2519 2520 1499 770
41 2 2519 2520 1582 798
42 2 2519 2520 1667 827
43 2 2519 2520 1736 858
44 2 2519 2520 1816 896
45 2 2519 2520 1891 924
46 2 2519 2520 1957 935
47 2 2519 2520 2031 958
48 2 2519 2520 2088 970
49 2 2519 2520 2146 982
50 2 2519 2520 2206 999
51 2 2519 2520 2255 1005
52 2 2519 2520 2298 1022
53 2 2519 2520 2344 1033
54 2 2519 2520 2375 1041
55 2 2519 2520 2421 1053
56 2 2519 2520 2459 1063
57 2 2519 2520 2485 1078
58 2 2519 2520 2520 1088
59 2 2519 2520 2558 1094
60 2 2519 2520 2577 1099
61 2 2519 2520 2604 1102
62 2 2519 2520 2629 1108
63 2 2519 2520 2643 1111
64 2 2519 2520 2666 1121
65 2 2519 2520 2674 1115
66 2 2519 2520 2686 1119
67 2 2519 2520 2696 1119
68 2 2519 2520 2714 1130
69 2 2519 2520 2726 1130
70 2 2519 2520 2731 1137
71 2 2519 2520 2737 1136
72 2 2519 2520 2744 1137
73 2 2519 2520 2762 1144
74 2 2519 2520 2775 1162
75 2 2519 2520 2784 1163
76 2 2519 2520 2793 1166
77 2 2519 2520 2806 1170
78 2 2519 2520 2799 1169
79 2 2519 2520 2816 1174
80 2 2519 2520 2822 1182
81 2 2519 2520 2829 1189
82 2 2519 2520 2834 1191
83 2 2519 2520 2838 1186
84 3 2519 2520 2843 1183
85 3 2519 2520 2871 1199
86 3 2519 2520 2911 1217
87 4 2519 2520 2963 1238
88 4 2519 2520 3032 1258
89 4 2519 2520 3148 1284
90 4 2519 2520 3266 1316
91 4 2519 2520 3382 1348
92 4 2519 2520 3518 1386
93 4 2519 2520 3645 1423
94 4 2519 2520 3743 1445
95 4 2519 2520 3856 1479
96 4 2519 2520 3963 1498
97 4 2519 2520 4056 1513
98 4 2519 2520 4157 1539
99 4 2519 2520 4257 1554
100 4 2519 2520 4362 1571
101 4 2519 2520 4450 1602
102 4 2519 2520 4535 1628
103 4 2519 2520 4603 1654
104 4 2519 2520 4662 1668
105 4 2519 2520 4737 1686
106 4 2519 2520 4798 1699
107 4 2519 2520 4869 1711
108 4 2519 2520 4931 1728
109 4 2519 2520 4989 1740
110 4 2519 2520 5028 1751
111 4 2519 2520 5068 1766
112 4 2519 2520 5095 1779
113 4 2519 2520 5127 1787
114 4 2519 2520 5155 1798
115 4 2519 2520 5187 1805
116 4 2519 2520 5200 1809
117 4 2519 2520 5224 1811
118 4 2519 2520 5243 1822
119 4 2519 2520 5258 1830
120 4 2519 2520 5273 1836
121 4 2519 2520 5296 1840
122 6 2519 2520 5316 1846
123 6 2519 2520 5366 1864
124 6 2519 2520 5496 1909
125 7 2519 2520 5606 1946
126 7 2519 2520 5730 1982
127 8 2519 2520 5917 2024
128 8 2519 2520 6102 2070
129 8 2519 2520 6324 2140
130 8 2519 2520 6559 2202
131 8 2519 2520 6800 2261
132 8 2519 2520 6976 2299
133 8 2519 2520 7213 2341
134 8 2519 2520 7443 2406
135 8 2519 2520 7608 2444
136 8 2519 2520 7775 2495
137 8 2519 2520 7907 2524
138 8 2519 2520 8067 2558
139 8 2519 2520 8194 2576
140 8 2519 2520 8305 2616
141 8 2519 2520 8464 2652
142 8 2519 2520 8567 2662
143 8 2519 2520 8694 2699
144 8 2519 2520 8810 2724
145 8 2519 2520 8906 2756
146 8 2519 2520 9007 2781
147 8 2519 2520 9100 2792
148 8 2519 2520 9193 2815
149 8 2519 2520 9267 2838
150 8 2519 2520 9366 2875
151 8 2519 2520 9431 2889
152 8 2519 2520 9516 2914
153 8 2519 2520 9594 2921
154 8 2519 2520 9646 2936
155 8 2519 2520 9693 2955
156 8 2519 2520 9748 2977
157 8 2519 2520 9812 2990
158 8 2519 2520 9852 3000
159 9 2519 2520 9909 3004
160 9 2519 2520 10002 3023
161 9 2519 2520 10077 3046
162 9 2519 2520 10149 3065
163 10 2519 2520 10227 3108
164 11 2519 2520 10337 3128
165 11 2519 2520 10489 3159
166 11 2519 2520 10658 3213
167 12 2519 2520 10816 3241
168 12 2519 2520 10998 3284
169 12 2518 2520 11195 3329
170 14 2518 2520 11398 3372
171 14 2518 2520 11634 3429
172 14 2518 2520 11901 3454
173 14 2518 2520 12174 3515
174 15 2518 2520 12413 3547
175 15 2518 2520 12661 3583
176 15 2518 2520 12939 3635
177 15 2518 2520 13222 3698
178 15 2518 2520 13508 3757
179 15 2518 2520 13751 3804
180 15 2518 2520 14015 3873
181 16 2518 2520 14244 3909
182 16 2518 2520 14492 3966
183 16 2518 2520 14756 4025
184 16 2517 2520 14992 4063
185 16 2517 2520 15195 4072
186 16 2517 2520 15441 4110
187 16 2517 2520 15688 4167
188 16 2517 2520 15914 4199
189 16 2517 2520 16111 4218
190 16 2517 2520 16308 4248
191 16 2517 2520 16497 4276
192 16 2517 2520 16699 4309
193 16 2517 2520 16877 4338
194 16 2517 2520 17050 4355
195 16 2517 2520 17201 4375
196 17 2517 2520 17361 4407
197 17 2517 2520 17511 4431
198 17 2517 2520 17677 4459
199 17 2517 2520 17855 4493
200 17 2517 2520 18007 4532
201 17 2517 2520 18143 4556
202 17 2517 2520 18314 4596
203 17 2517 2520 18475 4631
204 18 2517 2520 18616 4657
205 18 2517 2520 18783 4688
206 18 2517 2520 18947 4734
207 19 2517 2520 19088 4764
208 19 2517 2520 19215 4781
209 20 2517 2520 19382 4821
210 20 2517 2520 19554 4835
211 20 2517 2520 19743 4872
212 20 2517 2520 19941 4916
213 20 2517 2520 20122 4971
214 21 2517 2520 20281 5019
215 21 2517 2520 20514 5070
216 21 2517 2520 20765 5111
217 21 2517 2520 21040 5182
218 22 2517 2520 21243 5213
219 24 2517 2520 21466 5256
220 24 2517 2520 21731 5340
221 24 2517 2520 22012 5381
222 24 2517 2520 22341 5459
223 24 2517 2520 22623 5521
224 24 2517 2520 22873 5560
225 25 2517 2520 23158 5582
226 25 2517 2520 23394 5615
227 25 2516 2520 23670 5662
228 25 2516 2520 23964 5714
229 25 2516 2520 24284 5777
230 25 2516 2520 24580 5835
231 25 2516 2520 24869 5848
232 25 2516 2520 25123 5873
233 25 2516 2520 25345 5914
234 25 2516 2520 25570 5940
235 25 2516 2520 25769 5982
236 25 2516 2520 25967 6032
237 25 2516 2520 26138 6053
238 25 2516 2520 26315 6068
239 25 2516 2520 26475 6102
240 26 2516 2520 26668 6129
241 26 2516 2520 26863 6183
242 27 2516 2520 27074 6208
243 27 2516 2520 27279 6259
244 27 2516 2520 27498 6306
245 27 2516 2520 27666 6337
246 27 2516 2520 27871 6383
247 28 2516 2520 28080 6430
248 28 2516 2520 28227 6475
249 29 2516 2520 28391 6501
250 29 2516 2520 28611 6542
251 29 2516 2520 28818 6585
252 29 2516 2520 29035 6623
253 29 2516 2520 29249 6671
254 29 2516 2520 29465 6729
255 29 2516 2520 29650 6781
256 29 2515 2520 29849 6840
257 30 2515 2520 30029 6862
258 31 2515 2520 30246 6898
259 31 2515 2520 30489 6942
260 31 2515 2520 30738 6970
261 32 2515 2520 30994 7013
262 32 2515 2520 31269 7069
263 32 2515 2520 31586 7074
264 32 2515 2520 31868 7112
265 33 2515 2520 32217 7201
266 33 2515 2520 32530 7240
267 34 2515 2520 32856 7309
268 34 2515 2520 33161 7348
269 34 2515 2520 33482 7411
270 34 2515 2520 33789 7458
271 34 2515 2520 34101 7506
272 34 2515 2520 34357 7559
273 34 2515 2520 34656 7623
274 34 2515 2520 34908 7658
275 34 2515 2520 35141 7703
276 34 2515 2520 35390 7739
277 34 2515 2520 35615 7774
278 34 2515 2520 35852 7828
279 34 2514 2520 36070 7862
280 34 2514 2520 36258 7899
281 34 2514 2520 36458 7915
282 34 2514 2520 36684 7945
283 34 2514 2520 36910 7983
284 35 2514 2520 37075 7991
285 35 2514 2520 37268 8026
286 36 2514 2520 37480 8036
287 36 2514 2520 37680 8071
288 37 2514 2520 37923 8099
289 37 2514 2520 38113 8122
290 37 2514 2520 38325 8164
291 37 2514 2520 38526 8222
292 38 2514 2520 38713 8251
293 38 2514 2520 38908 8280
294 38 2514 2520 39134 8352
295 38 2514 2520 39349 8362
296 38 2514 2520 39576 8395
297 38 2514 2520 39799 8477
298 38 2514 2520 40028 8532
299 38 2514 2520 40227 8570
300 38 2514 2520 40445 8576
301 39 2514 2520 40680 8632
302 39 2514 2520 40862 8651
303 40 2514 2520 41121 8694
304 40 2514 2520 41334 8730
305 40 2514 2520 41579 8777
306 40 2514 2520 41799 8820
307 40 2514 2520 42086 8886
308 40 2514 2520 42326 8945
309 40 2514 2520 42548 8969
310 40 2514 2520 42761 8993
311 41 2514 2520 43022 9022
312 42 2514 2520 43233 9040
313 43 2514 2520 43482 9085
314 43 2514 2520 43746 9146
315 43 2514 2520 44001 9180
316 43 2514 2520 44275 9238
317 44 2514 2520 44591 9320
318 44 2514 2520 44864 9373
319 44 2514 2520 45156 9440
320 44 2514 2520 45497 9485
321 44 2514 2520 45819 9547
322 44 2514 2520 46111 9600
323 44 2514 2520 46361 9622
324 44 2514 2520 46627 9679
325 44 2514 2520 46867 9728
326 44 2514 2520 47078 9757
327 44 2514 2520 47307 9789
328 44 2514 2520 47548 9833
329 44 2514 2520 47747 9870
330 45 2514 2520 47898 9894
331 45 2514 2520 48038 9904
332 45 2514 2520 48255 9964
333 45 2514 2520 48454 9995
334 45 2514 2520 48664 10026
335 45 2514 2520 48881 10056
336 46 2514 2520 49066 10110
337 46 2514 2520 49278 10143
338 47 2514 2520 49448 10186
339 47 2514 2520 49647 10233
340 47 2514 2520 49851 10255
341 48 2514 2520 50078 10298
342 48 2514 2520 50293 10347
343 48 2514 2520 50506 10369
344 49 2514 2520 50711 10396
345 49 2514 2520 50928 10430
346 49 2514 2520 51178 10465
347 49 2514 2520 51441 10484
348 50 2514 2520 51681 10526
349 50 2514 2520 51911 10577
350 51 2514 2520 52201 10639
351 51 2514 2520 52474 10675
352 52 2514 2520 52823 10732
353 52 2514 2520 53158 10794
354 52 2514 2520 53519 10852
355 53 2514 2520 53813 10896
356 53 2514 2520 54190 10970
357 53 2514 2520 54505 11033
358 53 2514 2520 54806 11080
359 54 2514 2520 55103 11157
360 55 2514 2520 55444 11211
361 56 2514 2520 55792 11267
362 56 2514 2520 56155 11310
363 56 2514 2520 56501 11375
364 56 2514 2520 56848 11455
365 56 2514 2520 57176 11520
366 56 2514 2520 57524 11570
367 56 2514 2520 57868 11637
368 56 2514 2520 58172 11681
369 56 2514 2520 58402 11728
370 56 2514 2520 58659 11754
371 56 2514 2520 58969 11806
372 56 2514 2520 59217 11823
373 56 2514 2520 59493 11849
374 57 2514 2520 59696 11885
375 58 2514 2520 59970 11928
376 58 2513 2520 60254 11992
377 58 2513 2520 60545 12062
378 59 2513 2520 60835 12116
379 59 2513 2520 61092 12163
380 60 2513 2520 61413 12226
381 60 2513 2520 61749 12276
382 60 2513 2520 62109 12321
383 60 2513 2520 62415 12399
384 60 2513 2520 62740 12441
385 60 2513 2520 63023 12523
386 60 2513 2520 63337 12567
387 60 2513 2520 63619 12606
388 60 2513 2520 63922 12674
389 61 2513 2520 64233 12703
390 62 2513 2520 64512 12742
391 62 2513 2520 64800 12815
392 63 2513 2520 65140 12869
393 63 2513 2520 65469 12912
394 63 2513 2520 65807 12957
395 63 2513 2520 66212 13022
396 63 2513 2520 66481 13059
397 64 2513 2520 66785 13113
398 64 2513 2520 67089 13181
399 64 2513 2520 67395 13215
400 64 2513 2520 67681 13259
401 65 2513 2520 67897 13314
402 66 2512 2520 68186 13369
403 68 2512 2520 68502 13421
404 68 2512 2520 68871 13509
405 68 2512 2520 69275 13571
406 69 2512 2520 69622 13627
407 69 2512 2520 70020 13686
408 69 2512 2520 70417 13750
409 69 2512 2520 70790 13810
410 69 2512 2520 71231 13832
411 69 2512 2520 71618 13889
412 69 2511 2520 72017 13952
413 69 2511 2520 72384 13991
414 69 2511 2520 72742 14002
415 70 2511 2520 73069 14041
416 70 2511 2520 73439 14099
417 70 2511 2520 73744 14119
418 70 2511 2520 74081 14151
419 70 2511 2520 74405 14195
420 71 2511 2520 74696 14242
421 72 2511 2520 74987 14286
422 73 2511 2520 75272 14311
423 74 2511 2520 75598 14350
424 74 2511 2520 75904 14431
425 74 2511 2520 76245 14472
426 75 2511 2520 76591 14524
427 75 2511 2520 76927 14552
428 75 2511 2520 77278 14610
429 75 2511 2520 77562 14634
430 75 2511 2520 77874 14683
431 75 2511 2520 78236 14760
432 75 2511 2520 78580 14841
433 75 2511 2520 78926 14888
434 77 2511 2520 79282 14917
435 78 2511 2520 79606 14981
436 78 2511 2520 79930 15027
437 78 2511 2520 80252 15082
438 78 2511 2520 80531 15126
439 79 2511 2520 80862 15198
440 79 2511 2520 81146 15245
441 79 2510 2520 81456 15282
442 80 2510 2520 81716 15342
443 80 2510 2520 82031 15371
444 80 2510 2520 82392 15420
445 81 2510 2520 82733 15474
446 82 2510 2520 83120 15527
447 82 2510 2520 83530 15583
448 84 2510 2520 83903 15643
449 84 2510 2520 84293 15719
450 84 2510 2520 84703 15790
451 84 2510 2520 85104 15845
452 84 2510 2520 85579 15949
453 84 2510 2520 85991 16000
454 85 2510 2520 86385 16099
455 85 2510 2520 86817 16173
456 85 2510 2520 87194 16211
457 85 2510 2520 87602 16274
458 85 2510 2520 87975 16312
459 86 2510 2520 88385 16365
460 87 2510 2520 88839 16451
461 87 2510 2520 89276 16523
462 87 2510 2520 89621 16571
463 87 2510 2520 89950 16602
464 87 2510 2520 90344 16674
465 87 2510 2520 90720 16724
466 87 2510 2520 91060 16784
467 87 2510 2520 91459 16824
468 87 2510 2520 91745 16854
469 87 2510 2520 92052 16920
470 87 2510 2520 92340 16946
471 87 2510 2520 92641 16981
472 87 2510 2520 92902 17026
473 87 2510 2520 93190 17067
474 87 2510 2520 93443 17097
475 87 2510 2520 93687 17146
476 87 2510 2520 93951 17163
477 87 2510 2520 94195 17207
478 88 2510 2520 94438 17266
479 88 2510 2520 94661 17308
480 89 2510 2520 94918 17344
481 90 2510 2520 95190 17425
482 92 2510 2520 95413 17449
483 92 2510 2520 95722 17467
484 92 2510 2520 96027 17543
485 92 2510 2520 96297 17603
486 93 2510 2520 96649 17638
487 93 2510 2520 96953 17707
488 94 2510 2520 97337 17745
489 94 2510 2520 97694 17807
490 95 2510 2520 98088 17834
491 95 2510 2520 98482 17898
492 96 2510 2520 98865 17972
493 96 2510 2520 99216 18057
494 97 2510 2520 99625 18094
495 98 2510 2520 100014 18133
496 98 2510 2520 100428 18177
497 99 2510 2520 100918 18250
498 100 2510 2520 101358 18330
499 100 2510 2520 101827 18407
500 100 2509 2520 102285 18455
501 100 2509 2520 102764 18489
502 101 2509 2520 103201 18561
503 101 2509 2520 103625 18623
504 101 2509 2520 104045 18657
505 101 2509 2520 104481 18735
506 101 2509 2520 104895 18824
507 101 2509 2520 105268 18863
508 101 2509 2520 105631 18920
509 101 2509 2520 105950 18957
510 101 2509 2520 106317 19000
511 101 2509 2520 106650 19073
512 101 2509 2520 106985 19112
513 101 2509 2520 107273 19149
514 101 2509 2520 107555 19181
515 101 2509 2520 107858 19231
516 101 2509 2520 108099 19271
517 101 2509 2520 108370 19307
518 101 2509 2520 108651 19379
519 101 2509 2520 108894 19378
520 101 2509 2520 109193 19428
521 102 2508 2520 109428 19453
522 104 2508 2520 109704 19498
523 104 2508 2520 110030 19524
524 104 2508 2520 110417 19597
525 104 2508 2520 110774 19651
526 105 2508 2520 111122 19713
527 106 2508 2520 111514 19778
528 107 2508 2520 111926 19843
529 108 2508 2520 112354 19888
530 108 2507 2520 112756 19952
531 108 2507 2520 113161 20009
532 109 2507 2520 113600 20052
533 110 2507 2520 114012 20103
534 112 2507 2520 114431 20147
535 112 2507 2520 114923 20223
536 112 2507 2520 115403 20330
537 112 2507 2520 115828 20395
538 112 2507 2520 116299 20501
539 113 2507 2520 116762 20571
540 114 2507 2520 117165 20623
541 114 2507 2520 117653 20703
542 114 2507 2520 118159 20788
543 114 2507 2520 118587 20866
544 114 2507 2520 119124 20949
545 114 2507 2520 119598 21026
546 114 2507 2520 120057 21121
547 114 2506 2520 120452 21178
548 114 2506 2520 120925 21254
549 114 2506 2520 121372 21284
550 115 2506 2520 121777 21348
551 115 2506 2520 122204 21419
552 116 2506 2520 122555 21434
553 117 2506 2520 122966 21519
554 118 2506 2520 123382 21570
555 118 2506 2520 123821 21643
556 118 2505 2520 124265 21689
557 118 2505 2520 124657 21739
558 118 2505 2520 125082 21833
559 119 2505 2520 125485 21864
560 119 2505 2520 125918 21896
561 121 2505 2520 126369 21938
562 122 2505 2520 126832 21957
563 122 2505 2520 127324 22031
564 122 2505 2520 127848 22065
565 122 2505 2520 128356 22080
566 122 2505 2520 128853 22171
567 123 2505 2520 129296 22225
568 123 2504 2520 129718 22293
569 125 2504 2520 130151 22336
570 125 2504 2520 130652 22373
571 126 2504 2520 131142 22433
572 127 2504 2520 131697 22470
573 127 2504 2520 132225 22553
574 127 2504 2520 132780 22607
575 128 2504 2520 133333 22680
576 129 2504 2520 133885 22776
577 129 2503 2520 134370 22847
578 131 2503 2520 134918 22938
579 131 2503 2520 135429 23008
580 131 2503 2520 135996 23083
581 131 2503 2520 136509 23197
582 131 2503 2520 137055 23247
583 131 2503 2520 137548 23351
584 133 2503 2520 138071 23441
585 134 2503 2520 138612 23509
586 134 2503 2520 139185 23575
587 135 2503 2520 139765 23645
588 135 2503 2520 140398 23735
589 136 2503 2520 140987 23803
590 136 2503 2520 141555 23867
591 136 2503 2520 142126 23939
592 136 2502 2520 142685 24026
593 136 2502 2520 143204 24078
594 137 2502 2520 143675 24118
595 137 2502 2520 144267 24227
596 137 2502 2520 144799 24327
597 137 2502 2520 145304 24418
598 138 2502 2520 145841 24471
599 139 2502 2520 146326 24521
600 139 2502 2520 146855 24630
601 139 2502 2520 147385 24670
602 139 2502 2520 147918 24714
603 140 2502 2520 148441 24747
604 140 2502 2520 148918 24799
605 142 2502 2520 149405 24890
606 143 2502 2520 149888 24885
607 144 2502 2520 150396 24940
608 145 2502 2520 150950 25025
609 145 2502 2520 151564 25136
610 146 2502 2520 152165 25233
611 146 2500 2520 152693 25330
612 147 2500 2520 153312 25417
613 148 2499 2520 153895 25462
614 148 2499 2520 154574 25513
615 148 2499 2520 155224 25587
616 148 2499 2520 155863 25668
617 148 2499 2520 156463 25734
618 148 2499 2520 157039 25795
619 148 2499 2520 157608 25907
620 148 2499 2520 158165 25958
621 149 2499 2520 158749 26001
622 149 2499 2520 159302 26064
623 150 2499 2520 159855 26138
624 150 2499 2520 160344 26194
625 150 2499 2520 160891 26313
626 150 2499 2520 161386 26345
627 150 2499 2520 161842 26420
628 150 2499 2520 162331 26517
629 151 2498 2520 162713 26594
630 151 2498 2520 163233 26610
631 151 2498 2520 163693 26693
632 152 2498 2520 164076 26752
633 153 2498 2520 164557 26818
634 153 2498 2520 164950 26915
635 155 2498 2520 165405 26955
636 155 2498 2520 165855 27020
637 155 2498 2520 166325 27108
638 156 2498 2520 166743 27159
639 156 2498 2520 167209 27228
640 157 2498 2520 167685 27268
641 158 2497 2520 168172 27349
642 158 2497 2520 168642 27395
643 160 2497 2520 169102 27451
644 160 2497 2520 169642 27509
645 161 2497 2520 170187 27557
646 162 2497 2520 170750 27578
647 162 2497 2520 171292 27613
648 162 2497 2520 171772 27663
649 162 2497 2520 172379 27711
650 164 2497 2520 172910 27757
651 164 2496 2520 173472 27835
652 164 2496 2520 174020 27889
653 165 2496 2520 174561 27930
654 166 2496 2520 175172 27927
655 169 2496 2520 175721 27988
656 169 2496 2520 176359 28063
657 170 2496 2520 177059 28124
658 170 2496 2520 177673 28222
659 170 2496 2520 178358 28347
660 171 2496 2520 179045 28470
661 173 2496 2520 179853 28568
662 173 2496 2520 180545 28703
663 173 2496 2520 181161 28759
664 173 2496 2520 181843 28871
665 173 2496 2520 182546 28932
666 174 2496 2520 183121 28951
667 175 2495 2520 183777 29033
668 175 2495 2520 184373 29088
669 176 2495 2520 185027 29137
670 176 2495 2520 185664 29202
671 177 2495 2520 186315 29303
672 178 2495 2520 186920 29385
673 179 2495 2520 187547 29431
674 179 2495 2520 188188 29470
675 180 2495 2520 188869 29555
676 180 2495 2520 189472 29622
677 180 2495 2520 189992 29689
678 180 2495 2520 190627 29731
679 180 2495 2520 191227 29804
680 180 2495 2520 191771 29862
681 182 2495 2520 192304 29947
682 182 2495 2520 192849 30022
683 184 2495 2520 193454 30067
684 184 2495 2520 194056 30167
685 185 2495 2520 194550 30242
686 185 2494 2520 195113 30321
687 185 2494 2520 195753 30396
688 186 2494 2520 196372 30436
689 187 2494 2520 197001 30509
690 187 2494 2520 197575 30579
691 188 2494 2520 198176 30656
692 188 2494 2520 198787 30728
693 188 2494 2520 199407 30828
694 191 2494 2520 200013 30908
695 192 2494 2520 200693 31004
696 192 2494 2520 201408 31099
697 192 2494 2520 202147 31142
698 193 2494 2520 202790 31257
699 193 2494 2520 203498 31321
700 194 2494 2520 204185 31402
701 194 2494 2520 204876 31514
702 196 2493 2520 205556 31651
703 196 2493 2520 206269 31740
704 197 2493 2520 207007 31842
705 197 2493 2520 207703 31940
706 197 2493 2520 208363 32042
707 197 2493 2520 208999 32113
708 199 2493 2520 209690 32235
709 199 2493 2520 210300 32303
710 199 2493 2520 210954 32373
711 199 2493 2520 211579 32469
712 199 2493 2520 212211 32523
713 199 2493 2520 212835 32629
714 199 2493 2520 213472 32728
715 200 2493 2520 214060 32816
716 200 2492 2520 214647 32928
717 200 2492 2520 215141 32986
718 200 2492 2520 215665 33055
719 200 2492 2520 216230 33118
720 200 2492 2520 216776 33172
721 200 2492 2520 217237 33214
722 201 2492 2520 217725 33266
723 202 2492 2520 218201 33286
724 202 2492 2520 218645 33282
725 204 2492 2520 219158 33343
726 206 2492 2520 219627 33442
727 206 2491 2520 220200 33533
728 207 2491 2520 220784 33609
729 207 2491 2520 221392 33671
730 208 2491 2520 221950 33709
731 208 2491 2520 222563 33793
732 208 2491 2520 223133 33844
733 208 2491 2520 223773 33903
734 209 2491 2520 224371 33983
735 211 2491 2520 224910 34035
736 212 2491 2520 225435 34085
737 214 2491 2520 226004 34154
738 214 2491 2520 226570 34213
739 215 2491 2520 227197 34291
740 216 2491 2520 227818 34412
741 217 2491 2520 228454 34477
742 219 2491 2520 229114 34559
743 221 2490 2520 229799 34637
744 222 2490 2520 230541 34749
745 223 2490 2520 231358 34859
746 223 2490 2520 232098 34961
747 225 2490 2520 232850 35102
748 225 2490 2520 233763 35219
749 225 2490 2520 234641 35337
750 225 2489 2520 235552 35468
751 226 2489 2520 236386 35550
752 226 2489 2520 237269 35627
753 226 2489 2520 238090 35707
754 226 2489 2520 238917 35789
755 228 2489 2520 239737 35887
756 230 2489 2520 240476 35961
757 230 2489 2520 241277 36022
758 230 2489 2520 242127 36144
759 230 2488 2520 242831 36199
760 230 2488 2520 243612 36280
761 231 2488 2520 244415 36399
762 231 2488 2520 245224 36495
763 231 2488 2520 245923 36583
764 231 2488 2520 246605 36647
765 233 2488 2520 247273 36699
766 233 2488 2520 247933 36726
767 234 2488 2520 248606 36795
768 234 2488 2520 249264 36872
769 234 2488 2520 249938 36936
770 234 2488 2520 250584 37025
771 235 2488 2520 251153 37089
772 236 2488 2520 251746 37179
773 236 2488 2520 252357 37250
774 237 2488 2520 252979 37375
775 237 2488 2520 253588 37455
776 237 2488 2520 254225 37515
777 237 2488 2520 254791 37615
778 238 2488 2520 255372 37673
779 239 2488 2520 255908 37723
780 239 2488 2520 256473 37803
781 239 2488 2520 257008 37859
782 242 2488 2520 257572 37916
783 245 2488 2520 258130 38016
784 246 2488 2520 258809 38110
785 246 2488 2520 259459 38188
786 246 2488 2520 260219 38253
787 246 2487 2520 260910 38303
788 248 2487 2520 261606 38385
789 249 2486 2520 262340 38447
790 251 2486 2520 263058 38507
791 253 2486 2520 263905 38563
792 253 2486 2520 264718 38677
793 254 2485 2520 265609 38726
794 255 2485 2520 266470 38797
795 255 2485 2520 267413 38841
796 256 2484 2520 268267 38876
797 257 2484 2520 269077 38947
798 257 2484 2520 269927 39034
799 257 2484 2520 270737 39142
800 257 2484 2520 271573 39208
801 260 2484 2520 272471 39298
802 260 2484 2520 273260 39394
803 261 2484 2520 274085 39481
804 262 2484 2520 274930 39569
805 262 2484 2520 275753 39622
806 262 2484 2520 276578 39729
807 262 2484 2520 277361 39824
808 264 2484 2520 278094 39861
809 266 2484 2520 278868 39950
810 267 2484 2520 279677 40064
811 267 2484 2520 280486 40164
812 268 2484 2520 281310 40278
813 268 2484 2520 282128 40394
814 268 2484 2520 282923 40469
815 269 2483 2520 283675 40516
816 270 2483 2520 284425 40571
817 270 2483 2520 285171 40699
818 270 2483 2520 285889 40768
819 270 2483 2520 286576 40875
820 271 2483 2520 287310 40974
821 272 2483 2520 288020 41045
822 272 2483 2520 288728 41136
823 272 2483 2520 289426 41247
824 273 2483 2520 290088 41327
825 273 2483 2520 290782 41404
826 273 2483 2520 291465 41522
827 274 2483 2520 292175 41564
828 274 2483 2520 292836 41676
829 275 2483 2520 293466 41783
830 277 2483 2520 294124 41882
831 277 2483 2520 294891 41986
832 279 2482 2520 295570 42059
833 281 2482 2520 296284 42158
834 282 2482 2520 297027 42221
835 282 2482 2520 297803 42311
836 282 2482 2520 298456 42404
837 283 2482 2520 299175 42471
838 285 2482 2520 299898 42560
839 285 2482 2520 300648 42655
840 285 2482 2520 301459 42725
841 286 2482 2520 302290 42844
842 287 2482 2520 303090 42931
843 288 2482 2520 303872 43023
844 289 2482 2520 304715 43127
845 289 2482 2520 305619 43256
846 289 2482 2520 306567 43365
847 289 2482 2520 307419 43471
848 289 2482 2520 308249 43599
849 289 2482 2520 309050 43701
850 290 2482 2520 309856 43793
851 290 2482 2520 310617 43906
852 290 2482 2520 311362 44009
853 290 2482 2520 312151 44072
854 290 2482 2520 312912 44193
855 291 2482 2520 313594 44292
856 291 2482 2520 314244 44389
857 292 2482 2520 314879 44416
858 293 2482 2520 315551 44456
859 294 2482 2520 316205 44515
860 294 2482 2520 316848 44649
861 294 2482 2520 317560 44741
862 294 2482 2520 318243 44848
863 295 2482 2520 318921 44910
864 295 2482 2520 319642 44965
865 296 2482 2520 320313 45086
866 297 2482 2520 320978 45168
867 298 2482 2520 321573 45271
868 299 2482 2520 322187 45359
869 299 2482 2520 322827 45419
870 300 2482 2520 323504 45491
871 301 2482 2520 324232 45548
872 304 2482 2520 324998 45639
873 307 2482 2520 325693 45725
874 311 2482 2520 326381 45843
875 313 2482 2520 327175 45904
876 316 2482 2520 328000 45961
877 318 2482 2520 328803 46029
878 319 2482 2520 329766 46129
879 320 2482 2520 330725 46194
880 321 2481 2520 331705 46350
881 321 2481 2520 332716 46489
882 322 2481 2520 333786 46607
883 323 2481 2520 334825 46725
884 323 2481 2520 335893 46835
885 325 2481 2520 336999 46936
886 328 2481 2520 338067 47043
887 329 2481 2520 339075 47169
888 329 2481 2520 340097 47262
889 330 2481 2520 341223 47375
890 331 2481 2520 342290 47447
891 331 2481 2520 343345 47567
892 331 2481 2520 344505 47665
893 331 2481 2520 345591 47778
894 332 2481 2520 346678 47921
895 332 2481 2520 347748 48012
896 332 2481 2520 348750 48159
897 332 2481 2520 349732 48224
898 332 2481 2520 350712 48316
899 333 2481 2520 351590 48443
900 333 2481 2520 352507 48531
901 334 2481 2520 353481 48640
902 335 2481 2520 354335 48742
903 337 2481 2520 355086 48811
904 338 2481 2520 355975 48889
905 339 2481 2520 356708 48967
906 339 2481 2520 357582 49063
907 339 2481 2520 358429 49130
908 339 2481 2520 359247 49242
909 339 2481 2520 360096 49247
910 340 2481 2520 360948 49323
911 341 2481 2520 361765 49403
912 342 2481 2520 362495 49513
913 343 2481 2520 363354 49572
914 343 2480 2520 364095 49672
915 344 2480 2520 364892 49761
916 344 2480 2520 365686 49837
917 345 2480 2520 366530 49923
918 346 2480 2520 367289 49998
919 347 2480 2520 368149 50060
920 347 2480 2520 368982 50162
921 347 2480 2520 369760 50251
922 347 2480 2520 370520 50336
923 347 2480 2520 371364 50375
924 348 2480 2520 372164 50481
925 349 2480 2520 372973 50559
926 351 2480 2520 373815 50639
927 352 2480 2520 374605 50717
928 353 2480 2520 375411 50787
929 357 2480 2520 376216 50902
930 357 2480 2520 377159 50982
931 358 2480 2520 377987 51055
932 358 2480 2520 378908 51199
933 358 2480 2520 379843 51334
934 361 2480 2520 380686 51395
935 361 2479 2520 381535 51486
936 361 2479 2520 382551 51613
937 363 2479 2520 383520 51668
938 363 2479 2520 384404 51759
939 363 2479 2520 385384 51801
940 363 2479 2520 386230 51901
941 364 2479 2520 387114 52015
942 365 2479 2520 387952 52117
943 365 2479 2520 388792 52214
944 366 2479 2520 389679 52322
945 366 2479 2520 390485 52458
946 367 2479 2520 391320 52547
947 367 2479 2520 392103 52613
948 367 2479 2520 392978 52683
949 368 2479 2520 393739 52766
950 368 2479 2520 394546 52843
951 369 2479 2520 395315 52938
952 370 2479 2520 396102 52988
953 370 2479 2520 396910 53079
954 372 2479 2520 397616 53144
955 372 2479 2520 398363 53240
956 375 2479 2520 399252 53314
957 376 2479 2520 400062 53432
958 377 2479 2520 400883 53549
959 378 2479 2520 401695 53616
960 379 2479 2520 402655 53694
961 379 2479 2520 403584 53783
962 381 2479 2520 404513 53879
963 382 2479 2520 405369 53991
964 382 2479 2520 406260 54121
965 383 2479 2520 407125 54220
966 383 2479 2520 407989 54338
967 383 2479 2520 408839 54414
968 383 2479 2520 409800 54525
969 384 2479 2520 410749 54596
970 384 2479 2520 411647 54729
971 384 2479 2520 412600 54807
972 385 2479 2520 413522 54942
973 385 2479 2520 414334 54991
974 390 2479 2520 415153 55125
975 392 2479 2520 416031 55224
976 394 2479 2520 416930 55296
977 394 2479 2520 417801 55382
978 396 2479 2520 418737 55454
979 397 2479 2520 419622 55555
980 398 2479 2520 420556 55676
981 398 2479 2520 421534 55782
982 398 2479 2520 422470 55853
983 398 2479 2520 423378 55949
984 399 2479 2520 424410 56046
985 401 2479 2520 425442 56165
986 402 2479 2520 426417 56269
987 403 2479 2520 427398 56344
988 404 2479 2520 428464 56388
989 404 2479 2520 429468 56498
990 405 2479 2520 430478 56617
991 406 2479 2520 431555 56755
992 406 2479 2520 432499 56848
993 406 2479 2520 433387 56967
994 406 2479 2520 434358 57068
995 406 2479 2520 435274 57143
996 406 2479 2520 436196 57253
997 408 2479 2520 437060 57304
998 409 2479 2520 437997 57435
999 411 2479 2520 438859 57561
1000 411 2479 2520 439831 57651
