0 1 2519 2520 799 501
1 1 2519 2520 831 528
2 1 2519 2520 879 557
3 1 2519 2520 923 577
4 1 2519 2520 982 602
5 1 2519 2520 1032 637
6 1 2519 2520 1089 659
7 1 2519 2520 1133 688
8 1 2519 2520 1182 705
9 1 2519 2520 1231 722
10 1 2519 2520 1253 723
11 1 2519 2520 1294 738
12 1 2519 2520 1316 745
13 1 2519 2520 1337 754
14 2 2519 2520 1363 761
15 2 2519 2520 1414 786
16 2 2519 2520 1522 824
17 2 2519 2520 1650 881
18 2 2519 2520 1785 928
19 2 2519 2520 1903 969
20 2 2519 2520 2012 1000
21 2 2519 2520 2119 1036
22 2 2519 2520 2185 1062
23 2 2519 2520 2265 1073
24 2 2519 2520 2347 1076
25 2 2519 2520 2417 1091
26 2 2519 2520 2460 1103
27 2 2519 2520 2503 1115
28 2 2519 2520 2535 1126
29 2 2519 2520 2584 1143
30 2 2519 2520 2618 1161
31 2 2519 2520 2643 1166
32 3 2519 2520 2680 1168
33 3 2519 2520 2732 1182
34 3 2519 2520 2834 1224
35 3 2519 2520 2958 1272
36 3 2519 2520 3071 1308
37 4 2519 2520 3162 1325
38 4 2519 2520 3262 1361
39 4 2519 2520 3461 1409
40 4 2519 2520 3631 1462
41 4 2519 2520 3823 1508
42 4 2519 2520 3983 1549
43 4 2519 2520 4173 1604
44 4 2519 2520 4312 1645
45 4 2519 2520 4443 1684
46 4 2519 2520 4565 1726
47 5 2519 2520 4668 1737
48 5 2519 2520 4809 1799
49 5 2519 2520 4958 1829
50 6 2519 2520 5125 1868
51 6 2519 2520 5293 1910
52 6 2519 2520 5494 1965
53 6 2519 2520 5719 2034
54 6 2519 2520 5889 2070
55 6 2519 2520 6074 2121
56 6 2519 2520 6252 2171
57 6 2519 2520 6434 2197
58 6 2519 2520 6567 2235
59 6 2519 2520 6697 2261
60 7 2519 2520 6814 2303
61 8 2519 2520 6981 2342
62 8 2519 2520 7220 2400
63 8 2519 2520 7470 2471
64 8 2519 2520 7705 2537
65 8 2519 2520 7953 2589
66 8 2518 2520 8171 2641
67 9 2518 2520 8390 2690
68 9 2517 2520 8645 2720
69 9 2517 2520 8935 2770
70 10 2517 2520 9183 2818
71 10 2517 2520 9423 2834
72 10 2517 2520 9737 2906
73 11 2517 2520 9995 2944
74 11 2517 2520 10271 2981
75 12 2517 2520 10594 3042
76 12 2517 2520 10899 3104
77 12 2517 2520 11208 3171
78 12 2517 2520 11532 3253
79 12 2517 2520 11791 3295
80 12 2517 2520 12070 3348
81 12 2517 2520 12364 3393
82 13 2517 2520 12581 3429
83 13 2517 2520 12777 3472
84 13 2517 2520 13079 3536
85 13 2517 2520 13344 3601
86 14 2517 2520 13623 3648
87 14 2517 2520 13891 3699
88 14 2517 2520 14172 3755
89 14 2517 2520 14430 3819
90 14 2517 2520 14674 3855
91 14 2517 2520 14913 3886
92 15 2517 2520 15149 3949
93 16 2517 2520 15412 4005
94 16 2517 2520 15705 4072
95 16 2517 2520 16010 4128
96 16 2517 2520 16332 4182
97 17 2517 2520 16613 4254
98 18 2517 2520 16908 4292
99 19 2517 2520 17234 4372
100 19 2517 2520 17569 4451
101 19 2517 2520 17905 4548
102 20 2517 2520 18258 4590
103 20 2516 2520 18623 4682
104 21 2516 2520 19044 4748
105 21 2516 2520 19475 4836
106 21 2516 2520 19901 4938
107 21 2516 2520 20323 4996
108 21 2516 2520 20743 5056
109 21 2516 2520 21077 5144
110 21 2516 2520 21456 5214
111 21 2516 2520 21836 5275
112 21 2516 2520 22147 5335
113 21 2516 2520 22446 5419
114 21 2516 2520 22762 5472
115 22 2516 2520 23049 5524
116 22 2516 2520 23318 5560
117 22 2516 2520 23620 5624
118 22 2516 2520 23890 5701
119 23 2516 2520 24132 5766
120 23 2516 2520 24383 5822
121 25 2516 2520 24634 5879
122 25 2516 2520 24940 5941
123 26 2516 2520 25308 6014
124 26 2516 2520 25702 6099
125 28 2516 2520 26093 6186
126 29 2516 2520 26530 6295
127 29 2516 2520 27088 6379
128 29 2516 2520 27598 6509
129 29 2516 2520 28097 6642
130 29 2516 2520 28568 6715
131 29 2516 2520 29046 6816
132 29 2516 2520 29502 6907
133 29 2516 2520 29933 6960
134 29 2516 2520 30316 7044
135 29 2516 2520 30662 7099
136 29 2516 2520 31015 7176
137 30 2516 2520 31320 7224
138 30 2516 2520 31640 7307
139 31 2516 2520 32009 7380
140 31 2516 2520 32340 7448
141 31 2516 2520 32732 7484
142 31 2516 2520 33079 7560
143 31 2516 2520 33420 7612
144 32 2516 2520 33772 7677
145 33 2516 2520 34118 7752
146 34 2516 2520 34516 7823
147 36 2516 2520 34901 7895
148 36 2515 2520 35394 8010
149 36 2515 2520 35911 8101
150 36 2515 2520 36401 8166
151 36 2515 2520 36931 8257
152 39 2515 2520 37389 8341
153 39 2515 2520 37873 8413
154 39 2515 2520 38418 8523
155 39 2515 2520 38940 8615
156 39 2515 2520 39432 8697
157 39 2515 2520 39912 8775
158 40 2515 2520 40388 8844
159 40 2515 2520 40878 8946
160 40 2515 2520 41384 9031
161 40 2515 2520 41901 9117
162 40 2515 2520 42344 9180
163 43 2515 2520 42783 9280
164 44 2515 2520 43244 9356
165 44 2515 2520 43825 9479
166 44 2515 2520 44355 9566
167 44 2515 2520 44908 9671
168 45 2515 2520 45397 9771
169 46 2515 2520 45977 9871
170 47 2515 2520 46509 9984
171 47 2515 2520 47163 10114
172 47 2515 2520 47736 10237
173 47 2515 2520 48356 10375
174 48 2515 2520 48925 10496
175 48 2515 2520 49484 10579
176 49 2515 2520 50035 10653
177 49 2515 2520 50592 10777
178 49 2515 2520 51173 10860
179 49 2515 2520 51710 10973
180 49 2515 2520 52171 11034
181 51 2515 2520 52596 11115
182 53 2515 2520 53064 11234
183 54 2515 2520 53565 11333
184 57 2515 2520 54142 11423
185 57 2515 2520 54726 11533
186 57 2515 2520 55377 11653
187 58 2515 2520 56035 11758
188 59 2515 2520 56736 11868
189 59 2515 2520 57495 11989
190 59 2515 2520 58164 12121
191 59 2515 2520 58869 12251
192 59 2515 2520 59567 12355
193 61 2515 2520 60220 12470
194 61 2515 2520 60871 12604
195 62 2515 2520 61572 12776
196 62 2515 2520 62209 12924
197 64 2515 2520 62879 13042
198 64 2515 2520 63583 13163
199 64 2515 2520 64299 13298
200 64 2515 2520 64993 13418
201 64 2515 2520 65625 13506
202 65 2515 2520 66235 13598
203 66 2515 2520 66874 13706
204 66 2515 2520 67499 13842
205 67 2515 2520 68102 13954
206 68 2515 2520 68692 14072
207 69 2514 2520 69226 14188
208 69 2514 2520 69836 14309
209 69 2514 2520 70442 14415
210 70 2514 2520 71088 14516
211 71 2514 2520 71747 14611
212 71 2513 2520 72368 14706
213 71 2513 2520 72952 14805
214 71 2513 2520 73556 14842
215 73 2513 2520 74144 14908
216 74 2513 2520 74774 14999
217 74 2513 2520 75422 15076
218 77 2513 2520 76092 15151
219 79 2513 2520 76886 15284
220 79 2513 2520 77768 15412
221 79 2513 2520 78643 15567
222 80 2513 2520 79476 15705
223 80 2512 2520 80261 15875
224 80 2512 2520 81086 15997
225 81 2512 2520 81955 16149
226 81 2511 2520 82760 16224
227 82 2511 2520 83530 16322
228 83 2511 2520 84300 16418
229 84 2511 2520 85083 16500
230 84 2511 2520 85864 16657
231 85 2511 2520 86624 16739
232 85 2511 2520 87350 16829
233 85 2511 2520 88073 16966
234 85 2510 2520 88781 17082
235 86 2510 2520 89460 17151
236 87 2509 2520 90089 17241
237 87 2509 2520 90749 17348
238 87 2509 2520 91406 17455
239 88 2509 2520 92125 17618
240 88 2509 2520 92813 17714
241 89 2509 2520 93504 17832
242 91 2509 2520 94139 17913
243 92 2509 2520 94868 18037
244 93 2509 2520 95602 18122
245 94 2509 2520 96347 18206
246 95 2509 2520 97193 18318
247 96 2509 2520 97991 18473
248 96 2509 2520 98894 18625
249 97 2509 2520 99677 18712
250 97 2508 2520 100540 18881
251 99 2508 2520 101338 19022
252 100 2507 2520 102147 19155
253 101 2507 2520 103013 19292
254 101 2506 2520 103876 19452
255 101 2505 2520 104796 19523
256 103 2505 2520 105687 19626
257 104 2505 2520 106518 19720
258 104 2505 2520 107519 19790
259 104 2505 2520 108439 19894
260 105 2505 2520 109243 20028
261 105 2505 2520 110021 20133
262 105 2505 2520 110780 20272
263 105 2505 2520 111548 20362
264 107 2505 2520 112240 20440
265 109 2505 2520 113052 20573
266 110 2505 2520 113770 20668
267 112 2505 2520 114597 20830
268 112 2505 2520 115365 20948
269 113 2505 2520 116180 21077
270 113 2504 2520 117095 21219
271 114 2504 2520 117895 21328
272 115 2504 2520 118815 21519
273 115 2504 2520 119724 21649
274 115 2504 2520 120613 21747
275 115 2503 2520 121490 21855
276 117 2502 2520 122309 21924
277 117 2502 2520 123119 22072
278 117 2502 2520 124022 22253
279 119 2502 2520 124860 22389
280 119 2502 2520 125734 22441
281 120 2502 2520 126581 22548
282 121 2502 2520 127381 22621
283 121 2502 2520 128249 22776
284 122 2502 2520 129043 22898
285 123 2502 2520 129871 23032
286 124 2502 2520 130610 23132
287 124 2502 2520 131483 23259
288 127 2502 2520 132275 23383
289 127 2502 2520 133179 23560
290 131 2502 2520 134064 23696
291 131 2502 2520 134980 23917
292 132 2501 2520 135915 24015
293 133 2501 2520 136838 24129
294 135 2500 2520 137844 24238
295 136 2500 2520 138839 24346
296 137 2500 2520 139831 24520
297 137 2500 2520 140767 24705
298 137 2500 2520 141788 24835
299 139 2500 2520 142768 24992
300 141 2499 2520 143728 25101
301 141 2499 2520 144757 25248
302 142 2499 2520 145733 25364
303 143 2499 2520 146790 25496
304 145 2499 2520 147837 25619
305 146 2499 2520 148881 25797
306 147 2499 2520 149895 25927
307 147 2499 2520 150866 26057
308 148 2499 2520 151886 26201
309 148 2499 2520 152912 26364
310 150 2499 2520 153932 26448
311 150 2499 2520 154958 26578
312 151 2499 2520 155899 26664
313 152 2499 2520 156862 26786
314 153 2499 2520 157813 26958
315 153 2499 2520 158821 27033
316 155 2499 2520 159856 27159
317 155 2499 2520 160822 27335
318 155 2499 2520 161888 27477
319 155 2499 2520 162897 27572
320 156 2499 2520 163894 27682
321 156 2499 2520 164832 27826
322 157 2499 2520 165775 27993
323 157 2499 2520 166726 28145
324 157 2499 2520 167702 28234
325 157 2499 2520 168599 28389
326 160 2499 2520 169487 28514
327 162 2499 2520 170406 28616
328 165 2499 2520 171349 28748
329 165 2499 2520 172290 28877
330 167 2499 2520 173326 29062
331 167 2499 2520 174407 29206
332 168 2499 2520 175422 29329
333 170 2498 2520 176430 29500
334 171 2498 2520 177543 29642
335 171 2498 2520 178637 29754
336 171 2498 2520 179686 29847
337 172 2498 2520 180723 29975
338 174 2498 2520 181753 30038
339 175 2498 2520 182784 30190
340 175 2498 2520 183847 30305
341 177 2498 2520 184892 30461
342 177 2496 2520 185860 30653
343 177 2496 2520 186797 30775
344 177 2496 2520 187722 30946
345 178 2496 2520 188700 31112
346 181 2496 2520 189651 31177
347 182 2496 2520 190663 31285
348 184 2496 2520 191685 31408
349 186 2496 2520 192718 31505
350 186 2496 2520 193841 31658
351 187 2496 2520 194951 31829
352 189 2496 2520 195987 31958
353 190 2496 2520 197021 32050
354 193 2495 2520 198198 32223
355 194 2495 2520 199396 32332
356 194 2495 2520 200617 32519
357 194 2495 2520 201807 32636
358 194 2495 2520 202895 32767
359 195 2494 2520 204028 32944
360 196 2494 2520 205147 33105
361 197 2494 2520 206300 33256
362 199 2493 2520 207380 33420
363 202 2493 2520 208566 33596
364 202 2493 2520 209738 33716
365 203 2492 2520 210899 33905
366 203 2492 2520 212183 34023
367 204 2492 2520 213425 34202
368 204 2492 2520 214527 34318
369 204 2492 2520 215592 34426
370 204 2492 2520 216662 34500
371 206 2492 2520 217675 34596
372 207 2491 2520 218659 34713
373 208 2491 2520 219666 34780
374 212 2491 2520 220683 34926
375 212 2491 2520 221748 35019
376 214 2490 2520 222916 35197
377 214 2490 2520 224075 35334
378 215 2490 2520 225278 35519
379 216 2489 2520 226414 35696
380 218 2489 2520 227558 35834
381 220 2488 2520 228767 35972
382 222 2487 2520 230078 36137
383 222 2487 2520 231412 36236
384 223 2487 2520 232674 36411
385 223 2487 2520 233972 36562
386 223 2487 2520 235291 36770
387 225 2486 2520 236574 36879
388 227 2486 2520 237797 37045
389 229 2486 2520 239073 37237
390 229 2486 2520 240340 37409
391 229 2486 2520 241574 37552
392 230 2484 2520 242751 37741
393 231 2483 2520 244009 37889
394 233 2483 2520 245319 38063
395 234 2483 2520 246598 38219
396 235 2483 2520 247934 38390
397 235 2483 2520 249298 38510
398 236 2483 2520 250495 38670
399 237 2483 2520 251813 38856
400 239 2483 2520 253041 39057
401 240 2482 2520 254199 39195
402 243 2482 2520 255509 39328
403 245 2482 2520 256831 39496
404 246 2482 2520 258117 39685
405 247 2482 2520 259394 39864
406 249 2482 2520 260762 39987
407 251 2482 2520 262196 40138
408 252 2482 2520 263573 40280
409 252 2482 2520 264914 40444
410 253 2482 2520 266245 40614
411 254 2482 2520 267626 40752
412 254 2481 2520 268862 40852
413 254 2481 2520 270192 40957
414 255 2480 2520 271481 41156
415 258 2478 2520 272746 41298
416 260 2478 2520 274071 41422
417 261 2478 2520 275467 41559
418 264 2478 2520 276833 41711
419 268 2478 2520 278144 41920
420 269 2477 2520 279624 42029
421 269 2476 2520 281068 42212
422 269 2476 2520 282579 42347
423 272 2476 2520 284058 42531
424 272 2476 2520 285523 42710
425 273 2476 2520 286960 42837
426 273 2476 2520 288423 42993
427 273 2475 2520 289815 43157
428 276 2475 2520 291243 43304
429 282 2475 2520 292550 43409
430 283 2474 2520 293962 43623
431 283 2473 2520 295504 43789
432 285 2473 2520 296961 43972
433 285 2473 2520 298512 44127
434 285 2472 2520 300012 44359
435 286 2472 2520 301442 44581
436 287 2472 2520 302889 44804
437 287 2472 2520 304348 44959
438 289 2472 2520 305720 45114
439 290 2472 2520 307134 45272
440 291 2472 2520 308511 45458
441 291 2472 2520 309793 45624
442 293 2472 2520 311164 45777
443 293 2472 2520 312483 45889
444 294 2472 2520 313827 46083
445 294 2472 2520 315186 46272
446 296 2472 2520 316508 46456
447 297 2472 2520 317820 46619
448 298 2472 2520 319146 46779
449 301 2471 2520 320439 46950
450 302 2471 2520 321727 47084
451 303 2471 2520 323086 47215
452 304 2471 2520 324496 47436
453 305 2470 2520 325939 47600
454 308 2470 2520 327277 47704
455 310 2469 2520 328713 47907
456 312 2469 2520 330147 48042
457 314 2469 2520 331547 48243
458 317 2469 2520 333017 48379
459 321 2469 2520 334609 48620
460 323 2469 2520 336176 48848
461 323 2469 2520 337848 49075
462 325 2469 2520 339674 49310
463 325 2469 2520 341362 49534
464 326 2469 2520 343117 49718
465 328 2469 2520 344827 49940
466 328 2469 2520 346645 50161
467 329 2468 2520 348370 50349
468 329 2468 2520 350078 50586
469 330 2467 2520 351695 50760
470 330 2467 2520 353313 50953
471 332 2467 2520 354836 51104
472 333 2467 2520 356288 51225
473 333 2467 2520 357825 51335
474 333 2467 2520 359175 51529
475 334 2465 2520 360620 51654
476 337 2465 2520 362041 51755
477 341 2465 2520 363515 51863
478 343 2464 2520 365042 52036
479 344 2464 2520 366406 52137
480 345 2464 2520 367932 52374
481 350 2464 2520 369524 52504
482 352 2464 2520 371153 52683
483 356 2464 2520 372782 52909
484 357 2464 2520 374649 53192
485 359 2464 2520 376464 53392
486 359 2464 2520 378209 53585
487 361 2464 2520 380028 53756
488 362 2463 2520 381805 54002
489 363 2463 2520 383600 54199
490 363 2463 2520 385402 54397
491 364 2463 2520 387101 54602
492 365 2463 2520 388756 54753
493 366 2463 2520 390275 54960
494 368 2463 2520 391820 55038
495 369 2463 2520 393344 55212
496 370 2461 2520 394848 55330
497 370 2461 2520 396403 55466
498 371 2460 2520 397859 55585
499 371 2460 2520 399295 55746
500 371 2460 2520 400755 55864
501 373 2460 2520 402183 56043
502 376 2460 2520 403505 56151
503 377 2460 2520 404949 56314
504 378 2460 2520 406276 56416
505 380 2460 2520 407634 56579
506 385 2460 2520 408998 56724
507 385 2460 2520 410612 57001
508 387 2460 2520 412185 57133
509 390 2460 2520 413864 57362
510 390 2460 2520 415495 57539
511 390 2460 2520 417155 57821
512 391 2460 2520 418831 58002
513 393 2460 2520 420289 58210
514 394 2460 2520 421861 58358
515 395 2460 2520 423464 58535
516 396 2460 2520 424956 58722
517 397 2460 2520 426549 58936
518 402 2460 2520 428030 59040
519 402 2460 2520 429512 59260
520 404 2460 2520 430904 59459
521 405 2459 2520 432317 59583
522 409 2459 2520 433813 59762
523 410 2459 2520 435295 59934
524 411 2459 2520 436861 60140
525 412 2459 2520 438420 60253
526 414 2459 2520 439969 60399
527 418 2458 2520 441584 60585
528 419 2458 2520 443168 60688
529 421 2458 2520 444790 60835
530 421 2458 2520 446489 61044
531 423 2458 2520 448229 61223
532 425 2457 2520 449912 61389
533 427 2457 2520 451517 61582
534 427 2456 2520 453296 61750
535 429 2456 2520 454941 62026
536 430 2456 2520 456670 62198
537 433 2456 2520 458357 62362
538 433 2456 2520 460090 62568
539 435 2456 2520 461863 62784
540 436 2456 2520 463709 63054
541 437 2456 2520 465461 63178
542 437 2456 2520 467143 63414
543 439 2455 2520 468896 63598
544 441 2454 2520 470525 63746
545 442 2454 2520 472171 63910
546 444 2454 2520 473948 64113
547 444 2454 2520 475728 64322
548 445 2454 2520 477425 64490
549 445 2454 2520 479081 64632
550 445 2454 2520 480740 64788
551 446 2454 2520 482312 64965
552 447 2453 2520 483812 65093
553 451 2452 2520 485325 65268
554 451 2452 2520 486843 65422
555 454 2452 2520 488364 65549
556 460 2452 2520 489939 65725
557 464 2452 2520 491543 65970
558 467 2452 2520 493330 66143
559 469 2452 2520 495185 66341
560 469 2450 2520 496982 66508
561 470 2450 2520 498802 66672
562 471 2450 2520 500700 66895
563 472 2449 2520 502652 67139
564 473 2448 2520 504428 67356
565 474 2448 2520 506268 67552
566 476 2446 2520 508125 67657
567 477 2446 2520 509848 67847
568 479 2446 2520 511684 68064
569 481 2446 2520 513652 68249
570 481 2446 2520 515502 68452
571 482 2446 2520 517513 68620
572 483 2445 2520 519307 68735
573 487 2445 2520 521034 68953
574 489 2444 2520 522748 69143
575 489 2444 2520 524548 69296
576 493 2444 2520 526203 69502
577 495 2444 2520 528001 69701
578 496 2443 2520 529680 69895
579 496 2443 2520 531504 70066
580 499 2443 2520 533336 70295
581 504 2443 2520 535112 70531
582 508 2443 2520 536970 70734
583 510 2443 2520 538867 70929
584 510 2443 2520 540842 71168
585 510 2440 2520 542839 71452
586 510 2439 2520 544789 71606
587 510 2439 2520 546547 71772
588 514 2439 2520 548381 71975
589 517 2439 2520 550273 72146
590 520 2438 2520 552061 72290
591 521 2437 2520 553856 72439
592 522 2437 2520 555817 72630
593 523 2436 2520 557668 72848
594 526 2436 2520 559681 73018
595 529 2436 2520 561657 73226
596 529 2436 2520 563525 73424
597 531 2436 2520 565544 73652
598 533 2436 2520 567339 73789
599 533 2435 2520 569211 73999
600 534 2434 2520 571097 74226
601 535 2434 2520 573029 74350
602 536 2434 2520 574847 74608
603 537 2434 2520 576619 74847
604 539 2434 2520 578431 75029
605 542 2434 2520 580208 75122
606 544 2434 2520 581926 75414
607 546 2434 2520 583693 75589
608 547 2434 2520 585529 75837
609 549 2434 2520 587374 76083
610 549 2434 2520 589349 76282
611 550 2434 2520 591159 76552
612 550 2434 2520 592897 76770
613 552 2433 2520 594651 76967
614 556 2433 2520 596313 77216
615 557 2433 2520 598131 77361
616 559 2433 2520 599902 77614
617 562 2433 2520 601740 77782
618 563 2433 2520 603576 78040
619 569 2432 2520 605465 78233
620 572 2432 2520 607365 78470
621 574 2432 2520 609234 78705
622 575 2432 2520 611218 78943
623 579 2431 2520 613141 79125
624 583 2431 2520 615260 79347
625 583 2431 2520 617443 79609
626 583 2431 2520 619650 79816
627 584 2431 2520 621837 80079
628 587 2430 2520 624079 80282
629 587 2430 2520 626326 80527
630 590 2430 2520 628547 80750
631 592 2430 2520 630773 80986
632 593 2430 2520 632895 81205
633 593 2430 2520 635038 81430
634 593 2430 2520 637016 81620
635 595 2430 2520 639082 81745
636 596 2430 2520 640990 81929
637 597 2430 2520 642855 82142
638 598 2429 2520 644768 82356
639 598 2429 2520 646544 82549
640 601 2428 2520 648442 82742
641 604 2428 2520 650243 82914
642 608 2428 2520 652036 83043
643 609 2427 2520 653862 83321
644 611 2427 2520 655743 83433
645 614 2427 2520 657586 83686
646 616 2426 2520 659400 83788
647 619 2426 2520 661323 83968
648 621 2426 2520 663236 84214
649 624 2426 2520 665288 84468
650 626 2426 2520 667380 84688
651 627 2425 2520 669527 84935
652 630 2425 2520 671705 85254
653 631 2425 2520 673774 85463
654 633 2425 2520 675946 85660
655 634 2425 2520 678096 85940
656 635 2425 2520 680300 86141
657 637 2424 2520 682426 86446
658 640 2424 2520 684658 86709
659 643 2424 2520 686796 86873
660 646 2424 2520 688892 87131
661 647 2424 2520 691053 87307
662 649 2424 2520 693090 87546
663 652 2424 2520 695294 87692
664 653 2424 2520 697471 87874
665 654 2424 2520 699694 88078
666 655 2424 2520 701788 88320
667 657 2424 2520 703865 88535
668 662 2424 2520 706056 88853
669 665 2424 2520 708258 89090
670 666 2423 2520 710491 89296
671 668 2423 2520 712763 89564
672 670 2423 2520 714926 89707
673 671 2423 2520 717148 89964
674 675 2422 2520 719342 90196
675 679 2422 2520 721641 90558
676 679 2422 2520 723971 90874
677 680 2422 2520 726189 91165
678 681 2422 2520 728447 91360
679 684 2422 2520 730754 91574
680 685 2422 2520 733030 91821
681 687 2421 2520 735179 92032
682 689 2421 2520 737286 92279
683 690 2421 2520 739526 92500
684 693 2421 2520 741749 92731
685 693 2421 2520 744013 92891
686 695 2421 2520 746217 93215
687 699 2420 2520 748377 93329
688 703 2420 2520 750654 93638
689 705 2420 2520 752940 93865
690 711 2420 2520 755153 94149
691 712 2420 2520 757508 94389
692 714 2420 2520 759800 94650
693 716 2419 2520 762115 94884
694 717 2419 2520 764336 95097
695 718 2419 2520 766775 95365
696 718 2419 2520 769132 95617
697 719 2419 2520 771496 95836
698 723 2419 2520 773671 96010
699 725 2418 2520 775948 96222
700 727 2418 2520 778388 96556
701 730 2418 2520 780787 96771
702 733 2418 2520 783187 97008
703 736 2417 2520 785603 97293
704 739 2416 2520 787929 97547
705 739 2416 2520 790358 97720
706 740 2416 2520 792771 98036
707 745 2416 2520 795002 98274
708 748 2416 2520 797368 98520
709 752 2415 2520 799673 98716
710 755 2415 2520 802240 98953
711 756 2415 2520 804770 99334
712 758 2415 2520 807215 99554
713 759 2415 2520 809678 99813
714 762 2415 2520 812188 100029
715 765 2415 2520 814662 100305
716 768 2415 2520 817169 100653
717 769 2415 2520 819856 100826
718 770 2414 2520 822392 101136
719 773 2414 2520 824701 101393
720 775 2414 2520 827155 101518
721 776 2414 2520 829601 101682
722 778 2414 2520 832037 101896
723 779 2413 2520 834568 102146
724 780 2413 2520 836917 102384
725 781 2413 2520 839184 102571
726 783 2412 2520 841493 102817
727 788 2412 2520 843880 103067
728 791 2412 2520 846184 103262
729 797 2410 2520 848532 103481
730 797 2410 2520 851013 103612
731 800 2408 2520 853544 103851
732 801 2408 2520 856034 104045
733 803 2408 2520 858607 104275
734 805 2408 2520 861115 104432
735 805 2407 2520 863593 104726
736 808 2407 2520 865948 104923
737 811 2406 2520 868305 105152
738 814 2406 2520 870914 105344
739 820 2405 2520 873294 105625
740 821 2405 2520 875841 105840
741 822 2405 2520 878559 106163
742 824 2405 2520 881071 106348
743 826 2405 2520 883497 106616
744 828 2404 2520 885904 106821
745 828 2404 2520 888384 106970
746 830 2402 2520 890822 107177
747 832 2402 2520 893391 107420
748 834 2402 2520 895848 107632
749 837 2402 2520 898230 107862
750 840 2402 2520 900575 108014
751 844 2401 2520 902942 108148
752 846 2401 2520 905365 108328
753 847 2401 2520 907742 108550
754 850 2400 2520 910163 108770
755 852 2399 2520 912527 108979
756 854 2399 2520 915020 109190
757 857 2399 2520 917351 109433
758 858 2399 2520 919739 109560
759 858 2399 2520 922163 109760
760 860 2399 2520 924576 110038
761 861 2399 2520 927022 110183
762 863 2398 2520 929303 110416
763 865 2398 2520 931550 110697
764 866 2398 2520 933759 110882
765 869 2398 2520 936124 111113
766 871 2397 2520 938512 111291
767 873 2397 2520 940714 111415
768 878 2397 2520 942918 111494
769 881 2396 2520 945101 111764
770 886 2396 2520 947493 111966
771 889 2396 2520 949851 112154
772 889 2396 2520 952352 112476
773 891 2396 2520 954901 112743
774 892 2396 2520 957315 113002
775 894 2396 2520 959862 113230
776 897 2396 2520 962316 113408
777 901 2396 2520 964531 113645
778 902 2396 2520 967102 113915
779 903 2396 2520 969477 114133
780 905 2396 2520 971800 114405
781 908 2396 2520 974186 114651
782 909 2396 2520 976632 114773
783 912 2396 2520 979036 114985
784 913 2396 2520 981495 115163
785 915 2396 2520 984000 115392
786 918 2396 2520 986446 115566
787 920 2396 2520 988839 115757
788 921 2395 2520 991225 116024
789 922 2395 2520 993405 116144
790 923 2395 2520 995587 116304
791 924 2394 2520 997848 116481
792 926 2394 2520 1000093 116620
793 927 2394 2520 1002282 116833
794 929 2394 2520 1004463 117009
795 933 2394 2520 1006677 117203
796 938 2394 2520 1008924 117372
797 942 2394 2520 1011249 117516
798 945 2394 2520 1013516 117699
799 946 2394 2520 1015778 117882
800 949 2394 2520 1018243 118106
801 951 2393 2520 1020611 118266
802 954 2393 2520 1022947 118427
803 959 2393 2520 1025427 118681
804 961 2393 2520 1027837 118877
805 964 2393 2520 1030276 119124
806 964 2393 2520 1032955 119416
807 968 2392 2520 1035640 119612
808 969 2392 2520 1038288 119801
809 971 2392 2520 1040932 119976
810 971 2391 2520 1043511 120256
811 971 2390 2520 1046079 120400
812 976 2390 2520 1048708 120609
813 980 2389 2520 1051182 120843
814 983 2388 2520 1053757 121060
815 985 2388 2520 1056395 121211
816 987 2388 2520 1058939 121469
817 990 2387 2520 1061510 121681
818 993 2386 2520 1064043 121875
819 993 2386 2520 1066730 122078
820 996 2385 2520 1069195 122261
821 998 2385 2520 1071799 122533
822 1002 2385 2520 1074347 122690
823 1005 2385 2520 1076839 122872
824 1008 2385 2520 1079472 123151
825 1011 2385 2520 1082260 123364
826 1016 2385 2520 1084864 123628
827 1018 2385 2520 1087675 123971
828 1019 2385 2520 1090231 124243
829 1019 2384 2520 1092791 124382
830 1022 2384 2520 1095473 124605
831 1025 2384 2520 1098192 124820
832 1026 2384 2520 1100733 125012
833 1026 2382 2520 1103337 125244
834 1028 2382 2520 1105855 125419
835 1030 2381 2520 1108439 125601
836 1036 2380 2520 1110990 125875
837 1039 2380 2520 1113414 126116
838 1039 2380 2520 1116084 126283
839 1040 2380 2520 1118644 126499
840 1046 2380 2520 1121101 126702
841 1048 2380 2520 1123778 126784
842 1050 2380 2520 1126531 127001
843 1052 2380 2520 1129237 127287
844 1055 2379 2520 1131910 127564
845 1058 2378 2520 1134559 127793
846 1061 2378 2520 1137182 127984
847 1062 2378 2520 1139902 128253
848 1064 2378 2520 1142608 128456
849 1066 2377 2520 1145288 128644
850 1068 2376 2520 1147824 128841
851 1070 2376 2520 1150562 129081
852 1072 2376 2520 1153253 129308
853 1072 2376 2520 1155873 129556
854 1073 2375 2520 1158393 129711
855 1075 2374 2520 1161023 129874
856 1075 2372 2520 1163512 130036
857 1076 2372 2520 1165903 130231
858 1078 2372 2520 1168345 130446
859 1082 2372 2520 1170644 130609
860 1083 2372 2520 1172948 130761
861 1086 2372 2520 1175269 130924
862 1090 2371 2520 1177518 131085
863 1090 2371 2520 1179824 131252
864 1091 2371 2520 1182354 131380
865 1094 2370 2520 1184663 131615
866 1097 2370 2520 1186896 131862
867 1103 2369 2520 1189226 132067
868 1106 2369 2520 1191609 132261
869 1109 2368 2520 1193945 132460
870 1111 2368 2520 1196400 132749
871 1115 2368 2520 1198876 132956
872 1120 2368 2520 1201294 133076
873 1125 2367 2520 1203852 133251
874 1127 2367 2520 1206377 133492
875 1131 2367 2520 1208999 133642
876 1134 2367 2520 1211842 133836
877 1139 2366 2520 1214611 134018
878 1141 2364 2520 1217394 134324
879 1144 2363 2520 1220320 134527
880 1146 2363 2520 1223211 134775
881 1153 2363 2520 1226135 134993
882 1153 2363 2520 1229124 135286
883 1154 2363 2520 1232014 135521
884 1155 2362 2520 1234740 135720
885 1156 2362 2520 1237653 136001
886 1158 2361 2520 1240418 136174
887 1163 2361 2520 1243204 136383
888 1164 2360 2520 1246097 136574
889 1165 2360 2520 1248886 136782
890 1169 2360 2520 1251655 136979
891 1171 2360 2520 1254483 137217
892 1171 2359 2520 1257274 137368
893 1174 2359 2520 1260015 137520
894 1176 2358 2520 1262635 137668
895 1179 2358 2520 1265181 137811
896 1179 2358 2520 1267873 138006
897 1180 2357 2520 1270392 138139
898 1186 2357 2520 1273007 138336
899 1190 2357 2520 1275407 138506
900 1193 2356 2520 1277910 138641
901 1193 2356 2520 1280563 138813
902 1194 2356 2520 1283065 138932
903 1197 2356 2520 1285713 139059
904 1202 2356 2520 1288463 139163
905 1205 2356 2520 1291059 139448
906 1208 2356 2520 1293660 139585
907 1208 2355 2520 1296291 139718
908 1212 2355 2520 1298934 139925
909 1212 2355 2520 1301564 140127
910 1215 2355 2520 1304152 140275
911 1217 2355 2520 1306724 140496
912 1219 2355 2520 1309362 140604
913 1224 2355 2520 1311938 140758
914 1228 2355 2520 1314725 141014
915 1231 2355 2520 1317249 141185
916 1231 2354 2520 1319855 141372
917 1232 2354 2520 1322490 141480
918 1234 2352 2520 1325060 141656
919 1237 2352 2520 1327540 141837
920 1238 2351 2520 1330128 142102
921 1239 2351 2520 1332667 142333
922 1242 2350 2520 1335331 142511
923 1246 2350 2520 1337765 142720
924 1249 2350 2520 1340371 142946
925 1251 2350 2520 1343013 143180
926 1254 2350 2520 1345542 143373
927 1254 2350 2520 1348152 143548
928 1259 2348 2520 1350775 143713
929 1260 2348 2520 1353248 143864
930 1262 2348 2520 1355918 143953
931 1267 2348 2520 1358484 144098
932 1270 2347 2520 1361163 144205
933 1272 2347 2520 1363950 144483
934 1273 2347 2520 1366644 144686
935 1276 2347 2520 1369231 144748
936 1276 2347 2520 1371833 144918
937 1277 2347 2520 1374406 145067
938 1278 2347 2520 1376866 145255
939 1279 2347 2520 1379456 145402
940 1282 2346 2520 1382003 145602
941 1286 2345 2520 1384470 145683
942 1288 2345 2520 1386773 145813
943 1293 2345 2520 1389234 146038
944 1294 2345 2520 1391709 146181
945 1295 2344 2520 1394158 146272
946 1296 2344 2520 1396635 146473
947 1301 2343 2520 1399123 146568
948 1305 2343 2520 1401596 146711
949 1309 2343 2520 1404078 146885
950 1312 2343 2520 1406711 147144
951 1314 2343 2520 1409220 147353
952 1318 2343 2520 1411726 147503
953 1321 2343 2520 1414124 147772
954 1324 2343 2520 1416553 147913
955 1326 2343 2520 1419173 148176
956 1331 2343 2520 1421755 148420
957 1332 2343 2520 1424344 148584
958 1335 2342 2520 1426933 148840
959 1338 2342 2520 1429602 148961
960 1339 2340 2520 1432217 149176
961 1340 2339 2520 1434886 149374
962 1340 2339 2520 1437522 149562
963 1341 2339 2520 1440189 149693
964 1343 2338 2520 1442722 149845
965 1344 2338 2520 1445256 149928
966 1345 2337 2520 1447810 150059
967 1347 2337 2520 1450265 150196
968 1350 2337 2520 1452687 150283
969 1351 2337 2520 1455119 150354
970 1352 2337 2520 1457538 150542
971 1357 2337 2520 1459774 150689
972 1359 2337 2520 1462137 150809
973 1363 2336 2520 1464509 150930
974 1365 2336 2520 1466863 151072
975 1369 2335 2520 1469298 151115
976 1370 2334 2520 1471852 151341
977 1372 2334 2520 1474357 151474
978 1373 2333 2520 1476692 151630
979 1373 2332 2520 1479091 151874
980 1374 2332 2520 1481399 152041
981 1380 2332 2520 1483669 152166
982 1383 2332 2520 1486045 152327
983 1385 2331 2520 1488389 152493
984 1385 2329 2520 1490879 152715
985 1388 2329 2520 1493184 152813
986 1391 2329 2520 1495521 152859
987 1393 2329 2520 1497909 153044
988 1396 2329 2520 1500403 153214
989 1399 2328 2520 1502821 153375
990 1404 2327 2520 1505222 153493
991 1406 2327 2520 1507600 153599
992 1412 2327 2520 1510260 153779
993 1414 2326 2520 1512779 153900
994 1415 2326 2520 1515373 154149
995 1416 2325 2520 1517859 154342
996 1418 2325 2520 1520384 154465
997 1423 2325 2520 1522877 154632
998 1424 2325 2520 1525464 154817
999 1427 2324 2520 1527922 154982
1000 1428 2324 2520 1530428 155137
