0 1 2519 2520 796 500
1 1 2519 2520 831 525
2 1 2519 2520 881 555
3 1 2519 2520 928 581
4 1 2519 2520 979 612
5 1 2519 2520 1033 647
6 1 2519 2520 1082 663
7 1 2519 2520 1130 686
8 1 2519 2520 1168 700
9 1 2519 2520 1190 707
10 1 2519 2520 1223 713
11 1 2519 2520 1246 722
12 1 2519 2520 1280 736
13 1 2519 2520 1292 744
14 1 2519 2520 1310 748
15 1 2519 2520 1334 756
16 1 2519 2520 1355 762
17 1 2519 2520 1374 763
18 1 2519 2520 1378 766
19 1 2519 2520 1403 770
20 2 2519 2520 1411 771
21 2 2519 2520 1434 781
22 2 2519 2520 1542 825
23 2 2519 2520 1667 876
24 2 2519 2520 1761 907
25 2 2519 2520 1872 944
26 2 2519 2520 1980 976
27 2 2519 2520 2080 1009
28 2 2519 2520 2177 1058
29 2 2519 2520 2262 1077
30 2 2519 2520 2334 1096
31 2 2519 2520 2388 1118
32 2 2519 2520 2444 1133
33 2 2519 2520 2499 1150
34 2 2519 2520 2541 1162
35 2 2519 2520 2595 1182
36 2 2519 2520 2641 1200
37 2 2519 2520 2679 1199
38 2 2519 2520 2707 1209
39 2 2519 2520 2725 1215
40 2 2519 2520 2746 1224
41 2 2519 2520 2753 1224
42 2 2519 2520 2778 1239
43 2 2519 2520 2776 1249
44 3 2519 2520 2786 1260
45 3 2519 2520 2815 1271
46 4 2519 2520 2913 1308
47 4 2519 2520 3014 1345
48 4 2519 2520 3196 1395
49 4 2519 2520 3363 1442
50 4 2519 2520 3566 1503
51 4 2519 2520 3755 1556
52 4 2519 2520 3944 1614
53 4 2519 2520 4124 1656
54 4 2519 2520 4294 1699
55 4 2519 2520 4461 1733
56 4 2519 2520 4598 1756
57 4 2519 2520 4725 1781
58 4 2519 2520 4844 1804
59 4 2519 2520 4954 1820
60 4 2519 2520 5020 1834
61 4 2519 2520 5115 1866
62 4 2519 2520 5178 1878
63 4 2519 2520 5241 1896
64 4 2519 2520 5289 1930
65 4 2519 2520 5331 1957
66 5 2519 2520 5373 1970
67 6 2519 2520 5399 1971
68 6 2519 2520 5556 2015
69 6 2519 2520 5757 2089
70 7 2519 2520 5968 2159
71 8 2519 2520 6180 2224
72 8 2519 2520 6459 2295
73 8 2519 2520 6770 2364
74 8 2519 2520 7071 2432
75 8 2519 2520 7357 2482
76 8 2519 2520 7651 2536
77 8 2519 2520 7886 2611
78 8 2519 2520 8150 2667
79 8 2519 2520 8327 2686
80 8 2519 2520 8543 2741
81 8 2519 2520 8729 2763
82 8 2519 2520 8903 2789
83 8 2519 2520 9050 2825
84 8 2519 2520 9198 2855
85 8 2519 2520 9310 2867
86 10 2519 2520 9438 2896
87 10 2519 2520 9594 2940
88 10 2519 2520 9813 3011
89 11 2519 2520 10031 3059
90 11 2519 2520 10243 3111
91 12 2519 2520 10501 3163
92 13 2518 2520 10801 3252
93 13 2518 2520 11151 3319
94 15 2517 2520 11500 3375
95 15 2517 2520 11906 3458
96 15 2517 2520 12372 3541
97 15 2517 2520 12825 3643
98 15 2517 2520 13240 3687
99 15 2517 2520 13639 3769
100 15 2517 2520 14019 3840
101 15 2517 2520 14345 3916
102 15 2517 2520 14670 3960
103 15 2517 2520 14958 3999
104 15 2517 2520 15285 4047
105 15 2517 2520 15486 4079
106 15 2517 2520 15705 4106
107 15 2517 2520 15942 4126
108 15 2517 2520 16172 4181
109 15 2517 2520 16396 4209
110 17 2517 2520 16580 4252
111 17 2517 2520 16759 4299
112 17 2517 2520 17039 4380
113 18 2517 2520 17316 4443
114 18 2516 2520 17641 4519
115 18 2516 2520 17961 4586
116 18 2516 2520 18285 4660
117 18 2516 2520 18640 4757
118 18 2516 2520 18926 4842
119 18 2516 2520 19212 4898
120 19 2516 2520 19447 4944
121 20 2516 2520 19733 4991
122 21 2516 2520 20042 5058
123 22 2516 2520 20386 5148
124 22 2516 2520 20769 5197
125 23 2516 2520 21158 5271
126 23 2516 2520 21537 5370
127 23 2516 2520 21933 5418
128 23 2516 2520 22280 5495
129 23 2516 2520 22644 5565
130 24 2516 2520 22967 5628
131 24 2516 2520 23335 5695
132 24 2516 2520 23701 5790
133 24 2516 2520 24025 5822
134 24 2516 2520 24346 5887
135 24 2516 2520 24669 5923
136 25 2516 2520 24974 5973
137 26 2516 2520 25301 6080
138 27 2516 2520 25648 6159
139 27 2516 2520 26029 6260
140 27 2516 2520 26404 6325
141 27 2516 2520 26815 6404
142 27 2516 2520 27202 6439
143 27 2516 2520 27553 6487
144 28 2516 2520 27907 6543
145 29 2516 2520 28281 6616
146 31 2515 2520 28694 6694
147 32 2515 2520 29173 6795
148 32 2515 2520 29755 6935
149 32 2514 2520 30309 7029
150 32 2514 2520 30869 7127
151 32 2514 2520 31424 7226
152 32 2514 2520 31921 7311
153 33 2514 2520 32444 7396
154 33 2514 2520 32927 7478
155 33 2514 2520 33367 7529
156 33 2514 2520 33810 7580
157 34 2514 2520 34204 7611
158 35 2514 2520 34655 7662
159 35 2514 2520 35103 7759
160 36 2514 2520 35519 7815
161 36 2514 2520 35965 7889
162 36 2514 2520 36435 7965
163 36 2514 2520 36879 8069
164 38 2514 2520 37318 8166
165 38 2514 2520 37835 8279
166 39 2514 2520 38319 8410
167 40 2514 2520 38841 8514
168 41 2514 2520 39388 8623
169 42 2514 2520 39952 8745
170 42 2514 2520 40511 8816
171 42 2514 2520 41160 8973
172 42 2514 2520 41696 9071
173 42 2514 2520 42265 9173
174 42 2514 2520 42828 9285
175 42 2514 2520 43323 9388
176 42 2514 2520 43728 9469
177 42 2514 2520 44215 9567
178 42 2514 2520 44638 9635
179 42 2514 2520 45045 9667
180 42 2514 2520 45395 9772
181 44 2514 2520 45719 9848
182 44 2514 2520 46073 9936
183 45 2514 2520 46485 10022
184 45 2514 2520 46888 10129
185 46 2514 2520 47314 10217
186 46 2514 2520 47735 10309
187 48 2513 2520 48167 10387
188 48 2513 2520 48671 10466
189 48 2513 2520 49206 10601
190 51 2513 2520 49723 10713
191 52 2513 2520 50343 10852
192 53 2513 2520 50975 10990
193 54 2513 2520 51697 11125
194 54 2512 2520 52355 11220
195 55 2512 2520 53044 11333
196 56 2512 2520 53733 11408
197 56 2512 2520 54447 11539
198 57 2512 2520 55167 11610
199 57 2512 2520 55840 11714
200 57 2512 2520 56492 11814
201 57 2512 2520 57140 11890
202 57 2512 2520 57703 11997
203 57 2512 2520 58221 12039
204 59 2512 2520 58772 12109
205 59 2512 2520 59343 12227
206 59 2512 2520 59941 12312
207 59 2512 2520 60464 12398
208 60 2512 2520 61047 12518
209 60 2511 2520 61615 12640
210 61 2511 2520 62190 12698
211 62 2511 2520 62725 12791
212 63 2511 2520 63263 12865
213 63 2511 2520 63871 12949
214 64 2511 2520 64475 13038
215 66 2511 2520 65081 13114
216 67 2511 2520 65736 13277
217 68 2511 2520 66428 13401
218 68 2511 2520 67082 13572
219 68 2511 2520 67720 13732
220 69 2511 2520 68467 13884
221 69 2511 2520 69163 14041
222 69 2511 2520 69796 14166
223 69 2511 2520 70519 14255
224 69 2511 2520 71138 14387
225 69 2511 2520 71782 14478
226 69 2511 2520 72267 14596
227 70 2511 2520 72852 14629
228 71 2511 2520 73390 14734
229 71 2511 2520 73982 14810
230 72 2511 2520 74568 14885
231 73 2511 2520 75165 15002
232 73 2511 2520 75764 15102
233 73 2511 2520 76297 15192
234 73 2511 2520 76853 15279
235 73 2511 2520 77365 15343
236 74 2511 2520 77914 15454
237 75 2511 2520 78488 15549
238 76 2511 2520 79014 15641
239 77 2511 2520 79594 15737
240 80 2511 2520 80161 15827
241 80 2511 2520 80785 15961
242 80 2511 2520 81496 16057
243 80 2511 2520 82197 16162
244 80 2511 2520 82931 16271
245 80 2511 2520 83612 16399
246 80 2511 2520 84255 16522
247 82 2511 2520 84928 16641
248 83 2511 2520 85552 16736
249 83 2511 2520 86182 16822
250 85 2511 2520 86841 16931
251 85 2511 2520 87510 17055
252 85 2511 2520 88243 17176
253 87 2511 2520 88846 17235
254 88 2511 2520 89536 17384
255 88 2511 2520 90195 17474
256 88 2510 2520 90877 17547
257 88 2510 2520 91519 17681
258 89 2510 2520 92161 17797
259 89 2510 2520 92800 17889
260 91 2510 2520 93449 17962
261 91 2510 2520 94112 18074
262 93 2509 2520 94838 18195
263 94 2509 2520 95562 18302
264 95 2509 2520 96307 18440
265 96 2509 2520 97137 18525
266 97 2509 2520 97997 18681
267 99 2509 2520 98863 18832
268 99 2509 2520 99671 18950
269 99 2509 2520 100487 19067
270 100 2509 2520 101306 19226
271 100 2508 2520 102162 19344
272 100 2508 2520 102948 19505
273 100 2508 2520 103674 19614
274 100 2508 2520 104440 19735
275 100 2508 2520 105190 19830
276 100 2508 2520 105874 19881
277 101 2508 2520 106536 19941
278 101 2506 2520 107157 19968
279 101 2506 2520 107737 20052
280 102 2506 2520 108324 20143
281 102 2506 2520 108945 20203
282 102 2506 2520 109539 20233
283 104 2506 2520 110189 20308
284 104 2506 2520 110749 20348
285 105 2506 2520 111421 20472
286 107 2505 2520 112006 20544
287 109 2504 2520 112620 20632
288 110 2504 2520 113329 20719
289 110 2503 2520 114122 20818
290 110 2503 2520 114944 20881
291 110 2503 2520 115720 21033
292 111 2503 2520 116539 21183
293 112 2503 2520 117332 21280
294 113 2503 2520 118093 21397
295 115 2503 2520 118900 21506
296 115 2503 2520 119785 21589
297 115 2503 2520 120606 21726
298 115 2503 2520 121411 21862
299 115 2503 2520 122190 21956
300 116 2503 2520 122946 22069
301 116 2503 2520 123730 22209
302 117 2503 2520 124398 22254
303 117 2503 2520 125058 22373
304 118 2503 2520 125771 22459
305 118 2503 2520 126538 22581
306 121 2503 2520 127278 22681
307 122 2502 2520 128007 22767
308 123 2502 2520 128882 22883
309 123 2502 2520 129676 23007
310 125 2502 2520 130442 23114
311 125 2502 2520 131188 23219
312 125 2502 2520 132049 23392
313 127 2502 2520 132777 23460
314 129 2502 2520 133641 23604
315 130 2502 2520 134474 23669
316 130 2502 2520 135328 23775
317 132 2501 2520 136187 23896
318 134 2500 2520 137181 23979
319 135 2500 2520 138107 24105
320 135 2499 2520 139083 24224
321 135 2499 2520 140032 24356
322 137 2499 2520 140996 24466
323 137 2499 2520 141892 24597
324 139 2499 2520 142794 24670
325 139 2499 2520 143821 24790
326 140 2499 2520 144756 24909
327 140 2499 2520 145694 25016
328 140 2499 2520 146615 25161
329 142 2499 2520 147597 25292
330 142 2499 2520 148464 25412
331 143 2499 2520 149404 25530
332 143 2499 2520 150310 25670
333 143 2499 2520 151170 25834
334 146 2499 2520 151973 25967
335 146 2499 2520 152887 26107
336 147 2499 2520 153851 26281
337 147 2499 2520 154755 26387
338 147 2499 2520 155669 26518
339 147 2499 2520 156541 26636
340 148 2499 2520 157430 26775
341 150 2499 2520 158210 26924
342 152 2498 2520 159079 27025
343 153 2498 2520 160076 27179
344 154 2498 2520 161005 27298
345 155 2498 2520 162099 27497
346 155 2498 2520 163098 27642
347 155 2498 2520 164064 27759
348 155 2498 2520 165000 27939
349 155 2498 2520 165907 28065
350 155 2498 2520 166651 28185
351 155 2498 2520 167562 28283
352 157 2498 2520 168385 28413
353 158 2498 2520 169222 28525
354 160 2498 2520 170028 28656
355 160 2497 2520 170809 28709
356 160 2497 2520 171646 28783
357 161 2497 2520 172508 28883
358 162 2497 2520 173435 29029
359 162 2497 2520 174337 29158
360 162 2497 2520 175212 29272
361 164 2497 2520 176145 29384
362 164 2497 2520 177018 29537
363 166 2497 2520 177843 29649
364 170 2497 2520 178685 29759
365 173 2497 2520 179651 29892
366 175 2497 2520 180686 30043
367 175 2497 2520 181681 30208
368 175 2497 2520 182792 30402
369 175 2497 2520 183857 30568
370 178 2497 2520 184859 30715
371 178 2497 2520 185905 30847
372 178 2497 2520 187030 30930
373 179 2497 2520 188084 30998
374 179 2496 2520 189178 31168
375 182 2496 2520 190258 31282
376 182 2496 2520 191322 31399
377 182 2496 2520 192397 31513
378 185 2495 2520 193377 31652
379 186 2494 2520 194466 31740
380 187 2494 2520 195579 31824
381 188 2494 2520 196724 31905
382 189 2494 2520 197936 32057
383 191 2494 2520 199086 32187
384 191 2494 2520 200240 32288
385 192 2493 2520 201437 32380
386 192 2493 2520 202613 32561
387 194 2493 2520 203736 32614
388 196 2493 2520 204986 32778
389 197 2493 2520 206114 32876
390 197 2493 2520 207308 32971
391 200 2493 2520 208452 33107
392 200 2493 2520 209583 33235
393 200 2493 2520 210693 33370
394 200 2492 2520 211870 33503
395 201 2492 2520 212998 33601
396 203 2492 2520 214085 33754
397 203 2492 2520 215163 33817
398 205 2492 2520 216268 33919
399 205 2491 2520 217321 34020
400 207 2490 2520 218411 34196
401 209 2490 2520 219446 34293
402 210 2490 2520 220552 34406
403 210 2490 2520 221751 34555
404 211 2490 2520 222878 34642
405 212 2490 2520 224001 34785
406 214 2490 2520 225139 34912
407 217 2489 2520 226254 34993
408 219 2489 2520 227478 35121
409 219 2488 2520 228748 35318
410 219 2488 2520 230047 35540
411 222 2488 2520 231364 35677
412 226 2488 2520 232592 35919
413 227 2488 2520 233915 36073
414 227 2488 2520 235337 36262
415 227 2486 2520 236781 36431
416 227 2486 2520 238134 36517
417 228 2486 2520 239464 36740
418 228 2486 2520 240702 36860
419 229 2486 2520 242015 37035
420 230 2486 2520 243196 37189
421 231 2486 2520 244443 37345
422 231 2485 2520 245656 37535
423 231 2484 2520 246834 37663
424 235 2484 2520 247942 37824
425 236 2484 2520 249022 37949
426 238 2484 2520 250283 38069
427 238 2484 2520 251488 38197
428 238 2483 2520 252685 38365
429 239 2483 2520 253911 38556
430 241 2482 2520 254973 38745
431 244 2482 2520 256136 38874
432 247 2482 2520 257286 39029
433 247 2480 2520 258705 39166
434 248 2480 2520 260108 39342
435 248 2480 2520 261445 39576
436 249 2480 2520 262740 39711
437 253 2480 2520 263990 39851
438 253 2480 2520 265337 39983
439 255 2480 2520 266746 40216
440 256 2480 2520 268089 40381
441 257 2480 2520 269525 40498
442 259 2480 2520 270834 40582
443 261 2480 2520 272158 40742
444 261 2480 2520 273480 40953
445 263 2480 2520 274905 41130
446 263 2480 2520 276302 41208
447 263 2480 2520 277613 41344
448 264 2480 2520 278998 41517
449 266 2480 2520 280391 41676
450 266 2480 2520 281647 41780
451 266 2480 2520 282962 41945
452 267 2480 2520 284322 42115
453 268 2480 2520 285676 42277
454 271 2480 2520 286931 42420
455 271 2480 2520 288195 42576
456 276 2480 2520 289362 42721
457 276 2480 2520 290745 42904
458 279 2480 2520 292245 43142
459 280 2479 2520 293624 43289
460 282 2479 2520 295016 43456
461 283 2479 2520 296427 43635
462 284 2479 2520 297891 43817
463 285 2479 2520 299389 43950
464 285 2478 2520 300764 44157
465 286 2478 2520 302262 44329
466 288 2478 2520 303641 44451
467 288 2478 2520 305033 44627
468 290 2478 2520 306440 44786
469 292 2477 2520 307788 44906
470 292 2477 2520 309257 45121
471 294 2477 2520 310599 45275
472 295 2476 2520 312047 45448
473 296 2476 2520 313414 45612
474 297 2476 2520 314825 45690
475 300 2476 2520 316297 45858
476 302 2475 2520 317667 46013
477 303 2475 2520 319187 46140
478 303 2475 2520 320652 46327
479 304 2475 2520 322113 46590
480 307 2474 2520 323529 46764
481 310 2473 2520 325036 46951
482 311 2473 2520 326701 47135
483 312 2473 2520 328334 47295
484 313 2473 2520 329857 47457
485 316 2473 2520 331479 47631
486 316 2473 2520 333019 47844
487 318 2473 2520 334750 48074
488 318 2473 2520 336367 48288
489 318 2473 2520 337985 48434
490 319 2473 2520 339518 48607
491 321 2473 2520 341160 48868
492 321 2473 2520 342688 48975
493 321 2473 2520 344200 49131
494 323 2473 2520 345559 49301
495 324 2473 2520 347017 49484
496 326 2472 2520 348389 49635
497 331 2471 2520 349838 49810
498 332 2471 2520 351224 49995
499 333 2471 2520 352698 50121
500 335 2471 2520 354174 50325
501 336 2469 2520 355716 50481
502 336 2469 2520 357259 50660
503 337 2469 2520 358758 50834
504 341 2469 2520 360254 51016
505 341 2468 2520 361850 51249
506 343 2468 2520 363498 51403
507 345 2467 2520 365153 51531
508 348 2467 2520 366772 51646
509 350 2467 2520 368400 51852
510 351 2466 2520 370054 52075
511 351 2466 2520 371751 52336
512 354 2466 2520 373429 52571
513 355 2466 2520 375019 52817
514 358 2466 2520 376847 53014
515 359 2466 2520 378582 53203
516 361 2466 2520 380313 53366
517 364 2466 2520 382042 53557
518 364 2465 2520 383679 53749
519 365 2465 2520 385413 53873
520 366 2465 2520 387011 54002
521 367 2464 2520 388624 54194
522 368 2464 2520 390193 54366
523 368 2464 2520 391770 54564
524 368 2464 2520 393333 54738
525 370 2463 2520 394862 54910
526 372 2463 2520 396399 55072
527 373 2463 2520 397985 55230
528 374 2463 2520 399451 55428
529 377 2463 2520 401017 55651
530 381 2463 2520 402602 55836
531 382 2462 2520 404157 55955
532 384 2461 2520 405692 56157
533 386 2461 2520 407417 56387
534 387 2461 2520 409117 56614
535 391 2460 2520 410785 56845
536 391 2460 2520 412534 57116
537 394 2460 2520 414263 57362
538 399 2460 2520 416074 57584
539 399 2460 2520 417881 57721
540 399 2460 2520 419693 57935
541 399 2460 2520 421596 58170
542 400 2460 2520 423307 58389
543 402 2459 2520 424968 58529
544 404 2459 2520 426700 58694
545 404 2459 2520 428359 58889
546 407 2459 2520 430096 59108
547 408 2459 2520 431782 59313
548 410 2458 2520 433493 59503
549 410 2458 2520 435184 59719
550 411 2458 2520 436828 59954
551 412 2458 2520 438460 60047
552 412 2458 2520 440061 60225
553 414 2457 2520 441603 60406
554 415 2457 2520 443157 60584
555 415 2457 2520 444734 60763
556 418 2455 2520 446349 60991
557 420 2455 2520 447823 61203
558 423 2455 2520 449457 61400
559 425 2455 2520 451081 61540
560 427 2454 2520 452758 61761
561 429 2454 2520 454473 61906
562 431 2454 2520 456104 62086
563 433 2454 2520 457871 62274
564 434 2454 2520 459599 62480
565 434 2454 2520 461406 62684
566 435 2454 2520 463132 62849
567 435 2453 2520 464763 63011
568 439 2452 2520 466414 63138
569 441 2451 2520 468045 63305
570 442 2451 2520 469912 63503
571 444 2450 2520 471738 63756
572 447 2450 2520 473541 63955
573 448 2449 2520 475357 64116
574 449 2449 2520 477012 64327
575 450 2449 2520 478733 64505
576 452 2448 2520 480488 64617
577 452 2448 2520 482195 64733
578 456 2448 2520 483846 64856
579 456 2448 2520 485432 65012
580 457 2448 2520 487180 65170
581 459 2448 2520 488848 65328
582 460 2448 2520 490415 65486
583 460 2448 2520 492148 65679
584 462 2448 2520 493786 65803
585 463 2448 2520 495483 65986
586 465 2448 2520 497076 66161
587 466 2448 2520 498480 66329
588 468 2448 2520 500043 66484
589 471 2447 2520 501632 66666
590 471 2447 2520 503266 66883
591 473 2447 2520 504809 67100
592 473 2447 2520 506469 67295
593 476 2447 2520 508120 67467
594 477 2447 2520 509912 67670
595 478 2447 2520 511690 67857
596 478 2447 2520 513391 68119
597 479 2447 2520 515104 68323
598 482 2446 2520 516705 68487
599 483 2446 2520 518256 68625
600 484 2446 2520 519929 68800
601 485 2446 2520 521708 69013
602 488 2446 2520 523332 69195
603 489 2446 2520 524948 69358
604 491 2446 2520 526648 69522
605 491 2446 2520 528402 69697
606 492 2446 2520 530036 69828
607 493 2446 2520 531623 70088
608 495 2446 2520 533339 70318
609 497 2446 2520 534953 70550
610 499 2446 2520 536631 70763
611 501 2446 2520 538340 70977
612 504 2445 2520 540153 71169
613 509 2445 2520 542008 71408
614 510 2445 2520 543818 71705
615 512 2445 2520 545696 71906
616 512 2445 2520 547654 72122
617 514 2444 2520 549522 72271
618 516 2444 2520 551457 72543
619 518 2444 2520 553471 72758
620 519 2444 2520 555449 73027
621 522 2444 2520 557484 73247
622 525 2444 2520 559376 73454
623 527 2444 2520 561400 73712
624 530 2444 2520 563454 73904
625 531 2444 2520 565467 74044
626 532 2444 2520 567495 74244
627 532 2444 2520 569460 74427
628 535 2444 2520 571427 74625
629 537 2444 2520 573306 74723
630 539 2442 2520 575258 75012
631 540 2441 2520 577258 75196
632 542 2441 2520 579293 75396
633 543 2441 2520 581179 75638
634 544 2441 2520 583149 75824
635 547 2441 2520 584899 76043
636 549 2440 2520 586744 76216
637 551 2439 2520 588804 76454
638 552 2439 2520 590602 76669
639 554 2439 2520 592583 76905
640 555 2439 2520 594570 77058
641 557 2439 2520 596384 77289
642 561 2438 2520 598250 77439
643 564 2438 2520 600188 77655
644 567 2438 2520 602187 77858
645 568 2437 2520 604093 78022
646 572 2437 2520 606142 78231
647 575 2437 2520 608293 78473
648 577 2437 2520 610452 78759
649 577 2437 2520 612554 78990
650 579 2436 2520 614751 79171
651 582 2436 2520 616993 79501
652 585 2436 2520 619210 79741
653 586 2436 2520 621458 79964
654 587 2436 2520 623654 80122
655 590 2435 2520 625865 80343
656 591 2435 2520 628094 80525
657 593 2434 2520 630287 80765
658 596 2434 2520 632466 80933
659 601 2434 2520 634645 81206
660 603 2433 2520 636767 81400
661 608 2433 2520 638973 81617
662 610 2433 2520 641150 81863
663 611 2433 2520 643574 82090
664 611 2433 2520 645882 82429
665 612 2433 2520 648081 82688
666 615 2433 2520 650276 82895
667 616 2433 2520 652599 83082
668 616 2433 2520 654810 83269
669 618 2433 2520 656959 83525
670 619 2433 2520 659117 83771
671 619 2433 2520 661284 83996
672 623 2433 2520 663371 84241
673 624 2432 2520 665449 84480
674 625 2431 2520 667460 84819
675 629 2431 2520 669686 85111
676 631 2431 2520 671751 85349
677 631 2431 2520 673812 85544
678 634 2431 2520 675868 85694
679 635 2431 2520 677950 86063
680 638 2431 2520 680143 86264
681 638 2431 2520 682307 86502
682 638 2431 2520 684418 86716
683 640 2428 2520 686453 86967
684 641 2426 2520 688497 87137
685 645 2426 2520 690537 87306
686 647 2426 2520 692500 87417
687 648 2426 2520 694540 87673
688 651 2426 2520 696588 87843
689 651 2426 2520 698706 88080
690 655 2426 2520 700701 88306
691 658 2426 2520 702733 88482
692 663 2426 2520 704783 88752
693 666 2426 2520 706841 88924
694 669 2425 2520 709012 89162
695 671 2425 2520 711281 89334
696 672 2425 2520 713631 89579
697 673 2425 2520 715907 89823
698 679 2425 2520 718199 90068
699 683 2425 2520 720458 90312
700 684 2425 2520 722756 90531
701 687 2425 2520 725160 90750
702 688 2425 2520 727556 90933
703 692 2423 2520 729980 91176
704 693 2423 2520 732396 91421
705 693 2421 2520 734924 91713
706 695 2421 2520 737343 91846
707 697 2420 2520 739713 92049
708 698 2420 2520 742090 92352
709 699 2420 2520 744591 92602
710 699 2420 2520 746924 92762
711 701 2420 2520 749231 92955
712 701 2420 2520 751457 93144
713 703 2418 2520 753681 93360
714 704 2418 2520 755926 93570
715 706 2418 2520 758082 93761
716 709 2418 2520 760244 94041
717 710 2418 2520 762333 94310
718 710 2418 2520 764585 94500
719 712 2418 2520 766784 94649
720 714 2417 2520 768879 94833
721 715 2415 2520 770989 95009
722 720 2414 2520 773107 95183
723 722 2412 2520 775168 95380
724 724 2412 2520 777373 95657
725 727 2412 2520 779467 95869
726 727 2412 2520 781640 95974
727 731 2412 2520 783781 96107
728 735 2411 2520 785949 96367
729 740 2410 2520 788124 96653
730 741 2408 2520 790511 96905
731 742 2408 2520 792985 97107
732 743 2406 2520 795395 97318
733 744 2406 2520 797931 97553
734 746 2406 2520 800206 97662
735 751 2406 2520 802605 97899
736 752 2405 2520 804935 98096
737 753 2405 2520 807363 98303
738 755 2404 2520 809618 98490
739 755 2403 2520 811836 98702
740 757 2403 2520 814037 98939
741 761 2403 2520 816358 99123
742 762 2403 2520 818573 99386
743 762 2402 2520 820793 99574
744 764 2401 2520 822983 99693
745 765 2401 2520 825123 99870
746 766 2401 2520 827294 100084
747 767 2401 2520 829276 100246
748 771 2401 2520 831460 100414
749 773 2401 2520 833486 100590
750 776 2401 2520 835480 100803
751 778 2401 2520 837584 100967
752 780 2401 2520 839896 101223
753 780 2400 2520 842133 101324
754 781 2400 2520 844311 101470
755 781 2400 2520 846483 101736
756 784 2400 2520 848694 101927
757 787 2400 2520 850775 102147
758 792 2399 2520 852904 102414
759 795 2399 2520 855012 102591
760 796 2399 2520 857101 102811
761 798 2399 2520 859217 102967
762 799 2399 2520 861320 103239
763 800 2398 2520 863515 103348
764 803 2398 2520 865811 103476
765 806 2398 2520 867862 103725
766 806 2397 2520 870168 103981
767 809 2396 2520 872317 104121
768 813 2396 2520 874531 104330
769 816 2395 2520 876763 104529
770 819 2394 2520 878958 104740
771 821 2393 2520 881276 104943
772 825 2393 2520 883656 105110
773 830 2393 2520 886097 105357
774 831 2393 2520 888607 105609
775 833 2393 2520 891263 105890
776 834 2393 2520 893768 106151
777 835 2393 2520 896276 106317
778 837 2393 2520 898724 106486
779 838 2393 2520 901066 106641
780 840 2393 2520 903511 106894
781 841 2393 2520 905865 107117
782 844 2393 2520 908184 107270
783 846 2393 2520 910586 107371
784 847 2393 2520 912850 107567
785 849 2393 2520 915055 107802
786 850 2393 2520 917226 107995
787 856 2393 2520 919560 108176
788 859 2392 2520 921845 108426
789 860 2392 2520 924210 108590
790 863 2391 2520 926499 108790
791 867 2391 2520 928969 109055
792 872 2390 2520 931229 109261
793 873 2389 2520 933752 109571
794 875 2389 2520 936281 109834
795 878 2389 2520 938921 110045
796 879 2389 2520 941506 110290
797 884 2389 2520 944012 110544
798 884 2389 2520 946620 110725
799 887 2388 2520 949289 111016
800 892 2387 2520 951941 111232
801 892 2386 2520 954528 111441
802 892 2386 2520 957121 111660
803 896 2386 2520 959628 111879
804 897 2386 2520 962295 112110
805 902 2386 2520 964821 112337
806 903 2386 2520 967292 112580
807 905 2386 2520 969938 112766
808 907 2386 2520 972522 112984
809 908 2386 2520 975125 113202
810 911 2385 2520 977550 113402
811 913 2384 2520 979967 113527
812 918 2384 2520 982367 113803
813 922 2384 2520 984814 114028
814 922 2384 2520 987272 114208
815 928 2384 2520 989750 114345
816 931 2384 2520 992419 114618
817 935 2384 2520 995117 114765
818 936 2383 2520 997854 115012
819 937 2382 2520 1000576 115298
820 940 2382 2520 1003278 115468
821 940 2382 2520 1005959 115711
822 941 2381 2520 1008727 115963
823 945 2381 2520 1011340 116187
824 946 2381 2520 1014044 116412
825 948 2381 2520 1016624 116663
826 949 2381 2520 1019209 116893
827 949 2381 2520 1021768 117087
828 951 2381 2520 1024315 117302
829 959 2381 2520 1026809 117481
830 961 2380 2520 1029300 117750
831 963 2379 2520 1031932 117968
832 964 2379 2520 1034577 118218
833 966 2379 2520 1037344 118518
834 966 2379 2520 1039891 118718
835 966 2379 2520 1042565 118855
836 970 2379 2520 1045104 119024
837 973 2379 2520 1047648 119211
838 976 2377 2520 1050150 119426
839 981 2376 2520 1052850 119684
840 987 2375 2520 1055469 119947
841 991 2374 2520 1058361 120212
842 993 2373 2520 1061147 120496
843 996 2373 2520 1063843 120737
844 999 2373 2520 1066752 120921
845 1000 2373 2520 1069364 121234
846 1002 2373 2520 1072089 121402
847 1003 2373 2520 1074807 121639
848 1004 2373 2520 1077424 121823
849 1008 2373 2520 1080139 122020
850 1012 2373 2520 1082563 122265
851 1014 2373 2520 1085195 122470
852 1015 2373 2520 1087841 122687
853 1018 2372 2520 1090461 122916
854 1021 2372 2520 1093144 123131
855 1021 2372 2520 1095920 123335
856 1024 2372 2520 1098609 123506
857 1028 2372 2520 1101341 123743
858 1029 2372 2520 1103872 123943
859 1031 2372 2520 1106474 124227
860 1033 2372 2520 1109024 124482
861 1034 2372 2520 1111646 124697
862 1035 2372 2520 1114196 124953
863 1036 2371 2520 1116729 125073
864 1038 2370 2520 1119284 125241
865 1039 2369 2520 1121716 125501
866 1041 2369 2520 1124204 125670
867 1044 2369 2520 1126580 125926
868 1050 2369 2520 1128983 126150
869 1051 2369 2520 1131388 126348
870 1053 2369 2520 1133833 126506
871 1053 2369 2520 1136271 126675
872 1056 2369 2520 1138700 126880
873 1059 2369 2520 1140923 127056
874 1062 2369 2520 1143353 127261
875 1063 2369 2520 1145682 127474
876 1065 2369 2520 1148102 127664
877 1065 2369 2520 1150390 127914
878 1067 2369 2520 1152908 128140
879 1069 2369 2520 1155214 128252
880 1073 2369 2520 1157613 128380
881 1076 2369 2520 1160017 128512
882 1077 2369 2520 1162346 128716
883 1078 2369 2520 1164588 128874
884 1082 2369 2520 1167107 128950
885 1085 2368 2520 1169554 129078
886 1086 2368 2520 1172121 129344
887 1087 2367 2520 1174521 129524
888 1093 2367 2520 1176892 129713
889 1096 2367 2520 1179250 129984
890 1096 2366 2520 1181705 130208
891 1101 2366 2520 1184300 130366
892 1104 2366 2520 1186876 130583
893 1106 2365 2520 1189370 130819
894 1107 2365 2520 1191836 131000
895 1109 2365 2520 1194362 131197
896 1117 2365 2520 1196814 131296
897 1117 2365 2520 1199523 131501
898 1119 2365 2520 1202169 131664
899 1123 2364 2520 1204722 131967
900 1124 2364 2520 1207359 132085
901 1129 2362 2520 1210135 132314
902 1131 2362 2520 1212917 132527
903 1134 2362 2520 1215395 132687
904 1136 2362 2520 1218006 132951
905 1138 2362 2520 1220857 133153
906 1140 2362 2520 1223662 133345
907 1140 2362 2520 1226359 133549
908 1141 2362 2520 1229083 133728
909 1141 2361 2520 1231735 133951
910 1141 2361 2520 1234429 134098
911 1142 2359 2520 1236942 134274
912 1144 2359 2520 1239340 134403
913 1147 2358 2520 1241645 134512
914 1149 2358 2520 1244049 134637
915 1151 2358 2520 1246430 134791
916 1156 2357 2520 1248828 134935
917 1162 2356 2520 1251202 135136
918 1164 2354 2520 1253783 135397
919 1165 2354 2520 1256301 135522
920 1167 2354 2520 1258834 135703
921 1171 2354 2520 1261321 135905
922 1171 2354 2520 1263915 136071
923 1174 2354 2520 1266519 136242
924 1180 2354 2520 1269149 136473
925 1184 2354 2520 1271679 136706
926 1186 2353 2520 1274325 136889
927 1191 2352 2520 1276962 137027
928 1194 2350 2520 1279679 137237
929 1196 2350 2520 1282377 137446
930 1197 2349 2520 1284956 137589
931 1199 2348 2520 1287659 137755
932 1202 2347 2520 1290284 137920
933 1204 2346 2520 1293044 138171
934 1207 2346 2520 1295709 138323
935 1208 2345 2520 1298488 138475
936 1209 2345 2520 1301194 138607
937 1210 2345 2520 1303932 138739
938 1212 2344 2520 1306560 138971
939 1216 2344 2520 1309197 139192
940 1219 2342 2520 1311913 139431
941 1220 2342 2520 1314445 139571
942 1224 2342 2520 1317082 139679
943 1228 2339 2520 1319908 139874
944 1230 2339 2520 1322549 140016
945 1232 2337 2520 1325113 140269
946 1234 2337 2520 1327669 140441
947 1237 2337 2520 1330340 140625
948 1239 2337 2520 1332980 140783
949 1241 2337 2520 1335531 140980
950 1246 2337 2520 1338226 141120
951 1247 2337 2520 1340895 141327
952 1252 2337 2520 1343493 141541
953 1252 2337 2520 1346156 141710
954 1254 2336 2520 1348672 141840
955 1257 2336 2520 1351406 141998
956 1260 2336 2520 1354107 142173
957 1263 2336 2520 1356693 142244
958 1266 2334 2520 1359365 142480
959 1267 2334 2520 1361927 142622
960 1269 2333 2520 1364614 142884
961 1271 2332 2520 1367279 143027
962 1273 2332 2520 1369983 143216
963 1276 2330 2520 1372712 143455
964 1277 2330 2520 1375320 143655
965 1277 2330 2520 1377981 143885
966 1278 2330 2520 1380637 144109
967 1284 2330 2520 1383207 144228
968 1285 2330 2520 1385746 144310
969 1287 2329 2520 1388233 144507
970 1288 2328 2520 1390829 144595
971 1292 2328 2520 1393253 144682
972 1300 2328 2520 1395891 144893
973 1302 2328 2520 1398539 145161
974 1303 2327 2520 1401106 145381
975 1305 2326 2520 1403754 145638
976 1306 2326 2520 1406490 145824
977 1311 2326 2520 1409150 145988
978 1314 2326 2520 1411758 146156
979 1316 2326 2520 1414461 146425
980 1318 2326 2520 1417160 146622
981 1321 2324 2520 1419761 146825
982 1321 2323 2520 1422377 147099
983 1324 2323 2520 1424959 147334
984 1325 2323 2520 1427541 147524
985 1327 2323 2520 1430091 147615
986 1327 2323 2520 1432567 147781
987 1329 2321 2520 1435290 148003
988 1329 2319 2520 1437845 148301
989 1330 2319 2520 1440297 148353
990 1332 2318 2520 1442721 148498
991 1337 2317 2520 1445067 148646
992 1342 2317 2520 1447499 148769
993 1350 2317 2520 1449933 148896
994 1355 2317 2520 1452495 149132
995 1359 2316 2520 1455068 149340
996 1360 2316 2520 1457781 149486
997 1365 2316 2520 1460300 149684
998 1366 2316 2520 1463008 149831
999 1367 2315 2520 1465784 150034
1000 1369 2314 2520 1468293 150168
