0 1 2519 2520 795 499
1 1 2519 2520 816 514
2 1 2519 2520 862 548
3 1 2519 2520 909 572
4 1 2519 2520 948 595
5 1 2519 2520 1003 619
6 1 2519 2520 1061 646
7 1 2519 2520 1097 661
8 1 2519 2520 1135 673
9 1 2519 2520 1164 689
10 1 2519 2520 1200 699
11 1 2519 2520 1243 716
12 1 2519 2520 1287 733
13 1 2519 2520 1306 738
14 1 2519 2520 1311 736
15 1 2519 2520 1333 746
16 1 2519 2520 1357 747
17 1 2519 2520 1368 739
18 1 2519 2520 1394 741
19 1 2519 2520 1410 749
20 1 2519 2520 1406 744
21 1 2519 2520 1420 748
22 2 2519 2520 1437 755
23 2 2519 2520 1465 766
24 2 2519 2520 1567 806
25 2 2519 2520 1669 845
26 2 2519 2520 1809 893
27 2 2519 2520 1912 935
28 2 2519 2520 2024 988
29 2 2519 2520 2140 1018
30 2 2519 2520 2205 1042
31 2 2519 2520 2285 1073
32 2 2519 2520 2348 1091
33 2 2519 2520 2406 1107
34 2 2519 2520 2470 1118
35 2 2519 2520 2529 1135
36 2 2519 2520 2583 1138
37 2 2519 2520 2613 1134
38 2 2519 2520 2636 1137
39 2 2519 2520 2659 1150
40 2 2519 2520 2682 1148
41 3 2519 2520 2706 1162
42 3 2519 2520 2756 1179
43 3 2519 2520 2871 1222
44 3 2519 2520 2972 1254
45 3 2519 2520 3061 1292
46 4 2519 2520 3135 1307
47 4 2519 2520 3220 1330
48 4 2519 2520 3390 1397
49 4 2519 2520 3532 1452
50 4 2519 2520 3678 1483
51 4 2519 2520 3825 1531
52 4 2519 2520 3954 1565
53 4 2519 2520 4072 1604
54 4 2519 2520 4210 1641
55 4 2519 2520 4326 1652
56 4 2519 2520 4470 1679
57 4 2519 2520 4551 1694
58 4 2519 2520 4653 1713
59 4 2519 2520 4751 1730
60 4 2519 2520 4845 1758
61 4 2519 2520 4937 1778
62 5 2519 2520 5016 1801
63 5 2519 2520 5079 1826
64 5 2519 2520 5181 1856
65 6 2519 2520 5319 1904
66 6 2519 2520 5449 1938
67 7 2519 2520 5637 2001
68 7 2519 2520 5833 2059
69 7 2519 2520 6071 2135
70 8 2519 2520 6308 2178
71 8 2519 2520 6568 2235
72 8 2519 2520 6873 2323
73 8 2519 2520 7135 2373
74 8 2519 2520 7406 2434
75 8 2519 2520 7663 2474
76 8 2519 2520 7927 2559
77 8 2519 2520 8163 2605
78 8 2519 2520 8372 2659
79 8 2517 2520 8577 2689
80 8 2517 2520 8796 2706
81 8 2517 2520 9008 2740
82 8 2517 2520 9174 2766
83 8 2517 2520 9369 2792
84 9 2517 2520 9548 2838
85 10 2517 2520 9722 2847
86 10 2517 2520 9924 2876
87 10 2517 2520 10143 2920
88 11 2517 2520 10340 2965
89 11 2517 2520 10623 2997
90 12 2517 2520 10877 3041
91 13 2517 2520 11180 3081
92 14 2517 2520 11507 3148
93 14 2517 2520 11878 3209
94 14 2517 2520 12231 3296
95 15 2517 2520 12568 3350
96 16 2517 2520 12925 3429
97 16 2517 2520 13329 3511
98 16 2517 2520 13739 3603
99 16 2517 2520 14095 3669
100 16 2516 2520 14434 3703
101 16 2516 2520 14772 3789
102 16 2516 2520 15098 3845
103 16 2516 2520 15403 3903
104 16 2516 2520 15678 3932
105 16 2516 2520 15988 3988
106 16 2515 2520 16249 4019
107 16 2515 2520 16495 4062
108 16 2515 2520 16717 4082
109 17 2515 2520 16964 4139
110 17 2515 2520 17223 4146
111 17 2515 2520 17466 4178
112 17 2515 2520 17693 4220
113 19 2515 2520 17945 4275
114 19 2515 2520 18261 4346
115 20 2515 2520 18554 4412
116 20 2515 2520 18913 4485
117 21 2515 2520 19273 4533
118 21 2515 2520 19619 4604
119 22 2515 2520 19994 4666
120 22 2515 2520 20365 4728
121 22 2515 2520 20765 4803
122 22 2515 2520 21135 4877
123 22 2515 2520 21505 4936
124 22 2515 2520 21846 5025
125 23 2515 2520 22145 5073
126 23 2515 2520 22458 5133
127 23 2515 2520 22743 5192
128 23 2515 2520 23019 5236
129 23 2515 2520 23308 5290
130 23 2515 2520 23595 5356
131 24 2515 2520 23875 5430
132 24 2515 2520 24101 5476
133 25 2515 2520 24364 5500
134 25 2515 2520 24630 5541
135 25 2515 2520 24923 5610
136 25 2515 2520 25212 5702
137 26 2515 2520 25490 5742
138 26 2515 2520 25806 5816
139 27 2515 2520 26123 5870
140 27 2515 2520 26474 5941
141 27 2514 2520 26813 6008
142 27 2514 2520 27181 6083
143 27 2514 2520 27553 6163
144 28 2514 2520 27912 6185
145 28 2514 2520 28265 6248
146 28 2514 2520 28603 6319
147 29 2514 2520 28938 6365
148 30 2514 2520 29278 6433
149 30 2514 2520 29615 6479
150 31 2514 2520 29980 6542
151 31 2514 2520 30349 6625
152 31 2514 2520 30778 6712
153 31 2514 2520 31182 6789
154 32 2514 2520 31532 6850
155 32 2514 2520 31944 6909
156 32 2514 2520 32314 6976
157 33 2514 2520 32754 7069
158 34 2514 2520 33135 7147
159 34 2514 2520 33565 7242
160 34 2514 2520 33938 7294
161 34 2514 2520 34334 7354
162 34 2514 2520 34750 7417
163 35 2514 2520 35156 7496
164 36 2514 2520 35513 7558
165 36 2514 2520 35986 7648
166 36 2514 2520 36402 7729
167 36 2514 2520 36859 7788
168 36 2514 2520 37246 7861
169 37 2514 2520 37647 7928
170 38 2514 2520 38060 8016
171 38 2514 2520 38462 8110
172 38 2514 2520 38893 8192
173 38 2514 2520 39278 8234
174 38 2514 2520 39685 8317
175 39 2514 2520 40046 8392
176 40 2514 2520 40372 8491
177 40 2514 2520 40737 8540
178 40 2514 2520 41108 8618
179 41 2514 2520 41460 8696
180 41 2514 2520 41841 8738
181 41 2514 2520 42258 8827
182 42 2514 2520 42660 8916
183 43 2514 2520 43085 9041
184 43 2514 2520 43556 9170
185 45 2514 2520 44018 9242
186 46 2514 2520 44460 9342
187 46 2514 2520 45007 9435
188 47 2514 2520 45531 9532
189 48 2513 2520 46094 9650
190 48 2513 2520 46668 9754
191 48 2513 2520 47213 9829
192 49 2513 2520 47827 9925
193 49 2513 2520 48473 10026
194 51 2513 2520 49081 10107
195 51 2513 2520 49735 10237
196 51 2513 2520 50354 10331
197 51 2513 2520 50938 10431
198 51 2513 2520 51502 10485
199 52 2513 2520 52056 10542
200 52 2513 2520 52611 10591
201 52 2513 2520 53168 10663
202 52 2513 2520 53695 10762
203 52 2513 2520 54140 10857
204 52 2513 2520 54583 10925
205 52 2513 2520 55024 11013
206 52 2513 2520 55375 11093
207 54 2513 2520 55733 11135
208 54 2513 2520 56179 11182
209 55 2513 2520 56623 11262
210 55 2513 2520 57078 11343
211 56 2513 2520 57587 11453
212 56 2513 2520 58078 11531
213 59 2513 2520 58590 11608
214 59 2513 2520 59133 11694
215 59 2513 2520 59742 11824
216 60 2513 2520 60303 11930
217 60 2513 2520 60931 12050
218 60 2513 2520 61567 12133
219 63 2512 2520 62213 12226
220 63 2512 2520 62835 12355
221 64 2512 2520 63401 12474
222 64 2512 2520 64069 12578
223 64 2512 2520 64703 12665
224 64 2512 2520 65360 12768
225 65 2512 2520 65981 12827
226 65 2512 2520 66615 12898
227 65 2512 2520 67220 12948
228 65 2512 2520 67757 13006
229 66 2512 2520 68295 13063
230 66 2512 2520 68834 13133
231 70 2512 2520 69394 13184
232 70 2512 2520 69987 13246
233 71 2512 2520 70732 13372
234 72 2512 2520 71403 13487
235 73 2512 2520 72094 13640
236 73 2512 2520 72799 13785
237 74 2512 2520 73582 13888
238 74 2512 2520 74352 14004
239 74 2512 2520 75145 14125
240 76 2512 2520 75844 14236
241 77 2512 2520 76526 14355
242 77 2512 2520 77223 14497
243 77 2511 2520 77945 14614
244 77 2511 2520 78673 14725
245 78 2511 2520 79397 14869
246 78 2510 2520 80114 14956
247 78 2510 2520 80823 15057
248 78 2510 2520 81495 15129
249 80 2510 2520 82064 15220
250 80 2510 2520 82739 15333
251 80 2510 2520 83351 15427
252 80 2510 2520 83990 15533
253 80 2510 2520 84566 15597
254 80 2510 2520 85096 15688
255 80 2509 2520 85568 15764
256 80 2509 2520 86039 15847
257 84 2509 2520 86530 15882
258 84 2509 2520 87072 16011
259 87 2509 2520 87666 16068
260 89 2509 2520 88335 16187
261 89 2509 2520 89091 16370
262 90 2509 2520 89860 16517
263 90 2509 2520 90642 16634
264 91 2509 2520 91475 16756
265 91 2509 2520 92251 16906
266 91 2509 2520 93053 17026
267 91 2509 2520 93823 17138
268 91 2509 2520 94536 17236
269 91 2509 2520 95293 17360
270 91 2509 2520 95967 17468
271 93 2509 2520 96593 17580
272 93 2509 2520 97274 17695
273 93 2509 2520 97912 17762
274 93 2509 2520 98496 17913
275 94 2509 2520 99074 17972
276 94 2509 2520 99704 18124
277 94 2509 2520 100311 18192
278 94 2509 2520 100898 18274
279 94 2509 2520 101485 18368
280 94 2509 2520 102039 18432
281 95 2509 2520 102564 18481
282 97 2509 2520 103120 18544
283 99 2509 2520 103665 18679
284 100 2509 2520 104283 18806
285 100 2509 2520 104981 18992
286 101 2508 2520 105683 19106
287 102 2508 2520 106387 19232
288 103 2508 2520 107084 19331
289 103 2508 2520 107806 19446
290 103 2508 2520 108562 19573
291 103 2508 2520 109292 19678
292 104 2508 2520 109939 19759
293 105 2508 2520 110624 19877
294 106 2508 2520 111288 19993
295 107 2508 2520 112000 20125
296 107 2508 2520 112661 20217
297 107 2508 2520 113371 20362
298 109 2508 2520 114089 20492
299 109 2508 2520 114745 20565
300 110 2508 2520 115454 20699
301 112 2508 2520 116184 20778
302 113 2508 2520 116924 20880
303 114 2508 2520 117706 20986
304 115 2508 2520 118485 21097
305 115 2508 2520 119273 21195
306 115 2508 2520 120114 21314
307 115 2507 2520 120884 21420
308 115 2507 2520 121707 21511
309 118 2507 2520 122561 21639
310 120 2507 2520 123414 21787
311 120 2507 2520 124334 21902
312 121 2507 2520 125240 22061
313 121 2506 2520 126041 22156
314 122 2506 2520 126917 22292
315 122 2506 2520 127739 22390
316 125 2506 2520 128614 22487
317 125 2506 2520 129379 22576
318 126 2505 2520 130207 22674
319 128 2505 2520 131070 22780
320 129 2505 2520 132000 22943
321 131 2505 2520 132933 23021
322 131 2505 2520 133836 23156
323 132 2505 2520 134727 23279
324 133 2505 2520 135728 23447
325 135 2505 2520 136702 23592
326 135 2505 2520 137781 23738
327 136 2505 2520 138851 23907
328 138 2505 2520 139878 23977
329 138 2505 2520 140962 24126
330 138 2505 2520 141988 24287
331 138 2505 2520 142980 24446
332 139 2505 2520 143913 24554
333 140 2505 2520 144839 24697
334 141 2505 2520 145864 24845
335 142 2505 2520 146808 24961
336 143 2505 2520 147778 25091
337 144 2505 2520 148714 25197
338 144 2505 2520 149642 25315
339 144 2505 2520 150610 25430
340 145 2505 2520 151472 25576
341 145 2505 2520 152435 25693
342 145 2505 2520 153399 25871
343 145 2505 2520 154253 26004
344 151 2505 2520 155102 26134
345 151 2505 2520 156043 26249
346 151 2505 2520 157049 26385
347 151 2505 2520 157982 26493
348 152 2505 2520 158989 26643
349 152 2505 2520 160023 26726
350 153 2505 2520 160952 26814
351 153 2505 2520 161878 26891
352 154 2505 2520 162813 27077
353 156 2505 2520 163730 27173
354 157 2505 2520 164713 27311
355 157 2504 2520 165654 27405
356 157 2504 2520 166636 27517
357 157 2504 2520 167530 27653
358 157 2504 2520 168494 27810
359 158 2504 2520 169451 27906
360 158 2504 2520 170272 28003
361 159 2504 2520 171157 28125
362 162 2504 2520 171945 28259
363 164 2504 2520 172881 28403
364 164 2504 2520 173817 28576
365 168 2504 2520 174661 28710
366 169 2504 2520 175645 28862
367 171 2504 2520 176736 29016
368 172 2504 2520 177870 29212
369 172 2504 2520 178975 29411
370 172 2504 2520 180171 29567
371 172 2504 2520 181264 29726
372 172 2504 2520 182384 29866
373 173 2504 2520 183429 30020
374 174 2503 2520 184392 30156
375 176 2503 2520 185458 30249
376 178 2503 2520 186574 30335
377 178 2503 2520 187705 30508
378 179 2503 2520 188834 30625
379 179 2503 2520 189969 30771
380 179 2503 2520 191063 30913
381 181 2503 2520 192051 31039
382 184 2503 2520 193133 31131
383 184 2503 2520 194221 31276
384 185 2503 2520 195354 31452
385 186 2502 2520 196458 31594
386 188 2502 2520 197572 31717
387 188 2502 2520 198680 31895
388 190 2502 2520 199832 32030
389 193 2502 2520 201017 32183
390 196 2502 2520 202213 32397
391 196 2502 2520 203400 32580
392 199 2502 2520 204556 32731
393 199 2502 2520 205887 32935
394 199 2502 2520 207173 33090
395 201 2502 2520 208420 33266
396 202 2502 2520 209670 33368
397 205 2502 2520 210885 33543
398 206 2499 2520 212154 33664
399 207 2499 2520 213463 33811
400 207 2499 2520 214701 33975
401 207 2499 2520 216005 34136
402 207 2498 2520 217252 34250
403 209 2498 2520 218411 34392
404 210 2498 2520 219596 34539
405 211 2498 2520 220857 34704
406 212 2498 2520 222073 34849
407 212 2498 2520 223200 34941
408 212 2498 2520 224313 35079
409 215 2497 2520 225311 35218
410 216 2497 2520 226545 35347
411 217 2497 2520 227689 35447
412 220 2497 2520 228863 35626
413 221 2497 2520 230100 35804
414 221 2497 2520 231329 35976
415 221 2497 2520 232509 36089
416 223 2497 2520 233792 36265
417 224 2497 2520 235105 36482
418 224 2497 2520 236402 36658
419 224 2496 2520 237704 36835
420 226 2494 2520 238920 37019
421 227 2494 2520 240127 37134
422 227 2494 2520 241262 37286
423 228 2493 2520 242323 37413
424 229 2493 2520 243466 37548
425 231 2493 2520 244596 37654
426 233 2493 2520 245783 37777
427 233 2493 2520 246848 37907
428 235 2493 2520 247915 38001
429 236 2492 2520 249079 38169
430 236 2492 2520 250209 38284
431 236 2492 2520 251332 38447
432 238 2492 2520 252475 38618
433 242 2492 2520 253618 38735
434 244 2491 2520 254816 38855
435 245 2491 2520 256084 39043
436 245 2491 2520 257433 39304
437 246 2491 2520 258829 39506
438 248 2491 2520 260214 39624
439 251 2491 2520 261637 39803
440 252 2491 2520 263057 39923
441 253 2491 2520 264447 40083
442 254 2491 2520 265871 40265
443 255 2491 2520 267382 40443
444 256 2491 2520 268768 40555
445 256 2491 2520 270227 40735
446 257 2490 2520 271489 40918
447 258 2488 2520 272864 41045
448 259 2487 2520 274230 41149
449 259 2487 2520 275571 41333
450 260 2487 2520 276916 41538
451 261 2487 2520 278193 41733
452 263 2486 2520 279457 41897
453 265 2486 2520 280750 42048
454 266 2486 2520 282098 42195
455 266 2486 2520 283532 42408
456 267 2486 2520 284844 42600
457 268 2486 2520 286178 42729
458 271 2486 2520 287534 42859
459 274 2485 2520 288856 43038
460 276 2485 2520 290268 43205
461 276 2484 2520 291629 43389
462 277 2484 2520 293111 43551
463 278 2484 2520 294496 43667
464 282 2484 2520 295840 43871
465 283 2484 2520 297197 44032
466 283 2484 2520 298670 44231
467 284 2484 2520 300125 44424
468 286 2484 2520 301678 44587
469 286 2483 2520 303181 44795
470 287 2483 2520 304600 44978
471 288 2482 2520 306047 45159
472 288 2482 2520 307606 45360
473 289 2482 2520 309033 45540
474 292 2482 2520 310481 45691
475 292 2482 2520 311852 45825
476 292 2482 2520 313424 46003
477 295 2482 2520 314803 46163
478 297 2482 2520 316246 46307
479 299 2482 2520 317685 46514
480 300 2482 2520 319065 46663
481 302 2482 2520 320450 46919
482 302 2481 2520 321956 47095
483 303 2481 2520 323480 47285
484 304 2481 2520 324920 47477
485 304 2479 2520 326430 47685
486 305 2478 2520 327949 47875
487 306 2478 2520 329322 47995
488 310 2478 2520 330714 48207
489 312 2478 2520 332192 48301
490 314 2478 2520 333545 48465
491 316 2478 2520 335071 48698
492 321 2478 2520 336550 48776
493 326 2478 2520 338030 49005
494 326 2478 2520 339687 49192
495 326 2478 2520 341290 49353
496 327 2477 2520 342959 49506
497 328 2477 2520 344546 49738
498 328 2477 2520 346198 49924
499 329 2476 2520 347796 50105
500 329 2476 2520 349389 50257
501 331 2476 2520 350986 50419
502 332 2476 2520 352386 50593
503 333 2476 2520 353938 50744
504 335 2476 2520 355378 50963
505 337 2476 2520 356840 51099
506 337 2476 2520 358414 51361
507 339 2476 2520 360064 51531
508 340 2476 2520 361659 51757
509 341 2476 2520 363118 51941
510 341 2476 2520 364618 52083
511 343 2475 2520 366188 52255
512 345 2475 2520 367608 52475
513 348 2475 2520 369007 52608
514 350 2474 2520 370582 52767
515 351 2474 2520 372103 52966
516 353 2474 2520 373751 53128
517 355 2474 2520 375390 53323
518 357 2474 2520 377065 53452
519 359 2474 2520 378740 53645
520 360 2474 2520 380514 53802
521 360 2474 2520 382197 54016
522 363 2474 2520 383893 54229
523 366 2474 2520 385587 54406
524 369 2474 2520 387321 54611
525 371 2474 2520 389128 54772
526 372 2474 2520 390878 54929
527 373 2474 2520 392782 55221
528 375 2474 2520 394463 55439
529 375 2473 2520 396278 55611
530 376 2473 2520 397975 55815
531 377 2472 2520 399635 55991
532 380 2471 2520 401302 56113
533 382 2470 2520 402918 56312
534 383 2470 2520 404769 56458
535 383 2470 2520 406442 56646
536 383 2470 2520 408133 56795
537 387 2469 2520 409739 57004
538 388 2467 2520 411458 57179
539 388 2467 2520 413190 57421
540 388 2467 2520 414883 57658
541 388 2467 2520 416550 57804
542 390 2467 2520 418188 57980
543 393 2467 2520 419785 58126
544 395 2467 2520 421336 58280
545 395 2467 2520 422921 58479
546 395 2467 2520 424467 58642
547 395 2467 2520 425961 58751
548 399 2467 2520 427448 58982
549 401 2467 2520 428856 59063
550 406 2467 2520 430420 59249
551 410 2467 2520 432112 59478
552 411 2467 2520 433751 59664
553 411 2466 2520 435405 59830
554 416 2466 2520 437142 60001
555 418 2464 2520 438959 60166
556 420 2464 2520 440630 60383
557 420 2464 2520 442398 60514
558 420 2464 2520 444265 60661
559 421 2464 2520 445942 60812
560 422 2464 2520 447709 61008
561 423 2464 2520 449394 61144
562 424 2464 2520 451122 61294
563 426 2463 2520 452816 61436
564 426 2463 2520 454507 61599
565 429 2463 2520 456122 61761
566 433 2463 2520 457796 61919
567 434 2462 2520 459468 62049
568 435 2462 2520 461285 62247
569 436 2462 2520 462995 62392
570 439 2461 2520 464805 62607
571 442 2461 2520 466496 62881
572 443 2461 2520 468334 63193
573 443 2461 2520 470227 63409
574 449 2461 2520 471927 63643
575 450 2461 2520 473707 63862
576 450 2461 2520 475545 64055
577 452 2461 2520 477390 64193
578 452 2461 2520 479221 64361
579 453 2460 2520 481075 64571
580 454 2460 2520 482873 64743
581 454 2460 2520 484680 64963
582 456 2460 2520 486453 65192
583 457 2460 2520 488225 65320
584 459 2459 2520 490026 65557
585 460 2459 2520 491832 65726
586 464 2459 2520 493463 65928
587 464 2459 2520 495288 66040
588 465 2459 2520 496942 66275
589 468 2459 2520 498571 66489
590 469 2459 2520 500253 66610
591 472 2459 2520 501976 66905
592 475 2459 2520 503632 67074
593 478 2459 2520 505343 67198
594 480 2459 2520 507184 67432
595 484 2459 2520 508965 67581
596 485 2457 2520 510875 67794
597 487 2456 2520 512833 67958
598 489 2456 2520 514782 68177
599 491 2456 2520 516651 68383
600 491 2456 2520 518564 68595
601 495 2456 2520 520502 68756
602 496 2455 2520 522488 69012
603 497 2455 2520 524392 69201
604 499 2455 2520 526318 69404
605 499 2455 2520 528184 69606
606 502 2455 2520 530069 69774
607 504 2455 2520 531968 69988
608 506 2455 2520 533909 70250
609 506 2455 2520 535817 70419
610 507 2455 2520 537728 70627
611 509 2455 2520 539626 70868
612 512 2455 2520 541638 71135
613 513 2455 2520 543608 71389
614 514 2455 2520 545450 71531
615 514 2455 2520 547248 71638
616 515 2455 2520 549122 71863
617 518 2455 2520 550819 72146
618 520 2455 2520 552588 72321
619 523 2455 2520 554368 72578
620 525 2455 2520 556163 72778
621 525 2455 2520 557931 73000
622 528 2455 2520 559685 73172
623 529 2454 2520 561577 73450
624 529 2454 2520 563456 73578
625 532 2454 2520 565264 73743
626 534 2454 2520 567151 73922
627 536 2454 2520 568990 74187
628 538 2454 2520 570928 74371
629 539 2452 2520 572726 74573
630 539 2452 2520 574657 74749
631 540 2452 2520 576492 74940
632 541 2452 2520 578337 75135
633 541 2452 2520 580151 75284
634 542 2452 2520 581889 75452
635 544 2452 2520 583425 75572
636 546 2451 2520 585114 75797
637 548 2451 2520 586799 76001
638 549 2451 2520 588620 76218
639 554 2451 2520 590170 76384
640 556 2451 2520 592024 76514
641 557 2450 2520 593794 76767
642 560 2450 2520 595645 76979
643 562 2450 2520 597536 77190
644 562 2450 2520 599566 77432
645 562 2450 2520 601446 77655
646 562 2450 2520 603306 77855
647 563 2450 2520 605225 78041
648 563 2450 2520 607152 78204
649 565 2450 2520 608912 78376
650 567 2450 2520 610713 78593
651 568 2450 2520 612462 78772
652 570 2450 2520 614215 78964
653 572 2450 2520 615956 79194
654 573 2449 2520 617796 79331
655 575 2448 2520 619584 79563
656 576 2448 2520 621266 79736
657 577 2448 2520 622909 79866
658 580 2448 2520 624580 80071
659 582 2448 2520 626330 80194
660 583 2448 2520 628107 80303
661 591 2448 2520 629841 80498
662 591 2448 2520 631633 80665
663 593 2448 2520 633604 80915
664 595 2448 2520 635532 81103
665 596 2448 2520 637438 81310
666 601 2447 2520 639377 81497
667 604 2447 2520 641275 81751
668 605 2447 2520 643291 81987
669 606 2447 2520 645488 82228
670 606 2446 2520 647553 82515
671 608 2446 2520 649709 82726
672 611 2446 2520 651967 82890
673 613 2446 2520 654162 83126
674 616 2445 2520 656304 83390
675 617 2444 2520 658342 83614
676 620 2444 2520 660427 83801
677 621 2444 2520 662495 84026
678 621 2443 2520 664546 84213
679 622 2443 2520 666616 84415
680 624 2443 2520 668609 84519
681 625 2443 2520 670629 84653
682 626 2443 2520 672653 84928
683 627 2443 2520 674627 85148
684 627 2442 2520 676665 85368
685 629 2442 2520 678479 85559
686 632 2442 2520 680395 85723
687 634 2442 2520 682220 85971
688 637 2442 2520 684182 86149
689 640 2442 2520 686160 86400
690 640 2442 2520 688284 86636
691 643 2442 2520 690235 86815
692 643 2442 2520 692209 87011
693 646 2442 2520 694248 87213
694 648 2442 2520 696284 87380
695 648 2442 2520 698277 87620
696 649 2442 2520 700282 87870
697 654 2442 2520 702354 88026
698 656 2442 2520 704343 88169
699 657 2442 2520 706441 88467
700 658 2440 2520 708520 88677
701 658 2439 2520 710548 88917
702 658 2439 2520 712501 89153
703 659 2439 2520 714342 89365
704 665 2439 2520 716260 89574
705 666 2439 2520 718128 89758
706 669 2438 2520 720066 89906
707 669 2438 2520 721984 90142
708 671 2436 2520 723891 90305
709 672 2435 2520 725722 90412
710 676 2435 2520 727509 90624
711 679 2435 2520 729555 90851
712 684 2435 2520 731652 91068
713 685 2435 2520 733726 91264
714 688 2434 2520 735774 91447
715 689 2434 2520 737881 91680
716 690 2433 2520 740109 91934
717 693 2433 2520 742188 92098
718 694 2433 2520 744313 92278
719 696 2433 2520 746559 92501
720 699 2433 2520 748715 92711
721 701 2433 2520 750962 92930
722 703 2433 2520 753259 93187
723 704 2433 2520 755463 93387
724 704 2433 2520 757770 93586
725 707 2432 2520 759981 93825
726 712 2432 2520 762046 94005
727 715 2430 2520 764123 94181
728 715 2430 2520 766245 94381
729 719 2430 2520 768448 94531
730 721 2429 2520 770567 94714
731 724 2429 2520 772716 94914
732 726 2429 2520 774881 95060
733 727 2429 2520 777095 95351
734 727 2429 2520 779463 95566
735 729 2428 2520 781731 95825
736 730 2428 2520 783979 96018
737 733 2428 2520 786135 96187
738 734 2428 2520 788288 96384
739 737 2428 2520 790423 96578
740 739 2428 2520 792656 96775
741 743 2428 2520 794920 96945
742 744 2427 2520 797170 97088
743 746 2427 2520 799267 97231
744 748 2427 2520 801351 97495
745 751 2427 2520 803647 97715
746 753 2427 2520 805843 97805
747 755 2426 2520 808014 98062
748 756 2426 2520 810366 98316
749 758 2426 2520 812660 98641
750 759 2425 2520 814814 98897
751 761 2425 2520 817137 99048
752 762 2425 2520 819374 99272
753 763 2425 2520 821611 99431
754 765 2425 2520 823806 99640
755 766 2425 2520 826000 99878
756 768 2425 2520 828207 100100
757 768 2425 2520 830296 100309
758 768 2425 2520 832421 100501
759 773 2425 2520 834469 100694
760 777 2425 2520 836498 100853
761 781 2425 2520 838533 101112
762 782 2424 2520 840670 101376
763 786 2424 2520 843011 101633
764 789 2424 2520 845276 101881
765 791 2424 2520 847645 102234
766 795 2424 2520 849990 102431
767 798 2424 2520 852464 102714
768 800 2423 2520 854797 102983
769 800 2422 2520 857154 103224
770 801 2422 2520 859548 103474
771 804 2422 2520 861908 103617
772 807 2421 2520 864291 103760
773 810 2421 2520 866687 104063
774 814 2421 2520 869188 104300
775 815 2421 2520 871589 104594
776 819 2420 2520 873955 104837
777 821 2420 2520 876395 104936
778 823 2420 2520 879060 105221
779 824 2420 2520 881565 105488
780 827 2420 2520 883995 105814
781 828 2419 2520 886416 105991
782 832 2419 2520 888866 106327
783 834 2419 2520 891166 106506
784 835 2419 2520 893610 106758
785 840 2419 2520 895994 106971
786 844 2419 2520 898495 107131
787 846 2418 2520 900959 107414
788 848 2418 2520 903628 107675
789 850 2418 2520 906187 107857
790 852 2418 2520 908804 108167
791 857 2416 2520 911479 108498
792 857 2416 2520 914089 108772
793 859 2416 2520 916835 109044
794 860 2416 2520 919382 109312
795 860 2415 2520 921981 109499
796 861 2415 2520 924416 109679
797 861 2413 2520 926870 110050
798 862 2413 2520 929430 110403
799 865 2413 2520 931844 110485
800 868 2413 2520 934120 110721
801 871 2413 2520 936478 111014
802 873 2413 2520 938916 111288
803 875 2413 2520 941363 111433
804 877 2413 2520 943753 111619
805 879 2413 2520 946127 111821
806 881 2413 2520 948317 111994
807 882 2413 2520 950740 112269
808 884 2412 2520 953070 112506
809 886 2412 2520 955454 112734
810 887 2412 2520 957743 112901
811 894 2412 2520 960004 113160
812 898 2412 2520 962362 113318
813 900 2412 2520 964695 113536
814 902 2412 2520 967096 113825
815 908 2412 2520 969520 114130
816 911 2412 2520 972039 114333
817 913 2411 2520 974553 114663
818 914 2411 2520 977138 114859
819 916 2411 2520 979747 115049
820 919 2411 2520 982430 115343
821 921 2411 2520 984971 115547
822 922 2411 2520 987508 115824
823 923 2411 2520 990039 116003
824 925 2411 2520 992579 116225
825 928 2411 2520 995073 116454
826 930 2410 2520 997489 116670
827 934 2410 2520 999882 116928
828 935 2410 2520 1002402 117151
829 937 2410 2520 1004888 117376
830 937 2410 2520 1007529 117565
831 938 2409 2520 1010175 117767
832 940 2408 2520 1012466 117972
833 942 2408 2520 1014818 118092
834 943 2408 2520 1017359 118316
835 949 2407 2520 1019851 118511
836 950 2407 2520 1022225 118807
837 952 2407 2520 1024495 118956
838 955 2407 2520 1026910 119110
839 959 2407 2520 1029246 119342
840 961 2407 2520 1031753 119610
841 969 2407 2520 1034307 119799
842 972 2407 2520 1036824 120011
843 975 2407 2520 1039497 120337
844 977 2407 2520 1042261 120588
845 980 2407 2520 1044938 120766
846 982 2406 2520 1047702 120990
847 982 2406 2520 1050646 121307
848 984 2405 2520 1053449 121546
849 986 2405 2520 1056257 121784
850 986 2405 2520 1058987 122001
851 987 2405 2520 1061642 122211
852 989 2405 2520 1064251 122333
853 991 2405 2520 1066784 122532
854 993 2404 2520 1069428 122833
855 995 2404 2520 1072009 123068
856 997 2403 2520 1074382 123285
857 1000 2403 2520 1076858 123361
858 1003 2402 2520 1079326 123627
859 1005 2402 2520 1081848 123815
860 1011 2402 2520 1084377 123952
861 1016 2402 2520 1086879 124182
862 1018 2402 2520 1089575 124417
863 1019 2401 2520 1092311 124563
864 1019 2401 2520 1094887 124833
865 1021 2401 2520 1097443 124956
866 1025 2401 2520 1100098 125156
867 1025 2401 2520 1102613 125367
868 1030 2401 2520 1105123 125532
869 1032 2401 2520 1107580 125642
870 1037 2399 2520 1110025 125830
871 1041 2399 2520 1112648 125936
872 1043 2399 2520 1115299 126211
873 1044 2398 2520 1118121 126422
874 1045 2397 2520 1120797 126591
875 1045 2397 2520 1123405 126875
876 1049 2397 2520 1125939 127015
877 1049 2397 2520 1128643 127228
878 1049 2397 2520 1131114 127453
879 1049 2397 2520 1133627 127647
880 1055 2396 2520 1136118 127768
881 1060 2396 2520 1138552 128002
882 1064 2396 2520 1141011 128187
883 1070 2396 2520 1143569 128385
884 1075 2396 2520 1146202 128602
885 1078 2396 2520 1148871 128869
886 1080 2395 2520 1151681 129215
887 1083 2395 2520 1154517 129512
888 1084 2395 2520 1157295 129727
889 1087 2394 2520 1160246 129937
890 1089 2394 2520 1163123 130124
891 1091 2394 2520 1166025 130329
892 1093 2394 2520 1168805 130504
893 1095 2394 2520 1171659 130698
894 1097 2393 2520 1174529 130903
895 1100 2392 2520 1177430 131320
896 1103 2391 2520 1180231 131465
897 1105 2390 2520 1183038 131646
898 1105 2389 2520 1185792 131879
899 1105 2388 2520 1188632 132006
900 1107 2388 2520 1191224 132228
901 1107 2388 2520 1193943 132442
902 1109 2388 2520 1196565 132695
903 1111 2388 2520 1199008 132829
904 1117 2388 2520 1201535 133054
905 1120 2387 2520 1203999 133297
906 1124 2387 2520 1206604 133483
907 1124 2386 2520 1209210 133765
908 1128 2386 2520 1211830 133974
909 1130 2386 2520 1214415 134189
910 1132 2386 2520 1217034 134340
911 1134 2385 2520 1219735 134573
912 1138 2385 2520 1222256 134707
913 1144 2384 2520 1224699 134809
914 1150 2384 2520 1227343 135015
915 1150 2384 2520 1230102 135192
916 1151 2383 2520 1232924 135521
917 1152 2383 2520 1235859 135727
918 1152 2383 2520 1238700 135905
919 1153 2383 2520 1241351 136206
920 1156 2383 2520 1243897 136425
921 1160 2383 2520 1246560 136578
922 1163 2383 2520 1249273 136781
923 1165 2382 2520 1251865 137007
924 1167 2382 2520 1254653 137218
925 1170 2382 2520 1257294 137415
926 1173 2382 2520 1259940 137647
927 1176 2382 2520 1262601 137901
928 1178 2381 2520 1265292 138094
929 1181 2380 2520 1268069 138361
930 1182 2380 2520 1270638 138515
931 1185 2380 2520 1273204 138624
932 1188 2377 2520 1275866 138841
933 1189 2376 2520 1278610 138910
934 1192 2376 2520 1281232 139021
935 1196 2376 2520 1283848 139092
936 1198 2376 2520 1286460 139274
937 1199 2376 2520 1289116 139519
938 1201 2375 2520 1291791 139759
939 1202 2375 2520 1294417 139910
940 1205 2375 2520 1296935 140066
941 1209 2374 2520 1299451 140344
942 1210 2374 2520 1302074 140507
943 1213 2374 2520 1304704 140695
944 1214 2374 2520 1307459 140872
945 1216 2374 2520 1309900 141016
946 1220 2374 2520 1312413 141176
947 1222 2374 2520 1314870 141373
948 1226 2373 2520 1317314 141493
949 1229 2373 2520 1319818 141619
950 1230 2372 2520 1322363 141910
951 1233 2372 2520 1324773 142042
952 1235 2372 2520 1327148 142262
953 1236 2371 2520 1329706 142367
954 1241 2371 2520 1332244 142572
955 1244 2368 2520 1334705 142690
956 1247 2368 2520 1337245 142912
957 1249 2368 2520 1339895 143061
958 1250 2367 2520 1342453 143248
959 1251 2366 2520 1345060 143408
960 1255 2366 2520 1347767 143619
961 1258 2366 2520 1350287 143738
962 1260 2366 2520 1352781 143860
963 1262 2365 2520 1355239 144083
964 1265 2364 2520 1357761 144374
965 1270 2364 2520 1360280 144541
966 1271 2364 2520 1362927 144734
967 1274 2364 2520 1365485 144852
968 1276 2363 2520 1368089 145009
969 1279 2363 2520 1370594 145054
970 1281 2362 2520 1373198 145270
971 1283 2362 2520 1375711 145442
972 1287 2361 2520 1378156 145623
973 1288 2361 2520 1380639 145825
974 1289 2361 2520 1383305 146019
975 1291 2361 2520 1385950 146173
976 1294 2361 2520 1388583 146273
977 1295 2360 2520 1391223 146434
978 1296 2360 2520 1393661 146712
979 1299 2359 2520 1396117 146837
980 1301 2359 2520 1398670 147023
981 1304 2358 2520 1401294 147181
982 1304 2358 2520 1403981 147326
983 1307 2357 2520 1406361 147405
984 1308 2356 2520 1408752 147468
985 1309 2356 2520 1411206 147638
986 1310 2356 2520 1413612 147807
987 1314 2355 2520 1416117 148010
988 1317 2355 2520 1418679 148194
989 1320 2355 2520 1421044 148336
990 1321 2355 2520 1423470 148486
991 1321 2355 2520 1425942 148571
992 1323 2354 2520 1428373 148710
993 1328 2353 2520 1430832 148793
994 1332 2351 2520 1433160 148942
995 1334 2350 2520 1435665 149088
996 1338 2350 2520 1438143 149280
997 1339 2350 2520 1440790 149457
998 1343 2350 2520 1443354 149576
999 1344 2349 2520 1446038 149812
1000 1346 2349 2520 1448740 149973
