0 1 2519 2520 797 501
1 1 2519 2520 838 523
2 1 2519 2520 874 550
3 1 2519 2520 923 577
4 1 2519 2520 972 602
5 1 2519 2520 1025 621
6 1 2519 2520 1063 637
7 1 2519 2520 1094 649
8 1 2519 2520 1132 666
9 1 2519 2520 1177 681
10 1 2519 2520 1220 700
11 1 2519 2520 1248 710
12 1 2519 2520 1286 721
13 1 2519 2520 1319 727
14 1 2519 2520 1339 730
15 1 2519 2520 1363 736
16 1 2519 2520 1388 743
17 1 2519 2520 1393 745
18 2 2519 2520 1412 745
19 2 2519 2520 1439 748
20 2 2519 2520 1532 787
21 2 2519 2520 1633 840
22 2 2519 2520 1736 874
23 2 2519 2520 1856 917
24 2 2519 2520 1953 955
25 2 2519 2520 2015 971
26 2 2519 2520 2118 1004
27 2 2519 2520 2214 1051
28 2 2519 2520 2295 1072
29 2 2519 2520 2364 1092
30 2 2519 2520 2441 1123
31 2 2519 2520 2491 1124
32 2 2519 2520 2544 1134
33 2 2519 2520 2590 1144
34 2 2519 2520 2628 1158
35 2 2519 2520 2659 1169
36 2 2519 2520 2688 1173
37 3 2519 2520 2703 1177
38 3 2519 2520 2741 1193
39 3 2519 2520 2860 1243
40 3 2519 2520 2954 1274
41 3 2519 2520 3057 1301
42 4 2519 2520 3184 1339
43 4 2519 2520 3310 1374
44 4 2519 2520 3477 1429
45 4 2519 2520 3627 1478
46 4 2519 2520 3797 1531
47 4 2519 2520 3949 1575
48 4 2519 2520 4108 1619
49 4 2519 2520 4247 1669
50 4 2519 2520 4372 1699
51 4 2519 2520 4477 1711
52 4 2519 2520 4587 1757
53 4 2519 2520 4706 1776
54 4 2519 2520 4793 1802
55 4 2519 2520 4881 1815
56 4 2519 2520 4954 1842
57 4 2519 2520 5010 1867
58 5 2519 2520 5087 1885
59 6 2519 2520 5172 1913
60 6 2519 2520 5307 1957
61 6 2519 2520 5493 2003
62 7 2519 2520 5672 2042
63 7 2519 2520 5903 2093
64 7 2519 2520 6146 2133
65 7 2519 2520 6396 2203
66 8 2519 2520 6600 2264
67 8 2519 2520 6859 2299
68 8 2519 2520 7143 2376
69 8 2519 2520 7402 2443
70 8 2518 2520 7671 2517
71 8 2518 2520 7976 2573
72 8 2518 2520 8190 2609
73 8 2518 2520 8446 2644
74 8 2518 2520 8655 2690
75 8 2518 2520 8883 2751
76 8 2518 2520 9062 2769
77 9 2518 2520 9255 2791
78 10 2518 2520 9424 2845
79 12 2518 2520 9668 2920
80 12 2518 2520 10008 3001
81 12 2518 2520 10378 3085
82 13 2518 2520 10712 3188
83 14 2518 2520 11085 3235
84 14 2518 2520 11480 3282
85 15 2517 2520 11898 3366
86 15 2517 2520 12318 3451
87 15 2517 2520 12756 3536
88 15 2517 2520 13164 3603
89 15 2517 2520 13562 3667
90 15 2517 2520 13947 3719
91 15 2517 2520 14327 3781
92 16 2517 2520 14637 3840
93 16 2517 2520 14979 3891
94 16 2517 2520 15330 3939
95 16 2516 2520 15680 3993
96 16 2516 2520 15999 4048
97 17 2516 2520 16271 4102
98 17 2516 2520 16606 4191
99 18 2516 2520 16973 4295
100 18 2516 2520 17325 4373
101 19 2516 2520 17692 4431
102 19 2516 2520 18051 4508
103 19 2516 2520 18470 4586
104 20 2516 2520 18850 4640
105 20 2516 2520 19190 4690
106 21 2515 2520 19568 4776
107 22 2515 2520 19993 4823
108 22 2515 2520 20425 4929
109 22 2515 2520 20817 4990
110 22 2515 2520 21194 5040
111 22 2515 2520 21559 5090
112 22 2515 2520 21924 5154
113 22 2515 2520 22306 5237
114 23 2515 2520 22663 5305
115 23 2515 2520 22963 5352
116 23 2515 2520 23304 5405
117 25 2515 2520 23630 5465
118 26 2515 2520 24018 5557
119 26 2515 2520 24433 5623
120 26 2515 2520 24926 5678
121 26 2515 2520 25429 5801
122 26 2515 2520 25880 5917
123 27 2515 2520 26294 6002
124 27 2515 2520 26709 6057
125 28 2515 2520 27121 6173
126 29 2515 2520 27503 6247
127 29 2515 2520 27903 6319
128 29 2515 2520 28370 6394
129 29 2515 2520 28761 6479
130 29 2515 2520 29204 6545
131 29 2515 2520 29638 6620
132 30 2515 2520 30020 6707
133 30 2515 2520 30406 6765
134 31 2514 2520 30791 6845
135 31 2514 2520 31165 6901
136 31 2514 2520 31605 6992
137 31 2514 2520 32018 7075
138 31 2514 2520 32393 7170
139 31 2514 2520 32750 7229
140 34 2514 2520 33097 7281
141 35 2514 2520 33498 7385
142 35 2514 2520 33995 7524
143 36 2514 2520 34499 7658
144 37 2514 2520 34971 7731
145 37 2514 2520 35533 7888
146 38 2514 2520 36071 7973
147 39 2514 2520 36602 8094
148 39 2514 2520 37163 8191
149 39 2514 2520 37664 8264
150 39 2514 2520 38194 8360
151 39 2514 2520 38676 8421
152 39 2514 2520 39198 8510
153 39 2514 2520 39695 8588
154 39 2514 2520 40162 8662
155 39 2514 2520 40644 8721
156 40 2514 2520 41041 8791
157 40 2514 2520 41383 8831
158 41 2514 2520 41755 8923
159 42 2514 2520 42160 8993
160 43 2514 2520 42572 9075
161 45 2514 2520 43065 9190
162 46 2514 2520 43617 9318
163 46 2514 2520 44242 9468
164 46 2514 2520 44900 9601
165 46 2514 2520 45470 9720
166 47 2514 2520 46054 9821
167 47 2514 2520 46715 9972
168 47 2514 2520 47344 10046
169 47 2514 2520 47907 10120
170 48 2514 2520 48401 10181
171 48 2514 2520 48977 10265
172 49 2514 2520 49496 10366
173 49 2514 2520 49992 10456
174 50 2514 2520 50514 10578
175 50 2514 2520 50969 10665
176 50 2514 2520 51397 10727
177 50 2514 2520 51806 10780
178 50 2514 2520 52170 10854
179 50 2514 2520 52610 10917
180 51 2514 2520 53008 10990
181 51 2514 2520 53434 11032
182 53 2514 2520 53866 11106
183 54 2514 2520 54362 11223
184 55 2514 2520 54890 11297
185 55 2514 2520 55430 11425
186 55 2514 2520 56011 11530
187 55 2513 2520 56537 11633
188 57 2513 2520 57095 11767
189 57 2513 2520 57657 11879
190 58 2513 2520 58226 11959
191 59 2513 2520 58851 12058
192 60 2513 2520 59438 12181
193 60 2513 2520 60015 12246
194 62 2513 2520 60666 12355
195 63 2513 2520 61238 12442
196 63 2513 2520 61957 12588
197 63 2513 2520 62624 12668
198 64 2513 2520 63246 12770
199 64 2513 2520 63982 12895
200 64 2513 2520 64680 13036
201 64 2513 2520 65337 13144
202 64 2513 2520 65959 13255
203 64 2513 2520 66510 13365
204 65 2513 2520 67121 13457
205 67 2513 2520 67746 13538
206 68 2513 2520 68387 13667
207 68 2513 2520 69008 13775
208 68 2513 2520 69639 13913
209 68 2513 2520 70284 14015
210 68 2513 2520 70930 14142
211 68 2513 2520 71534 14272
212 68 2513 2520 72127 14336
213 68 2512 2520 72660 14438
214 68 2512 2520 73131 14530
215 68 2512 2520 73663 14629
216 70 2512 2520 74163 14719
217 72 2512 2520 74615 14788
218 73 2512 2520 75115 14872
219 75 2512 2520 75703 14960
220 77 2511 2520 76319 15102
221 77 2511 2520 77054 15238
222 78 2511 2520 77783 15389
223 78 2511 2520 78489 15477
224 78 2511 2520 79253 15599
225 80 2511 2520 79933 15727
226 80 2511 2520 80785 15847
227 81 2511 2520 81614 15970
228 81 2511 2520 82444 16099
229 81 2511 2520 83253 16233
230 82 2511 2520 84038 16392
231 83 2511 2520 84817 16563
232 83 2510 2520 85619 16687
233 83 2510 2520 86390 16776
234 83 2510 2520 87096 16835
235 83 2510 2520 87759 16947
236 84 2510 2520 88432 17025
237 84 2510 2520 89069 17061
238 85 2510 2520 89643 17095
239 86 2510 2520 90259 17167
240 88 2510 2520 90827 17226
241 88 2510 2520 91438 17329
242 88 2510 2520 92091 17434
243 88 2510 2520 92749 17553
244 89 2510 2520 93366 17692
245 90 2510 2520 93930 17779
246 90 2510 2520 94504 17882
247 91 2510 2520 95141 18010
248 92 2510 2520 95846 18117
249 92 2510 2520 96562 18244
250 93 2510 2520 97252 18350
251 94 2510 2520 97965 18517
252 97 2510 2520 98687 18611
253 98 2510 2520 99410 18721
254 98 2509 2520 100136 18843
255 99 2509 2520 100904 18967
256 99 2509 2520 101675 19101
257 100 2509 2520 102455 19188
258 100 2509 2520 103298 19273
259 100 2509 2520 104029 19420
260 100 2509 2520 104828 19502
261 101 2508 2520 105572 19600
262 101 2508 2520 106300 19622
263 103 2508 2520 106992 19720
264 103 2508 2520 107752 19829
265 104 2508 2520 108490 19875
266 104 2508 2520 109180 19979
267 105 2508 2520 109875 20069
268 105 2508 2520 110606 20173
269 105 2508 2520 111312 20277
270 107 2508 2520 112028 20363
271 107 2507 2520 112663 20454
272 107 2507 2520 113355 20532
273 107 2507 2520 114048 20653
274 109 2507 2520 114695 20732
275 110 2507 2520 115354 20863
276 112 2507 2520 116061 20982
277 112 2507 2520 116792 21095
278 112 2507 2520 117533 21206
279 112 2506 2520 118308 21304
280 115 2506 2520 119086 21404
281 116 2506 2520 119883 21503
282 117 2506 2520 120692 21547
283 118 2506 2520 121423 21608
284 118 2506 2520 122238 21735
285 118 2506 2520 123005 21826
286 119 2505 2520 123812 21931
287 120 2505 2520 124618 22019
288 120 2505 2520 125353 22139
289 121 2504 2520 126210 22307
290 122 2504 2520 126993 22411
291 123 2504 2520 127743 22522
292 124 2504 2520 128448 22587
293 125 2504 2520 129245 22693
294 126 2504 2520 130038 22814
295 127 2504 2520 130871 22963
296 127 2504 2520 131742 23003
297 128 2504 2520 132554 23095
298 128 2503 2520 133400 23229
299 128 2503 2520 134295 23376
300 128 2503 2520 135088 23505
301 130 2503 2520 135858 23628
302 131 2503 2520 136676 23795
303 132 2503 2520 137456 23892
304 132 2503 2520 138322 24061
305 135 2503 2520 139222 24232
306 135 2502 2520 140032 24312
307 136 2502 2520 140944 24460
308 136 2502 2520 141871 24613
309 136 2502 2520 142741 24730
310 140 2502 2520 143646 24877
311 141 2501 2520 144582 25008
312 142 2501 2520 145456 25137
313 142 2501 2520 146400 25231
314 143 2501 2520 147277 25324
315 144 2501 2520 148172 25449
316 145 2501 2520 149112 25601
317 145 2501 2520 150066 25737
318 145 2501 2520 151040 25849
319 146 2500 2520 151994 25956
320 148 2500 2520 152889 26068
321 149 2500 2520 153782 26216
322 150 2500 2520 154707 26344
323 150 2499 2520 155644 26471
324 151 2499 2520 156556 26627
325 151 2499 2520 157467 26751
326 151 2498 2520 158378 26868
327 154 2498 2520 159273 26925
328 155 2498 2520 160266 27034
329 155 2498 2520 161260 27166
330 155 2498 2520 162200 27280
331 155 2497 2520 163082 27406
332 155 2497 2520 163992 27517
333 155 2497 2520 164910 27597
334 157 2497 2520 165729 27755
335 157 2497 2520 166506 27826
336 157 2497 2520 167390 27959
337 158 2497 2520 168099 28043
338 159 2497 2520 168843 28110
339 163 2496 2520 169626 28207
340 164 2496 2520 170445 28322
341 165 2496 2520 171421 28471
342 166 2496 2520 172396 28631
343 166 2496 2520 173407 28789
344 168 2496 2520 174327 28919
345 168 2496 2520 175322 29055
346 168 2496 2520 176319 29193
347 168 2496 2520 177307 29322
348 170 2495 2520 178308 29476
349 172 2495 2520 179351 29639
350 172 2495 2520 180483 29805
351 172 2495 2520 181482 29935
352 172 2495 2520 182461 30066
353 172 2495 2520 183427 30179
354 173 2495 2520 184344 30373
355 174 2494 2520 185264 30438
356 174 2494 2520 186204 30574
357 175 2494 2520 187041 30690
358 177 2494 2520 187910 30772
359 177 2494 2520 188785 30892
360 178 2492 2520 189615 31045
361 179 2492 2520 190453 31140
362 181 2492 2520 191336 31276
363 183 2492 2520 192244 31389
364 185 2492 2520 193241 31554
365 187 2492 2520 194214 31746
366 187 2492 2520 195298 31948
367 187 2492 2520 196365 32059
368 188 2492 2520 197354 32248
369 188 2491 2520 198452 32402
370 189 2491 2520 199521 32500
371 189 2491 2520 200523 32576
372 190 2491 2520 201601 32700
373 190 2491 2520 202589 32840
374 190 2491 2520 203587 32971
375 190 2491 2520 204595 33098
376 191 2491 2520 205524 33233
377 191 2491 2520 206385 33348
378 191 2491 2520 207268 33473
379 192 2491 2520 208111 33580
380 192 2491 2520 208892 33648
381 193 2490 2520 209678 33776
382 193 2490 2520 210502 33885
383 197 2490 2520 211274 33960
384 202 2490 2520 212047 34067
385 202 2490 2520 212951 34167
386 208 2490 2520 213865 34364
387 209 2490 2520 214924 34487
388 209 2490 2520 216112 34688
389 211 2490 2520 217342 34896
390 212 2490 2520 218522 35093
391 212 2490 2520 219873 35264
392 212 2490 2520 221114 35477
393 212 2490 2520 222346 35656
394 213 2489 2520 223543 35742
395 214 2489 2520 224729 35870
396 214 2489 2520 225829 36029
397 214 2489 2520 226937 36141
398 215 2489 2520 228041 36226
399 217 2487 2520 229080 36315
400 218 2487 2520 230172 36440
401 218 2487 2520 231157 36552
402 220 2487 2520 232161 36659
403 223 2487 2520 233199 36744
404 225 2486 2520 234342 36880
405 227 2486 2520 235507 37043
406 228 2486 2520 236773 37233
407 228 2486 2520 238024 37386
408 229 2486 2520 239319 37553
409 231 2486 2520 240568 37698
410 231 2485 2520 241863 37870
411 233 2484 2520 243181 38034
412 236 2483 2520 244458 38275
413 237 2483 2520 245773 38434
414 237 2483 2520 247204 38597
415 237 2483 2520 248496 38819
416 237 2483 2520 249821 38970
417 238 2483 2520 251081 39102
418 239 2483 2520 252418 39272
419 240 2483 2520 253668 39429
420 241 2483 2520 254881 39610
421 241 2483 2520 256135 39829
422 241 2483 2520 257275 39964
423 244 2483 2520 258374 40042
424 246 2483 2520 259525 40225
425 247 2483 2520 260752 40396
426 248 2483 2520 261931 40524
427 249 2483 2520 263150 40627
428 252 2482 2520 264419 40821
429 252 2482 2520 265749 40978
430 253 2482 2520 267195 41161
431 256 2482 2520 268462 41280
432 257 2482 2520 269721 41430
433 258 2482 2520 271029 41567
434 260 2482 2520 272305 41743
435 263 2482 2520 273690 41909
436 263 2481 2520 275087 42095
437 264 2481 2520 276499 42257
438 264 2481 2520 277930 42449
439 265 2480 2520 279384 42678
440 265 2480 2520 280708 42877
441 265 2480 2520 282061 43041
442 265 2479 2520 283434 43178
443 265 2479 2520 284770 43372
444 266 2479 2520 285953 43529
445 268 2479 2520 287192 43647
446 269 2479 2520 288392 43739
447 270 2479 2520 289652 43919
448 271 2479 2520 290899 44037
449 272 2479 2520 292093 44129
450 274 2479 2520 293276 44287
451 275 2479 2520 294513 44425
452 275 2479 2520 295705 44654
453 279 2479 2520 296908 44807
454 280 2479 2520 298172 44983
455 280 2479 2520 299403 45185
456 280 2479 2520 300791 45376
457 280 2479 2520 302041 45510
458 282 2479 2520 303319 45689
459 283 2479 2520 304574 45905
460 284 2479 2520 305906 46124
461 287 2479 2520 307294 46277
462 288 2479 2520 308645 46478
463 290 2479 2520 309968 46661
464 291 2479 2520 311347 46836
465 292 2479 2520 312712 47023
466 293 2478 2520 314184 47209
467 296 2478 2520 315520 47461
468 298 2477 2520 316907 47664
469 299 2477 2520 318493 47869
470 300 2476 2520 319928 47963
471 301 2476 2520 321321 48175
472 303 2476 2520 322726 48303
473 306 2476 2520 324203 48557
474 307 2476 2520 325678 48802
475 308 2476 2520 327066 48933
476 309 2476 2520 328519 49048
477 310 2476 2520 330017 49264
478 311 2476 2520 331403 49434
479 312 2475 2520 332933 49594
480 313 2475 2520 334358 49846
481 316 2475 2520 335882 50049
482 317 2475 2520 337430 50241
483 318 2475 2520 338964 50432
484 321 2475 2520 340439 50596
485 322 2475 2520 342027 50767
486 323 2474 2520 343556 50995
487 325 2472 2520 345130 51144
488 326 2472 2520 346668 51369
489 328 2471 2520 348109 51533
490 328 2471 2520 349700 51712
491 330 2471 2520 351252 51894
492 330 2471 2520 352831 51993
493 333 2471 2520 354245 52142
494 333 2471 2520 355768 52288
495 337 2471 2520 357334 52414
496 338 2471 2520 358975 52559
497 340 2471 2520 360596 52756
498 341 2471 2520 362142 52833
499 342 2471 2520 363686 53003
500 342 2471 2520 365223 53169
501 342 2471 2520 366742 53301
502 343 2471 2520 368139 53411
503 345 2470 2520 369686 53557
504 346 2469 2520 371161 53741
505 349 2469 2520 372665 53910
506 350 2469 2520 374075 54025
507 351 2469 2520 375616 54213
508 351 2469 2520 377056 54389
509 353 2469 2520 378520 54542
510 354 2469 2520 379964 54701
511 357 2469 2520 381453 54819
512 357 2469 2520 382996 54960
513 361 2469 2520 384476 55121
514 362 2469 2520 385948 55270
515 366 2469 2520 387523 55479
516 367 2469 2520 389055 55634
517 370 2469 2520 390653 55768
518 372 2467 2520 392238 55997
519 373 2467 2520 393932 56192
520 374 2467 2520 395517 56357
521 375 2466 2520 397198 56599
522 376 2466 2520 398823 56820
523 376 2466 2520 400465 56968
524 377 2466 2520 402133 57117
525 377 2466 2520 403726 57303
526 379 2465 2520 405299 57464
527 380 2465 2520 406817 57597
528 383 2465 2520 408355 57697
529 383 2464 2520 409816 57808
530 385 2464 2520 411302 57953
531 387 2464 2520 412840 58064
532 389 2464 2520 414341 58277
533 391 2463 2520 415861 58510
534 395 2463 2520 417485 58649
535 396 2463 2520 419008 58806
536 397 2462 2520 420678 59062
537 397 2461 2520 422359 59229
538 397 2460 2520 424103 59400
539 397 2460 2520 425730 59508
540 401 2460 2520 427164 59650
541 402 2460 2520 428672 59798
542 403 2460 2520 430381 60003
543 406 2460 2520 432014 60231
544 408 2460 2520 433695 60466
545 410 2460 2520 435479 60660
546 411 2460 2520 437213 60912
547 416 2460 2520 438916 61087
548 416 2460 2520 440677 61251
549 417 2460 2520 442592 61454
550 417 2460 2520 444328 61686
551 417 2459 2520 446105 61941
552 418 2458 2520 447824 62146
553 418 2458 2520 449432 62371
554 420 2458 2520 451189 62491
555 421 2456 2520 452851 62622
556 422 2456 2520 454511 62845
557 424 2456 2520 456097 63005
558 424 2456 2520 457665 63135
559 425 2456 2520 459239 63231
560 425 2456 2520 460823 63414
561 426 2456 2520 462322 63628
562 429 2456 2520 463883 63774
563 431 2454 2520 465430 63942
564 433 2453 2520 466934 64137
565 436 2453 2520 468590 64344
566 438 2453 2520 470213 64495
567 438 2453 2520 472013 64690
568 442 2453 2520 473675 64849
569 443 2453 2520 475438 65028
570 444 2453 2520 477275 65251
571 449 2453 2520 479019 65398
572 452 2453 2520 480800 65584
573 453 2453 2520 482605 65760
574 453 2453 2520 484460 65956
575 456 2453 2520 486214 66202
576 458 2453 2520 488007 66444
577 459 2453 2520 489895 66670
578 460 2453 2520 491791 66912
579 460 2453 2520 493632 67077
580 460 2453 2520 495382 67316
581 460 2453 2520 497151 67460
582 464 2453 2520 498975 67685
583 464 2453 2520 500718 67852
584 466 2453 2520 502538 68068
585 468 2452 2520 504281 68258
586 471 2451 2520 505787 68405
587 472 2451 2520 507402 68615
588 476 2450 2520 509180 68866
589 478 2450 2520 510916 69020
590 481 2450 2520 512706 69155
591 482 2450 2520 514342 69415
592 483 2450 2520 516110 69636
593 484 2450 2520 517898 69777
594 486 2450 2520 519773 69988
595 487 2450 2520 521585 70084
596 488 2450 2520 523484 70299
597 492 2450 2520 525388 70507
598 492 2450 2520 527267 70687
599 494 2450 2520 529241 70939
600 499 2450 2520 531011 71187
601 501 2449 2520 532766 71393
602 505 2449 2520 534625 71595
603 508 2448 2520 536701 71762
604 511 2448 2520 538788 72011
605 513 2448 2520 540843 72203
606 513 2447 2520 542998 72427
607 515 2446 2520 545148 72740
608 517 2445 2520 547235 72976
609 518 2445 2520 549361 73118
610 519 2445 2520 551509 73423
611 520 2445 2520 553634 73697
612 523 2445 2520 555835 73916
613 525 2444 2520 557908 74125
614 526 2444 2520 560045 74321
615 526 2444 2520 562225 74565
616 527 2442 2520 564290 74706
617 531 2442 2520 566262 74939
618 532 2442 2520 568322 75191
619 534 2441 2520 570345 75305
620 536 2440 2520 572345 75486
621 537 2439 2520 574320 75732
622 542 2439 2520 576449 75985
623 543 2439 2520 578397 76184
624 544 2439 2520 580539 76466
625 546 2439 2520 582605 76743
626 547 2439 2520 584846 76941
627 551 2439 2520 586938 77180
628 551 2439 2520 589076 77400
629 553 2439 2520 591172 77679
630 555 2438 2520 593179 77913
631 558 2436 2520 595215 78138
632 560 2435 2520 597319 78429
633 561 2435 2520 599485 78613
634 563 2435 2520 601589 78827
635 565 2434 2520 603756 79042
636 567 2434 2520 605945 79234
637 568 2434 2520 608121 79493
638 571 2434 2520 610280 79667
639 571 2434 2520 612376 79844
640 572 2434 2520 614428 80043
641 574 2433 2520 616576 80263
642 576 2433 2520 618692 80443
643 579 2433 2520 620648 80632
644 579 2432 2520 622680 80839
645 581 2432 2520 624728 81016
646 584 2432 2520 626748 81184
647 588 2432 2520 628755 81339
648 590 2432 2520 630941 81594
649 592 2432 2520 632984 81863
650 595 2432 2520 635029 82133
651 598 2432 2520 637130 82377
652 604 2432 2520 639307 82624
653 608 2432 2520 641665 82864
654 608 2432 2520 644037 83236
655 611 2432 2520 646213 83406
656 611 2432 2520 648485 83636
657 612 2432 2520 650733 83902
658 613 2432 2520 652970 84122
659 614 2432 2520 655134 84286
660 614 2432 2520 657287 84472
661 614 2431 2520 659500 84642
662 616 2431 2520 661653 84807
663 619 2430 2520 663639 85018
664 624 2430 2520 665735 85147
665 625 2430 2520 667751 85265
666 626 2430 2520 669816 85477
667 630 2429 2520 671893 85608
668 632 2429 2520 673980 85807
669 632 2428 2520 676274 85974
670 635 2426 2520 678419 86114
671 635 2426 2520 680540 86334
672 638 2426 2520 682688 86599
673 641 2426 2520 684793 86781
674 645 2424 2520 686954 87003
675 648 2424 2520 689218 87054
676 650 2424 2520 691561 87344
677 653 2424 2520 693866 87544
678 655 2424 2520 696267 87778
679 660 2424 2520 698754 88124
680 664 2423 2520 701131 88372
681 664 2423 2520 703624 88686
682 666 2423 2520 706010 88945
683 669 2421 2520 708498 89153
684 671 2421 2520 710933 89463
685 672 2421 2520 713510 89694
686 674 2420 2520 715830 89867
687 677 2419 2520 718165 90138
688 679 2419 2520 720638 90322
689 680 2419 2520 723029 90465
690 680 2419 2520 725324 90784
691 682 2419 2520 727597 91042
692 684 2417 2520 729895 91228
693 686 2417 2520 732143 91485
694 687 2417 2520 734291 91645
695 689 2417 2520 736654 91831
696 690 2417 2520 738886 92031
697 693 2417 2520 741152 92297
698 694 2416 2520 743374 92471
699 695 2416 2520 745669 92686
700 698 2416 2520 748076 92887
701 702 2416 2520 750376 92948
702 704 2416 2520 752685 93220
703 704 2416 2520 754961 93449
704 706 2414 2520 757320 93647
705 708 2414 2520 759670 93866
706 709 2414 2520 761974 94102
707 713 2414 2520 764331 94393
708 713 2412 2520 766700 94604
709 718 2411 2520 768950 94839
710 720 2410 2520 771190 95074
711 721 2410 2520 773531 95242
712 723 2410 2520 775930 95505
713 726 2410 2520 778146 95649
714 727 2410 2520 780478 95959
715 729 2409 2520 782971 96079
716 731 2409 2520 785344 96317
717 733 2409 2520 787625 96540
718 734 2409 2520 789903 96765
719 734 2409 2520 792159 97049
720 734 2408 2520 794380 97187
721 735 2407 2520 796534 97358
722 741 2407 2520 798681 97561
723 746 2406 2520 800841 97716
724 749 2406 2520 803030 97954
725 751 2405 2520 805289 98145
726 756 2405 2520 807637 98308
727 760 2405 2520 809939 98522
728 764 2405 2520 812307 98759
729 770 2405 2520 814795 98980
730 773 2405 2520 817332 99159
731 774 2404 2520 819891 99419
732 776 2403 2520 822601 99587
733 779 2403 2520 825138 99908
734 780 2403 2520 827852 100115
735 782 2403 2520 830501 100299
736 783 2402 2520 833164 100525
737 784 2402 2520 835803 100780
738 785 2402 2520 838445 100990
739 788 2401 2520 841115 101288
740 791 2401 2520 843614 101487
741 794 2400 2520 846208 101780
742 794 2399 2520 848896 102010
743 795 2399 2520 851523 102181
744 797 2399 2520 854013 102434
745 801 2399 2520 856459 102686
746 802 2397 2520 858911 102940
747 806 2397 2520 861238 103104
748 807 2397 2520 863627 103310
749 808 2397 2520 865992 103582
750 811 2396 2520 868297 103743
751 813 2395 2520 870713 103971
752 816 2395 2520 873116 104183
753 819 2395 2520 875434 104327
754 820 2395 2520 878110 104564
755 821 2395 2520 880707 104859
756 825 2395 2520 883036 105074
757 827 2395 2520 885470 105280
758 827 2395 2520 887880 105571
759 828 2395 2520 890365 105778
760 830 2395 2520 892799 105950
761 835 2395 2520 895145 106118
762 839 2395 2520 897509 106317
763 841 2395 2520 900049 106590
764 845 2395 2520 902436 106823
765 851 2395 2520 905000 107062
766 853 2395 2520 907515 107378
767 856 2395 2520 910320 107639
768 857 2395 2520 913066 107901
769 859 2395 2520 915688 108067
770 860 2395 2520 918376 108346
771 863 2395 2520 921088 108492
772 865 2395 2520 923686 108760
773 867 2395 2520 926414 108994
774 869 2394 2520 929071 109288
775 871 2394 2520 931667 109505
776 871 2394 2520 934338 109756
777 877 2394 2520 936847 109971
778 879 2393 2520 939449 110186
779 880 2392 2520 942077 110446
780 881 2392 2520 944677 110683
781 882 2392 2520 947256 110911
782 884 2391 2520 949740 111147
783 885 2391 2520 952252 111243
784 888 2390 2520 954712 111371
785 893 2390 2520 957195 111644
786 894 2390 2520 959726 111891
787 896 2390 2520 962303 112064
788 901 2390 2520 964848 112245
789 904 2390 2520 967233 112417
790 910 2389 2520 969596 112613
791 912 2389 2520 972228 112817
792 913 2387 2520 974934 113086
793 918 2387 2520 977636 113279
794 918 2386 2520 980298 113512
795 919 2385 2520 983097 113772
796 922 2384 2520 985751 113978
797 924 2384 2520 988431 114295
798 926 2383 2520 991215 114482
799 927 2383 2520 993868 114688
800 931 2383 2520 996612 114924
801 937 2381 2520 999306 115177
802 940 2380 2520 1002011 115406
803 943 2380 2520 1004769 115653
804 945 2380 2520 1007602 115748
805 948 2380 2520 1010341 116074
806 949 2380 2520 1013122 116272
807 953 2380 2520 1015986 116451
808 954 2380 2520 1018791 116655
809 959 2380 2520 1021636 116864
810 959 2380 2520 1024466 117170
811 963 2380 2520 1027279 117395
812 965 2380 2520 1030000 117555
813 965 2380 2520 1032799 117811
814 968 2380 2520 1035677 118018
815 968 2380 2520 1038367 118293
816 971 2380 2520 1041084 118503
817 974 2380 2520 1043727 118740
818 979 2380 2520 1046453 118966
819 980 2380 2520 1049288 119161
820 981 2380 2520 1052135 119425
821 983 2380 2520 1054803 119632
822 986 2379 2520 1057468 119781
823 987 2378 2520 1060122 119980
824 988 2377 2520 1062789 120126
825 991 2376 2520 1065361 120375
826 994 2376 2520 1068002 120551
827 995 2376 2520 1070622 120757
828 997 2376 2520 1073061 120973
829 998 2376 2520 1075592 121162
830 1001 2375 2520 1078211 121327
831 1006 2375 2520 1080714 121572
832 1008 2375 2520 1083263 121729
833 1015 2375 2520 1085872 121956
834 1016 2375 2520 1088483 122216
835 1021 2375 2520 1091189 122442
836 1025 2375 2520 1093781 122593
837 1029 2373 2520 1096627 122829
838 1032 2372 2520 1099359 123017
839 1036 2372 2520 1102196 123145
840 1039 2372 2520 1105268 123528
841 1041 2372 2520 1108166 123757
842 1043 2372 2520 1111230 124070
843 1045 2372 2520 1114228 124361
844 1046 2372 2520 1117131 124585
845 1049 2371 2520 1119952 124720
846 1051 2371 2520 1123017 125032
847 1054 2371 2520 1125956 125319
848 1057 2371 2520 1128876 125507
849 1057 2371 2520 1131756 125666
850 1058 2371 2520 1134460 125838
851 1058 2371 2520 1137182 126035
852 1058 2368 2520 1139754 126175
853 1058 2366 2520 1142267 126360
854 1059 2366 2520 1144762 126491
855 1062 2366 2520 1147197 126684
856 1067 2366 2520 1149628 126795
857 1068 2366 2520 1152225 127124
858 1072 2366 2520 1154606 127306
859 1075 2366 2520 1157023 127491
860 1077 2366 2520 1159458 127603
861 1081 2366 2520 1162068 127731
862 1085 2366 2520 1164566 127886
863 1089 2366 2520 1167092 128058
864 1092 2366 2520 1169699 128230
865 1094 2366 2520 1172329 128519
866 1097 2365 2520 1174990 128692
867 1100 2365 2520 1177878 128880
868 1100 2365 2520 1180606 129112
869 1100 2365 2520 1183214 129350
870 1104 2365 2520 1185908 129515
871 1108 2365 2520 1188654 129735
872 1114 2365 2520 1191261 130014
873 1115 2365 2520 1193990 130265
874 1117 2365 2520 1196699 130461
875 1118 2365 2520 1199397 130605
876 1123 2365 2520 1201942 130843
877 1127 2365 2520 1204595 131055
878 1127 2364 2520 1207260 131096
879 1129 2363 2520 1209996 131280
880 1131 2363 2520 1212580 131528
881 1135 2363 2520 1215139 131716
882 1135 2362 2520 1217617 131914
883 1140 2362 2520 1220161 132098
884 1141 2362 2520 1222663 132190
885 1142 2362 2520 1225301 132412
886 1144 2362 2520 1227963 132610
887 1147 2362 2520 1230430 132882
888 1149 2362 2520 1232958 132983
889 1151 2361 2520 1235628 133134
890 1152 2360 2520 1238315 133282
891 1153 2359 2520 1240933 133404
892 1155 2359 2520 1243360 133594
893 1158 2359 2520 1245975 133771
894 1158 2358 2520 1248523 133955
895 1164 2358 2520 1250953 134164
896 1167 2358 2520 1253378 134302
897 1167 2358 2520 1255958 134503
898 1167 2358 2520 1258555 134698
899 1169 2358 2520 1261009 134855
900 1170 2358 2520 1263464 134896
901 1173 2357 2520 1265726 134996
902 1176 2357 2520 1268111 135141
903 1180 2357 2520 1270648 135234
904 1184 2356 2520 1273089 135425
905 1185 2356 2520 1275484 135576
906 1186 2356 2520 1277874 135741
907 1189 2356 2520 1280183 135821
908 1192 2356 2520 1282615 135973
909 1199 2356 2520 1285005 136053
910 1203 2356 2520 1287440 136184
911 1206 2356 2520 1289993 136394
912 1206 2356 2520 1292625 136657
913 1209 2356 2520 1295295 136795
914 1211 2356 2520 1297946 137038
915 1212 2355 2520 1300671 137277
916 1213 2355 2520 1303259 137393
917 1215 2355 2520 1305874 137573
918 1217 2353 2520 1308419 137783
919 1220 2353 2520 1310932 137957
920 1221 2353 2520 1313453 138068
921 1224 2353 2520 1315883 138228
922 1226 2353 2520 1318162 138366
923 1231 2353 2520 1320535 138479
924 1232 2352 2520 1322940 138610
925 1233 2352 2520 1325226 138740
926 1235 2351 2520 1327611 138840
927 1237 2351 2520 1329862 139049
928 1238 2351 2520 1332365 139161
929 1238 2351 2520 1334789 139356
930 1243 2351 2520 1337166 139491
931 1245 2351 2520 1339588 139637
932 1246 2351 2520 1342122 139789
933 1249 2351 2520 1344595 139968
934 1252 2351 2520 1346979 140070
935 1256 2351 2520 1349435 140293
936 1258 2351 2520 1351819 140496
937 1262 2351 2520 1354108 140635
938 1267 2351 2520 1356452 140742
939 1269 2351 2520 1358764 140863
940 1272 2351 2520 1361249 141058
941 1272 2350 2520 1363661 141266
942 1273 2349 2520 1366182 141397
943 1277 2349 2520 1368686 141565
944 1280 2348 2520 1371295 141693
945 1283 2348 2520 1373729 141930
946 1283 2348 2520 1376293 142094
947 1285 2348 2520 1378686 142195
948 1285 2348 2520 1381099 142311
949 1288 2348 2520 1383591 142473
950 1290 2348 2520 1385940 142530
951 1292 2348 2520 1388272 142690
952 1294 2348 2520 1390603 142828
953 1299 2348 2520 1393036 143039
954 1300 2346 2520 1395367 143141
955 1304 2346 2520 1397729 143319
956 1305 2346 2520 1400302 143547
957 1307 2344 2520 1402811 143770
958 1310 2343 2520 1405292 143942
959 1312 2342 2520 1407834 144077
960 1313 2342 2520 1410412 144232
961 1314 2342 2520 1412999 144445
962 1316 2342 2520 1415498 144657
963 1318 2342 2520 1417987 144870
964 1323 2342 2520 1420435 145085
965 1324 2341 2520 1422882 145247
966 1327 2339 2520 1425313 145445
967 1330 2337 2520 1427735 145458
968 1331 2337 2520 1430350 145663
969 1332 2337 2520 1433034 145918
970 1336 2336 2520 1435675 146118
971 1336 2333 2520 1438285 146314
972 1337 2333 2520 1440844 146372
973 1338 2332 2520 1443341 146546
974 1340 2332 2520 1445801 146700
975 1342 2332 2520 1448443 146888
976 1344 2332 2520 1451011 147006
977 1348 2332 2520 1453555 147255
978 1352 2332 2520 1455994 147403
979 1353 2330 2520 1458475 147572
980 1357 2330 2520 1461003 147857
981 1359 2330 2520 1463579 148100
982 1363 2330 2520 1466042 148271
983 1367 2330 2520 1468621 148407
984 1370 2328 2520 1471333 148658
985 1371 2328 2520 1474075 148877
986 1372 2328 2520 1476839 149059
987 1374 2326 2520 1479552 149227
988 1376 2326 2520 1482308 149386
989 1378 2324 2520 1484955 149609
990 1381 2323 2520 1487657 149789
991 1383 2322 2520 1490396 150029
992 1385 2322 2520 1493016 150132
993 1387 2322 2520 1495655 150318
994 1395 2322 2520 1498170 150510
995 1398 2322 2520 1500844 150672
996 1399 2320 2520 1503465 150809
997 1401 2320 2520 1506321 151041
998 1404 2320 2520 1509021 151246
999 1405 2320 2520 1511753 151428
1000 1405 2320 2520 1514669 151645
