0 1 2519 2520 793 499
1 1 2519 2520 829 525
2 1 2519 2520 873 552
3 1 2519 2520 921 579
4 1 2519 2520 974 611
5 1 2519 2520 1018 638
6 1 2519 2520 1077 669
7 1 2519 2520 1123 688
8 1 2519 2520 1150 695
9 1 2519 2520 1182 712
10 1 2519 2520 1216 734
11 1 2519 2520 1256 753
12 1 2519 2520 1276 761
13 1 2519 2520 1299 764
14 1 2519 2520 1316 761
15 1 2519 2520 1336 757
16 1 2519 2520 1341 755
17 1 2519 2520 1356 753
18 1 2519 2520 1391 767
19 1 2519 2520 1397 770
20 1 2519 2520 1407 768
21 1 2519 2520 1414 765
22 1 2519 2520 1416 762
23 1 2519 2520 1424 765
24 2 2519 2520 1436 770
25 2 2519 2520 1444 780
26 2 2519 2520 1523 811
27 2 2519 2520 1630 855
28 2 2519 2520 1731 884
29 2 2519 2520 1859 930
30 2 2519 2520 1937 957
31 2 2519 2520 2030 993
32 2 2519 2520 2118 1017
33 2 2519 2520 2208 1036
34 2 2519 2520 2296 1054
35 2 2519 2520 2360 1076
36 2 2519 2520 2434 1094
37 2 2519 2520 2475 1107
38 2 2519 2520 2522 1128
39 2 2519 2520 2572 1144
40 2 2519 2520 2637 1169
41 2 2519 2520 2668 1177
42 2 2519 2520 2715 1190
43 2 2519 2520 2756 1200
44 2 2519 2520 2770 1206
45 2 2519 2520 2788 1214
46 4 2519 2520 2782 1220
47 4 2519 2520 2851 1241
48 4 2519 2520 3011 1287
49 4 2519 2520 3217 1361
50 4 2519 2520 3405 1407
51 4 2519 2520 3592 1451
52 4 2519 2520 3757 1514
53 4 2519 2520 3923 1565
54 4 2519 2520 4096 1628
55 4 2519 2520 4244 1659
56 4 2519 2520 4392 1698
57 4 2519 2520 4521 1733
58 4 2519 2520 4613 1755
59 4 2519 2520 4700 1776
60 4 2519 2520 4811 1805
61 4 2519 2520 4892 1818
62 4 2519 2520 4968 1844
63 5 2519 2520 5016 1864
64 5 2519 2520 5110 1903
65 5 2519 2520 5242 1941
66 5 2519 2520 5358 1985
67 5 2519 2520 5475 2039
68 6 2519 2520 5604 2061
69 7 2519 2520 5758 2098
70 8 2519 2520 5941 2136
71 8 2519 2520 6199 2195
72 8 2519 2520 6496 2278
73 8 2519 2520 6770 2346
74 8 2518 2520 7089 2422
75 8 2518 2520 7372 2464
76 8 2518 2520 7676 2535
77 8 2518 2520 7952 2604
78 8 2518 2520 8219 2644
79 8 2518 2520 8460 2683
80 8 2518 2520 8692 2713
81 9 2518 2520 8899 2741
82 9 2518 2520 9149 2815
83 9 2518 2520 9383 2875
84 9 2518 2520 9573 2927
85 10 2518 2520 9790 2975
86 10 2518 2520 10047 3029
87 10 2518 2520 10264 3049
88 10 2518 2520 10430 3065
89 10 2518 2520 10633 3112
90 11 2518 2520 10869 3157
91 12 2518 2520 11032 3190
92 15 2517 2520 11280 3264
93 15 2517 2520 11657 3328
94 15 2517 2520 12115 3447
95 15 2517 2520 12550 3567
96 15 2517 2520 12981 3640
97 15 2517 2520 13381 3701
98 15 2517 2520 13790 3752
99 16 2517 2520 14131 3804
100 16 2517 2520 14476 3851
101 16 2517 2520 14873 3940
102 16 2517 2520 15219 4010
103 16 2517 2520 15498 4052
104 17 2517 2520 15801 4085
105 17 2517 2520 16129 4158
106 18 2517 2520 16470 4239
107 18 2517 2520 16769 4290
108 18 2517 2520 17106 4389
109 18 2517 2520 17424 4436
110 18 2517 2520 17764 4470
111 18 2516 2520 18085 4535
112 18 2516 2520 18407 4568
113 18 2516 2520 18710 4620
114 18 2516 2520 18994 4669
115 19 2516 2520 19282 4706
116 19 2516 2520 19546 4766
117 19 2516 2520 19784 4793
118 19 2515 2520 20014 4847
119 21 2515 2520 20282 4864
120 21 2515 2520 20570 4897
121 23 2515 2520 20873 4944
122 23 2515 2520 21231 5042
123 23 2515 2520 21662 5131
124 24 2515 2520 22073 5251
125 25 2515 2520 22479 5298
126 25 2515 2520 22969 5433
127 25 2515 2520 23443 5529
128 25 2515 2520 23845 5595
129 25 2515 2520 24293 5690
130 25 2515 2520 24696 5766
131 25 2515 2520 25097 5816
132 25 2515 2520 25489 5909
133 25 2515 2520 25850 5967
134 25 2515 2520 26187 6023
135 27 2515 2520 26511 6074
136 27 2515 2520 26850 6132
137 27 2515 2520 27248 6206
138 27 2515 2520 27574 6269
139 27 2515 2520 27945 6356
140 28 2515 2520 28234 6390
141 30 2515 2520 28555 6426
142 30 2515 2520 28936 6521
143 31 2514 2520 29364 6610
144 31 2514 2520 29772 6702
145 32 2514 2520 30230 6789
146 32 2514 2520 30728 6868
147 32 2514 2520 31278 6922
148 33 2514 2520 31787 6988
149 33 2514 2520 32286 7099
150 33 2514 2520 32811 7178
151 34 2514 2520 33313 7262
152 34 2514 2520 33823 7382
153 34 2514 2520 34298 7431
154 34 2514 2520 34727 7509
155 34 2514 2520 35119 7572
156 34 2514 2520 35535 7659
157 34 2514 2520 35891 7730
158 35 2514 2520 36270 7760
159 35 2514 2520 36615 7816
160 36 2514 2520 36971 7909
161 38 2514 2520 37299 7967
162 38 2514 2520 37757 8087
163 38 2514 2520 38242 8182
164 38 2514 2520 38707 8299
165 39 2514 2520 39109 8360
166 39 2514 2520 39575 8471
167 39 2514 2520 40023 8551
168 40 2514 2520 40450 8624
169 40 2514 2520 40906 8730
170 40 2514 2520 41375 8788
171 41 2514 2520 41816 8867
172 42 2514 2520 42246 8957
173 42 2514 2520 42673 9034
174 42 2514 2520 43111 9103
175 43 2514 2520 43548 9211
176 43 2514 2520 43975 9297
177 45 2514 2520 44393 9360
178 46 2514 2520 44878 9440
179 46 2514 2520 45395 9557
180 46 2514 2520 45919 9672
181 47 2514 2520 46436 9746
182 47 2514 2520 47020 9846
183 48 2514 2520 47606 9928
184 48 2514 2520 48181 10015
185 48 2514 2520 48751 10125
186 48 2514 2520 49292 10233
187 48 2514 2520 49810 10334
188 48 2514 2520 50326 10463
189 48 2514 2520 50825 10557
190 49 2514 2520 51317 10644
191 49 2514 2520 51794 10675
192 50 2514 2520 52279 10746
193 50 2514 2520 52723 10829
194 50 2514 2520 53123 10934
195 51 2514 2520 53547 11021
196 51 2514 2520 53913 11084
197 51 2514 2520 54330 11145
198 51 2514 2520 54736 11255
199 53 2514 2520 55157 11345
200 54 2514 2520 55611 11457
201 55 2514 2520 56167 11540
202 55 2514 2520 56677 11683
203 56 2513 2520 57209 11787
204 57 2513 2520 57745 11883
205 58 2513 2520 58355 11986
206 60 2513 2520 58947 12053
207 60 2513 2520 59641 12174
208 61 2513 2520 60343 12313
209 62 2513 2520 60998 12370
210 62 2513 2520 61669 12450
211 62 2513 2520 62378 12547
212 62 2513 2520 63056 12660
213 64 2513 2520 63766 12807
214 64 2513 2520 64432 12954
215 65 2513 2520 65107 13054
216 67 2513 2520 65769 13122
217 67 2513 2520 66459 13234
218 67 2513 2520 67204 13302
219 67 2513 2520 67904 13421
220 67 2513 2520 68560 13510
221 68 2513 2520 69266 13643
222 68 2513 2520 69928 13740
223 68 2513 2520 70571 13839
224 68 2513 2520 71165 13944
225 70 2513 2520 71742 14055
226 71 2513 2520 72352 14142
227 71 2513 2520 72981 14230
228 71 2513 2520 73630 14341
229 71 2513 2520 74191 14427
230 72 2513 2520 74767 14545
231 75 2513 2520 75340 14608
232 75 2513 2520 75969 14722
233 75 2513 2520 76583 14810
234 76 2513 2520 77203 14955
235 76 2513 2520 77826 15081
236 76 2513 2520 78508 15199
237 77 2513 2520 79154 15302
238 77 2513 2520 79817 15429
239 77 2513 2520 80428 15554
240 78 2513 2520 81039 15659
241 78 2513 2520 81630 15743
242 80 2513 2520 82267 15842
243 80 2513 2520 82892 15969
244 81 2513 2520 83560 16107
245 81 2513 2520 84227 16242
246 84 2513 2520 84891 16338
247 84 2513 2520 85587 16422
248 86 2513 2520 86344 16572
249 88 2513 2520 87084 16649
250 88 2513 2520 87853 16787
251 89 2513 2520 88683 16938
252 89 2513 2520 89530 17040
253 90 2513 2520 90284 17211
254 90 2513 2520 91173 17428
255 91 2513 2520 91972 17552
256 91 2513 2520 92818 17658
257 91 2512 2520 93619 17791
258 91 2511 2520 94388 17924
259 91 2511 2520 95159 18062
260 91 2511 2520 95921 18156
261 92 2511 2520 96581 18235
262 92 2511 2520 97222 18281
263 92 2511 2520 97986 18404
264 93 2511 2520 98707 18478
265 94 2511 2520 99377 18576
266 95 2511 2520 100058 18707
267 95 2511 2520 100667 18781
268 97 2511 2520 101326 18906
269 99 2511 2520 102063 18997
270 99 2511 2520 102848 19086
271 99 2511 2520 103651 19204
272 100 2511 2520 104393 19330
273 101 2511 2520 105075 19410
274 102 2511 2520 105870 19511
275 103 2511 2520 106665 19607
276 105 2510 2520 107523 19740
277 107 2510 2520 108272 19849
278 107 2510 2520 109093 20047
279 108 2510 2520 109954 20181
280 109 2510 2520 110760 20301
281 110 2510 2520 111618 20428
282 110 2510 2520 112580 20542
283 110 2510 2520 113445 20741
284 110 2510 2520 114315 20872
285 111 2510 2520 115144 20930
286 112 2510 2520 115976 21042
287 113 2510 2520 116868 21216
288 113 2510 2520 117698 21364
289 113 2510 2520 118590 21522
290 114 2510 2520 119460 21640
291 114 2510 2520 120276 21761
292 117 2510 2520 121037 21891
293 117 2510 2520 121902 22002
294 118 2510 2520 122771 22141
295 119 2510 2520 123597 22269
296 121 2510 2520 124405 22375
297 122 2510 2520 125310 22479
298 123 2510 2520 126217 22663
299 123 2510 2520 127120 22796
300 124 2510 2520 128033 22979
301 124 2510 2520 129031 23150
302 124 2510 2520 129943 23269
303 126 2510 2520 130833 23397
304 128 2510 2520 131712 23567
305 128 2509 2520 132607 23744
306 129 2509 2520 133471 23907
307 129 2509 2520 134416 24041
308 131 2509 2520 135257 24157
309 131 2509 2520 136172 24351
310 131 2509 2520 137107 24451
311 131 2509 2520 138061 24575
312 131 2509 2520 138888 24671
313 132 2509 2520 139725 24801
314 132 2509 2520 140510 24857
315 135 2509 2520 141263 24958
316 135 2509 2520 142047 25064
317 136 2509 2520 142854 25177
318 137 2509 2520 143643 25305
319 137 2509 2520 144460 25444
320 138 2509 2520 145340 25563
321 139 2508 2520 146275 25680
322 139 2508 2520 147154 25844
323 140 2508 2520 148049 25933
324 141 2508 2520 148966 26046
325 142 2508 2520 149921 26180
326 142 2508 2520 150824 26319
327 143 2507 2520 151726 26465
328 143 2507 2520 152586 26581
329 145 2507 2520 153420 26684
330 146 2507 2520 154295 26803
331 146 2507 2520 155181 26921
332 148 2507 2520 156046 27053
333 149 2507 2520 157001 27180
334 151 2507 2520 158007 27353
335 153 2507 2520 159028 27500
336 153 2507 2520 159954 27635
337 155 2507 2520 160935 27742
338 155 2507 2520 161836 27836
339 158 2507 2520 162776 27994
340 158 2507 2520 163714 28111
341 158 2507 2520 164799 28291
342 159 2507 2520 165824 28466
343 161 2507 2520 166822 28595
344 161 2507 2520 167839 28730
345 161 2507 2520 168860 28889
346 161 2507 2520 169881 29008
347 162 2507 2520 170845 29166
348 162 2507 2520 171798 29274
349 163 2507 2520 172777 29399
350 164 2507 2520 173749 29494
351 165 2507 2520 174702 29663
352 167 2506 2520 175684 29832
353 168 2506 2520 176649 29996
354 168 2506 2520 177631 30160
355 169 2506 2520 178630 30231
356 171 2506 2520 179561 30386
357 173 2506 2520 180550 30525
358 173 2506 2520 181491 30653
359 174 2506 2520 182484 30770
360 174 2506 2520 183531 30957
361 175 2506 2520 184531 31099
362 175 2506 2520 185512 31247
363 176 2506 2520 186520 31368
364 178 2506 2520 187518 31496
365 179 2506 2520 188480 31582
366 180 2506 2520 189473 31700
367 182 2506 2520 190431 31865
368 184 2506 2520 191557 32000
369 185 2505 2520 192644 32182
370 186 2505 2520 193736 32356
371 186 2504 2520 194905 32525
372 187 2504 2520 195984 32665
373 187 2504 2520 197113 32814
374 188 2504 2520 198225 32987
375 190 2504 2520 199268 33170
376 193 2503 2520 200365 33343
377 193 2503 2520 201456 33470
378 197 2502 2520 202574 33604
379 197 2502 2520 203638 33782
380 197 2502 2520 204801 33929
381 197 2501 2520 205985 34125
382 198 2501 2520 207110 34301
383 199 2501 2520 208236 34442
384 199 2501 2520 209509 34599
385 199 2501 2520 210711 34752
386 200 2501 2520 211824 34907
387 200 2501 2520 212869 35024
388 201 2501 2520 213935 35155
389 204 2501 2520 214923 35274
390 204 2501 2520 216005 35403
391 206 2501 2520 217086 35545
392 209 2501 2520 218162 35653
393 210 2501 2520 219176 35807
394 210 2501 2520 220375 36006
395 210 2501 2520 221571 36194
396 211 2500 2520 222785 36339
397 211 2500 2520 223829 36407
398 211 2500 2520 224972 36551
399 211 2500 2520 226111 36713
400 211 2500 2520 227103 36844
401 213 2500 2520 228142 36930
402 215 2500 2520 229079 37078
403 215 2500 2520 230143 37244
404 215 2500 2520 231099 37385
405 219 2499 2520 232154 37495
406 219 2499 2520 233268 37607
407 221 2499 2520 234390 37782
408 222 2499 2520 235518 37970
409 223 2499 2520 236658 38134
410 224 2499 2520 237817 38293
411 226 2499 2520 239000 38498
412 230 2499 2520 240231 38699
413 232 2499 2520 241522 38881
414 234 2499 2520 242858 39059
415 234 2499 2520 244267 39207
416 234 2499 2520 245650 39400
417 236 2499 2520 247054 39617
418 237 2499 2520 248540 39814
419 238 2499 2520 249933 40031
420 239 2499 2520 251374 40227
421 239 2499 2520 252754 40423
422 240 2499 2520 254276 40640
423 240 2499 2520 255604 40801
424 241 2499 2520 256868 40972
425 241 2499 2520 258133 41074
426 242 2499 2520 259308 41201
427 243 2499 2520 260545 41381
428 246 2499 2520 261812 41579
429 249 2498 2520 263103 41787
430 251 2498 2520 264341 41915
431 252 2498 2520 265612 42078
432 255 2498 2520 266911 42253
433 256 2498 2520 268236 42420
434 261 2497 2520 269690 42582
435 262 2497 2520 271179 42768
436 263 2496 2520 272777 42955
437 263 2496 2520 274354 43135
438 263 2496 2520 275919 43387
439 263 2496 2520 277438 43568
440 266 2496 2520 278936 43740
441 268 2496 2520 280479 43928
442 268 2496 2520 281926 44101
443 271 2495 2520 283499 44349
444 272 2494 2520 284994 44531
445 273 2494 2520 286538 44743
446 274 2493 2520 288071 44948
447 275 2493 2520 289653 45133
448 277 2493 2520 291248 45318
449 277 2493 2520 292782 45439
450 277 2491 2520 294270 45635
451 277 2491 2520 295780 45734
452 278 2491 2520 297116 45893
453 279 2490 2520 298530 45966
454 280 2490 2520 300041 46086
455 283 2489 2520 301377 46248
456 287 2489 2520 302727 46363
457 289 2489 2520 304153 46518
458 292 2489 2520 305538 46688
459 295 2489 2520 307098 46876
460 296 2489 2520 308699 47123
461 296 2489 2520 310321 47330
462 296 2489 2520 311954 47550
463 296 2489 2520 313562 47775
464 296 2489 2520 315081 47928
465 296 2488 2520 316543 48143
466 298 2488 2520 318022 48343
467 299 2488 2520 319412 48512
468 302 2487 2520 320798 48698
469 303 2487 2520 322266 48930
470 304 2487 2520 323806 49115
471 305 2487 2520 325350 49338
472 306 2487 2520 326848 49583
473 309 2487 2520 328379 49810
474 311 2487 2520 329960 50042
475 313 2487 2520 331541 50204
476 313 2487 2520 333052 50406
477 315 2487 2520 334547 50567
478 316 2487 2520 336189 50743
479 320 2487 2520 337855 50984
480 322 2487 2520 339507 51203
481 323 2487 2520 341076 51380
482 324 2486 2520 342839 51618
483 328 2486 2520 344490 51886
484 329 2485 2520 346114 52066
485 329 2485 2520 347832 52354
486 330 2485 2520 349413 52530
487 331 2485 2520 351101 52765
488 332 2485 2520 352717 52917
489 334 2485 2520 354370 53092
490 336 2485 2520 355935 53348
491 339 2485 2520 357510 53541
492 342 2485 2520 359147 53744
493 344 2485 2520 360914 53985
494 346 2485 2520 362733 54216
495 346 2485 2520 364492 54375
496 347 2485 2520 366233 54644
497 347 2485 2520 368115 54871
498 349 2485 2520 369832 55012
499 351 2485 2520 371567 55179
500 352 2485 2520 373216 55375
501 355 2485 2520 374940 55562
502 355 2485 2520 376631 55857
503 357 2485 2520 378267 56048
504 359 2485 2520 379950 56215
505 359 2485 2520 381543 56409
506 360 2485 2520 383182 56608
507 363 2484 2520 384730 56795
508 364 2484 2520 386267 56980
509 366 2484 2520 387888 57188
510 368 2484 2520 389470 57363
511 369 2484 2520 391129 57536
512 370 2484 2520 392741 57765
513 371 2484 2520 394386 57951
514 372 2484 2520 396054 58119
515 374 2484 2520 397553 58281
516 378 2484 2520 399263 58439
517 381 2484 2520 400931 58628
518 384 2484 2520 402568 58900
519 384 2484 2520 404301 59233
520 387 2484 2520 406067 59490
521 387 2484 2520 407965 59728
522 388 2484 2520 409836 59923
523 389 2483 2520 411591 60117
524 389 2483 2520 413408 60374
525 391 2483 2520 415164 60550
526 394 2483 2520 416895 60755
527 395 2483 2520 418561 60927
528 397 2483 2520 420309 61027
529 398 2482 2520 422016 61188
530 398 2481 2520 423751 61379
531 402 2480 2520 425460 61476
532 402 2480 2520 427131 61666
533 404 2480 2520 428851 61820
534 404 2479 2520 430605 62031
535 404 2479 2520 432325 62257
536 404 2479 2520 433977 62402
537 407 2479 2520 435498 62503
538 408 2478 2520 437097 62657
539 411 2478 2520 438839 62782
540 414 2477 2520 440591 63002
541 415 2477 2520 442284 63167
542 417 2477 2520 443995 63441
543 419 2477 2520 445692 63642
544 420 2477 2520 447366 63784
545 422 2477 2520 449165 64011
546 422 2477 2520 450848 64224
547 424 2476 2520 452558 64395
548 425 2476 2520 454329 64541
549 427 2475 2520 455904 64721
550 427 2475 2520 457554 64910
551 427 2475 2520 459178 65130
552 427 2475 2520 460810 65290
553 428 2475 2520 462410 65384
554 430 2475 2520 463873 65519
555 430 2475 2520 465333 65705
556 433 2475 2520 466796 65789
557 435 2475 2520 468333 65933
558 438 2475 2520 469824 66145
559 438 2475 2520 471407 66332
560 439 2474 2520 473008 66503
561 439 2474 2520 474591 66684
562 444 2474 2520 476182 66813
563 446 2474 2520 477849 67003
564 447 2473 2520 479647 67230
565 449 2472 2520 481349 67494
566 449 2472 2520 483124 67709
567 449 2472 2520 484883 67910
568 450 2472 2520 486607 68121
569 451 2472 2520 488218 68242
570 452 2471 2520 489863 68443
571 456 2470 2520 491563 68664
572 459 2470 2520 493190 68865
573 462 2470 2520 494969 69141
574 464 2469 2520 496707 69217
575 466 2469 2520 498462 69422
576 469 2468 2520 500216 69621
577 472 2467 2520 502010 69814
578 472 2467 2520 503894 69945
579 472 2467 2520 505799 70094
580 475 2467 2520 507674 70260
581 477 2467 2520 509498 70412
582 479 2466 2520 511352 70593
583 481 2466 2520 513226 70830
584 482 2465 2520 515110 71013
585 484 2465 2520 516974 71160
586 485 2465 2520 518889 71407
587 486 2465 2520 520793 71564
588 488 2465 2520 522626 71782
589 490 2465 2520 524448 71993
590 493 2465 2520 526152 72214
591 497 2465 2520 528056 72414
592 499 2465 2520 529879 72636
593 500 2465 2520 531770 72788
594 501 2465 2520 533556 72939
595 502 2464 2520 535423 73104
596 502 2464 2520 537346 73376
597 505 2464 2520 539238 73674
598 505 2463 2520 540992 73883
599 506 2463 2520 542708 74035
600 509 2463 2520 544503 74233
601 509 2463 2520 546371 74401
602 512 2463 2520 548106 74551
603 513 2463 2520 549865 74738
604 516 2463 2520 551671 74979
605 519 2463 2520 553260 75093
606 520 2463 2520 555015 75307
607 524 2463 2520 556890 75549
608 524 2463 2520 558711 75807
609 524 2463 2520 560508 76012
610 526 2463 2520 562322 76115
611 526 2463 2520 564128 76321
612 527 2463 2520 565918 76528
613 529 2462 2520 567766 76751
614 529 2461 2520 569565 76928
615 536 2461 2520 571330 77156
616 539 2461 2520 573126 77380
617 540 2460 2520 574997 77588
618 542 2460 2520 576906 77781
619 544 2459 2520 578881 78002
620 544 2459 2520 580993 78261
621 545 2459 2520 582968 78477
622 546 2459 2520 584869 78641
623 550 2459 2520 586789 78871
624 551 2459 2520 588612 79041
625 551 2459 2520 590374 79235
626 554 2459 2520 592274 79443
627 556 2459 2520 594068 79596
628 560 2458 2520 595937 79732
629 562 2458 2520 597819 79983
630 564 2457 2520 599763 80235
631 565 2456 2520 601717 80464
632 566 2456 2520 603630 80634
633 570 2456 2520 605632 80855
634 570 2456 2520 607823 81088
635 572 2456 2520 609848 81213
636 575 2456 2520 612071 81418
637 577 2456 2520 614133 81604
638 578 2456 2520 616364 81803
639 581 2456 2520 618525 82077
640 581 2455 2520 620658 82337
641 583 2455 2520 622827 82597
642 587 2455 2520 624950 82812
643 590 2455 2520 627086 83111
644 591 2455 2520 629274 83295
645 594 2455 2520 631409 83481
646 594 2455 2520 633567 83695
647 595 2455 2520 635677 83814
648 596 2455 2520 637759 84027
649 597 2455 2520 639874 84303
650 598 2455 2520 642007 84510
651 601 2455 2520 644102 84795
652 601 2455 2520 646142 84946
653 605 2455 2520 648400 85209
654 609 2453 2520 650459 85396
655 610 2452 2520 652551 85673
656 612 2452 2520 654782 85935
657 612 2451 2520 657040 86149
658 613 2451 2520 659229 86393
659 613 2451 2520 661406 86615
660 619 2451 2520 663548 86877
661 621 2451 2520 665702 87084
662 622 2451 2520 667799 87280
663 623 2450 2520 670106 87546
664 624 2450 2520 672373 87764
665 625 2450 2520 674583 88013
666 626 2450 2520 676562 88193
667 629 2450 2520 678563 88368
668 629 2450 2520 680662 88575
669 631 2450 2520 682692 88724
670 632 2450 2520 684649 88840
671 635 2450 2520 686661 89034
672 639 2450 2520 688636 89285
673 640 2450 2520 690623 89488
674 641 2450 2520 692610 89668
675 643 2450 2520 694631 89859
676 644 2449 2520 696612 89979
677 644 2449 2520 698643 90201
678 648 2447 2520 700583 90372
679 653 2446 2520 702554 90604
680 655 2446 2520 704652 90847
681 656 2446 2520 706887 91054
682 660 2445 2520 709210 91314
683 661 2445 2520 711431 91508
684 661 2445 2520 713671 91796
685 662 2444 2520 715847 92093
686 665 2444 2520 717974 92304
687 670 2443 2520 720092 92521
688 673 2443 2520 722308 92739
689 674 2443 2520 724600 92979
690 677 2443 2520 726881 93260
691 679 2443 2520 729147 93362
692 681 2443 2520 731368 93529
693 682 2443 2520 733514 93705
694 684 2443 2520 735667 93885
695 686 2443 2520 737889 94089
696 686 2443 2520 740114 94256
697 691 2443 2520 742113 94448
698 693 2443 2520 744390 94714
699 694 2443 2520 746588 94931
700 695 2443 2520 748795 95181
701 696 2443 2520 751086 95452
702 699 2442 2520 753411 95722
703 703 2442 2520 755538 95949
704 706 2442 2520 757799 96216
705 709 2442 2520 760139 96537
706 712 2442 2520 762481 96776
707 713 2442 2520 764780 97042
708 718 2442 2520 767062 97313
709 719 2442 2520 769495 97577
710 719 2441 2520 772023 97880
711 719 2441 2520 774322 98176
712 720 2439 2520 776680 98443
713 722 2439 2520 779121 98652
714 723 2439 2520 781419 98822
715 726 2439 2520 783676 99062
716 730 2439 2520 785853 99272
717 734 2439 2520 787967 99514
718 735 2439 2520 790329 99761
719 736 2439 2520 792616 100004
720 739 2439 2520 794801 100216
721 743 2439 2520 797100 100385
722 743 2438 2520 799372 100634
723 744 2438 2520 801700 100950
724 746 2438 2520 804071 101130
725 748 2438 2520 806224 101224
726 748 2438 2520 808476 101490
727 749 2438 2520 810724 101698
728 752 2438 2520 812846 101821
729 754 2438 2520 814958 102016
730 756 2438 2520 817120 102246
731 758 2438 2520 819291 102490
732 759 2437 2520 821329 102698
733 762 2437 2520 823443 102877
734 763 2436 2520 825676 103138
735 766 2436 2520 827878 103304
736 767 2436 2520 830050 103574
737 770 2436 2520 832312 103787
738 771 2436 2520 834436 104028
739 775 2435 2520 836700 104298
740 775 2435 2520 838931 104548
741 776 2435 2520 841070 104701
742 780 2435 2520 843173 104887
743 786 2435 2520 845340 105074
744 790 2434 2520 847715 105375
745 792 2434 2520 850038 105534
746 795 2434 2520 852368 105831
747 796 2434 2520 854682 106095
748 796 2433 2520 857182 106363
749 798 2433 2520 859594 106473
750 802 2432 2520 861889 106626
751 807 2431 2520 864316 106912
752 811 2431 2520 866785 107128
753 812 2431 2520 869345 107339
754 814 2431 2520 871966 107598
755 815 2429 2520 874329 107768
756 815 2429 2520 876738 107961
757 817 2429 2520 879099 108171
758 819 2429 2520 881456 108342
759 821 2428 2520 883792 108532
760 824 2428 2520 886085 108732
761 824 2428 2520 888499 108899
762 825 2428 2520 890864 109124
763 827 2428 2520 893154 109237
764 827 2428 2520 895567 109436
765 834 2428 2520 897938 109543
766 835 2428 2520 900233 109761
767 838 2428 2520 902605 109962
768 840 2428 2520 904887 110138
769 845 2428 2520 907214 110347
770 848 2428 2520 909632 110679
771 850 2428 2520 912175 110989
772 851 2428 2520 914704 111221
773 856 2427 2520 917260 111389
774 858 2425 2520 919828 111654
775 863 2423 2520 922479 111902
776 865 2423 2520 924961 112049
777 868 2423 2520 927642 112250
778 870 2423 2520 930470 112508
779 873 2423 2520 933086 112761
780 874 2423 2520 935772 113080
781 874 2422 2520 938484 113322
782 876 2422 2520 940985 113523
783 880 2422 2520 943459 113678
784 882 2422 2520 945739 113839
785 884 2420 2520 948276 113963
786 887 2419 2520 950603 114175
787 890 2418 2520 953107 114382
788 895 2418 2520 955519 114632
789 897 2418 2520 958038 114830
790 899 2418 2520 960609 115072
791 902 2418 2520 963350 115423
792 903 2417 2520 966057 115663
793 903 2417 2520 968560 115913
794 903 2417 2520 971048 116142
795 905 2416 2520 973581 116295
796 906 2416 2520 976142 116604
797 907 2416 2520 978679 116787
798 910 2416 2520 981052 117002
799 912 2416 2520 983436 117105
800 917 2415 2520 985765 117332
801 919 2415 2520 988226 117555
802 919 2415 2520 990614 117677
803 920 2415 2520 992918 117908
804 922 2415 2520 995217 118033
805 926 2415 2520 997460 118294
806 929 2415 2520 999772 118562
807 933 2415 2520 1002222 118817
808 937 2414 2520 1004635 118983
809 939 2414 2520 1007061 119175
810 941 2413 2520 1009698 119361
811 944 2410 2520 1012256 119563
812 946 2409 2520 1014952 119711
813 946 2407 2520 1017623 120020
814 950 2406 2520 1020087 120176
815 955 2406 2520 1022721 120348
816 957 2405 2520 1025382 120550
817 960 2405 2520 1028223 120787
818 960 2405 2520 1030886 120975
819 964 2404 2520 1033610 121207
820 968 2403 2520 1036179 121391
821 968 2403 2520 1038963 121605
822 970 2403 2520 1041708 121800
823 972 2403 2520 1044260 122053
824 974 2403 2520 1046866 122232
825 980 2403 2520 1049378 122502
826 981 2403 2520 1051975 122731
827 982 2403 2520 1054553 122926
828 984 2401 2520 1057219 123221
829 985 2401 2520 1059850 123418
830 986 2400 2520 1062319 123629
831 988 2400 2520 1064787 123833
832 989 2400 2520 1067212 123984
833 992 2400 2520 1069617 124134
834 994 2399 2520 1072019 124418
835 998 2399 2520 1074546 124588
836 1000 2398 2520 1077232 124818
837 1000 2398 2520 1079869 125084
838 1003 2398 2520 1082590 125313
839 1007 2398 2520 1085165 125490
840 1007 2398 2520 1087620 125660
841 1012 2398 2520 1090092 125789
842 1013 2396 2520 1092540 125993
843 1015 2396 2520 1095047 126134
844 1017 2396 2520 1097615 126375
845 1017 2395 2520 1100246 126621
846 1018 2395 2520 1102771 126800
847 1018 2395 2520 1105219 126993
848 1020 2395 2520 1107646 127111
849 1024 2395 2520 1110036 127332
850 1026 2395 2520 1112420 127508
851 1027 2395 2520 1114764 127774
852 1028 2395 2520 1117072 127944
853 1031 2395 2520 1119378 128063
854 1032 2395 2520 1121846 128223
855 1036 2395 2520 1124192 128419
856 1040 2395 2520 1126515 128553
857 1043 2395 2520 1128918 128853
858 1048 2395 2520 1131441 129068
859 1051 2395 2520 1134049 129289
860 1054 2395 2520 1136609 129517
861 1056 2395 2520 1139055 129677
862 1057 2395 2520 1141454 129892
863 1061 2395 2520 1144015 130120
864 1063 2395 2520 1146610 130354
865 1064 2395 2520 1149035 130386
866 1067 2395 2520 1151538 130554
867 1068 2395 2520 1153865 130725
868 1069 2395 2520 1156249 130870
869 1070 2394 2520 1158513 131098
870 1073 2394 2520 1160799 131287
871 1075 2394 2520 1163157 131495
872 1077 2394 2520 1165355 131611
873 1081 2394 2520 1167710 131781
874 1083 2394 2520 1170051 132036
875 1084 2394 2520 1172369 132213
876 1087 2394 2520 1174768 132415
877 1089 2394 2520 1177124 132580
878 1095 2394 2520 1179357 132716
879 1096 2394 2520 1181741 132927
880 1097 2393 2520 1184165 133122
881 1100 2393 2520 1186615 133364
882 1102 2392 2520 1189129 133573
883 1103 2392 2520 1191535 133771
884 1103 2392 2520 1194060 133970
885 1105 2392 2520 1196504 134110
886 1111 2392 2520 1198850 134259
887 1113 2392 2520 1201362 134424
888 1115 2392 2520 1203780 134634
889 1116 2391 2520 1206240 134794
890 1118 2391 2520 1208658 134984
891 1122 2391 2520 1210976 135173
892 1122 2390 2520 1213404 135420
893 1122 2390 2520 1215773 135579
894 1124 2390 2520 1218159 135742
895 1127 2389 2520 1220440 135860
896 1129 2388 2520 1222701 136118
897 1132 2388 2520 1224993 136303
898 1134 2387 2520 1227319 136369
899 1137 2387 2520 1229573 136672
900 1138 2387 2520 1231766 136795
901 1143 2387 2520 1234093 136954
902 1146 2386 2520 1236275 137161
903 1148 2385 2520 1238675 137347
904 1148 2385 2520 1241054 137608
905 1152 2385 2520 1243426 137831
906 1156 2384 2520 1245971 138033
907 1157 2384 2520 1248372 138199
908 1161 2384 2520 1250716 138304
909 1163 2383 2520 1253080 138422
910 1167 2383 2520 1255599 138603
911 1169 2383 2520 1258065 138790
912 1170 2381 2520 1260333 138980
913 1174 2381 2520 1262851 139165
914 1175 2381 2520 1265315 139384
915 1178 2381 2520 1267789 139589
916 1180 2381 2520 1270283 139699
917 1182 2380 2520 1272830 139931
918 1183 2380 2520 1275290 140111
919 1186 2379 2520 1277776 140277
920 1187 2379 2520 1280212 140398
921 1190 2379 2520 1282771 140520
922 1192 2379 2520 1285256 140668
923 1193 2379 2520 1287744 140932
924 1194 2379 2520 1290149 141135
925 1194 2379 2520 1292559 141319
926 1196 2379 2520 1294972 141519
927 1198 2379 2520 1297256 141658
928 1200 2378 2520 1299510 141808
929 1201 2378 2520 1302061 141984
930 1202 2378 2520 1304495 142208
931 1202 2378 2520 1306630 142385
932 1204 2378 2520 1308801 142480
933 1207 2378 2520 1311002 142647
934 1211 2378 2520 1313106 142860
935 1217 2378 2520 1315151 143041
936 1219 2378 2520 1317403 143184
937 1222 2378 2520 1319604 143352
938 1225 2377 2520 1321809 143478
939 1228 2377 2520 1324119 143696
940 1230 2377 2520 1326518 143823
941 1233 2376 2520 1328828 144019
942 1243 2376 2520 1331235 144198
943 1248 2376 2520 1333687 144402
944 1249 2375 2520 1336307 144656
945 1250 2375 2520 1339094 144871
946 1251 2375 2520 1341819 145083
947 1251 2375 2520 1344533 145215
948 1253 2375 2520 1347244 145367
949 1253 2375 2520 1349904 145459
950 1255 2375 2520 1352385 145616
951 1256 2375 2520 1354970 145742
952 1257 2375 2520 1357589 145943
953 1261 2374 2520 1360022 146139
954 1261 2374 2520 1362458 146303
955 1261 2374 2520 1364897 146515
956 1266 2374 2520 1367219 146654
957 1268 2374 2520 1369540 146835
958 1270 2374 2520 1371880 147017
959 1272 2374 2520 1374202 147156
960 1274 2374 2520 1376443 147323
961 1275 2374 2520 1378693 147395
962 1275 2373 2520 1380908 147543
963 1277 2373 2520 1383151 147701
964 1278 2373 2520 1385342 147875
965 1279 2372 2520 1387705 148067
966 1284 2372 2520 1389930 148183
967 1287 2371 2520 1392218 148402
968 1292 2371 2520 1394442 148480
969 1296 2371 2520 1396792 148652
970 1300 2370 2520 1399244 148737
971 1304 2370 2520 1401668 148974
972 1309 2367 2520 1404144 149163
973 1313 2366 2520 1406805 149273
974 1315 2366 2520 1409491 149398
975 1318 2366 2520 1412250 149604
976 1318 2366 2520 1414878 149793
977 1322 2366 2520 1417604 150054
978 1322 2366 2520 1420362 150201
979 1324 2363 2520 1423102 150479
980 1326 2363 2520 1425747 150562
981 1327 2363 2520 1428308 150696
982 1328 2363 2520 1430798 150845
983 1330 2363 2520 1433322 150978
984 1333 2363 2520 1435971 151148
985 1335 2363 2520 1438650 151376
986 1337 2362 2520 1441326 151482
987 1339 2362 2520 1443880 151579
988 1342 2361 2520 1446391 151671
989 1345 2359 2520 1448838 151757
990 1345 2359 2520 1451359 151856
991 1347 2359 2520 1453872 151994
992 1351 2359 2520 1456423 152128
993 1353 2359 2520 1459017 152256
994 1354 2358 2520 1461604 152529
995 1354 2358 2520 1464318 152728
996 1357 2358 2520 1466826 152813
997 1361 2358 2520 1469312 152869
998 1364 2358 2520 1471773 153037
999 1366 2358 2520 1474292 153265
1000 1368 2358 2520 1476777 153451
